1 0.97187500 0.02265625 0.00937500 0.00781250
1 0.33593750 0.11718750 0.14375000 0.10625000
4 0.07734375 0.09140625 0.14843750 0.14531250
1 0.00468750 0.38828125 0.00937500 0.02968750
4 0.29062500 0.05156250 0.13750000 0.10312500
1 0.98906250 0.92500000 0.01875000 0.14687500
3 0.02812500 0.11328125 0.05625000 0.12343750
4 0.90390625 0.10703125 0.18906250 0.18281250
4 0.23125000 0.15937500 0.22812500 0.11562500
4 0.13359375 0.21093750 0.26718750 0.13437500
4 0.70859375 0.42031250 0.02656250 0.03125000
4 0.86562500 0.39609375 0.26562500 0.23593750
4 0.53906250 0.24531250 0.34687500 0.31562500
4 0.77812500 0.70078125 0.44062500 0.59531250
4 0.44765625 0.32734375 0.34531250 0.31406250
4 0.23671875 0.37187500 0.39843750 0.27187500
4 0.19843750 0.06015625 0.13437500 0.12031250
4 0.74218750 0.16171875 0.25312500 0.22031250
4 0.82578125 0.13046875 0.18281250 0.20156250
4 0.69375000 0.21875000 0.19375000 0.22812500
4 0.28750000 0.69375000 0.52187500 0.56250000
