7 0.81328125 0.49062500 0.06718750 0.08437500
1 0.46875000 0.44296875 0.03125000 0.05781250
1 0.42578125 0.56406250 0.04531250 0.08125000
4 0.93203125 0.60468750 0.08593750 0.07812500
4 0.34531250 0.61562500 0.05312500 0.08750000
1 0.71562500 0.42734375 0.03437500 0.03906250
4 0.36093750 0.54218750 0.04687500 0.06562500
1 0.64921875 0.40546875 0.03593750 0.06093750
1 0.66093750 0.49531250 0.04687500 0.05625000
1 0.48515625 0.64609375 0.05468750 0.10156250
1 0.68203125 0.68281250 0.07031250 0.09375000
1 0.71015625 0.46953125 0.04531250 0.04843750
1 0.41875000 0.39531250 0.02500000 0.04062500
4 0.30312500 0.80781250 0.08437500 0.13437500
1 0.81406250 0.41484375 0.03750000 0.04218750
5 0.64843750 0.40546875 0.03437500 0.06093750
5 0.57812500 0.35859375 0.05000000 0.11406250
2 0.21562500 0.98671875 0.03750000 0.02343750
2 0.23359375 0.95625000 0.00781250 0.01250000
2 0.20000000 0.95078125 0.00625000 0.01093750
2 0.37343750 0.49453125 0.01250000 0.02656250
2 0.04843750 0.43359375 0.02812500 0.02968750
2 0.03437500 0.41328125 0.02187500 0.03906250
2 0.01250000 0.41328125 0.01562500 0.02968750
2 0.40234375 0.77109375 0.01718750 0.05156250
