7 0.96171875 0.67812500 0.07343750 0.14062500
7 0.48750000 0.47109375 0.03125000 0.05781250
7 0.54765625 0.68750000 0.06718750 0.12812500
1 0.40156250 0.45234375 0.05625000 0.04218750
1 0.47734375 0.41484375 0.02343750 0.04531250
1 0.81718750 0.44062500 0.03750000 0.04375000
1 0.47265625 0.58437500 0.04218750 0.07812500
4 0.27109375 0.95156250 0.10156250 0.09375000
4 0.37031250 0.56562500 0.04687500 0.06875000
4 0.34375000 0.63750000 0.05625000 0.08437500
1 0.69765625 0.49062500 0.03906250 0.05000000
1 0.62656250 0.40390625 0.02500000 0.03281250
4 0.32812500 0.72421875 0.06562500 0.10781250
3 0.79921875 0.51718750 0.06093750 0.06875000
3 0.69687500 0.42890625 0.03437500 0.04531250
5 0.49765625 0.83984375 0.07656250 0.20781250
2 0.40703125 0.56953125 0.01093750 0.03906250
2 0.41562500 0.67656250 0.01562500 0.04375000
2 0.01562500 0.43593750 0.01250000 0.02812500
2 0.04453125 0.43593750 0.01718750 0.03125000
2 0.41562500 0.67578125 0.01562500 0.04531250
