1 0.46953125 0.39140625 0.02343750 0.05468750
7 0.83203125 0.41484375 0.04843750 0.06718750
1 0.89531250 0.84140625 0.13437500 0.14218750
1 0.46171875 0.93671875 0.09218750 0.12343750
1 0.86015625 0.54843750 0.06718750 0.07187500
1 0.58046875 0.39218750 0.02343750 0.03437500
4 0.32343750 0.70312500 0.06875000 0.10937500
1 0.51953125 0.46875000 0.03281250 0.05000000
1 0.85937500 0.40078125 0.03125000 0.03906250
4 0.36562500 0.54765625 0.04375000 0.07031250
4 0.55703125 0.67421875 0.05781250 0.09843750
4 0.26562500 0.93984375 0.10625000 0.11406250
4 0.34062500 0.61718750 0.05312500 0.08437500
1 0.68046875 0.49296875 0.04218750 0.05156250
1 0.79062500 0.38750000 0.03125000 0.04375000
3 0.46484375 0.48593750 0.03593750 0.07187500
0 0.45625000 0.34921875 0.02812500 0.07343750
5 0.64062500 0.35625000 0.02812500 0.05312500
2 0.69062500 0.45078125 0.00937500 0.02343750
2 0.06250000 0.41875000 0.00937500 0.03125000
2 0.00781250 0.41562500 0.01250000 0.03125000
2 0.05390625 0.41796875 0.01093750 0.02656250
2 0.03906250 0.41406250 0.01562500 0.03437500
2 0.41640625 0.57890625 0.01093750 0.03281250
