7 0.72187500 0.32656250 0.06250000 0.08750000
7 0.35625000 0.44296875 0.05312500 0.11093750
1 0.67031250 0.15625000 0.01562500 0.02187500
1 0.87812500 0.59375000 0.12812500 0.12187500
1 0.21718750 0.39218750 0.03437500 0.02812500
1 0.16640625 0.39765625 0.04531250 0.04531250
1 0.45234375 0.27109375 0.02031250 0.03281250
1 0.42968750 0.24765625 0.01562500 0.02968750
1 0.64765625 0.37421875 0.04843750 0.06406250
1 0.21640625 0.41640625 0.02656250 0.03906250
1 0.16562500 0.42421875 0.05312500 0.05781250
1 0.46484375 0.21250000 0.01718750 0.02812500
1 0.93203125 0.24062500 0.04843750 0.04375000
4 0.57343750 0.89218750 0.13125000 0.21250000
4 0.71171875 0.26953125 0.03906250 0.03906250
3 0.78671875 0.22734375 0.04218750 0.04531250
3 0.96406250 0.30390625 0.06875000 0.06718750
5 0.95468750 0.19062500 0.08750000 0.12187500
5 0.58593750 0.23984375 0.06562500 0.12656250
3 0.52812500 0.42578125 0.05000000 0.08906250
5 0.66093750 0.13359375 0.03437500 0.06093750
2 0.35625000 0.36718750 0.01875000 0.04062500
2 0.66718750 0.46250000 0.01875000 0.03750000
2 0.43281250 0.31093750 0.00937500 0.02187500
2 0.35546875 0.32734375 0.01406250 0.02968750
