1 0.45312500 0.60156250 0.04687500 0.09062500
4 0.36953125 0.56484375 0.04531250 0.06718750
4 0.34296875 0.63359375 0.05468750 0.08281250
1 0.63906250 0.48203125 0.03750000 0.04843750
1 0.56406250 0.67812500 0.06250000 0.09375000
4 0.32590313 0.72187500 0.06875000 0.10937500
4 0.27187500 0.94921875 0.10312500 0.09843750
3 0.48125000 0.52421875 0.03750000 0.07031250
3 0.63046875 0.40468750 0.02968750 0.03437500
3 0.50390625 0.44453125 0.02656250 0.05156250
3 0.65390625 0.39062500 0.02656250 0.04062500
3 0.90390625 0.87421875 0.15468750 0.17968750
3 0.84296875 0.53437500 0.07343750 0.09375000
5 0.57265625 0.38984375 0.02343750 0.03906250
5 0.73515625 0.43984375 0.04218750 0.06718750
3 0.74531250 0.51250000 0.05937500 0.09062500
2 0.04062500 0.43359375 0.02187500 0.02968750
2 0.45546875 0.44609375 0.00781250 0.01718750
2 0.43046875 0.84218750 0.02656250 0.10000000
2 0.43671875 0.42421875 0.00781250 0.01718750
2 0.01562500 0.43125000 0.01562500 0.03437500
2 0.45703125 0.48359375 0.00781250 0.02343750
2 0.38906250 0.66796875 0.01562500 0.05468750
