1 0.95390625 0.64921875 0.08906250 0.10468750
1 0.43203125 0.53984375 0.04531250 0.07031250
1 0.98281250 0.47265625 0.03125000 0.06093750
1 0.43125000 0.90859375 0.09062500 0.17031250
1 0.48984375 0.63515625 0.05468750 0.10468750
4 0.26171875 0.94531250 0.10781250 0.10625000
4 0.33593750 0.62343750 0.05312500 0.08125000
1 0.45156250 0.37343750 0.01875000 0.04062500
1 0.85703125 0.40625000 0.03906250 0.04687500
4 0.36015625 0.55703125 0.04531250 0.07343750
1 0.57109375 0.39140625 0.02656250 0.03281250
4 0.49375000 0.42187500 0.02500000 0.04375000
4 0.32170156 0.71093750 0.06875000 0.10937500
2 0.03281250 0.42109375 0.02187500 0.03593750
