5 0.81093750 0.20234375 0.04062500 0.06093750
7 0.36484375 0.41718750 0.05468750 0.09687500
1 0.44062500 0.27109375 0.02500000 0.04531250
1 0.46406250 0.56484375 0.05937500 0.10468750
1 0.21406250 0.41015625 0.02812500 0.04218750
1 0.17265625 0.41640625 0.03906250 0.05468750
1 0.21718750 0.38437500 0.03125000 0.02500000
1 0.16796875 0.38828125 0.04218750 0.03906250
1 0.48671875 0.27968750 0.02343750 0.03750000
1 0.43906250 0.40000000 0.03750000 0.06250000
1 0.37656250 0.76328125 0.07812500 0.15781250
3 0.70000000 0.40312500 0.06562500 0.08125000
3 0.50859375 0.35078125 0.03906250 0.06718750
5 0.95390625 0.18046875 0.08906250 0.11718750
5 0.47656250 0.22812500 0.02500000 0.06250000
3 0.65859375 0.84296875 0.13906250 0.26406250
2 0.62031250 0.29531250 0.00937500 0.02500000
2 0.74531250 0.51875000 0.02187500 0.06875000
2 0.36562500 0.34921875 0.00937500 0.02968750
2 0.39453125 0.36534091 0.01093750 0.01505682
2 0.39488694 0.38140244 0.01022612 0.01532012
2 0.41093750 0.47812500 0.00937500 0.03437500
2 0.46406250 0.79921875 0.01562500 0.05156250
