7 0.57031250 0.69375000 0.07812500 0.15625000
1 0.74531250 0.54531250 0.05000000 0.05937500
4 0.48046875 0.87734375 0.07968750 0.15156250
4 0.26250000 0.95156250 0.10312500 0.09375000
1 0.45703125 0.42890625 0.02343750 0.04843750
4 0.33593750 0.63984375 0.05625000 0.07968750
4 0.36093750 0.56875000 0.04687500 0.07187500
1 0.45546875 0.54140625 0.03906250 0.06093750
1 0.65234375 0.50312500 0.04531250 0.05937500
4 0.32031250 0.72500000 0.06875000 0.10937500
3 0.47656250 0.61875000 0.05000000 0.10000000
5 0.64836250 0.41562500 0.04672500 0.08750000
5 0.64765625 0.41484375 0.04531250 0.08593750
2 0.00859375 0.43593750 0.01718750 0.03125000
2 0.03203125 0.43671875 0.02031250 0.02968750
