1 0.70000000 0.47890625 0.04062500 0.05156250
1 0.87265625 0.44609375 0.04218750 0.04218750
4 0.36796875 0.56562500 0.04531250 0.06875000
4 0.27109375 0.94843750 0.10156250 0.10000000
4 0.34453125 0.63359375 0.05468750 0.08281250
1 0.49921875 0.41015625 0.02656250 0.04218750
1 0.65937500 0.39765625 0.02500000 0.03593750
4 0.32656250 0.72031250 0.06875000 0.10937500
3 0.86406250 0.56406250 0.07500000 0.08750000
3 0.51171875 0.80546875 0.07968750 0.15781250
3 0.47578125 0.45781250 0.02968750 0.05625000
3 0.38203125 0.48281250 0.07031250 0.05937500
3 0.79765625 0.57968750 0.07343750 0.08437500
3 0.55156250 0.60078125 0.05312500 0.09843750
5 0.72187500 0.58750000 0.06875000 0.09375000
2 0.03984375 0.43046875 0.02031250 0.03281250
2 0.45390625 0.53046875 0.01093750 0.02343750
2 0.45546875 0.65312500 0.01406250 0.04375000
2 0.01640625 0.43046875 0.01718750 0.03281250
2 0.40156250 0.55078125 0.01250000 0.04218750
2 0.47343750 0.57265625 0.01250000 0.02968750
