3 0.89921875 0.74375000 0.12968750 0.15312500
1 0.50468750 0.47500000 0.03125000 0.07500000
7 0.48281250 0.38750000 0.02187500 0.04687500
4 0.35625000 0.55781250 0.05000000 0.06875000
1 0.45625000 0.42187500 0.02500000 0.04062500
1 0.76796875 0.49218750 0.04843750 0.05312500
1 0.43828125 0.33203125 0.00468750 0.02031250
4 0.33359375 0.62890625 0.05468750 0.08281250
4 0.25937500 0.94687500 0.10625000 0.10312500
1 0.62031250 0.45078125 0.03750000 0.04218750
1 0.45000000 0.50703125 0.03437500 0.05781250
1 0.48984375 0.83671875 0.07343750 0.14218750
1 0.68046875 0.45468750 0.04218750 0.05312500
4 0.31718750 0.71328125 0.06562500 0.10781250
1 0.79453125 0.41562500 0.03906250 0.04687500
3 0.86093750 0.45468750 0.04062500 0.05625000
5 0.47031250 0.28750000 0.01562500 0.05312500
5 0.42734375 0.34453125 0.02031250 0.04843750
5 0.58125000 0.34765625 0.02187500 0.04531250
2 0.04921875 0.42734375 0.01406250 0.03281250
2 0.42343750 0.54531250 0.00937500 0.03125000
2 0.41640625 0.77968750 0.01718750 0.05625000
2 0.03125000 0.42421875 0.01562500 0.03593750
2 0.01093750 0.44375000 0.02187500 0.03750000
2 0.37812500 0.67812500 0.01562500 0.05312500
2 0.42031250 0.63984375 0.01250000 0.03906250
2 0.56796875 0.39921875 0.00781250 0.00781250
2 0.56796875 0.40937500 0.00781250 0.01250000
2 0.33750000 0.49375000 0.02187500 0.02812500
