1 0.40251736 0.15324074 0.01961806 0.04290123
1 0.97760417 0.99876543 0.00034722 0.00185185
4 0.46449653 0.78055556 0.09774306 0.25617284
1 0.34800347 0.35895062 0.04843750 0.07345679
1 0.44861111 0.19737654 0.02291667 0.03919753
1 0.57777778 0.27438272 0.04305556 0.05740741
1 0.37074653 0.29598765 0.04704861 0.06543210
1 0.51111111 0.14320988 0.01875000 0.02839506
4 0.64722222 0.40509259 0.04965278 0.08611111
1 0.46559253 0.41120741 0.05017361 0.08950617
1 0.45460069 0.29799383 0.03940972 0.06080247
1 0.53628472 0.20308642 0.02743056 0.03888889
3 0.50329861 0.23842593 0.03437500 0.06450617
3 0.46857639 0.16512346 0.02256944 0.04012346
6 0.65112847 0.64814815 0.18871528 0.43024691
6 0.57517361 0.41280864 0.11701389 0.26203704
2 0.25859375 0.53302469 0.01128472 0.02654321
2 0.28784722 0.55354938 0.02708333 0.08858025
2 0.24097222 0.67129630 0.05937500 0.12037037
2 0.29522569 0.51172840 0.04496528 0.07777778
2 0.35546875 0.25694444 0.01163194 0.03117284
2 0.33602431 0.39290123 0.04704861 0.04012346
2 0.13333333 0.96126543 0.04826389 0.07685185
2 0.16050347 0.93564815 0.00885417 0.03179012
2 0.10581597 0.91018519 0.00746528 0.01111111
