5 0.65538194 0.32268519 0.01909722 0.03858025
7 0.93975694 0.51064815 0.09479167 0.10524691
7 0.68333333 0.38503086 0.03263889 0.04413580
4 0.41649306 0.45123457 0.03541667 0.06913580
1 0.76397569 0.40972222 0.02690972 0.03549383
1 0.19010417 0.43256173 0.04409722 0.05462963
1 0.59296875 0.31728395 0.01545139 0.02592593
0 0.94262153 0.46265432 0.11440972 0.15061728
0 0.93133681 0.35092593 0.13697917 0.07283951
0 0.89270833 0.34722222 0.06006944 0.06543210
5 0.12022569 0.29429012 0.02899306 0.03549383
6 0.59913194 0.46219136 0.07708333 0.17685185
5 0.51406250 0.34969136 0.03368056 0.10432099
5 0.51458333 0.27669753 0.01493056 0.04351852
5 0.12335069 0.37808642 0.14635417 0.14197531
6 0.57256944 0.40663580 0.05208333 0.12191358
5 0.49817708 0.28271605 0.01614583 0.04197531
2 0.63723958 0.34922840 0.00572917 0.02006173
2 0.80659722 0.40956790 0.01250000 0.02283951
