7 0.45885417 0.52615741 0.03177083 0.08564815
1 0.35377604 0.49884259 0.02786458 0.04305556
1 0.27122396 0.50000000 0.03046875 0.03981481
1 0.30703125 0.44537037 0.02239583 0.03148148
1 0.59687500 0.80972222 0.07343750 0.14444444
4 0.13932292 0.71898148 0.06510417 0.08611111
3 0.40039062 0.42962963 0.01901042 0.03148148
1 0.22278646 0.57013889 0.04557292 0.06064815
1 0.29518229 0.46412037 0.02369792 0.03009259
1 0.37291667 0.43495370 0.01822917 0.02824074
1 0.38359375 0.39143519 0.01302083 0.01805556
1 0.33515625 0.40810185 0.01770833 0.02361111
4 0.46861979 0.42175926 0.01744792 0.02592593
1 0.32135417 0.42384259 0.01666667 0.02638889
1 0.44062500 0.41736111 0.01718750 0.02546296
1 0.50325521 0.52870370 0.03046875 0.05185185
1 0.33736979 0.44768519 0.02213542 0.02962963
1 0.40507813 0.40185185 0.01484375 0.02500000
1 0.35507813 0.40925926 0.01536458 0.02129630
1 0.25638021 0.73750000 0.05651042 0.08981481
1 0.51002604 0.44467593 0.02161458 0.03101852
5 0.48867187 0.39837963 0.01640625 0.03842593
6 0.58684896 0.54375000 0.08255208 0.17731481
5 0.37395833 0.59398148 0.06250000 0.13796296
5 0.39817708 0.47546296 0.02656250 0.05648148
6 0.54908854 0.47800926 0.05442708 0.12175926
