1 0.68333333 0.45555556 0.01458333 0.02222222
4 0.36250000 0.65648148 0.06562500 0.07777778
1 0.53697917 0.44259259 0.01875000 0.02407407
1 0.22395833 0.72129630 0.08333333 0.10185185
1 0.48151042 0.48287037 0.02447917 0.03055556
1 0.53125000 0.46944444 0.02083333 0.02962963
5 0.33776042 0.46805556 0.04114583 0.05277778
6 0.84583333 0.74305556 0.11770833 0.22500000
5 0.53723958 0.43564815 0.01927083 0.03796296
5 0.07291667 0.56481481 0.14583333 0.10925926
5 0.73515625 0.45416667 0.02656250 0.05648148
5 0.13333333 0.50787037 0.02916667 0.06759259
6 0.78958333 0.62361111 0.06562500 0.13796296
5 0.77083333 0.51250000 0.03541667 0.07500000
2 0.70755208 0.55740741 0.00781250 0.02407407
2 0.70390625 0.45925926 0.00468750 0.01666667
