7 0.37148437 0.77708333 0.06223958 0.15046296
7 0.79440104 0.96365741 0.09609375 0.07175926
1 0.32630208 0.48657407 0.02031250 0.02777778
1 0.44244792 0.44328704 0.01197917 0.01990741
1 0.47838542 0.40879630 0.00885417 0.01574074
1 0.44726562 0.47291667 0.01796875 0.02731481
1 0.37005208 0.42777778 0.00937500 0.01759259
1 0.51770833 0.46064815 0.01875000 0.02592593
1 0.47460938 0.42245370 0.01171875 0.01712963
4 0.27369792 0.56574074 0.03229167 0.03981481
1 0.38789063 0.45532407 0.01484375 0.02175926
1 0.33971354 0.50694444 0.02265625 0.03333333
1 0.40651042 0.49629630 0.02031250 0.03055556
1 0.60846354 0.68912037 0.05442708 0.07916667
1 0.50768229 0.56921296 0.02994792 0.05138889
1 0.33802083 0.46944444 0.01510417 0.02129630
1 0.11250000 0.82152778 0.08437500 0.11990741
1 0.35273438 0.44537037 0.01380208 0.01851852
4 0.68168411 0.69745370 0.05937500 0.08101852
1 0.38671875 0.59259259 0.03020833 0.04629630
1 0.45755208 0.52546296 0.02343750 0.03981481
1 0.37291667 0.50902778 0.02083333 0.03009259
4 0.47122396 0.63217593 0.03567708 0.06435185
1 0.39570312 0.43935185 0.01171875 0.02037037
4 0.35638021 0.54814815 0.02630208 0.03796296
1 0.46250000 0.43888889 0.01250000 0.01944444
1 0.39947917 0.53055556 0.02395833 0.04074074
1 0.45559896 0.42847222 0.00286458 0.00046296
1 0.45299479 0.40972222 0.01015625 0.02222222
1 0.37161458 0.44722222 0.01302083 0.01851852
1 0.35247396 0.48032407 0.01588542 0.02268519
1 0.38346354 0.67037037 0.04192708 0.07592593
1 0.38398438 0.43148148 0.01328125 0.01574074
1 0.41354167 0.42847222 0.00937500 0.01435185
4 0.30403646 0.58009259 0.03203125 0.04444444
1 0.36197917 0.43101852 0.01302083 0.01759259
1 0.48098958 0.49328704 0.02135417 0.03379630
1 0.50260417 0.47662037 0.01822917 0.02546296
1 0.44049479 0.42569444 0.01171875 0.01805556
1 0.53645833 0.64675926 0.04375000 0.06851852
1 0.41236979 0.45578704 0.01223958 0.02268519
1 0.39934896 0.41828704 0.01328125 0.02268519
1 0.44856771 0.49907407 0.01848958 0.02777778
1 0.45872396 0.42245370 0.01171875 0.01805556
1 0.56263021 0.51412037 0.02421875 0.05138889
1 0.47018229 0.46226852 0.01484375 0.02546296
1 0.51380208 0.85162037 0.07083333 0.15787037
1 0.38098958 0.47777778 0.01614583 0.02592593
1 0.26822917 0.86458333 0.07812500 0.13935185
3 0.61484375 0.90069444 0.09218750 0.18194444
3 0.31666667 0.68263889 0.05156250 0.08101852
0 0.53880208 0.52337963 0.05312500 0.09583333
3 0.48776042 0.43888889 0.01458333 0.04074074
5 0.22630208 0.68194444 0.11354167 0.21574074
