1 0.36653646 0.40462963 0.01171875 0.01944444
1 0.50924479 0.50023148 0.02473958 0.04027778
1 0.42109375 0.40578704 0.00781250 0.01620370
1 0.34114583 0.44305556 0.01718750 0.02500000
1 0.45247396 0.44467593 0.01692708 0.03009259
3 0.38854167 0.45347222 0.01875000 0.02916667
1 0.39049479 0.41342593 0.01171875 0.01851852
1 0.40859375 0.39259259 0.00989583 0.01481481
1 0.35455729 0.42222222 0.01432292 0.02407407
1 0.27486979 0.54166667 0.03671875 0.04722222
1 0.14544271 0.75879630 0.06640625 0.08888889
1 0.56692708 0.54675926 0.03645833 0.05648148
1 0.47083333 0.41180556 0.01302083 0.02453704
4 0.52369792 0.57337963 0.03385417 0.05509259
4 0.48294271 0.39814815 0.01119792 0.01666667
1 0.46484375 0.51087963 0.02500000 0.04398148
3 0.35455729 0.42407407 0.01432292 0.02037037
5 0.68893229 0.72314815 0.14401042 0.25370370
5 0.41380208 0.43101852 0.01718750 0.03703704
