7 0.59420956 0.42177288 0.05177696 0.02900327
7 0.27604167 0.57536765 0.08026961 0.08946078
7 0.18550858 0.65257353 0.12530637 0.12622549
7 0.43259804 0.42953431 0.05637255 0.03145425
7 0.49525123 0.38582516 0.01194853 0.01593137
1 0.47487745 0.39358660 0.01286765 0.01511438
1 0.32935049 0.51409314 0.04411765 0.03145425
1 0.22962623 0.54595588 0.05116422 0.04370915
1 0.20327819 0.57720588 0.06648284 0.03186275
1 0.25321691 0.54003268 0.00337010 0.00326797
1 0.38832721 0.41074346 0.02542892 0.01184641
1 0.32046569 0.47467320 0.02450980 0.02941176
1 0.29963235 0.49816176 0.03860294 0.03553922
1 0.26853554 0.51899510 0.05177696 0.03553922
1 0.38419118 0.41911765 0.03676471 0.01960784
1 0.03385417 0.94750817 0.06770833 0.10008170
1 0.42401961 0.39603758 0.01409314 0.01266340
1 0.48299632 0.42830882 0.04136029 0.02083333
1 0.33103554 0.54411765 0.04564951 0.04493464
1 0.56801471 0.40808824 0.01409314 0.01388889
4 0.55238971 0.41850490 0.03431373 0.01838235
5 0.31939338 0.42667484 0.05238971 0.02736928
4 0.35202206 0.49203431 0.03308824 0.03472222
4 0.96936275 0.70812908 0.06066176 0.08946078
4 0.08670343 0.80698529 0.16053922 0.13684641
4 0.56801471 0.40829248 0.01409314 0.01511438
0 0.08348652 0.66952614 0.16697304 0.25816993
0 0.42738971 0.46997549 0.04779412 0.06903595
0 0.51194853 0.38010621 0.01470588 0.02246732
2 0.29748775 0.66053922 0.01715686 0.02941176
2 0.37852328 0.49632353 0.01194853 0.02287582
2 0.11841299 0.72814542 0.01991422 0.02246732
2 0.16130515 0.72630719 0.03645833 0.04738562
2 0.39307598 0.48488562 0.00919118 0.02532680
2 0.21890319 0.84497549 0.03155637 0.06413399
2 0.21905637 0.84456699 0.03186275 0.06495098
