4 0.60937500 0.45196759 0.03732639 0.03993056
4 0.55588108 0.44762731 0.03190104 0.03993056
1 0.25813802 0.54296875 0.07790799 0.06221065
4 0.58572049 0.39424190 0.02604167 0.02285880
1 0.54437934 0.42766204 0.02539062 0.03240741
1 0.57595486 0.41594329 0.02734375 0.03153935
4 0.62434896 0.42317708 0.03428819 0.03211806
0 0.90505642 0.79398148 0.18945312 0.41145833
0 0.71115451 0.51128472 0.12152778 0.16956019
2 0.64659288 0.45442708 0.00933160 0.02401620
2 0.27463108 0.64872685 0.02452257 0.04745370
2 0.29199219 0.60257523 0.00629340 0.00723380
2 0.52311198 0.41218171 0.00716146 0.01822917
2 0.33007812 0.53515625 0.01692708 0.03153935
2 0.56043837 0.50202546 0.01323785 0.02488426
2 0.53624132 0.40914352 0.00824653 0.02314815
2 0.57682292 0.46542245 0.01128472 0.02170139
2 0.31542969 0.75737847 0.03190104 0.05873843
2 0.33637153 0.69082755 0.00998264 0.00839120
