7 0.38320312 0.27500000 0.00703125 0.01944444
1 0.39257812 0.36597222 0.01953125 0.02916667
1 0.48203125 0.22916667 0.02500000 0.01944444
1 0.29843750 0.27569444 0.00937500 0.01250000
1 0.36523438 0.26388889 0.00859375 0.01111111
1 0.55625000 0.51041667 0.04375000 0.06250000
1 0.38046875 0.32777778 0.01562500 0.02777778
1 0.32460937 0.30763889 0.01484375 0.03194444
1 0.25781250 0.34444444 0.01875000 0.02500000
1 0.30742188 0.26111111 0.00859375 0.01388889
1 0.29257813 0.32569444 0.01640625 0.02361111
1 0.37187500 0.29097222 0.01093750 0.01805556
1 0.14960938 0.51250000 0.05078125 0.05833333
1 0.31718750 0.27361111 0.00937500 0.01666667
1 0.35273438 0.29305556 0.01015625 0.01666667
1 0.28046875 0.30347222 0.01406250 0.02361111
1 0.39218750 0.26805556 0.00781250 0.01111111
1 0.37617188 0.54444444 0.04140625 0.07222222
1 0.49453125 0.53333333 0.05000000 0.07777778
4 0.17226563 0.64930556 0.06953125 0.09027778
1 0.32812500 0.27777778 0.00937500 0.01666667
4 0.31601563 0.34652778 0.01796875 0.02916667
1 0.30546875 0.29583333 0.00937500 0.01666667
1 0.27812500 0.37847222 0.02343750 0.03194444
1 0.35390625 0.27777778 0.00937500 0.01388889
1 0.35039063 0.25763889 0.00703125 0.01527778
1 0.39218750 0.29444444 0.01093750 0.01666667
1 0.95234375 0.32847222 0.09375000 0.08750000
1 0.37187500 0.42986111 0.02812500 0.04583333
1 0.36093750 0.35208333 0.01718750 0.02916667
1 0.30312500 0.26388889 0.01093750 0.01388889
1 0.37109375 0.25277778 0.00781250 0.01111111
1 0.55937500 0.24513889 0.04375000 0.03472222
1 0.33398438 0.25763889 0.00546875 0.01250000
1 0.38007813 0.24861111 0.00703125 0.00555556
3 0.20429688 0.87777778 0.11640625 0.22777778
0 0.42031250 0.33402778 0.02968750 0.06805556
5 0.06367188 0.61944444 0.08984375 0.11666667
5 0.48554688 0.61666667 0.06796875 0.18611111
5 0.28125000 0.47361111 0.04062500 0.08611111
