7 0.35507813 0.39722222 0.01171875 0.02777778
7 0.26953125 0.39236111 0.01250000 0.02361111
7 0.23476563 0.48611111 0.02734375 0.04722222
1 0.37265625 0.50277778 0.02187500 0.03611111
1 0.34492188 0.57638889 0.03515625 0.07777778
1 0.36796875 0.41527778 0.01250000 0.01944444
1 0.34414063 0.42083333 0.01328125 0.02222222
1 0.35507813 0.39861111 0.01328125 0.02500000
1 0.36406250 0.47222222 0.02187500 0.03055556
1 0.66406250 0.94861111 0.10312500 0.10000000
1 0.37812500 0.40486111 0.01250000 0.01805556
1 0.21093750 0.47222222 0.02031250 0.02500000
1 0.27382813 0.35277778 0.00703125 0.01111111
1 0.26679688 0.40625000 0.01015625 0.02083333
1 0.62929688 0.74097222 0.08203125 0.11250000
1 0.31796875 0.42569444 0.01406250 0.02638889
1 0.28085938 0.36666667 0.00859375 0.01111111
4 0.39492187 0.87569444 0.07109375 0.15972222
1 0.39218750 0.56736111 0.03125000 0.04861111
1 0.21523438 0.55972222 0.03359375 0.04722222
1 0.26914063 0.39236111 0.01328125 0.02361111
1 0.33945313 0.40416667 0.01484375 0.01666667
1 0.32539063 0.45486111 0.01796875 0.02916667
1 0.34218750 0.38055556 0.01093750 0.01388889
1 0.32734375 0.43055556 0.01562500 0.02222222
1 0.36640625 0.39027778 0.01093750 0.01944444
1 0.24218750 0.41319444 0.01406250 0.01805556
1 0.28476563 0.42361111 0.01640625 0.02222222
1 0.42226562 0.52152778 0.03046875 0.04027778
1 0.31640625 0.39791667 0.01093750 0.01805556
1 0.33281250 0.49791667 0.02500000 0.04583333
1 0.23437500 0.43611111 0.01718750 0.02222222
1 0.20664063 0.43680556 0.01796875 0.02083333
1 0.01679688 0.89305556 0.03359375 0.11388889
1 0.31562500 0.38125000 0.01093750 0.01805556
1 0.48125000 0.63819444 0.04843750 0.07638889
1 0.35312500 0.44652778 0.01718750 0.02361111
1 0.28476563 0.35555556 0.00703125 0.00833333
1 0.26484375 0.37083333 0.00781250 0.01388889
1 0.40039062 0.44583333 0.01953125 0.02500000
1 0.29375000 0.36111111 0.00781250 0.01111111
3 0.45312500 0.72916667 0.06562500 0.11944444
5 0.44570313 0.48055556 0.05078125 0.09722222
5 0.35507813 0.39513889 0.01171875 0.03194444
