7 0.47119729 0.50351406 0.04028614 0.04585007
7 0.62575301 0.43992637 0.02033133 0.03915663
7 0.47863328 0.42118474 0.01487199 0.02175368
1 0.63027108 0.42135207 0.01618976 0.02008032
1 0.41020331 0.47222222 0.02183735 0.03078983
1 0.31231175 0.67536814 0.06739458 0.07630522
4 0.20124247 0.58099063 0.07191265 0.05756359
4 0.49821160 0.45214190 0.01788404 0.02342704
1 0.71611446 0.67704150 0.05911145 0.10910308
1 0.10532756 0.66214859 0.08113705 0.07195448
1 0.35636295 0.56827309 0.05158133 0.04886212
1 0.41189759 0.45264391 0.02334337 0.02242303
1 0.41735693 0.51924364 0.03426205 0.03647925
1 0.47270331 0.44561580 0.01957831 0.02911647
1 0.11859940 0.79585007 0.13140060 0.11378849
1 0.47195030 0.47155288 0.02221386 0.02074967
1 0.44653614 0.52861446 0.03162651 0.03714859
1 0.42441642 0.55672691 0.04310994 0.04651941
1 0.16396837 0.67921687 0.08847892 0.07530120
1 0.44860693 0.43959170 0.02070783 0.02443106
1 0.46131401 0.42570281 0.01863705 0.01874163
1 0.42074548 0.48929050 0.03275602 0.03145917
1 0.26590738 0.52961847 0.05214608 0.05053548
1 0.45086596 0.46686747 0.02033133 0.02878179
1 0.30064006 0.62131861 0.06362952 0.06057564
1 0.40850904 0.50083668 0.00150602 0.00167336
1 0.43213479 0.47824632 0.02428464 0.03012048
1 0.38403614 0.59839357 0.05271084 0.05689424
4 0.27682605 0.59086345 0.06080572 0.05655957
1 0.50865964 0.44427711 0.01769578 0.02443106
4 0.53915663 0.50100402 0.05722892 0.03614458
1 0.61539910 0.55990629 0.03689759 0.05354752
1 0.60928087 0.51137885 0.03181476 0.05220884
1 0.43458208 0.43708166 0.01411898 0.02409639
4 0.48908133 0.45883534 0.02635542 0.02476573
1 0.49952937 0.42737617 0.01750753 0.02342704
1 0.26571913 0.67771084 0.02051958 0.04283802
1 0.21705572 0.68992637 0.06024096 0.08065596
1 0.29593373 0.59655288 0.01506024 0.00702811
1 0.67121611 0.44461178 0.01863705 0.02978581
4 0.18938253 0.82730924 0.11897590 0.12115127
1 0.61850527 0.48711513 0.02353163 0.03781794
4 0.67027485 0.54049531 0.03143825 0.04953146
0 0.35532756 0.50652610 0.08942018 0.09538153
2 0.60664533 0.41633199 0.00508283 0.01539491
2 0.01157756 0.93574297 0.00207078 0.00133869
2 0.03068524 0.94812584 0.06137048 0.10307898
2 0.68458208 0.47238956 0.00922440 0.02108434
