7 0.61562500 0.48819444 0.03593750 0.02361111
1 0.73789063 0.94166667 0.13203125 0.11388889
1 0.14335938 0.50277778 0.02890625 0.03333333
1 0.27968750 0.51805556 0.02343750 0.05000000
1 0.20234375 0.46527778 0.02031250 0.02500000
4 0.58398438 0.77638889 0.08359375 0.11666667
1 0.36523438 0.44513889 0.01640625 0.01527778
1 0.07460938 0.59513889 0.05390625 0.06527778
1 0.35742188 0.64791667 0.04140625 0.08472222
1 0.43867188 0.56458333 0.03515625 0.04861111
1 0.15585938 0.55972222 0.03828125 0.05277778
1 0.30234375 0.44444444 0.01875000 0.02777778
1 0.31093750 0.46388889 0.02031250 0.02777778
1 0.27695313 0.45833333 0.01640625 0.03055556
1 0.23046875 0.48333333 0.02031250 0.02777778
1 0.47968750 0.60972222 0.04843750 0.08888889
1 0.23789063 0.44375000 0.01796875 0.02638889
1 0.40976563 0.51458333 0.02421875 0.03750000
1 0.35273438 0.43611111 0.01640625 0.02777778
1 0.31953125 0.51180556 0.02343750 0.03472222
1 0.19609375 0.60069444 0.03750000 0.05416667
1 0.38984375 0.47205075 0.00625000 0.00521262
1 0.39574653 0.48605967 0.01319444 0.01954733
1 0.48437500 0.81319444 0.07656250 0.12916667
1 0.28085938 0.65486111 0.04609375 0.07916667
7 0.61562500 0.48750000 0.03593750 0.02500000
0 0.37148438 0.50416667 0.04921875 0.09722222
5 0.33125000 0.43333333 0.01562500 0.03888889
