1 0.50390625 0.46712963 0.01927083 0.03055556
1 0.50954861 0.52993827 0.02916667 0.05000000
1 0.47803819 0.43935185 0.01649306 0.02438272
4 0.27144097 0.84660494 0.11163194 0.14691358
1 0.54418403 0.49074074 0.02829861 0.04259259
1 0.53411458 0.70771605 0.05329861 0.09320988
0 0.44236111 0.54722222 0.06041667 0.14382716
5 0.68263889 0.41126543 0.03506944 0.06697531
5 0.58229167 0.56388889 0.04513889 0.09691358
2 0.42881944 0.98148148 0.03090278 0.03641975
2 0.41562500 0.92037037 0.00451389 0.00555556
2 0.48472222 0.41358025 0.00451389 0.01543210
2 0.51467014 0.43626543 0.00607639 0.01574074
2 0.50104167 0.43719136 0.00451389 0.01574074
2 0.49097222 0.62453704 0.01111111 0.02932099
2 0.42881944 0.98163580 0.03090278 0.03611111
