1 0.29473286 0.25739247 0.03704637 0.02016129
4 0.45463710 0.53158602 0.07913306 0.10416667
1 0.34047379 0.95648522 0.17943548 0.08635753
0 0.17817540 0.74344758 0.35635081 0.51243280
0 0.50365423 0.26344086 0.05569556 0.07526882
2 0.56968246 0.38222446 0.01537298 0.03192204
2 0.71648185 0.47076613 0.02217742 0.04973118
2 0.57825101 0.34761425 0.01537298 0.02721774
2 0.52255544 0.50571237 0.00327621 0.00940860
2 0.56350806 0.51024866 0.05141129 0.02587366
2 0.46685988 0.40843414 0.02091734 0.03125000
2 0.53024194 0.55376344 0.03729839 0.06115591
2 0.51373488 0.51831317 0.00378024 0.00369624
2 0.15372984 0.57409274 0.03175403 0.03326613
2 0.18233367 0.54989919 0.00176411 0.00033602
2 0.18548387 0.53948253 0.01461694 0.01646505
2 0.46723790 0.36206317 0.01461694 0.02856183
2 0.56439012 0.20379704 0.00428427 0.01310484
2 0.61580141 0.50050403 0.05317540 0.03393817
2 0.52709173 0.43884409 0.01789315 0.02889785
2 0.58253528 0.24546371 0.00932460 0.01915323
2 0.61391129 0.56955645 0.03024194 0.06048387
