1 0.38268229 0.48287037 0.02265625 0.03333333
1 0.47057292 0.35671296 0.00729167 0.01250000
3 0.42486979 0.44097222 0.01536458 0.02916667
7 0.52070313 0.44675926 0.02057292 0.03518519
1 0.47916667 0.36967593 0.00885417 0.01250000
5 0.38906250 0.40694444 0.01145833 0.02314815
1 0.40104167 0.37731481 0.00937500 0.01296296
1 0.46236979 0.42384259 0.01536458 0.02268519
1 0.46575521 0.45763889 0.01744792 0.02916667
3 0.36875000 0.54861111 0.03177083 0.05370370
1 0.41770833 0.37731481 0.00833333 0.01481481
1 0.43085938 0.38333333 0.00703125 0.01759259
1 0.40651042 0.37037037 0.00781250 0.01296296
1 0.42721354 0.40763889 0.01276042 0.01805556
1 0.50651042 0.41851852 0.01458333 0.02037037
1 0.45403646 0.37615741 0.00911458 0.01342593
1 0.40273437 0.42129630 0.01380208 0.02314815
1 0.45755208 0.39930556 0.01145833 0.01805556
1 0.46458333 0.37268519 0.00885417 0.01203704
7 0.49218750 0.44629630 0.01927083 0.03703704
1 0.47486979 0.39560185 0.01171875 0.01805556
4 0.48059896 0.54699074 0.02890625 0.05046296
1 0.41341146 0.39328704 0.01171875 0.01990741
1 0.32812500 0.72916667 0.06197917 0.09907407
3 0.61067708 0.62662037 0.05000000 0.08009259
0 0.42304688 0.34398148 0.00963542 0.01851852
0 0.37304688 0.39583333 0.01692708 0.02407407
5 0.21666667 0.69004630 0.12760417 0.21990741
5 0.32304688 0.53865741 0.03463542 0.04583333
