7 0.54188630 0.57797858 0.04536898 0.09906292
7 0.68194654 0.50317938 0.03783886 0.04049531
1 0.59506777 0.48410308 0.01995482 0.03112450
1 0.75696536 0.62081660 0.06250000 0.07295850
1 0.53680346 0.51757028 0.02353163 0.02108434
1 0.78369729 0.80990629 0.11784639 0.18473896
1 0.84177334 0.72054886 0.08490211 0.12248996
1 0.58847892 0.57831325 0.03087349 0.06091031
1 0.56504142 0.85558902 0.08452560 0.21720214
1 0.67592244 0.79702142 0.08640813 0.17302544
1 0.25414157 0.63236278 0.06927711 0.08668005
1 0.73908133 0.96904284 0.09525602 0.06124498
1 0.63158886 0.47322624 0.02070783 0.01673360
1 0.67601657 0.61763722 0.05459337 0.08734940
1 0.55167545 0.63386881 0.04649849 0.05287818
1 0.38930723 0.46887550 0.02259036 0.03346720
1 0.71272590 0.49916332 0.03463855 0.03447122
1 0.97383283 0.92252343 0.05195783 0.14089692
1 0.60504518 0.50435074 0.01694277 0.03815261
1 0.56494729 0.48427041 0.00188253 0.00267738
3 0.72496235 0.69963186 0.07831325 0.13219545
1 0.62754142 0.66248327 0.05967620 0.10676037
1 0.55647590 0.71251673 0.06400602 0.10776439
1 0.57501883 0.53798527 0.02880271 0.04718876
1 0.52663780 0.49230254 0.02315512 0.03480589
4 0.71056099 0.55957162 0.03821536 0.05354752
0 0.65192018 0.54384203 0.08207831 0.12717537
2 0.54809864 0.50368139 0.00922440 0.02610442
2 0.85382154 0.82396252 0.03859187 0.06760375
2 0.36907003 0.46050870 0.00545934 0.02074967
2 0.66622741 0.68507363 0.01731928 0.04953146
2 0.51308358 0.52409639 0.00884789 0.02811245
2 0.37575301 0.52074967 0.01016566 0.03012048
2 0.87330572 0.92888220 0.09902108 0.14156627
2 0.60240964 0.53898929 0.00828313 0.02844712
2 0.93448795 0.98711513 0.01468373 0.02510040
2 0.97392696 0.98360107 0.03783886 0.03212851
2 0.94135919 0.95866801 0.01298946 0.01840696
2 0.33433735 0.47908300 0.00790663 0.02041499
