7 0.34472656 0.45225694 0.04752604 0.04571759
1 0.51942274 0.35749421 0.01063368 0.01765046
1 0.09450955 0.64250579 0.11002604 0.08593750
4 0.33940972 0.49334491 0.05034722 0.04745370
4 0.38389757 0.38122106 0.01996528 0.01938657
4 0.47493490 0.44690394 0.02929688 0.03674769
4 0.50086806 0.37196181 0.01519097 0.01707176
4 0.51671007 0.49985532 0.03949653 0.05295139
4 0.52604167 0.37528935 0.01562500 0.01967593
4 0.19921875 0.64482060 0.11024306 0.10503472
4 0.47656250 0.35908565 0.01432292 0.01562500
4 0.39029948 0.40350116 0.02278646 0.02748843
0 0.40039062 0.45847801 0.06293403 0.10503472
0 0.42784288 0.39858218 0.04188368 0.06278935
2 0.59299045 0.37326389 0.00889757 0.01504630
2 0.39854601 0.66623264 0.02539062 0.06221065
2 0.40136719 0.63078704 0.00065104 0.00231481
2 0.39539931 0.61993634 0.00824653 0.01591435
2 0.76345486 0.57103588 0.02517361 0.04484954
2 0.56944444 0.38223380 0.00651042 0.01331019
2 0.50737847 0.39568866 0.00564236 0.01417824
2 0.60243056 0.37890625 0.01345486 0.01591435
2 0.56184896 0.48220486 0.01258681 0.03211806
2 0.59223090 0.41203704 0.00868056 0.01736111
2 0.54058160 0.36082176 0.00564236 0.01331019
2 0.39583333 0.67693866 0.02039931 0.04021991
