1 0.38085938 0.34583333 0.03671875 0.06666667
1 0.29882812 0.18263889 0.01171875 0.01527778
1 0.43125000 0.10972222 0.02500000 0.02222222
1 0.39882813 0.23402778 0.02109375 0.02916667
1 0.34257813 0.19583333 0.01171875 0.01944444
1 0.33476563 0.15416667 0.00703125 0.01666667
1 0.92695313 0.19444444 0.11484375 0.08888889
4 0.37968750 0.25208333 0.02187500 0.02916667
1 0.29453125 0.15972222 0.00937500 0.01666667
1 0.22500000 0.26527778 0.02343750 0.03333333
1 0.32890625 0.20555556 0.01406250 0.02222222
1 0.64921875 0.55138889 0.07656250 0.11944444
1 0.32070312 0.15277778 0.00859375 0.01666667
1 0.25820313 0.15486111 0.00859375 0.01250000
1 0.29648438 0.17569444 0.01171875 0.01805556
1 0.26601563 0.19861111 0.01171875 0.02222222
1 0.30507813 0.21388889 0.01796875 0.01944444
1 0.22421875 0.18541667 0.01250000 0.01527778
1 0.92656250 0.42986111 0.07968750 0.05138889
1 0.30742188 0.23402778 0.01796875 0.04027778
4 0.45195313 0.38888889 0.04140625 0.06111111
1 0.19960938 0.33125000 0.03515625 0.04861111
1 0.31562500 0.17569444 0.01250000 0.01805556
1 0.33164063 0.17152778 0.00859375 0.01805556
1 0.24531250 0.40763889 0.04062500 0.06250000
1 0.24023438 0.15555556 0.01015625 0.01666667
1 0.32226562 0.30486111 0.02421875 0.05416667
1 0.36953125 0.03333333 0.02968750 0.02500000
1 0.23789063 0.22083333 0.01953125 0.03055556
4 0.31992188 0.18680556 0.01171875 0.02083333
1 0.43554688 0.27986111 0.02734375 0.03750000
1 0.24492188 0.14027778 0.00703125 0.01388889
1 0.35390625 0.27222222 0.02343750 0.03611111
1 0.30937500 0.16250000 0.00937500 0.01666667
4 0.42187500 0.45823611 0.05000000 0.07916667
1 0.35898438 0.22152778 0.01796875 0.02361111
1 0.35000000 0.49791667 0.05312500 0.09305556
1 0.35195312 0.17222222 0.00859375 0.01388889
4 0.49335938 0.36597222 0.04140625 0.05138889
1 0.34179688 0.17361111 0.01328125 0.02500000
1 0.41914063 0.88541667 0.11328125 0.22638889
1 0.51328125 0.12361111 0.04531250 0.03611111
1 0.30117188 0.19652778 0.01328125 0.01805556
1 0.76132813 0.32222222 0.01953125 0.01944444
1 0.79335938 0.32500000 0.02734375 0.02777778
3 0.05117188 0.83888889 0.10234375 0.25277778
3 0.26171875 0.23402778 0.01875000 0.03194444
3 0.18437500 0.26180556 0.02656250 0.04027778
0 0.10390625 0.35694444 0.10000000 0.15277778
5 0.25195312 0.12430556 0.00859375 0.01805556
5 0.14257812 0.87361111 0.16796875 0.25000000
5 0.20312500 0.21527778 0.02031250 0.04166667
5 0.26210938 0.13055556 0.01015625 0.01944444
5 0.36679688 0.18541667 0.01953125 0.04027778
