7 0.32656250 0.28680556 0.01093750 0.01805556
7 0.88281250 0.97361111 0.09687500 0.05000000
7 0.26796875 0.26875000 0.00781250 0.01527778
5 0.46757813 0.48194444 0.04921875 0.10000000
5 0.49375000 0.45486111 0.04375000 0.08194444
1 0.40117188 0.34166667 0.01953125 0.02222222
1 0.37265625 0.34097222 0.01875000 0.02638889
1 0.34335938 0.29027778 0.01171875 0.01388889
1 0.36718750 0.29791667 0.01250000 0.01805556
1 0.92773438 0.31111111 0.11328125 0.08611111
1 0.43750000 0.22986111 0.02656250 0.02083333
1 0.33476563 0.25972222 0.01171875 0.01388889
1 0.30312500 0.27430556 0.00937500 0.01527778
1 0.37734375 0.71736111 0.07031250 0.15694444
1 0.14726563 0.38541667 0.03359375 0.03750000
1 0.31484375 0.33125000 0.01406250 0.02083333
1 0.18515625 0.38472222 0.02656250 0.03611111
1 0.24179688 0.34583333 0.01953125 0.03055556
1 0.34804687 0.35069444 0.01640625 0.02638889
1 0.51796875 0.24236111 0.04375000 0.03472222
1 0.26093750 0.28472222 0.01093750 0.01944444
4 0.52460938 0.61944444 0.06796875 0.09722222
1 0.22265625 0.32152778 0.01718750 0.02083333
1 0.40625000 0.40833333 0.02656250 0.03888889
1 0.83867187 0.46666667 0.01015625 0.01666667
1 0.81679688 0.46180556 0.02265625 0.02361111
1 0.43320313 0.56597222 0.05234375 0.10416667
1 0.21132813 0.43055556 0.03046875 0.04166667
1 0.32617188 0.28750000 0.01171875 0.01666667
1 0.31015625 0.31388889 0.01406250 0.01944444
1 0.33242188 0.31041667 0.01171875 0.01805556
1 0.35156250 0.30694444 0.01562500 0.01944444
1 0.34414062 0.27083333 0.00859375 0.01388889
1 0.25429688 0.32083333 0.01484375 0.01944444
1 0.31718750 0.35763889 0.01875000 0.02638889
1 0.34062500 0.32291667 0.01562500 0.02638889
1 0.37968750 0.15555556 0.02968750 0.02777778
1 0.27968750 0.29097222 0.00937500 0.01250000
1 0.44375000 0.40208333 0.03125000 0.04583333
1 0.30546875 0.28819444 0.01093750 0.01527778
1 0.33906250 0.27986111 0.01250000 0.01250000
1 0.33593750 0.45138889 0.02968750 0.05000000
1 0.27382813 0.30833333 0.01171875 0.01944444
1 0.17851563 0.55694444 0.04921875 0.07222222
1 0.39804688 0.37916667 0.02578125 0.04444444
1 0.56250000 0.55000000 0.05312500 0.06944444
1 0.48085938 0.74583333 0.08046875 0.14444444
1 0.27304688 0.34375000 0.01640625 0.02638889
4 0.37890625 0.36041667 0.01718750 0.02916667
1 0.34765625 0.55277778 0.04218750 0.07777778
1 0.38867188 0.45902778 0.03203125 0.05138889
1 0.24218750 0.29305556 0.01250000 0.01666667
1 0.38515625 0.32430556 0.01718750 0.02361111
3 0.43320313 0.45347222 0.02734375 0.05138889
1 0.35390625 0.27916667 0.01093750 0.01388889
1 0.25937500 0.44930556 0.02812500 0.04861111
5 0.68750000 0.69097222 0.11718750 0.20972222
5 0.32617188 0.27222222 0.01171875 0.02222222
5 0.26171875 0.28472222 0.01093750 0.01944444
5 0.08710938 0.52569444 0.09921875 0.14583333
