1 0.46901042 0.37847222 0.00885417 0.01250000
1 0.81419271 0.97129630 0.08203125 0.05648148
1 0.42799479 0.35578704 0.00755208 0.01157407
1 0.47981771 0.37638889 0.00911458 0.01388889
1 0.42018229 0.37569444 0.01015625 0.01250000
1 0.41380208 0.35671296 0.00677083 0.00972222
1 0.46093750 0.41157407 0.01354167 0.02222222
1 0.29388021 0.79143519 0.06484375 0.10694444
1 0.41523438 0.48611111 0.01901042 0.03148148
1 0.36979167 0.39537037 0.01354167 0.02129630
1 0.37903646 0.49490741 0.02369792 0.03981481
1 0.65507812 0.67986111 0.05703125 0.08101852
1 0.48736979 0.43564815 0.01588542 0.02685185
1 0.34843750 0.43935185 0.01718750 0.02500000
1 0.47890625 0.40763889 0.01250000 0.01712963
1 0.45130208 0.36666667 0.00729167 0.01111111
1 0.45611979 0.38634259 0.01067708 0.01435185
4 0.50221354 0.73564815 0.05182292 0.10833333
1 0.46419271 0.36875000 0.00859375 0.01342593
1 0.35794271 0.86226852 0.06536458 0.13287037
3 0.66041667 0.93356481 0.10625000 0.13194444
5 0.25442708 0.65324074 0.00468750 0.01203704
5 0.18645833 0.76064815 0.13854167 0.25740741
5 0.42304688 0.41921296 0.01484375 0.03379630
5 0.53723958 0.45509259 0.03906250 0.08240741
5 0.26927083 0.55462963 0.04218750 0.05277778
