5 0.49913194 0.49722222 0.02013889 0.04012346
7 0.27083333 0.60339506 0.06111111 0.08086420
4 0.55859375 0.59614198 0.03385417 0.05648148
1 0.41935764 0.49583333 0.01545139 0.02808642
1 0.15842014 0.71373457 0.08420139 0.07932099
1 0.36935764 0.55570988 0.03593750 0.02623457
1 0.39557292 0.53009259 0.02447917 0.03240741
1 0.32769097 0.56080247 0.03767361 0.03950617
1 0.49878472 0.55462963 0.02534722 0.05185185
1 0.19982639 0.77006173 0.07916667 0.11172840
1 0.30486111 0.61496914 0.03333333 0.03796296
1 0.09592014 0.90648148 0.13663194 0.13827160
1 0.93116319 0.54891975 0.04322917 0.03487654
1 0.25937500 0.68981481 0.02500000 0.07469136
1 0.41145833 0.60740741 0.01527778 0.05555556
1 0.41171875 0.50679012 0.02204861 0.03209877
3 0.05954861 0.82422840 0.11909722 0.13487654
4 0.59583333 0.95246914 0.08645833 0.09444444
0 0.33038194 0.69876543 0.15000000 0.25987654
0 0.36501736 0.50293210 0.04913194 0.07870370
5 0.99114583 0.55663580 0.01736111 0.09104938
2 0.58532986 0.53379630 0.00885417 0.02500000
2 0.53211806 0.56311728 0.00937500 0.02376543
2 0.23263889 0.83148148 0.02569444 0.05617284
2 0.24730903 0.77515432 0.00329861 0.00462963
2 0.43142361 0.51219136 0.00659722 0.02314815
2 0.54166667 0.51959877 0.00763889 0.02129630
2 0.52690972 0.49953704 0.00694444 0.01944444
2 0.53159722 0.53101852 0.00729167 0.01512346
2 0.56041667 0.54429012 0.00798611 0.02314815
