3 0.75052083 0.67824074 0.14340278 0.17191358
5 0.30234375 0.73873457 0.08072917 0.15154321
1 0.80052083 0.46543210 0.02777778 0.01851852
1 0.31197917 0.59614198 0.03888889 0.05462963
1 0.35833333 0.91111111 0.10381944 0.17160494
4 0.15824653 0.55015432 0.02690972 0.03672840
1 0.17213542 0.59243827 0.03315972 0.03672840
1 0.73072917 0.84336420 0.15034722 0.16018519
1 0.25173611 0.61620370 0.04236111 0.05648148
1 0.15954861 0.52793210 0.02534722 0.02191358
1 0.95598958 0.93179012 0.08767361 0.13580247
1 0.26093750 0.66635802 0.05104167 0.07222222
1 0.42343750 0.77916667 0.08854167 0.11820988
1 0.17100694 0.64182099 0.04340278 0.06388889
1 0.21328125 0.52947531 0.02899306 0.03858025
1 0.26145833 0.52006173 0.03055556 0.03827160
1 0.19470486 0.49737654 0.02170139 0.03117284
1 0.22126736 0.55648148 0.03420139 0.04814815
1 0.23263889 0.58919753 0.03784722 0.05493827
1 0.63116319 0.67422840 0.09427083 0.09845679
1 0.27352431 0.53981481 0.03177083 0.04135802
1 0.21406250 0.50030864 0.03055556 0.04012346
1 0.16241319 0.57608025 0.03107639 0.04969136
1 0.33949653 0.62484568 0.06024306 0.08179012
1 0.28819444 0.56111111 0.03958333 0.05740741
1 0.37656250 0.69722222 0.06701389 0.08888889
1 0.53602431 0.90925926 0.13350694 0.16728395
1 0.17508681 0.70910494 0.05572917 0.07993827
4 0.54435764 0.65833333 0.05468750 0.08518519
0 0.26892361 0.90725309 0.00104167 0.00277778
0 0.26912037 0.89983539 0.00064815 0.00090535
0 0.26892361 0.90176367 0.00069444 0.00264550
0 0.19826389 0.86620370 0.17847222 0.26697531
0 0.44262153 0.51496914 0.09079861 0.09660494
0 0.23975694 0.48148148 0.05312500 0.07222222
2 0.38671875 0.54799383 0.01267361 0.03240741
2 0.18394097 0.53827160 0.00850694 0.02098765
2 0.63446181 0.74475309 0.04184028 0.05802469
2 0.24036458 0.76141975 0.01961806 0.06790123
2 0.22708333 0.72762346 0.00381944 0.00339506
2 0.33081597 0.51882716 0.00850694 0.02283951
2 0.53064236 0.60169753 0.01614583 0.03179012
2 0.40694444 0.56990741 0.01145833 0.03364198
2 0.37630208 0.53425926 0.00885417 0.02592593
