1 0.76297883 0.55090726 0.16053427 0.09106183
1 0.49571573 0.97815860 0.13256048 0.04301075
1 0.64768145 0.39700941 0.02822581 0.03595430
1 0.63835685 0.44573253 0.03578629 0.03729839
1 0.69858871 0.35887097 0.02419355 0.02016129
1 0.66015625 0.37147177 0.02847782 0.03729839
1 0.64604335 0.42355511 0.03351815 0.03797043
3 0.69795867 0.38978495 0.03099798 0.04435484
3 0.79637097 0.99025538 0.00856855 0.01881720
3 0.73072077 0.90120968 0.13835685 0.19690860
4 0.12865423 0.88188844 0.25730847 0.20127688
4 0.69833669 0.35836694 0.02368952 0.02049731
0 0.24659778 0.59912634 0.49319556 0.20900538
0 0.58694556 0.52167339 0.15725806 0.24563172
2 0.57573085 0.78813844 0.05619960 0.07829301
2 0.59891633 0.74529570 0.00126008 0.00403226
2 0.73210685 0.73857527 0.02469758 0.05241935
2 0.68674395 0.64398522 0.02066532 0.04737903
2 0.75302419 0.66985887 0.01965726 0.03729839
2 0.39339718 0.97580645 0.04133065 0.04771505
2 0.42338710 0.91045027 0.02822581 0.06619624
2 0.51310484 0.59929435 0.02318548 0.04939516
2 0.49949597 0.57846102 0.01612903 0.04133065
2 0.67477319 0.77637769 0.05216734 0.09106183
2 0.71345766 0.76276882 0.03477823 0.06586022
2 0.48639113 0.74311156 0.03881048 0.05611559
2 0.50743448 0.71186156 0.01335685 0.03595430
2 0.51033266 0.68581989 0.00756048 0.00940860
2 0.70627520 0.68750000 0.02494960 0.04704301
2 0.65914819 0.69674059 0.01789315 0.05342742
2 0.85143649 0.56031586 0.01890121 0.03326613
2 0.59790827 0.72883065 0.02898185 0.04099462
2 0.62184980 0.70480511 0.01990927 0.06081989
2 0.68586190 0.52671371 0.01436492 0.03393817
2 0.73172883 0.63944892 0.01990927 0.04099462
2 0.64478327 0.96639785 0.02696573 0.02016129
2 0.60282258 0.96085349 0.02520161 0.02251344
