5 0.51718750 0.44467593 0.02552083 0.04398148
7 0.16080729 0.66782407 0.06328125 0.09583333
7 0.44635417 0.34375000 0.00885417 0.02175926
1 0.38750000 0.55115741 0.02916667 0.04953704
1 0.45091146 0.36412037 0.01119792 0.01805556
1 0.40833333 0.32847222 0.00677083 0.01342593
1 0.45963542 0.34490741 0.00989583 0.01481481
1 0.73880208 0.85833333 0.09375000 0.16944444
1 0.48815104 0.40000000 0.01588542 0.02685185
1 0.33763021 0.40694444 0.01432292 0.02129630
4 0.25494792 0.52407407 0.03281250 0.04351852
1 0.32070312 0.44027778 0.00182292 0.01111111
1 0.40611979 0.41319444 0.01380208 0.02361111
1 0.45507812 0.38032407 0.01328125 0.01898148
1 0.39739583 0.35717593 0.00885417 0.02083333
1 0.37942708 0.35625000 0.00937500 0.01620370
1 0.34296875 0.39398148 0.01197917 0.01944444
4 0.08606771 0.80509259 0.07369792 0.11481481
1 0.39270833 0.36597222 0.01093750 0.01712963
1 0.35598958 0.47708333 0.02343750 0.03564815
5 0.40820312 0.36875000 0.01015625 0.01990741
1 0.16445313 0.67777778 0.00130208 0.00185185
1 0.19934896 0.60115741 0.04140625 0.05231481
1 0.39544271 0.45162037 0.02057292 0.03472222
1 0.32656250 0.41712963 0.01718750 0.02314815
1 0.39817708 0.38101852 0.01093750 0.02037037
1 0.37434896 0.37129630 0.01223958 0.01944444
1 0.24153646 0.52870370 0.00078125 0.00833333
1 0.31210938 0.43842593 0.02161458 0.02777778
1 0.28945312 0.46666667 0.02682292 0.03888889
1 0.02825521 0.94120370 0.05651042 0.11203704
1 0.44296875 0.44699074 0.01875000 0.03379630
1 0.38880208 0.34768519 0.00833333 0.01666667
1 0.57981771 0.54884259 0.04244792 0.06527778
1 0.46718750 0.53935185 0.03437500 0.07129630
1 0.43606771 0.37638889 0.01119792 0.01666667
1 0.49309896 0.47685185 0.02838542 0.05000000
1 0.40429688 0.39513889 0.01432292 0.02268519
1 0.49518229 0.75069444 0.05807292 0.13564815
1 0.43268229 0.34976852 0.01015625 0.02175926
1 0.44635417 0.34282407 0.00885417 0.02361111
1 0.47174479 0.37129630 0.01223958 0.01666667
5 0.37174479 0.39097222 0.01276042 0.02453704
1 0.24166667 0.91944444 0.08750000 0.16018519
1 0.35286458 0.38194444 0.01406250 0.02037037
5 0.20898438 0.67175926 0.11276042 0.20740741
5 0.44635417 0.34351852 0.00937500 0.02222222
