1 0.56788194 0.43209877 0.01250000 0.02098765
1 0.51206597 0.39891975 0.00746528 0.00833333
7 0.58909722 0.47808642 0.02239583 0.04197531
1 0.63029514 0.42145062 0.00989583 0.01450617
1 0.45520833 0.81358025 0.06562500 0.11296296
1 0.47178819 0.55401235 0.03038194 0.04629630
1 0.41232639 0.41620370 0.01458333 0.01635802
1 0.50217014 0.43101852 0.01163194 0.01697531
1 0.54982639 0.45432099 0.01597222 0.01975309
3 0.44531250 0.42006173 0.01284722 0.01543210
1 0.39470486 0.41450617 0.01059028 0.01790123
1 0.56310764 0.53101852 0.02899306 0.04413580
1 0.03472222 0.60200617 0.06944444 0.07500000
1 0.51024306 0.40787037 0.01006944 0.01141975
4 0.59947917 0.74336420 0.05625000 0.09598765
1 0.57986111 0.45447531 0.01354167 0.02500000
1 0.51605903 0.54722222 0.02760417 0.05864198
1 0.44149306 0.40123457 0.00833333 0.01234568
6 0.78246528 0.44629630 0.03854167 0.05617284
0 0.54244792 0.42438272 0.01545139 0.03518519
0 0.53671875 0.38734568 0.00885417 0.02283951
5 0.54236111 0.42515432 0.01631944 0.03672840
5 0.78550347 0.46805556 0.00260417 0.00709877
5 0.78246528 0.44598765 0.03854167 0.05555556
5 0.52413194 0.40601852 0.01493056 0.03672840
5 0.74782986 0.42947531 0.04184028 0.04969136
5 0.79392361 0.46327160 0.02222222 0.04691358
5 0.42717170 0.40425988 0.00989583 0.01913580
5 0.69592014 0.43132716 0.01371528 0.04475309
5 0.66510417 0.61435185 0.08506944 0.15648148
5 0.70529514 0.42021605 0.02621528 0.04475309
5 0.71649306 0.42608025 0.02083333 0.03734568
5 0.75651042 0.44182099 0.01857639 0.04660494
2 0.47855903 0.48858025 0.00572917 0.01358025
2 0.34218750 0.75015432 0.01562500 0.04104938
2 0.34201389 0.75092593 0.01493056 0.03950617
