7 0.15007267 0.63350560 0.07873062 0.10508183
7 0.43362403 0.43173988 0.01792636 0.03143842
1 0.52434593 0.39642550 0.02156008 0.01679587
1 0.41242733 0.51593454 0.02737403 0.04306632
3 0.19064922 0.49913867 0.04360465 0.04995693
4 0.07642926 0.46813092 0.03900194 0.03359173
1 0.38953488 0.41709733 0.01065891 0.02110250
4 0.43604651 0.45908699 0.01841085 0.02583979
1 0.34411337 0.48708010 0.02785853 0.03359173
1 0.14619671 0.58074935 0.05789729 0.05469423
1 0.33745155 0.44767442 0.01598837 0.03316107
1 0.57000969 0.78639104 0.07509690 0.16881998
1 0.28355136 0.44918174 0.02398256 0.02756245
1 0.39244186 0.57579673 0.03633721 0.05857020
1 0.28258236 0.50387597 0.02834302 0.04565030
1 0.40734012 0.62833764 0.04530039 0.09130060
1 0.33854167 0.42786391 0.01768411 0.02368648
4 0.25012112 0.46770026 0.02882752 0.03014643
1 0.34205426 0.45650301 0.02083333 0.02497847
1 0.35537791 0.41795866 0.01695736 0.02282515
1 0.36010174 0.40180879 0.01283915 0.01550388
1 0.20748547 0.53251507 0.04626938 0.04780362
1 0.35295543 0.44724376 0.01744186 0.02885444
1 0.55850291 0.47329888 0.04045543 0.02928510
1 0.27507267 0.48212748 0.02688953 0.03488372
1 0.24672965 0.50172265 0.03561047 0.03875969
1 0.45821221 0.42463394 0.01283915 0.02067183
1 0.36143411 0.43561585 0.01259690 0.02971576
1 0.12475775 0.54048234 0.06007752 0.06546081
1 0.55753391 0.39577950 0.01719961 0.01464255
1 0.45821221 0.46899225 0.01041667 0.03359173
1 0.34484012 0.41020672 0.01477713 0.01679587
1 0.49140019 0.43776916 0.01477713 0.02110250
1 0.46051357 0.43949182 0.01550388 0.02196382
1 0.69815891 0.47502153 0.04021318 0.02842377
1 0.53112888 0.62769165 0.04190891 0.07450474
1 0.24939438 0.54198966 0.03900194 0.05038760
1 0.42078488 0.49203273 0.02277132 0.03660637
2 0.50799419 0.49483204 0.01356589 0.04134367
4 0.17696221 0.70779500 0.08260659 0.09603790
1 0.50242248 0.44401378 0.01647287 0.01894918
4 0.34338663 0.45757967 0.01719961 0.02368648
0 0.49806202 0.41322136 0.01937984 0.04091301
0 0.48243702 0.49633936 0.03997093 0.09862188
0 0.49454942 0.37704565 0.01477713 0.02282515
5 0.04723837 0.63867356 0.05668605 0.13867356
2 0.37342539 0.93217054 0.02398256 0.09345392
2 0.39014050 0.87769165 0.00169574 0.00258398
2 0.35961725 0.87704565 0.00363372 0.00559862
2 0.43871124 0.54801895 0.00823643 0.02454780
2 0.35234981 0.65159345 0.01623062 0.03273040
2 0.39498547 0.80167959 0.02010659 0.07536606
2 0.34314438 0.99310939 0.02688953 0.01291990
1 0.34837963 0.71990741 0.06134259 0.10532407
4 0.22222222 0.58333333 0.05092593 0.06018519
