1 0.40208333 0.62870370 0.04114583 0.07592593
1 0.09830729 0.85069444 0.08723958 0.13379630
1 0.35195312 0.43796296 0.01744792 0.02314815
1 0.26953125 0.56064815 0.04062500 0.05277778
1 0.47460938 0.51643519 0.02682292 0.05138889
4 0.41927083 0.48495370 0.01979167 0.03287037
1 0.46080729 0.42268519 0.01432292 0.02592593
1 0.51393229 0.81412037 0.06432292 0.14953704
1 0.48789063 0.43449074 0.01536458 0.02731481
1 0.36510417 0.55509259 0.02968750 0.04444444
5 0.67916667 0.69398148 0.13020833 0.24722222
5 0.56210938 0.61504630 0.07682292 0.18287037
