7 0.22773437 0.38611111 0.01796875 0.03333333
1 0.44687500 0.29027778 0.02343750 0.02500000
1 0.27695313 0.33055556 0.00703125 0.01388889
1 0.35078125 0.32222222 0.00781250 0.01111111
1 0.38789063 0.39861111 0.01640625 0.02500000
1 0.36953125 0.37569444 0.01406250 0.02083333
1 0.32421875 0.32013889 0.00468750 0.00972222
4 0.35625000 0.33263889 0.01562500 0.01527778
1 0.26875000 0.35833333 0.01250000 0.01666667
4 0.31718750 0.36180556 0.01250000 0.01527778
1 0.25234375 0.40625000 0.01718750 0.02638889
1 0.28476563 0.31527778 0.00546875 0.00833333
1 0.31484375 0.33194444 0.00937500 0.01388889
1 0.32382813 0.38888889 0.01640625 0.01388889
1 0.26250000 0.33611111 0.00937500 0.01666667
1 0.92812500 0.58472222 0.04843750 0.05555556
1 0.36562500 0.41944444 0.02187500 0.03333333
1 0.32539063 0.41388889 0.01953125 0.03611111
1 0.40937500 0.44444444 0.02500000 0.03611111
4 0.22421875 0.47569444 0.02968750 0.04583333
1 0.32968750 0.32916667 0.01093750 0.01666667
1 0.34023437 0.32569444 0.00859375 0.01527778
1 0.28945313 0.34166667 0.00859375 0.01388889
1 0.28867188 0.36736111 0.01171875 0.01805556
1 0.31875000 0.34652778 0.01093750 0.01250000
1 0.38906250 0.21666667 0.02968750 0.02777778
4 0.43828125 0.43819444 0.02500000 0.02916667
1 0.33945313 0.35972222 0.01171875 0.01666667
1 0.33125000 0.44861111 0.02187500 0.03611111
1 0.16250000 0.66666667 0.06562500 0.08333333
1 0.52578125 0.30138889 0.04375000 0.03333333
1 0.33164063 0.31458333 0.00703125 0.01250000
1 0.93593750 0.36944444 0.11406250 0.08611111
1 0.34062500 0.49861111 0.02968750 0.04444444
1 0.27382813 0.31250000 0.00703125 0.00833333
1 0.34960938 0.38680556 0.01640625 0.02638889
1 0.35234375 0.34513889 0.01093750 0.01527778
5 0.40273437 0.53750000 0.03984375 0.07500000
1 0.26679688 0.50902778 0.03046875 0.04583333
1 0.34023437 0.31041667 0.00703125 0.00694444
3 0.37421875 0.65625000 0.05937500 0.11527778
5 0.57578125 0.61388889 0.07031250 0.11666667
5 0.11523438 0.54930556 0.00234375 0.00694444
5 0.05703125 0.62916667 0.11406250 0.21388889
5 0.25078125 0.34166667 0.01250000 0.02777778
5 0.27968750 0.29930556 0.00781250 0.01805556
