7 0.77191840 0.85648148 0.20659722 0.19502315
1 0.06423611 0.48654514 0.00737847 0.01012731
1 0.50368924 0.64236111 0.05685764 0.04687500
1 0.39800347 0.56380208 0.03125000 0.02459491
1 0.23144531 0.52936921 0.01974826 0.02228009
1 0.45225694 0.56090856 0.03732639 0.04021991
1 0.05164931 0.49088542 0.01128472 0.01128472
1 0.08865017 0.54152199 0.01714410 0.02054398
3 0.26171875 0.54324580 0.02647569 0.02404080
1 0.33083767 0.55381944 0.02799479 0.03530093
1 0.37022569 0.53906250 0.03125000 0.02430556
1 0.32324219 0.52705440 0.02756076 0.01475694
1 0.09418403 0.55844907 0.02170139 0.02314815
1 0.19986979 0.50130208 0.01302083 0.01649306
3 0.17643229 0.59201389 0.03472222 0.03530093
1 0.13389757 0.60286458 0.03168403 0.03443287
7 0.19227431 0.51374421 0.01996528 0.01822917
1 0.11577691 0.48336227 0.00889757 0.01359954
1 0.30338542 0.53399884 0.02083333 0.01822917
1 0.09982639 0.52010995 0.01475694 0.01533565
1 0.27256944 0.52473958 0.02170139 0.01475694
1 0.09353299 0.52792245 0.01779514 0.02170139
1 0.06727431 0.51302083 0.01475694 0.01678241
1 0.04752604 0.48307292 0.00911458 0.00839120
4 0.41894076 0.58260995 0.04210069 0.02980324
1 0.43836806 0.61299190 0.04687500 0.03616898
1 0.34049479 0.54282407 0.01996528 0.02083333
1 0.20703125 0.50260417 0.02170139 0.01620370
4 0.30989583 0.56322338 0.03298611 0.02517361
4 0.37847222 0.58781829 0.04210069 0.03038194
3 0.64800347 0.69777199 0.10720486 0.07552083
3 0.44346788 0.57291667 0.04058160 0.03298611
0 0.54112413 0.59403935 0.14561632 0.11053241
5 0.12847222 0.50983796 0.02517361 0.03935185
5 0.07226562 0.49406829 0.01085069 0.01591435
5 0.09331597 0.46947338 0.01171875 0.01359954
5 0.20540365 0.55801505 0.04796007 0.06915509
5 0.07107205 0.47699653 0.01323785 0.01880787
5 0.16308594 0.49103009 0.01584201 0.02430556
2 0.86794705 0.71542245 0.04492188 0.03616898
