5 0.46583946 0.16523693 0.03462010 0.06250000
5 0.48284314 0.19546569 0.04411765 0.07883987
7 0.45159314 0.85232843 0.15747549 0.29452614
4 0.40517770 0.23815359 0.04319853 0.05964052
1 0.40287990 0.13868464 0.02879902 0.03553922
0 0.58042279 0.37806373 0.17922794 0.30923203
0 0.44929534 0.09803922 0.04442402 0.07189542
2 0.57552083 0.69138072 0.04687500 0.09436275
2 0.59865196 0.63582516 0.00428922 0.00531046
2 0.57552083 0.59354575 0.02971814 0.04901961
2 0.55300245 0.58537582 0.00980392 0.03594771
2 0.59497549 0.56556373 0.00796569 0.01102941
2 0.74218750 0.73856209 0.04810049 0.09803922
2 0.37316176 0.16176471 0.00612745 0.01633987
2 0.54427083 0.53656046 0.05422794 0.06004902
2 0.71920956 0.64440359 0.03952206 0.05759804
2 0.67432598 0.61294935 0.02022059 0.04697712
2 0.63373162 0.67177288 0.03216912 0.09027778
2 0.68367034 0.73754085 0.05238971 0.10171569
