1 0.56419271 0.41087963 0.01796875 0.03842593
1 0.61145833 0.35023148 0.01145833 0.01527778
1 0.64739583 0.36226852 0.01614583 0.01805556
1 0.46041667 0.42013889 0.01875000 0.02916667
1 0.57994792 0.47638889 0.02916667 0.04722222
4 0.19283854 0.77569444 0.08619792 0.09953704
3 0.45963542 0.38819444 0.01406250 0.01990741
1 0.66614583 0.89513889 0.08750000 0.13657407
1 0.55664062 0.37685185 0.01484375 0.02222222
1 0.47174479 0.39328704 0.00911458 0.02546296
1 0.70455729 0.40023148 0.02161458 0.02731481
7 0.31380208 0.47708333 0.01614583 0.03564815
7 0.33893229 0.47245370 0.02682292 0.03750000
1 0.56367188 0.38703704 0.01588542 0.01944444
1 0.55013021 0.35416667 0.01171875 0.01851852
1 0.53671875 0.41203704 0.01979167 0.03240741
7 0.62070313 0.66782407 0.06171875 0.11990741
1 0.33489583 0.54837963 0.04427083 0.06064815
3 0.60677083 0.56250000 0.04375000 0.07592593
5 0.76653646 0.45995370 0.07942708 0.13379630
5 0.71236979 0.48032407 0.06744792 0.11990741
5 0.57356771 0.43009259 0.02369792 0.05740741
5 0.44947917 0.37407407 0.02187500 0.02129630
6 0.87734375 0.50115741 0.15885417 0.19398148
5 0.45234375 0.36805556 0.02760417 0.03333333
5 0.48229167 0.39444444 0.01614583 0.03611111
5 0.42122396 0.58287037 0.04973958 0.08611111
5 0.46510417 0.37407407 0.01093750 0.02222222
5 0.77630208 0.49074074 0.05989583 0.07314815
5 0.74453125 0.42569444 0.03645833 0.06435185
2 0.14179687 0.63449074 0.02005208 0.02731481
2 0.06536458 0.69930556 0.02187500 0.03194444
2 0.80625000 0.56666667 0.01562500 0.03888889
2 0.03398438 0.71666667 0.02734375 0.04537037
2 0.09322917 0.66620370 0.02500000 0.03888889
2 0.43463542 0.44583333 0.00781250 0.01759259
2 0.01614583 0.73379630 0.02812500 0.04351852
2 0.60691068 0.36183981 0.00468750 0.01435185
2 0.51835937 0.48055556 0.00807292 0.02407407
2 0.07513021 0.68495370 0.02473958 0.04027778
2 0.49205729 0.37638889 0.00494792 0.01481481
2 0.10768229 0.64953704 0.02473958 0.04629630
