7 0.67304688 0.62384259 0.05859375 0.10972222
7 0.28281250 0.47523148 0.03437500 0.05231481
7 0.53437500 0.48310185 0.03385417 0.06342593
1 0.29960937 0.54074074 0.03619792 0.04537037
1 0.24921875 0.54675926 0.03385417 0.04537037
1 0.71848958 0.86527778 0.09270833 0.16574074
1 0.11627604 0.76319444 0.07265625 0.09675926
1 0.83828125 0.90694444 0.09687500 0.16574074
1 0.20742188 0.60671296 0.05078125 0.06805556
1 0.50195312 0.51111111 0.03203125 0.06203704
4 0.53750000 0.63842593 0.04479167 0.08055556
1 0.45611979 0.55185185 0.03046875 0.05925926
1 0.49166667 0.80462963 0.06770833 0.17407407
1 0.32929687 0.89282407 0.06953125 0.13287037
1 0.57304687 0.49606481 0.03203125 0.04120370
3 0.60143229 0.84606481 0.09036458 0.18750000
5 0.61588542 0.61296296 0.07135417 0.15462963
5 0.53697917 0.43055556 0.02239583 0.05555556
