7 0.48359375 0.45324074 0.02291667 0.05092593
1 0.44765625 0.44282407 0.01822917 0.03009259
1 0.36210938 0.66759259 0.04661458 0.07685185
1 0.27395833 0.49745370 0.02968750 0.03842593
1 0.40234375 0.41064815 0.01614583 0.02407407
1 0.30963542 0.44675926 0.02343750 0.02962963
4 0.59062500 0.59375000 0.04583333 0.06620370
1 0.39309896 0.47847222 0.02265625 0.03750000
1 0.20377604 0.61805556 0.04869792 0.06296296
1 0.32369792 0.42199074 0.01927083 0.02731481
1 0.03281250 0.99236111 0.00312500 0.00694444
4 0.46757813 0.41666667 0.01640625 0.02500000
1 0.51054687 0.44351852 0.01901042 0.03148148
5 0.26953125 0.81412037 0.08333333 0.15138889
5 0.79401042 0.86689815 0.19895833 0.26527778
5 0.15130208 0.83217593 0.10729167 0.22083333
3 0.08359375 0.81458333 0.07395833 0.13842593
5 0.62382812 0.83148148 0.10130208 0.26111111
