7 0.29023438 0.46967593 0.03098958 0.05231481
7 0.30559896 0.43912037 0.02421875 0.04212963
7 0.46757813 0.36087963 0.01015625 0.02268519
1 0.38750000 0.51851852 0.02864583 0.04444444
4 0.35351562 0.79467593 0.05859375 0.11898148
1 0.33854167 0.55578704 0.03541667 0.05509259
1 0.45104167 0.45879630 0.02031250 0.03518519
3 0.37163568 0.43495370 0.02109375 0.03564815
3 0.48567708 0.39212963 0.01510417 0.02407407
1 0.32265625 0.42500000 0.01770833 0.02500000
1 0.29752604 0.53796296 0.03255208 0.04537037
7 0.47604167 0.42199074 0.01822917 0.03472222
1 0.19960938 0.60625000 0.05546875 0.07175926
1 0.03932292 0.91342593 0.07864583 0.14814815
1 0.50195312 0.81666667 0.06692708 0.15370370
1 0.13294271 0.72106481 0.07109375 0.10324074
1 0.33658854 0.40578704 0.01796875 0.02175926
3 0.25677083 0.52245370 0.03802083 0.05046296
3 0.60429687 0.76828704 0.08776042 0.22453704
5 0.49361979 0.49097222 0.03098958 0.07916667
5 0.44062500 0.38796296 0.01510417 0.03981481
