5 0.47803819 0.55864198 0.04878472 0.10802469
5 0.49644097 0.34413580 0.00781250 0.01543210
7 0.63480903 0.44104938 0.02378472 0.04876543
1 0.40286458 0.79382716 0.09010417 0.17098765
4 0.23949653 0.82824074 0.12829861 0.17623457
5 0.51536458 0.34799383 0.00711806 0.01141975
1 0.46059028 0.49475309 0.02986111 0.04753086
1 0.55868056 0.49876543 0.02847222 0.04814815
1 0.59765625 0.41651235 0.01822917 0.03240741
1 0.49157986 0.93070988 0.01753472 0.04351852
1 0.54982639 0.89799383 0.05798611 0.12932099
3 0.66510417 0.59104938 0.04791667 0.09382716
5 0.56822917 0.39058642 0.02291667 0.06141975
5 0.50902778 0.38503086 0.01805556 0.03981481
5 0.50633681 0.34089506 0.01163194 0.01944444
5 0.55234375 0.36635802 0.01093750 0.03024691
3 0.63750000 0.80324074 0.08402778 0.28796296
2 0.53793403 0.39274691 0.00503472 0.01450617
2 0.57526042 0.56990741 0.01232639 0.03611111
2 0.57569444 0.66203704 0.01597222 0.05925926
2 0.59166667 0.37438272 0.00347222 0.01049383
