3 0.73253676 0.70506536 0.09007353 0.10784314
3 0.76792279 0.54942810 0.04381127 0.03921569
4 0.91559436 0.63909314 0.07628676 0.06658497
1 0.68351716 0.49285131 0.02389706 0.02246732
1 0.56418505 0.53513072 0.03094363 0.04003268
1 0.64537377 0.76409314 0.08425245 0.11233660
1 0.33195466 0.73243464 0.08241422 0.08415033
3 0.39644608 0.51899510 0.03247549 0.03635621
3 0.02726716 0.58884804 0.05453431 0.04779412
5 0.80744485 0.53615196 0.06280637 0.06086601
5 0.73223039 0.51164216 0.03125000 0.05024510
2 0.37055760 0.50020425 0.00765931 0.01838235
