7 0.50390625 0.44413580 0.01406250 0.02530864
1 0.40199653 0.53425926 0.02934028 0.04074074
1 0.63758681 0.43888889 0.01579861 0.02654321
1 0.45824653 0.68209877 0.05607639 0.07901235
1 0.64843750 0.46111111 0.02048611 0.02283951
1 0.35694444 0.52731481 0.03263889 0.03981481
1 0.50815972 0.41342593 0.01041667 0.01327160
1 0.68802083 0.59506173 0.01354167 0.02901235
1 0.71388889 0.59506173 0.04131944 0.06666667
1 0.93046875 0.46234568 0.03281250 0.02407407
1 0.88671875 0.80663580 0.11267361 0.11327160
3 0.45720486 0.48179012 0.02031250 0.03518519
1 0.44661458 0.43086420 0.01614583 0.02098765
1 0.66701389 0.43919753 0.01840278 0.02037037
1 0.30703125 0.59290123 0.04947917 0.05802469
1 0.46380208 0.44074074 0.01545139 0.02469136
1 0.46354167 0.41820988 0.00104167 0.00123457
1 0.47109375 0.40725309 0.00885417 0.01759259
1 0.41692708 0.48395062 0.01961806 0.01543210
1 0.41762153 0.50787037 0.02934028 0.03858025
3 0.58211806 0.45000000 0.01805556 0.02530864
1 0.42161458 0.44027778 0.01579861 0.02191358
4 0.07430556 0.91358025 0.14861111 0.16481481
1 0.89809028 0.60694444 0.06215278 0.05401235
1 0.86484375 0.56188272 0.02065972 0.03672840
1 0.50842014 0.59984568 0.03524306 0.05462963
1 0.27421875 0.70015432 0.06579861 0.08302469
1 0.47977431 0.41450617 0.01059028 0.01419753
1 0.44418403 0.44259259 0.01961806 0.01913580
3 0.50407986 0.44429012 0.01475694 0.02746914
1 0.36996528 0.73719136 0.00104167 0.00092593
1 0.37317708 0.72453704 0.00260417 0.00895062
1 0.38706597 0.62824074 0.05121528 0.07746914
3 0.48663194 0.49768519 0.02083333 0.03487654
1 0.98307292 0.45246914 0.03350694 0.02592593
1 0.54843750 0.41481481 0.01215278 0.01666667
1 0.42673611 0.55385802 0.03159722 0.05092593
1 0.58220486 0.42685185 0.01302083 0.01666667
1 0.43385417 0.47237654 0.01944444 0.02870370
1 0.39157986 0.57901235 0.03836806 0.03950617
1 0.70928819 0.48580247 0.03038194 0.02777778
1 0.51232639 0.42731481 0.01284722 0.01944444
1 0.44895833 0.61080247 0.03645833 0.06049383
1 0.96640625 0.47438272 0.03315972 0.02037037
1 0.69956597 0.46126543 0.02413194 0.02623457
1 0.90390625 0.45462963 0.02204861 0.02160494
1 0.98090278 0.94706790 0.03784722 0.08672840
1 0.53081597 0.49861111 0.02135417 0.03179012
1 0.78602431 0.51466049 0.03975694 0.03364198
1 0.63758681 0.51450617 0.02795139 0.02777778
1 0.58993056 0.46141975 0.02013889 0.02592593
1 0.46519097 0.42268519 0.01336806 0.01450617
1 0.96875000 0.46836420 0.03611111 0.02993827
4 0.78758681 0.70123457 0.07517361 0.07654321
1 0.55208333 0.54490741 0.03125000 0.04969136
1 0.51927083 0.46466049 0.01736111 0.03117284
1 0.95329861 0.44830247 0.02256944 0.01944444
1 0.49027778 0.40725309 0.01180556 0.01759259
1 0.41467014 0.43379630 0.00781250 0.02067901
1 0.62465278 0.44629630 0.01666667 0.02098765
1 0.60312500 0.69182099 0.05972222 0.08302469
1 0.66692708 0.50972222 0.03038194 0.03487654
1 0.55937500 0.42731481 0.01180556 0.01944444
1 0.35390625 0.70339506 0.06510417 0.09197531
1 0.49427083 0.82453704 0.06840278 0.12129630
1 0.44071181 0.45725309 0.01788194 0.02870370
4 0.74878472 0.51404321 0.03159722 0.03487654
3 0.36901042 0.81481481 0.10364583 0.14938272
3 0.85173611 0.61944444 0.07673611 0.07098765
3 0.15520833 0.92052469 0.17291667 0.15833333
3 0.67777778 0.48611111 0.02986111 0.03641975
3 0.67065972 0.46404321 0.00277778 0.00154321
3 0.73697917 0.53194444 0.04409722 0.04783951
4 0.49045139 0.40756173 0.01111111 0.01697531
3 0.67795139 0.48240741 0.03020833 0.04444444
3 0.67578125 0.40540123 0.02065972 0.02932099
5 0.60677083 0.41728395 0.02604167 0.04444444
5 0.89071181 0.55015432 0.07239583 0.07500000
5 0.37795139 0.48209877 0.03055556 0.05000000
5 0.46883681 0.36728395 0.00885417 0.01975309
5 0.91901042 0.42962963 0.04982639 0.04382716
5 0.61284722 0.47808642 0.02812500 0.04876543
5 0.55833333 0.38472222 0.01354167 0.02191358
5 0.69123264 0.39691358 0.01857639 0.03765432
5 0.45555556 0.40895062 0.01215278 0.03086420
2 0.74852431 0.57608025 0.01406250 0.03179012
2 0.32508681 0.47978395 0.01093750 0.01388889
2 0.31397569 0.72299383 0.01545139 0.03919753
2 0.26250000 0.64320988 0.03055556 0.04506173
2 0.41970486 0.45632716 0.00677083 0.01820988
2 0.50842014 0.51018519 0.00850694 0.02037037
2 0.30677083 0.79012346 0.01666667 0.03827160
