7 0.35303819 0.37885802 0.03836806 0.07191358
7 0.49609375 0.28163580 0.02482639 0.05339506
1 0.47083333 0.23040123 0.01423611 0.02314815
1 0.47769097 0.22731481 0.00885417 0.02438272
1 0.21666667 0.49598765 0.06805556 0.08950617
1 0.37673611 0.27808642 0.02083333 0.01358025
1 0.40642361 0.29799383 0.01423611 0.02376543
1 0.39340278 0.26790123 0.01909722 0.03086420
1 0.42213542 0.26728395 0.01753472 0.02222222
1 0.43203125 0.25679012 0.00052083 0.00370370
1 0.36302083 0.32484568 0.02673611 0.04722222
1 0.36788194 0.34506173 0.00381944 0.00246914
1 0.36996528 0.33441358 0.00208333 0.01080247
1 0.36987847 0.32530864 0.00190972 0.00370370
1 0.34800347 0.33209877 0.03281250 0.02530864
4 0.42994792 0.43904321 0.04670139 0.06450617
4 0.11484375 0.63287037 0.11579861 0.14907407
1 0.37534722 0.30663580 0.02500000 0.04783951
1 0.41371528 0.28163580 0.01319444 0.01512346
1 0.28194444 0.41666667 0.05798611 0.07160494
1 0.00164931 0.99243827 0.00329861 0.00771605
1 0.00312500 0.72114198 0.00625000 0.00339506
1 0.48888889 0.42160494 0.04097222 0.06543210
4 0.45685764 0.22530864 0.01371528 0.01543210
1 0.47265625 0.26003086 0.00815972 0.03179012
1 0.41302083 0.25324074 0.01423611 0.02191358
4 0.34357639 0.49830247 0.03090278 0.07623457
4 0.49409722 0.52469136 0.05833333 0.10987654
4 0.35269097 0.44537037 0.04843750 0.07962963
0 0.45026042 0.28179012 0.03663194 0.09567901
0 0.40156250 0.73410494 0.22222222 0.53117284
0 0.16883681 0.72561728 0.32829861 0.54814815
0 0.42656250 0.34614198 0.06041667 0.13796296
0 0.49574653 0.23148148 0.01996528 0.04876543
5 0.43819444 0.22654321 0.01979167 0.04074074
3 0.48984375 0.39629630 0.04704861 0.11604938
2 0.33081597 0.68333333 0.01753472 0.08703704
2 0.34461806 0.56743827 0.01875000 0.03734568
2 0.34418403 0.57407407 0.01961806 0.05555556
2 0.38932292 0.35061728 0.01371528 0.04135802
2 0.31857639 0.41450617 0.01354167 0.04320988
2 0.46102431 0.31496914 0.01024306 0.02746914
2 0.47387153 0.32932099 0.01059028 0.02839506
