7 0.29335938 0.35347222 0.02109375 0.03472222
1 0.30117188 0.38819444 0.02421875 0.02361111
4 0.08242188 0.35763889 0.03671875 0.02638889
1 0.26015625 0.40625000 0.02500000 0.02916667
1 0.23476563 0.44583333 0.03046875 0.04444444
1 0.72968750 0.74305556 0.12500000 0.13055556
1 0.14492188 0.47430556 0.03046875 0.04305556
1 0.55156250 0.88888889 0.13281250 0.18333333
1 0.19570313 0.64583333 0.05546875 0.08055556
1 0.16289063 0.54513889 0.00546875 0.00416667
1 0.19570313 0.42638889 0.02890625 0.04166667
1 0.26757812 0.59583333 0.05546875 0.08055556
1 0.31953125 0.54375000 0.05156250 0.06250000
1 0.16054688 0.50694444 0.03828125 0.05277778
1 0.17890625 0.39305556 0.01875000 0.02777778
1 0.30117188 0.44305556 0.03359375 0.03333333
1 0.22851562 0.37152778 0.01953125 0.02361111
1 0.17851563 0.56527778 0.04296875 0.06111111
4 0.24492188 0.82361111 0.08203125 0.14722222
3 0.39023438 0.84791667 0.11796875 0.18194444
5 0.67734375 0.59652778 0.11093750 0.16250000
3 0.91679688 0.70208333 0.16484375 0.15138889
5 0.29218750 0.35208333 0.02343750 0.03750000
5 0.24570313 0.31805556 0.02265625 0.03888889
3 0.48671875 0.63194444 0.08906250 0.13055556
