7 0.43854167 0.59814815 0.02812500 0.04444444
1 0.43880208 0.64861111 0.03489583 0.06018519
3 0.61848958 0.60648148 0.04010417 0.06111111
4 0.44375000 0.57361111 0.01979167 0.03240741
1 0.92656250 0.92685185 0.11458333 0.14444444
4 0.42239583 0.83935185 0.06562500 0.11388889
1 0.58489583 0.63888889 0.03645833 0.05740741
1 0.37864583 0.66064815 0.03750000 0.05462963
1 0.39270833 0.60925926 0.03541667 0.05185185
4 0.39947917 0.98101852 0.09270833 0.03611111
1 0.36328125 0.59675926 0.02864583 0.03981481
4 0.43072917 0.71157407 0.04166667 0.07685185
1 0.35260417 0.72453704 0.04687500 0.07500000
4 0.64062500 0.57129630 0.02187500 0.03703704
5 0.76471154 0.85735043 0.00391026 0.00358974
5 0.76093750 0.87231481 0.01145833 0.02018519
3 0.68750000 0.81759259 0.12708333 0.26111111
5 0.32317708 0.80601852 0.08906250 0.16018519
2 0.86250000 0.98611111 0.03958333 0.02592593
2 0.87864583 0.96435185 0.00520833 0.00648148
2 0.85703125 0.95462963 0.01197917 0.02592593
2 0.88125000 0.94305556 0.01145833 0.03055556
2 0.82812500 0.83148148 0.02708333 0.06296296
2 0.23697917 0.85462963 0.02708333 0.07222222
2 0.33020833 0.65740741 0.01354167 0.04259259
