7 0.41614583 0.41967593 0.01614583 0.03009259
5 0.29218750 0.72870370 0.07395833 0.16018519
4 0.40065104 0.57500000 0.02994792 0.05185185
1 0.38502604 0.45324074 0.01901042 0.03148148
1 0.33216146 0.50995370 0.02682292 0.03472222
1 0.21562500 0.63680556 0.05312500 0.06898148
1 0.33958333 0.44791667 0.01979167 0.02824074
1 0.33072917 0.55856481 0.02916667 0.04305556
1 0.49557292 0.48912037 0.02343750 0.03842593
3 0.48020833 0.59027778 0.03541667 0.07500000
1 0.51093750 0.44606481 0.01979167 0.03472222
1 0.26744792 0.63935185 0.04895833 0.06574074
3 0.56132812 0.53449074 0.03723958 0.06990741
