7 0.23070988 0.58822016 0.06404321 0.10236626
7 0.55073302 0.93235597 0.19791667 0.13425926
7 0.25597994 0.46656379 0.04282407 0.05144033
1 0.26408179 0.66383745 0.07368827 0.09927984
1 0.36516204 0.85699588 0.00501543 0.00411523
1 0.33719136 0.91692387 0.11805556 0.15997942
1 0.30324074 0.58384774 0.05787037 0.05658436
1 0.22434414 0.53112140 0.04128086 0.02314815
1 0.63618827 0.49511317 0.08796296 0.04783951
1 0.37731481 0.50720165 0.07484568 0.04732510
4 0.33410494 0.63271605 0.06867284 0.07716049
1 0.27469136 0.51028807 0.03935185 0.04938272
1 0.64486883 0.56172840 0.08757716 0.08127572
4 0.36689815 0.70061728 0.08641975 0.09773663
1 0.45235340 0.83616255 0.11766975 0.13014403
1 0.29629630 0.77289095 0.08796296 0.11265432
1 0.14853395 0.59567901 0.04629630 0.06069959
1 0.73611111 0.48173868 0.06635802 0.05092593
4 0.16705247 0.89274691 0.09722222 0.15277778
4 0.77372685 0.57201646 0.10223765 0.09053498
4 0.28915895 0.53883745 0.05054012 0.05195473
4 0.94347994 0.66795267 0.11226852 0.12602881
5 0.15914352 0.69727366 0.07523148 0.14454733
5 0.31847994 0.47530864 0.07368827 0.06584362
2 0.85493827 0.56764403 0.03472222 0.03549383
2 0.77719907 0.45267490 0.01736111 0.02160494
2 0.70331790 0.46296296 0.02700617 0.03189300
2 0.75848765 0.44238683 0.01929012 0.02263374
