1 0.02743056 0.29351852 0.02743056 0.01666667
4 0.61640625 0.45123457 0.03454861 0.05123457
1 0.53541667 0.29598765 0.01111111 0.01604938
1 0.41493056 0.26913580 0.01041667 0.01358025
3 0.30000000 0.27037037 0.01493056 0.01604938
1 0.37413194 0.33302469 0.00555556 0.01913580
1 0.56649306 0.36265432 0.01909722 0.02901235
1 0.25494792 0.44490741 0.05677083 0.07623457
1 0.40833333 0.30787037 0.01423611 0.02253086
3 0.27230903 0.35493827 0.03385417 0.03518519
1 0.60034722 0.33688272 0.02673611 0.02314815
1 0.53342014 0.26990741 0.00677083 0.00833333
7 0.24314167 0.27793210 0.01649306 0.01820988
1 0.73923611 0.73163580 0.10034722 0.14413580
1 0.73463542 0.65092593 0.00086806 0.00061728
1 0.74244792 0.63827160 0.00677083 0.00802469
1 0.40876736 0.28456790 0.01232639 0.01913580
1 0.52621528 0.32685185 0.01423611 0.02160494
1 0.53177083 0.36080247 0.01979167 0.02716049
3 0.55138889 0.32546296 0.01527778 0.02500000
3 0.73454861 0.68317901 0.10972222 0.24104938
5 0.39626736 0.29212963 0.01440972 0.03117284
2 0.67777778 0.46388889 0.01180556 0.02962963
2 0.54470486 0.29490741 0.00329861 0.01327160
2 0.58793403 0.35601852 0.00572917 0.01882716
