1 0.52803819 0.35462963 0.01163194 0.01604938
1 0.51927083 0.34567901 0.00729167 0.01419753
1 0.33159722 0.42114198 0.02256944 0.03179012
4 0.36050903 0.42824074 0.02361111 0.03055556
5 0.82248264 0.73333333 0.11649306 0.18395062
1 0.54027778 0.37083333 0.01215278 0.01820988
1 0.09765625 0.41712963 0.04878472 0.04043210
1 0.25000000 0.45617284 0.03368056 0.03888889
1 0.42725694 0.39058642 0.01597222 0.01450617
1 0.55920139 0.40555556 0.01770833 0.02345679
1 0.53489583 0.34212963 0.00868056 0.01265432
1 0.98967014 0.67700617 0.02031250 0.04351852
1 0.53802083 0.35200617 0.00937500 0.01265432
1 0.54236111 0.38564815 0.01284722 0.01944444
1 0.36467014 0.39691358 0.01718750 0.02592593
1 0.56805556 0.42530864 0.02152778 0.03086420
1 0.33506944 0.39228395 0.01875000 0.01975309
1 0.36475694 0.49891975 0.03506944 0.05154321
1 0.21423611 0.53256173 0.05000000 0.05709877
1 0.26085069 0.55339506 0.05434028 0.07283951
1 0.62404514 0.45432099 0.02621528 0.03518519
0 0.15781250 0.79737654 0.26423611 0.40462963
5 0.55781250 0.34614198 0.01597222 0.03055556
5 0.12326389 0.52700617 0.07881944 0.11080247
2 0.73637153 0.52037037 0.01406250 0.03024691
2 0.61093750 0.43256173 0.00694444 0.01820988
