7 0.44427083 0.41597222 0.01822917 0.04120370
4 0.26731771 0.50763889 0.03151042 0.03935185
1 0.37187500 0.63495370 0.04218750 0.07361111
1 0.45156250 0.36388889 0.01093750 0.01574074
1 0.48020833 0.38634259 0.01250000 0.01990741
1 0.34192708 0.39467593 0.01666667 0.02824074
1 0.24101563 0.54467593 0.03880208 0.04675926
1 0.35247396 0.38263889 0.01015625 0.01805556
1 0.60768229 0.54166667 0.03880208 0.05000000
1 0.32148438 0.42476852 0.02005208 0.02638889
1 0.09140625 0.80555556 0.08489583 0.12777778
4 0.40195313 0.34907407 0.00911458 0.01388889
1 0.28437500 0.48125000 0.02604167 0.03935185
1 0.38932292 0.37893519 0.01145833 0.01620370
1 0.33242187 0.41296296 0.01484375 0.02314815
1 0.30052083 0.45856481 0.02239583 0.03379630
7 0.51432292 0.44143519 0.02343750 0.04212963
7 0.20312500 0.57870370 0.05104167 0.03240741
7 0.47031250 0.41550926 0.01718750 0.03657407
4 0.53906250 0.64097222 0.04791667 0.08379630
1 0.44023438 0.38240741 0.01328125 0.02222222
1 0.39062500 0.49953704 0.02604167 0.04351852
1 0.49179687 0.75462963 0.06067708 0.15462963
1 0.53632813 0.48287037 0.02890625 0.04722222
1 0.30950521 0.44074074 0.01953125 0.02777778
0 0.67890625 0.72546296 0.17291667 0.31666667
0 0.40585938 0.33125000 0.01119792 0.02361111
5 0.36562500 0.42708333 0.03645833 0.10324074
5 0.40807292 0.37291667 0.00989583 0.02731481
5 0.18958333 0.72222222 0.13281250 0.25555556
5 0.47304688 0.35787037 0.01953125 0.04814815
