1 0.41367188 0.42939815 0.00859375 0.01898148
3 0.37708333 0.43032407 0.01354167 0.02268519
1 0.32539063 0.47847222 0.01744792 0.01527778
1 0.35611979 0.56273148 0.02786458 0.03935185
1 0.33593750 0.47037037 0.01614583 0.02314815
1 0.35312500 0.44675926 0.01197917 0.01944444
3 0.38437500 0.46435185 0.01406250 0.02592593
4 0.28619792 0.80625000 0.06145833 0.10601852
1 0.44947917 0.47569444 0.01562500 0.02916667
1 0.23580729 0.71111111 0.05182292 0.07685185
1 0.36653646 0.50856481 0.02005208 0.03101852
1 0.34231771 0.45787037 0.01484375 0.02314815
3 0.36484375 0.45925926 0.01510417 0.02500000
1 0.45781250 0.42893519 0.01197917 0.02268519
5 0.39479167 0.43541667 0.01250000 0.02638889
1 0.22916667 0.63541667 0.04479167 0.05231481
1 0.53359375 0.52523148 0.02812500 0.04675926
1 0.35729167 0.43587963 0.01145833 0.01990741
1 0.40755208 0.48333333 0.01718750 0.02685185
4 0.45833333 0.56643519 0.02708333 0.04675926
1 0.46731771 0.45254630 0.01588542 0.02731481
1 0.37304688 0.75671296 0.05078125 0.09398148
0 0.31341146 0.53634259 0.05703125 0.10046296
5 0.65299479 0.67500000 0.11796875 0.23333333
5 0.39479167 0.40023148 0.01250000 0.03472222
