7 0.55052083 0.49351852 0.02812500 0.05092593
1 0.45403646 0.37245370 0.00859375 0.01250000
3 0.40000000 0.43310185 0.01562500 0.02638889
1 0.42682292 0.42824074 0.01250000 0.01944444
1 0.37799479 0.75254630 0.05286458 0.09120370
4 0.10286458 0.84768519 0.08020833 0.11944444
1 0.38645833 0.41689815 0.01354167 0.01898148
3 0.41510417 0.39513889 0.01093750 0.01898148
1 0.50559896 0.42430556 0.01484375 0.02268519
1 0.35221354 0.48148148 0.02317708 0.03333333
1 0.47578125 0.36828704 0.00781250 0.01342593
7 0.35742188 0.42847222 0.01640625 0.02453704
1 0.30442708 0.50416667 0.02760417 0.03796296
1 0.47018229 0.38634259 0.00963542 0.01805556
1 0.41666667 0.51527778 0.02395833 0.03703704
1 0.46393229 0.36759259 0.00859375 0.01388889
1 0.49557292 0.45578704 0.01979167 0.03379630
1 0.48242188 0.37592593 0.00911458 0.01481481
1 0.32109375 0.70509259 0.04479167 0.07962963
5 0.39687500 0.38750000 0.01458333 0.03055556
0 0.40585938 0.37060185 0.01171875 0.02546296
5 0.77760417 0.75347222 0.00364583 0.00787037
5 0.69531250 0.70601852 0.14531250 0.28703704
5 0.46289062 0.40902778 0.01328125 0.02083333
5 0.38867188 0.46041667 0.02005208 0.04212963
5 0.46276042 0.41875000 0.01458333 0.04027778
