7 0.53125000 0.31468414 0.01764113 0.02654570
7 0.52356351 0.86458333 0.14087702 0.27016129
1 0.54044859 0.33182124 0.01990927 0.02654570
4 0.62840222 0.60383065 0.08442540 0.10887097
1 0.58732359 0.43413978 0.04712702 0.06653226
1 0.50340222 0.45010081 0.04359879 0.05544355
1 0.51159274 0.50840054 0.05141129 0.07392473
3 0.53944052 0.33165323 0.02192540 0.02755376
0 0.53591230 0.28494624 0.01688508 0.02284946
0 0.50617440 0.34089382 0.03402218 0.07090054
0 0.55493952 0.28797043 0.02419355 0.03024194
0 0.57673891 0.30124328 0.02343750 0.03595430
5 0.95904738 0.67893145 0.00579637 0.02520161
5 0.82837702 0.63373656 0.22479839 0.31317204
5 0.26348286 0.38995296 0.02444556 0.03595430
5 0.21459173 0.41750672 0.03301411 0.04737903
5 0.24080141 0.39768145 0.02998992 0.04200269
5 0.53818044 0.33148522 0.02545363 0.02788978
5 0.50894657 0.63608871 0.08644153 0.16868280
2 0.15246976 0.43850806 0.01562500 0.03225806
2 0.70740927 0.42590726 0.03377016 0.03326613
2 0.67855343 0.40204973 0.01738911 0.01915323
2 0.84362399 0.51075269 0.02696573 0.03427419
2 0.29070060 0.40893817 0.00781250 0.02620968
2 0.17641129 0.89079301 0.00554435 0.00604839
2 0.18939012 0.93951613 0.12878024 0.12029570
2 0.59916835 0.33333333 0.00781250 0.01478495
2 0.68472782 0.41582661 0.01310484 0.02788978
