3 0.50789931 0.47422840 0.01718750 0.02808642
1 0.63611111 0.41188272 0.01076389 0.01450617
4 0.29713542 0.55000000 0.03732639 0.03827160
1 0.48619792 0.43873457 0.01232639 0.01635802
1 0.74635417 0.72762346 0.08333333 0.09969136
1 0.61935764 0.40385802 0.00920139 0.01388889
1 0.50338542 0.53657407 0.02482639 0.03487654
4 0.25755208 0.58734568 0.04670139 0.04876543
1 0.47925347 0.42870370 0.01059028 0.01913580
1 0.46701389 0.44953704 0.02187500 0.02006173
4 0.45746528 0.46651235 0.02083333 0.02500000
1 0.43125000 0.46111111 0.02847222 0.02098765
4 0.32465278 0.52314815 0.03159722 0.03395062
1 0.57213542 0.46419753 0.01857639 0.02530864
1 0.50755208 0.42762346 0.01163194 0.01574074
3 0.59644097 0.49583333 0.02621528 0.03487654
1 0.52664931 0.40462963 0.00711806 0.01234568
1 0.66831597 0.42500000 0.01267361 0.01358025
1 0.36657986 0.87314815 0.08663194 0.13333333
0 0.41961806 0.61481481 0.06770833 0.11913580
5 0.58142361 0.39197531 0.01631944 0.02839506
5 0.50199653 0.41574074 0.01059028 0.02222222
5 0.72187500 0.44753086 0.02465278 0.03703704
5 0.49296875 0.39351852 0.01128472 0.02283951
5 0.47022569 0.41728395 0.01059028 0.02716049
5 0.47934028 0.40648148 0.01041667 0.02901235
5 0.55685764 0.44382716 0.01406250 0.02716049
5 0.53151042 0.44135802 0.01996528 0.05185185
2 0.70876736 0.80246914 0.02378472 0.05370370
2 0.69739583 0.75925926 0.00451389 0.00802469
2 0.16267361 0.97206790 0.02569444 0.05524691
2 0.14748264 0.94444444 0.00121528 0.00432099
