7 0.93932292 0.42253086 0.03975694 0.04814815
7 0.56883681 0.40555556 0.03315972 0.05740741
1 0.41927083 0.51003086 0.03958333 0.05277778
4 0.55407986 0.34922840 0.02170139 0.02623457
4 0.62178819 0.51512346 0.04774306 0.07098765
4 0.89765625 0.91435185 0.17031250 0.17067901
1 0.39913194 0.47283951 0.01944444 0.04506173
4 0.58654514 0.43626543 0.02690972 0.04907407
1 0.42604167 0.46481481 0.03159722 0.04567901
1 0.71076389 0.67145062 0.08333333 0.13055556
1 0.38203125 0.36697531 0.02135417 0.02901235
4 0.94843750 0.89120370 0.10277778 0.21697531
1 0.33576389 0.59938272 0.05625000 0.08580247
1 0.35842014 0.52237654 0.04531250 0.06265432
4 0.41979167 0.56234568 0.04548611 0.07469136
1 0.37751736 0.46851852 0.03350694 0.04691358
1 0.60269097 0.45771605 0.04635417 0.07037037
4 0.33810764 0.44722222 0.03697917 0.04629630
4 0.24192708 0.61250000 0.07413194 0.08734568
1 0.98819444 0.42145062 0.02326389 0.03796296
1 0.96111111 0.41913580 0.01597222 0.03703704
1 0.43359375 0.43441358 0.03211806 0.03981481
1 0.46067708 0.40077160 0.04878472 0.03919753
1 0.52430556 0.33703704 0.01770833 0.02469136
1 0.65824653 0.57129630 0.06128472 0.09382716
1 0.39418403 0.41697531 0.02586806 0.03827160
1 0.27586806 0.75493827 0.09861111 0.14691358
4 0.70321181 0.55099568 0.03663194 0.07716049
0 0.64262153 0.42638889 0.08038194 0.11882716
5 0.80486111 0.63317901 0.17291667 0.22808642
2 0.45052083 0.30817901 0.00451389 0.01635802
2 0.49140625 0.36712963 0.00711806 0.02129630
2 0.89270833 0.55956790 0.04062500 0.02530864
2 0.34375000 0.48425926 0.01215278 0.03580247
2 0.51076389 0.34459877 0.00625000 0.02253086
2 0.16137153 0.81820988 0.03107639 0.08086420
2 0.17890625 0.75586420 0.00225694 0.00185185
2 0.29123264 0.64537037 0.03107639 0.05185185
2 0.31128472 0.59938272 0.00138889 0.00246914
2 0.47604167 0.30138889 0.00416667 0.01327160
2 0.37083333 0.38719136 0.00729167 0.02129630
2 0.52256944 0.29336420 0.00694444 0.01512346
2 0.53914931 0.44367284 0.00989583 0.02870370
2 0.41015625 0.30771605 0.00572917 0.01296296
2 0.38116319 0.58379630 0.01232639 0.03981481
2 0.50512153 0.29506173 0.00434028 0.01543210
2 0.58055556 0.37052469 0.00868056 0.02191358
2 0.33862847 0.86743827 0.02413194 0.06265432
2 0.35338542 0.78487654 0.00607639 0.00802469
