5 0.52773438 0.63333333 0.03359375 0.06250000
4 0.62812500 0.65312500 0.06718750 0.04375000
1 0.16367188 0.51510417 0.01328125 0.01562500
1 0.49335938 0.54375000 0.03203125 0.01875000
3 0.15820312 0.64270833 0.04296875 0.04375000
1 0.74609375 0.95833333 0.12187500 0.08125000
1 0.23085938 0.54947917 0.02109375 0.02187500
1 0.26953125 0.52395833 0.01406250 0.01666667
6 0.43085938 0.52187500 0.02578125 0.03958333
5 0.73750000 0.75052083 0.14531250 0.18437500
6 0.41992188 0.51458333 0.02265625 0.04166667
5 0.06484375 0.80208333 0.09531250 0.17291667
5 0.30273438 0.53958333 0.03203125 0.03541667
5 0.29960938 0.61875000 0.05703125 0.11875000
5 0.24414062 0.51093750 0.01328125 0.02604167
5 0.21835938 0.63385417 0.06796875 0.13229167
6 0.46484375 0.58020833 0.09062500 0.06250000
5 0.52343750 0.58229167 0.03281250 0.04791667
5 0.27460938 0.77343750 0.09609375 0.19895833
