4 0.33242187 0.48078704 0.02057292 0.03101852
1 0.38528646 0.47384259 0.01744792 0.02824074
4 0.52968750 0.67430556 0.04375000 0.07824074
1 0.33958333 0.60972222 0.03437500 0.04907407
1 0.37447917 0.69837963 0.04270833 0.07175926
1 0.11888021 0.83333333 0.06953125 0.09722222
1 0.35481771 0.48402778 0.01692708 0.02453704
1 0.28671875 0.54421296 0.03333333 0.04490741
4 0.41432292 0.42754630 0.00781250 0.01712963
1 0.50651042 0.48333333 0.01979167 0.02962963
3 0.28658854 0.54421296 0.03255208 0.04398148
3 0.32916667 0.49560185 0.00312500 0.01157407
3 0.34466146 0.48935185 0.00130208 0.00462963
0 0.25351563 0.65023148 0.07317708 0.14398148
0 0.56289062 0.55208333 0.06692708 0.12453704
5 0.39960938 0.52777778 0.02265625 0.04259259
5 0.45026042 0.48888889 0.01875000 0.04351852
5 0.33958333 0.50671296 0.02604167 0.05046296
5 0.47903646 0.50972222 0.02265625 0.06388889
5 0.41028646 0.45046296 0.01380208 0.02962963
