5 0.39814815 0.41107253 0.03034979 0.04899691
3 0.30054012 0.52642747 0.05324074 0.07137346
1 0.20396091 0.48302469 0.04526749 0.04938272
1 0.40033436 0.36188272 0.02031893 0.01851852
1 0.67541152 0.45119599 0.04732510 0.05285494
3 0.36612654 0.39621914 0.02391975 0.03395062
3 0.36792695 0.85474537 0.10468107 0.16010802
4 0.01903292 0.63618827 0.03806584 0.08256173
3 0.31121399 0.40258488 0.03240741 0.04050926
1 0.38065844 0.38695988 0.01748971 0.03240741
1 0.63695988 0.44521605 0.03163580 0.04243827
1 0.52584877 0.42920525 0.01826132 0.04050926
1 0.13464506 0.60339506 0.07073045 0.07484568
1 0.23109568 0.60628858 0.06558642 0.07677469
1 0.42013889 0.35127315 0.01980453 0.02044753
1 0.35185185 0.41454475 0.02417695 0.04205247
3 0.27674897 0.42438272 0.03652263 0.04475309
1 0.58461934 0.41608796 0.00154321 0.00578704
1 0.53112140 0.40219907 0.02314815 0.02662037
1 0.20048868 0.54822531 0.06198560 0.06250000
1 0.49241255 0.38368056 0.04963992 0.03125000
3 0.34272119 0.38348765 0.01980453 0.03240741
1 0.04359568 0.69135802 0.08719136 0.09567901
1 0.63143004 0.39506173 0.02469136 0.02083333
1 0.43197016 0.37268519 0.01517490 0.02854938
4 0.34940844 0.37692901 0.01774691 0.03009259
1 0.61535494 0.46450617 0.03420782 0.04243827
1 0.45061728 0.50848765 0.08179012 0.05401235
1 0.25990226 0.49594907 0.04552469 0.05208333
1 0.39480453 0.37326389 0.02006173 0.02507716
1 0.36355453 0.36458333 0.01929012 0.02546296
3 0.34207819 0.47164352 0.04218107 0.05825617
1 0.41782407 0.37924383 0.02289095 0.03626543
1 0.55452675 0.40104167 0.02623457 0.01504630
3 0.33423354 0.42457562 0.03575103 0.04822531
4 0.16602366 0.69772377 0.08719136 0.10300926
1 0.21604938 0.58063272 0.00565844 0.00771605
1 0.37731481 0.35802469 0.01697531 0.03163580
3 0.59606481 0.50617284 0.12062757 0.05864198
3 0.63721708 0.44618056 0.03215021 0.04205247
5 0.32214506 0.37133488 0.02546296 0.03665123
5 0.13503086 0.50057870 0.08230453 0.13078704
5 0.42476852 0.32793210 0.01877572 0.02777778
5 0.39146091 0.34799383 0.01748971 0.02469136
5 0.60056584 0.42862654 0.03960905 0.06404321
5 0.55324074 0.43325617 0.04218107 0.06250000
5 0.39223251 0.32986111 0.02006173 0.02700617
2 0.49511317 0.53742284 0.01491770 0.03009259
2 0.44765947 0.35185185 0.00591564 0.01388889
2 0.37744342 0.53395062 0.01517490 0.03626543
2 0.39519033 0.53028549 0.01157407 0.03819444
2 0.49537037 0.53703704 0.01543210 0.03086420
2 0.50488683 0.51080247 0.00257202 0.00462963
