5 0.78175403 0.45547715 0.01512097 0.02721774
5 0.79863911 0.45178091 0.01008065 0.03259409
3 0.87285786 0.42758737 0.02696573 0.02385753
4 0.66255040 0.50487231 0.04284274 0.03125000
1 0.75743448 0.87886425 0.23815524 0.16297043
3 0.69569052 0.48924731 0.04057460 0.02755376
1 0.03906250 0.50134409 0.04536290 0.03427419
1 0.03654234 0.69422043 0.07308468 0.09341398
4 0.82106855 0.44942876 0.03074597 0.02318548
1 0.12500000 0.53511425 0.03830645 0.05006720
1 0.74949597 0.47110215 0.03225806 0.02822581
1 0.08933972 0.51428091 0.05267137 0.04267473
4 0.84513609 0.43750000 0.02746976 0.01881720
1 0.70488911 0.51142473 0.04939516 0.03629032
4 0.88382056 0.43682796 0.02721774 0.02217742
4 0.63293851 0.59711022 0.10559476 0.06182796
1 0.66066028 0.91448253 0.25529234 0.17036290
4 0.18535786 0.50604839 0.05166331 0.03158602
5 0.45841734 0.56989247 0.10131048 0.08131720
5 0.84160786 0.67859543 0.00327621 0.00168011
5 0.71295363 0.68850806 0.00856855 0.02755376
5 0.82825101 0.67489919 0.00176411 0.00168011
5 0.86176915 0.78377016 0.27595766 0.27990591
5 0.04208669 0.55863575 0.08417339 0.05947581
3 0.74823589 0.49647177 0.03074597 0.04200269
3 0.78036794 0.49764785 0.01587702 0.05309140
2 0.70425907 0.43750000 0.01789315 0.01344086
2 0.59425403 0.72597446 0.01612903 0.03729839
2 0.11605343 0.47530242 0.01335685 0.01713710
2 0.60609879 0.53696237 0.03175403 0.02553763
2 0.34034778 0.80292339 0.04763105 0.06955645
2 0.38760081 0.77788978 0.05141129 0.06854839
2 0.19720262 0.62180780 0.01839718 0.02788978
2 0.18989415 0.60181452 0.00831653 0.00873656
2 0.49684980 0.72849462 0.02797379 0.06720430
2 0.56791835 0.70312500 0.00075605 0.00100806
2 0.59211190 0.69573253 0.00478831 0.00436828
2 0.58001512 0.69506048 0.01890121 0.04737903
2 0.00075605 0.94287634 0.00151210 0.00134409
2 0.02583165 0.93044355 0.04158266 0.06518817
2 0.03326613 0.89180108 0.00252016 0.01008065
2 0.00340222 0.89448925 0.00680444 0.01948925
2 0.61491935 0.77100134 0.05796371 0.04872312
2 0.06136593 0.44976478 0.01789315 0.01444892
2 0.81703629 0.56418011 0.03125000 0.03629032
2 0.36567540 0.91330645 0.03528226 0.06451613
2 0.34438004 0.87768817 0.01285282 0.04569892
2 0.35987903 0.84795027 0.00907258 0.00571237
2 0.43182964 0.87063172 0.04712702 0.06854839
2 0.39667339 0.84862231 0.03276210 0.05947581
2 0.15158770 0.96236559 0.04611895 0.06048387
2 0.11882560 0.93464382 0.01234879 0.04603495
2 0.12298387 0.89818548 0.02822581 0.01881720
2 0.46068548 0.73975134 0.04435484 0.07090054
2 0.27910786 0.85500672 0.00126008 0.00168011
2 0.27633569 0.83232527 0.00176411 0.00268817
2 0.28540827 0.85870296 0.06073589 0.08904570
2 0.74470766 0.53074597 0.02318548 0.03259409
2 0.27028730 0.99831989 0.00428427 0.00268817
2 0.34501008 0.93145161 0.02116935 0.01948925
2 0.32774698 0.96001344 0.07182460 0.07930108
2 0.33959173 0.90809812 0.00478831 0.00772849
2 0.65927419 0.75016801 0.03175403 0.04939516
2 0.64969758 0.70766129 0.00453629 0.00403226
2 0.54700101 0.71824597 0.01638105 0.01579301
2 0.52192540 0.71942204 0.02116935 0.03763441
2 0.56892641 0.76646505 0.03654234 0.04435484
2 0.53893649 0.75672043 0.01638105 0.03024194
2 0.64100302 0.52284946 0.02242944 0.03696237
2 0.25957661 0.93514785 0.04385081 0.06586022
2 0.23084677 0.89566532 0.02167339 0.06888441
2 0.65776210 0.52335349 0.01663306 0.03125000
2 0.70451109 0.53309812 0.01839718 0.03729839
