7 0.58472222 0.87947531 0.09166667 0.24043210
1 0.55381944 0.61003086 0.03576389 0.06327160
1 0.93489583 0.96450617 0.12986111 0.07037037
1 0.48845486 0.61635802 0.03524306 0.06234568
4 0.35937500 0.63935185 0.05069444 0.06574074
1 0.39453125 0.48209877 0.01927083 0.02654321
1 0.53385417 0.53225309 0.02152778 0.03672840
1 0.28333333 0.59706790 0.04548611 0.04537037
1 0.02656250 0.98348765 0.05312500 0.03240741
1 0.40564236 0.49583333 0.01927083 0.02376543
1 0.44253472 0.52237654 0.02256944 0.03302469
1 0.37378472 0.49274691 0.01840278 0.01574074
3 0.35052083 0.52716049 0.02326389 0.04012346
0 0.46388889 0.46481481 0.05833333 0.04567901
5 0.37968750 0.53117284 0.03715278 0.06728395
5 0.54939236 0.49598765 0.02343750 0.05617284
5 0.45190972 0.48796296 0.02430556 0.04444444
2 0.50512153 0.51049383 0.00677083 0.01975309
2 0.92786458 0.92191358 0.04253472 0.06481481
2 0.49895833 0.88364198 0.02743056 0.09320988
2 0.48289931 0.83981481 0.00434028 0.00987654
2 0.62196181 0.55061728 0.00850694 0.02716049
