3 0.25585938 0.32523148 0.02777778 0.02025463
4 0.53873698 0.30338542 0.01280382 0.01533565
1 0.87250434 0.88368056 0.18424479 0.23206019
1 0.66384549 0.30844907 0.01692708 0.01793981
1 0.49815538 0.31539352 0.01323785 0.01446759
1 0.49934896 0.33246528 0.01909722 0.02314815
4 0.81890191 0.53023727 0.07921007 0.08188657
1 0.27408854 0.34129051 0.02777778 0.02170139
4 0.69064670 0.45138889 0.04578993 0.05497685
3 0.42296007 0.42708333 0.04383681 0.04976852
3 0.35904948 0.29832176 0.01888021 0.01504630
1 0.74989149 0.39901620 0.04405382 0.03935185
1 0.46712240 0.36414931 0.02582465 0.03153935
1 0.36013455 0.31684028 0.02408854 0.02199074
4 0.68109809 0.33159722 0.02148438 0.02314815
1 0.88791233 0.48972801 0.06662326 0.06568287
1 0.67187500 0.39684606 0.03689236 0.04716435
1 0.74175347 0.56958912 0.08159722 0.11660880
1 0.51475694 0.30251736 0.01388889 0.01533565
4 0.50477431 0.27633102 0.00954861 0.01157407
1 0.52658420 0.29123264 0.01280382 0.01475694
1 0.55056424 0.28182870 0.00911458 0.01157407
1 0.71495226 0.33174190 0.02235243 0.02112269
1 0.71668837 0.35763889 0.02842882 0.02777778
4 0.77701823 0.43938079 0.04796007 0.05179398
5 0.61740451 0.26692708 0.01258681 0.02228009
5 0.23513455 0.70196759 0.23068576 0.28414352
5 0.71592882 0.28313079 0.05425347 0.04253472
2 0.94694010 0.64641204 0.02452257 0.03472222
2 0.96203970 0.69950810 0.04560718 0.07146991
2 0.94596354 0.66912616 0.00130208 0.00376157
2 0.96104601 0.70008681 0.04361979 0.06973380
2 0.98741319 0.66304977 0.00434028 0.00549769
2 0.54231771 0.34375000 0.00694444 0.01736111
