7 0.66866319 0.49274691 0.04184028 0.06080247
1 0.23081597 0.43950617 0.01475694 0.02283951
1 0.19791667 0.43518519 0.01909722 0.02716049
1 0.55156250 0.33333333 0.00763889 0.01111111
1 0.57552083 0.38317901 0.01423611 0.02067901
1 0.56788194 0.35879630 0.01111111 0.01327160
1 0.67343750 0.37762346 0.01284722 0.01697531
1 0.43324653 0.34737654 0.01093750 0.01327160
1 0.31927083 0.65447531 0.06354167 0.08672840
1 0.36189236 0.41003086 0.02586806 0.02623457
1 0.50781250 0.56620370 0.03750000 0.06265432
4 0.23706597 0.65385802 0.07413194 0.08549383
1 0.40260417 0.38194444 0.01701389 0.01697531
1 0.63663194 0.40169753 0.02013889 0.01944444
1 0.68211806 0.36126543 0.01215278 0.01327160
1 0.82864583 0.36913580 0.01979167 0.02469136
1 0.60581597 0.46172840 0.02552083 0.03456790
3 0.65130208 0.43024691 0.02378472 0.02962963
1 0.67256944 0.36574074 0.01111111 0.01358025
3 0.19288194 0.90709877 0.16006944 0.18518519
0 0.33776042 0.47577160 0.07135417 0.10339506
5 0.43784722 0.38209877 0.01909722 0.04012346
2 0.74618056 0.39197531 0.00694444 0.01358025
2 0.08506944 0.72345679 0.03715278 0.07777778
2 0.42708333 0.35339506 0.00347222 0.01049383
2 0.48559028 0.41080247 0.00486111 0.01419753
2 0.30789931 0.43040123 0.01684028 0.01820988
