7 0.47109375 0.40925926 0.01770833 0.04166667
3 0.31744792 0.48240741 0.02968750 0.04166667
1 0.37682292 0.61250000 0.04114583 0.06388889
1 0.44153646 0.41342593 0.01588542 0.02777778
1 0.26002604 0.51087963 0.03255208 0.04212963
3 0.36562500 0.45324074 0.02239583 0.03796296
1 0.32500000 0.41527778 0.01770833 0.02592593
1 0.80455729 0.84143519 0.09453125 0.15509259
1 0.46848958 0.57407407 0.03385417 0.06388889
1 0.40026042 0.44583333 0.02031250 0.03333333
4 0.63229167 0.90370370 0.09114583 0.18611111
1 0.62031250 0.55787037 0.04739583 0.06296296
1 0.39817708 0.49421296 0.02500000 0.03842593
1 0.34479167 0.42569444 0.01875000 0.02731481
1 0.30143229 0.45393519 0.02473958 0.03009259
1 0.04270833 0.91527778 0.08541667 0.14259259
1 0.48450521 0.45277778 0.02161458 0.03518519
1 0.67968750 0.78101852 0.08333333 0.14722222
4 0.45182292 0.48865741 0.02604167 0.04490741
1 0.45039063 0.44259259 0.02005208 0.03425926
1 0.25807292 0.61018519 0.04479167 0.05925926
1 0.30807292 0.62870370 0.04687500 0.06851852
3 0.57838542 0.55972222 0.04635417 0.06944444
0 0.18138021 0.60532407 0.11744792 0.18842593
0 0.55325521 0.43518519 0.04765625 0.07777778
0 0.35924479 0.35972222 0.02005208 0.03888889
0 0.49765625 0.40092593 0.03333333 0.06388889
0 0.53424479 0.57986111 0.06119792 0.13935185
3 0.50703125 0.80038565 0.07291667 0.19027778
