4 0.10299059 0.48399698 0.20127688 0.05267137
1 0.67674731 0.32182460 0.03494624 0.02570565
1 0.05611559 0.53893649 0.11223118 0.05871976
1 0.65927419 0.41444052 0.06317204 0.04460685
1 0.75033602 0.48311492 0.03696237 0.05897177
1 0.64163306 0.45362903 0.07426075 0.05393145
1 0.29435484 0.70362903 0.19892473 0.16028226
4 0.48588710 0.54536290 0.11962366 0.08215726
7 0.75705645 0.42489919 0.01814516 0.03679435
7 0.71959005 0.43233367 0.03595430 0.05720766
1 0.67338710 0.37537802 0.05443548 0.03503024
1 0.72647849 0.30330141 0.03024194 0.02041331
1 0.74210349 0.32321069 0.03662634 0.02242944
1 0.73891129 0.34513609 0.04032258 0.02847782
1 0.61979167 0.50491431 0.09240591 0.06880040
1 0.61223118 0.60698085 0.14448925 0.12222782
1 0.67389113 0.34362399 0.04267473 0.02948589
4 0.33874093 0.46257560 0.17909946 0.05771169
0 0.51663306 0.42943548 0.16431452 0.15826613
0 0.58366935 0.35660282 0.10013441 0.08870968
5 0.49512769 0.79397681 0.28259409 0.34601815
2 0.75722446 0.36592742 0.01915323 0.01814516
2 0.71606183 0.57585685 0.04368280 0.03427419
2 0.69623656 0.53931452 0.01008065 0.01108871
2 0.09240591 0.51247480 0.04032258 0.02998992
2 0.25184812 0.49949597 0.07829301 0.03225806
2 0.71606183 0.57711694 0.04368280 0.03276210
2 0.15826613 0.51562500 0.01680108 0.02469758
2 0.19086022 0.51927923 0.03293011 0.03654234
2 0.71505376 0.63545867 0.03629032 0.05871976
2 0.69825269 0.49596774 0.01948925 0.02570565
2 0.51243280 0.61000504 0.03024194 0.01940524
2 0.51663306 0.60836694 0.03931452 0.02268145
2 0.53561828 0.58001512 0.00806452 0.00529234
2 0.70782930 0.35420867 0.01780914 0.02444556
2 0.72866263 0.52116935 0.03797043 0.04233871
