1 0.35208333 0.37291667 0.01510417 0.01805556
1 0.38750000 0.55000000 0.02812500 0.04722222
1 0.25846354 0.51689815 0.03515625 0.04583333
3 0.50924479 0.44375000 0.02317708 0.04027778
1 0.37096354 0.38449074 0.01328125 0.01898148
1 0.28515625 0.47569444 0.02656250 0.03564815
1 0.21940104 0.57847222 0.04348958 0.05509259
1 0.40312500 0.44027778 0.01718750 0.02777778
1 0.51367188 0.57337963 0.03619792 0.06250000
1 0.34973958 0.38587963 0.01458333 0.01527778
1 0.45572917 0.49398148 0.02395833 0.04351852
1 0.18229167 0.63703704 0.05572917 0.07037037
1 0.38229167 0.40717593 0.01510417 0.02453704
1 0.30716146 0.44259259 0.02369792 0.03333333
1 0.30481771 0.52824074 0.03307292 0.04537037
1 0.36145833 0.40787037 0.00989583 0.02314815
1 0.35494792 0.47986111 0.02291667 0.03472222
1 0.38697917 0.38240741 0.01354167 0.02222222
1 0.05846354 0.85810185 0.08776042 0.13935185
3 0.49101563 0.41180556 0.01953125 0.03101852
1 0.45013021 0.43865741 0.02005208 0.03101852
1 0.43984375 0.40324074 0.01562500 0.02962963
1 0.50598958 0.81967593 0.06406250 0.15787037
1 0.47682292 0.45254630 0.02135417 0.03564815
4 0.13138021 0.73055556 0.06640625 0.08796296
3 0.32486979 0.58379630 0.04401042 0.06944444
0 0.33880208 0.42314815 0.03593750 0.06203704
5 0.60416667 0.57106481 0.09114583 0.19398148
