7 0.72539063 0.85138889 0.10286458 0.19907407
0 0.48528646 0.62037037 0.04661458 0.12870370
3 0.45963542 0.49467593 0.02187500 0.06250000
4 0.36106771 0.44606481 0.01484375 0.01990741
4 0.39716146 0.43912037 0.01250000 0.01898148
1 0.33294271 0.48611111 0.01953125 0.02500000
4 0.42220703 0.43449074 0.00781250 0.01712963
1 0.52721354 0.59282407 0.03671875 0.06342593
1 0.41588542 0.45393519 0.01406250 0.01898148
1 0.37161458 0.45810185 0.01302083 0.02268519
4 0.61393229 0.88194444 0.08098958 0.15462963
4 0.50143229 0.46388889 0.01640625 0.02500000
4 0.22708333 0.65902778 0.04947917 0.05694444
1 0.20911458 0.89791667 0.08020833 0.12638889
1 0.49934896 0.52268519 0.02109375 0.03611111
1 0.40872396 0.52500000 0.02109375 0.03611111
1 0.52968750 0.51157407 0.02343750 0.03425926
3 0.58658854 0.60439815 0.04401042 0.06435185
