5 0.60572917 0.63240741 0.06041667 0.12407407
7 0.32304688 0.42037037 0.01953125 0.03148148
1 0.40286458 0.44467593 0.01822917 0.02824074
1 0.33854167 0.40462963 0.01458333 0.02129630
1 0.47018229 0.34861111 0.01015625 0.01759259
1 0.30859375 0.44953704 0.02343750 0.02962963
1 0.54752604 0.46319444 0.02838542 0.04305556
1 0.38046875 0.41712963 0.01562500 0.02314815
1 0.20377604 0.58865741 0.03463542 0.05694444
1 0.16575521 0.68263889 0.06328125 0.08009259
1 0.45312500 0.36643519 0.00989583 0.01527778
1 0.43229167 0.34467593 0.00885417 0.01435185
1 0.36705729 0.44861111 0.02161458 0.03703704
1 0.28385417 0.70486111 0.05625000 0.08842593
1 0.48125000 0.59606481 0.03802083 0.08194444
1 0.05651042 0.87731481 0.08229167 0.13425926
1 0.36588542 0.39027778 0.01458333 0.02500000
1 0.43541667 0.36712963 0.01041667 0.01574074
1 0.34908854 0.38750000 0.01432292 0.02129630
1 0.38541667 0.39953704 0.01510417 0.02037037
1 0.45559896 0.34351852 0.00859375 0.01388889
1 0.28736979 0.47962963 0.02734375 0.03611111
1 0.33398438 0.45509259 0.02578125 0.03518519
1 0.33151042 0.53703704 0.03489583 0.05555556
1 0.47460938 0.43333333 0.02109375 0.03518519
1 0.35390625 0.49259259 0.02447917 0.03703704
1 0.38945313 0.37939815 0.01119792 0.01805556
1 0.25351563 0.52407407 0.03828125 0.05092593
1 0.44205729 0.42152778 0.01640625 0.03287037
1 0.50208333 0.39583333 0.01302083 0.02037037
1 0.39674479 0.36342593 0.01119792 0.01666667
1 0.56679688 0.71805556 0.06067708 0.11018519
1 0.40598958 0.41296296 0.01354167 0.03518519
1 0.37317708 0.72361111 0.05416667 0.09814815
1 0.38645833 0.55625000 0.03072917 0.05231481
1 0.46093750 0.35462963 0.00989583 0.01481481
1 0.49140625 0.78101852 0.06041667 0.13703704
1 0.16744792 0.88101852 0.07760417 0.13981481
1 0.48281250 0.37222222 0.01145833 0.01759259
1 0.48723958 0.40949074 0.01458333 0.02361111
1 0.35507813 0.41342593 0.01588542 0.02500000
1 0.25507812 0.87291667 0.07630208 0.14398148
7 0.32382813 0.42037037 0.01953125 0.03333333
5 0.23359375 0.62916667 0.07812500 0.13425926
5 0.39687500 0.48263889 0.02500000 0.05231481
