7 0.55651042 0.41219136 0.01336806 0.02314815
7 0.57690972 0.45108025 0.02083333 0.04104938
7 0.36458333 0.39290123 0.01423611 0.02098765
1 0.38281250 0.38734568 0.01111111 0.01728395
1 0.52039931 0.58441358 0.03385417 0.05771605
4 0.54427083 0.45277778 0.02013889 0.02839506
1 0.51232639 0.44398148 0.01631944 0.02685185
1 0.47395833 0.41095679 0.01423611 0.02067901
1 0.51545139 0.47546296 0.01770833 0.03302469
1 0.56076389 0.42962963 0.01875000 0.02407407
1 0.56527778 0.52947531 0.02847222 0.04413580
1 0.46154514 0.45061728 0.01961806 0.03395062
1 0.77812500 0.99506173 0.00347222 0.00185185
1 0.77123958 0.99521605 0.00428472 0.00216049
1 0.77448340 0.99541554 0.00207486 0.00176152
1 0.76145833 0.99506173 0.00659722 0.00185185
1 0.74201389 0.99583333 0.02500000 0.00771605
1 0.65538194 0.82253086 0.07916667 0.15246914
1 0.62152778 0.52592593 0.02569444 0.04135802
1 0.39140625 0.45200617 0.01545139 0.02685185
1 0.35190972 0.41620370 0.01666667 0.02129630
1 0.37534722 0.85540123 0.07534722 0.16450617
1 0.55069444 0.46404321 0.02152778 0.01882716
1 0.03368056 0.56743827 0.06736111 0.04537037
1 0.37682292 0.45941358 0.02100694 0.03425926
1 0.24583333 0.50586420 0.04340278 0.04814815
1 0.36605903 0.40694444 0.01475694 0.01820988
1 0.62196181 0.70200617 0.06267361 0.10092593
1 0.52161458 0.48765432 0.02239583 0.03333333
1 0.30138889 0.42746914 0.02118056 0.02592593
1 0.03012153 0.61574074 0.06024306 0.07839506
1 0.40798611 0.43117284 0.01493056 0.02283951
1 0.31206597 0.44243827 0.02135417 0.02438272
1 0.41996528 0.47716049 0.02326389 0.03148148
1 0.26631944 0.44614198 0.02673611 0.03117284
1 0.52074653 0.54521605 0.02621528 0.03796296
1 0.37100694 0.47438272 0.01909722 0.03271605
1 0.38515625 0.42700617 0.01857639 0.02314815
4 0.35694444 0.42793210 0.01736111 0.02253086
1 0.39201389 0.40493827 0.01319444 0.01728395
1 0.23116319 0.46512346 0.02864583 0.02716049
1 0.56406250 0.44182099 0.01180556 0.02808642
4 0.28454861 0.45725309 0.02604167 0.02808642
1 0.09930556 0.60354938 0.00104167 0.00277778
1 0.11328125 0.58209877 0.00225694 0.00308642
1 0.11840278 0.57700617 0.00729167 0.00524691
1 0.19852431 0.58194444 0.01892361 0.05092593
1 0.22925347 0.57222222 0.02760417 0.05493827
1 0.57717014 0.50972222 0.02378472 0.03672840
1 0.18012153 0.51342593 0.04774306 0.05339506
1 0.33350694 0.44830247 0.02187500 0.02500000
1 0.32178819 0.51219136 0.03593750 0.05339506
1 0.55946181 0.49351852 0.02586806 0.03456790
1 0.42022569 0.41373457 0.01475694 0.02438272
1 0.39973958 0.43827160 0.01371528 0.02098765
1 0.40998264 0.40324074 0.01232639 0.02067901
1 0.12673611 0.60277778 0.07638889 0.07098765
1 0.12100694 0.75540123 0.10208333 0.11388889
1 0.51953125 0.51496914 0.02413194 0.02870370
4 0.60156250 0.49614198 0.02534722 0.03611111
1 0.50963542 0.46265432 0.01579861 0.02901235
1 0.58628472 0.57793210 0.03680556 0.06450617
1 0.52777778 0.63780864 0.04548611 0.09907407
1 0.54800347 0.73827160 0.05954861 0.12037037
1 0.26458333 0.58009259 0.04722222 0.05586420
1 0.43958333 0.42854938 0.01631944 0.02623457
1 0.42951389 0.61172840 0.03819444 0.06604938
1 0.44184028 0.52530864 0.02673611 0.04259259
1 0.57039931 0.94459877 0.09288194 0.11018519
1 0.45112847 0.39583333 0.01406250 0.02253086
1 0.19453125 0.64228395 0.03211806 0.07098765
1 0.23003472 0.63533951 0.02673611 0.06203704
1 0.55303819 0.48194444 0.01961806 0.03117284
1 0.54748264 0.41080247 0.00746528 0.02469136
1 0.59001736 0.47577160 0.02274306 0.03364198
1 0.22595486 0.86250000 0.10954861 0.17067901
1 0.33324653 0.42700617 0.02031250 0.02067901
1 0.59722222 0.55231481 0.03229167 0.05586420
1 0.60850694 0.62222222 0.04791667 0.06543210
1 0.35937500 0.48657407 0.01805556 0.03858025
4 0.37057292 0.47438272 0.01788194 0.03209877
0 0.50746528 0.40771605 0.02013889 0.03827160
0 0.84852431 0.79922840 0.26128472 0.38487654
5 0.64435764 0.54876543 0.04739583 0.07839506
5 0.32630208 0.62932099 0.07343750 0.15432099
5 0.44939236 0.47808642 0.02447917 0.05987654
2 0.44904514 0.56466049 0.00989583 0.03117284
2 0.21935764 0.48595679 0.00989583 0.02191358
2 0.54079861 0.49413580 0.00868056 0.03209877
2 0.54713542 0.55293210 0.00677083 0.03117284
2 0.43663194 0.45941358 0.00590278 0.02006173
