7 0.71184896 0.67361111 0.08255208 0.14722222
7 0.27565104 0.56550926 0.04609375 0.06435185
7 0.37265625 0.42407407 0.02187500 0.03148148
1 0.44557292 0.43379630 0.01927083 0.03055556
1 0.34739583 0.42037037 0.01927083 0.02592593
1 0.45742187 0.37754630 0.01328125 0.02175926
1 0.43450521 0.35856481 0.00911458 0.01620370
1 0.47903646 0.35393519 0.01015625 0.01712963
1 0.46510417 0.40300926 0.01510417 0.02453704
1 0.29583333 0.36273148 0.01354167 0.01342593
1 0.58802083 0.50625000 0.03541667 0.05138889
1 0.40429688 0.43194444 0.01744792 0.02592593
1 0.43424479 0.34212963 0.00859375 0.01666667
1 0.47734375 0.37870370 0.01302083 0.01851852
1 0.25325521 0.52986111 0.03463542 0.04212963
1 0.37291667 0.37453704 0.01197917 0.01944444
1 0.61640625 0.63842593 0.05937500 0.10740741
1 0.19361979 0.64166667 0.05390625 0.06574074
1 0.38437500 0.39537037 0.01406250 0.01759259
1 0.40598958 0.40879630 0.01406250 0.02407407
1 0.33098958 0.40532407 0.01562500 0.02638889
1 0.45351562 0.49907407 0.02786458 0.05277778
1 0.32877604 0.44884259 0.02473958 0.03194444
1 0.38854167 0.38402778 0.01302083 0.01990741
1 0.35533854 0.38263889 0.00234375 0.00416667
1 0.35156250 0.37013889 0.01354167 0.01898148
1 0.39570313 0.36851852 0.01067708 0.02222222
1 0.35677083 0.48958333 0.02760417 0.03935185
1 0.40143229 0.46018519 0.01901042 0.03240741
1 0.45078125 0.35532407 0.01093750 0.01990741
1 0.36106771 0.39884259 0.01536458 0.02268519
1 0.36471354 0.44814815 0.02421875 0.03425926
1 0.38372396 0.41111111 0.01223958 0.02500000
1 0.31106771 0.49675926 0.02994792 0.03611111
1 0.51822917 0.44004630 0.02343750 0.03564815
1 0.31718750 0.98356481 0.07187500 0.03194444
1 0.43619792 0.37222222 0.01145833 0.01574074
1 0.39479167 0.50162037 0.02760417 0.03935185
1 0.31992188 0.42175926 0.01796875 0.02685185
1 0.30768229 0.44259259 0.02161458 0.02777778
1 0.01901042 0.99421296 0.00104167 0.00046296
1 0.03307292 0.99398148 0.00156250 0.00092593
1 0.01210938 0.99467593 0.00182292 0.00231481
1 0.00468750 0.99375000 0.00104167 0.00231481
1 0.02578125 0.99027778 0.00312500 0.00833333
1 0.03815104 0.98842593 0.00546875 0.00648148
1 0.00533854 0.98563161 0.00078125 0.00181878
1 0.00537109 0.98825231 0.00071615 0.00312500
1 0.03281250 0.98032407 0.00208333 0.00324074
1 0.01315104 0.97731481 0.01171875 0.01296296
1 0.09062500 0.97731481 0.07916667 0.04444444
1 0.34479167 0.38865741 0.01354167 0.01990741
1 0.32486979 0.36273148 0.01380208 0.01620370
1 0.47643229 0.43472222 0.02161458 0.03703704
1 0.49010417 0.40578704 0.01614583 0.02453704
1 0.49791667 0.49027778 0.03177083 0.05740741
1 0.21054688 0.68171296 0.02890625 0.05324074
1 0.35351562 0.38148148 0.01328125 0.02129630
1 0.44049479 0.39675926 0.01432292 0.02407407
1 0.37799479 0.35671296 0.01171875 0.01990741
1 0.52213542 0.56805556 0.04062500 0.06296296
1 0.54596354 0.51226852 0.03359375 0.05231481
1 0.46796875 0.36203704 0.01145833 0.01851852
1 0.54153646 0.44259259 0.02317708 0.03148148
4 0.47122396 0.67523148 0.04765625 0.09675926
1 0.49036458 0.37152778 0.01145833 0.01712963
1 0.36679688 0.75486111 0.05442708 0.10509259
3 0.61692708 0.85717593 0.10104167 0.19490741
0 0.24804688 0.76782407 0.14088542 0.31342593
0 0.46367188 0.32685185 0.00651042 0.01851852
5 0.37343750 0.42361111 0.02239583 0.03333333
5 0.38710937 0.54861111 0.03671875 0.08518519
5 0.50468750 0.38310185 0.01614583 0.03379630
5 0.46406250 0.32662037 0.00625000 0.01805556
