3 0.54270833 0.53981481 0.03020833 0.05555556
7 0.45937500 0.53518519 0.02552083 0.05648148
1 0.35638021 0.56342593 0.02578125 0.04074074
1 0.25976562 0.59652778 0.03828125 0.04583333
1 0.30364583 0.52106481 0.02343750 0.03009259
1 0.27682292 0.55555556 0.03020833 0.03888889
1 0.64088542 0.63263889 0.04947917 0.07361111
4 0.21263021 0.65555556 0.04713542 0.05648148
4 0.29361979 0.62037037 0.03776042 0.05185185
1 0.51575521 0.58981481 0.03151042 0.05370370
1 0.40013021 0.55393519 0.02317708 0.03750000
1 0.46562500 0.63842593 0.03593750 0.06388889
1 0.48880208 0.51087963 0.02343750 0.04583333
1 0.17213542 0.72777778 0.06458333 0.08333333
1 0.34335938 0.50879630 0.02473958 0.02962963
3 0.40559896 0.48958333 0.01848958 0.03194444
4 0.31809896 0.66342593 0.04088542 0.06203704
0 0.37382813 0.70046296 0.06119792 0.16296296
