7 0.41132813 0.48125000 0.01484375 0.03194444
7 0.43515625 0.47361111 0.01718750 0.03333333
7 0.37851563 0.45069444 0.01171875 0.02083333
1 0.48125000 0.63958333 0.04375000 0.08194444
1 0.35039063 0.47222222 0.01328125 0.01944444
1 0.41289063 0.45625000 0.01328125 0.01527778
1 0.40156250 0.41041667 0.00625000 0.00972222
1 0.34179688 0.40416667 0.00703125 0.01111111
4 0.67929688 0.89097222 0.10234375 0.14861111
1 0.35117188 0.42083333 0.01015625 0.01666667
1 0.45859375 0.47708333 0.01562500 0.02083333
1 0.20117188 0.58888889 0.03515625 0.03888889
1 0.22500000 0.63055556 0.03906250 0.05277778
3 0.66484375 0.72222222 0.07812500 0.10555556
1 0.38046875 0.41180556 0.00625000 0.00972222
1 0.33750000 0.42013889 0.00781250 0.01250000
1 0.33867188 0.65555556 0.03359375 0.05833333
1 0.34296875 0.49791667 0.01718750 0.02916667
1 0.42500000 0.66250000 0.04375000 0.08333333
1 0.27421875 0.65902778 0.03906250 0.06250000
1 0.39257812 0.42986111 0.01015625 0.01527778
1 0.26445313 0.53819444 0.02578125 0.04583333
1 0.37812500 0.45000000 0.01250000 0.01944444
1 0.38398438 0.47152778 0.01484375 0.01805556
1 0.28125000 0.51111111 0.02187500 0.02777778
1 0.33007812 0.45069444 0.01171875 0.01805556
4 0.52812500 0.63402778 0.04062500 0.05416667
1 0.37539063 0.43402778 0.01015625 0.01805556
1 0.32656250 0.47013889 0.01562500 0.02083333
4 0.08437500 0.91875000 0.10156250 0.13472222
1 0.46015625 0.51458333 0.02343750 0.03472222
1 0.37070313 0.41250000 0.00546875 0.01111111
1 0.52812500 0.76597222 0.05625000 0.10138889
1 0.42695313 0.51875000 0.02109375 0.03750000
1 0.42343750 0.43541667 0.01093750 0.01250000
1 0.35078125 0.44305556 0.01093750 0.02500000
5 0.33046875 0.40000000 0.01093750 0.01944444
5 0.29609375 0.45763889 0.02187500 0.04861111
5 0.49101563 0.90069444 0.08359375 0.17916667
