7 0.49939236 0.59243827 0.06267361 0.15956790
5 0.56605903 0.77700617 0.08211806 0.27438272
7 0.60017361 0.42453704 0.02256944 0.04907407
4 0.67968750 0.80833333 0.08541667 0.15740741
1 0.55520833 0.35509259 0.00868056 0.01635802
1 0.48472222 0.44984568 0.02361111 0.03858025
1 0.08611111 0.36697531 0.02500000 0.02037037
1 0.31180556 0.90787037 0.12048611 0.18364198
1 0.49496528 0.38518519 0.01562500 0.02530864
1 0.50269097 0.39969136 0.01753472 0.02654321
5 0.44982639 0.54290123 0.04270833 0.08209877
4 0.64687500 0.67592593 0.05868056 0.10617284
5 0.50868056 0.48317901 0.02986111 0.05956790
1 0.53307292 0.42145062 0.01718750 0.03117284
1 0.55980903 0.38873457 0.01545139 0.02253086
3 0.63663194 0.48703704 0.06458333 0.05246914
0 0.55659722 0.44675926 0.03888889 0.09475309
5 0.59383681 0.40385802 0.02447917 0.04166667
5 0.86154514 0.49259259 0.05642361 0.07716049
5 0.50243056 0.33858025 0.01111111 0.02407407
5 0.47126736 0.32993827 0.01232639 0.02407407
3 0.63029514 0.57530864 0.04739583 0.09320988
5 0.53333333 0.38040123 0.02118056 0.05030864
2 0.50182292 0.43595679 0.00642361 0.02376543
2 0.50937500 0.41882716 0.00555556 0.02037037
2 0.54730903 0.39151235 0.00572917 0.01512346
2 0.51805556 0.38873457 0.00486111 0.01820988
2 0.38098958 0.57716049 0.01579861 0.04753086
2 0.50581597 0.35200617 0.00329861 0.01203704
2 0.55156250 0.61250000 0.01423611 0.04660494
2 0.57456597 0.40787037 0.00503472 0.01697531
