7 0.43736979 0.36064815 0.01223958 0.02500000
5 0.53216146 0.48564815 0.02682292 0.06296296
1 0.31158854 0.53379630 0.03151042 0.04907407
1 0.36449714 0.68561157 0.04921875 0.08750000
1 0.47031250 0.40902778 0.01875000 0.03287037
1 0.43958333 0.38449074 0.01354167 0.01990741
1 0.57890625 0.74398148 0.06875000 0.12407407
1 0.44231771 0.40069444 0.01588542 0.02546296
1 0.68164062 0.78703704 0.07213542 0.12962963
1 0.55338542 0.45347222 0.02760417 0.04583333
1 0.69843750 0.68217593 0.07187500 0.09953704
1 0.40260417 0.43518519 0.01927083 0.03055556
1 0.40677083 0.41180556 0.00312500 0.00231481
1 0.26835938 0.49861111 0.03151042 0.03796296
1 0.38033854 0.40787037 0.01588542 0.02407407
1 0.32174479 0.45324074 0.02057292 0.03148148
1 0.40455729 0.41736111 0.01640625 0.02268519
1 0.33177083 0.40578704 0.01770833 0.02268519
1 0.36888021 0.43472222 0.01744792 0.02777778
4 0.46223958 0.58634259 0.03750000 0.06898148
1 0.45351562 0.49282407 0.01015625 0.00509259
1 0.34661458 0.47060185 0.02552083 0.03564815
1 0.46015625 0.38356481 0.01458333 0.02361111
1 0.48190104 0.44652778 0.02057292 0.03472222
1 0.40507813 0.39861111 0.01848958 0.02500000
1 0.38645833 0.54282407 0.02916667 0.04675926
4 0.21875000 0.90000000 0.08437500 0.16018519
1 0.45143229 0.45254630 0.02317708 0.04490741
1 0.49401042 0.48703704 0.02864583 0.05185185
1 0.47851562 0.43194444 0.00390625 0.00092593
1 0.45664063 0.51388889 0.02786458 0.05092593
1 0.51523438 0.56597222 0.03776042 0.06250000
1 0.53502604 0.43171296 0.01901042 0.03101852
1 0.50117188 0.84861111 0.07005208 0.17314815
4 0.34609375 0.90555556 0.07187500 0.16759259
1 0.60169271 0.52175926 0.03255208 0.05277778
3 0.39531250 0.48263889 0.02604167 0.04305556
0 0.57408854 0.54398148 0.06015625 0.12777778
0 0.49231771 0.39259259 0.03098958 0.05277778
5 0.52304687 0.40092593 0.02526042 0.05092593
