7 0.24023438 0.16458333 0.00859375 0.01527778
1 0.26718750 0.21875000 0.01562500 0.02361111
1 0.43085938 0.12222222 0.02578125 0.02777778
1 0.35117188 0.53333333 0.05703125 0.12500000
1 0.23164063 0.18472222 0.01171875 0.01666667
1 0.34140625 0.19791667 0.01406250 0.02083333
1 0.34804688 0.20972222 0.01328125 0.02500000
1 0.26210938 0.14930556 0.00703125 0.01250000
1 0.36523438 0.23680556 0.01953125 0.02916667
1 0.57460938 0.60555556 0.09140625 0.14722222
1 0.29257813 0.16180556 0.00703125 0.01250000
1 0.39375000 0.83194444 0.09218750 0.22777778
1 0.38632813 0.22916667 0.01796875 0.02222222
1 0.21835938 0.25763889 0.01796875 0.02916667
1 0.30117187 0.14652778 0.00703125 0.00972222
1 0.34765625 0.27013889 0.02187500 0.03194444
1 0.51289063 0.13472222 0.04453125 0.03611111
1 0.25625000 0.17013889 0.00937500 0.01250000
1 0.26953125 0.18472222 0.00937500 0.01666667
1 0.37382813 0.33333333 0.03203125 0.05555556
1 0.42265625 0.44722222 0.05156250 0.09722222
1 0.30898437 0.17361111 0.00859375 0.01666667
1 0.32812500 0.20625000 0.01250000 0.01527778
1 0.34296875 0.24583333 0.01875000 0.02500000
1 0.31523438 0.30555556 0.02734375 0.04166667
1 0.24648438 0.20972222 0.01640625 0.02777778
1 0.25351563 0.31875000 0.02578125 0.04305556
1 0.31679688 0.18472222 0.01171875 0.01388889
1 0.33984375 0.18402778 0.01093750 0.01527778
1 0.26132813 0.26041667 0.01796875 0.02638889
1 0.43203125 0.35138889 0.03593750 0.05000000
1 0.29609375 0.18194444 0.01093750 0.01666667
1 0.34101563 0.16875000 0.01015625 0.01527778
1 0.16835938 0.30277778 0.03046875 0.03611111
1 0.13476562 0.54722222 0.06796875 0.09166667
1 0.25312500 0.14236111 0.00625000 0.00972222
1 0.38281250 0.26805556 0.02343750 0.03333333
1 0.41875000 0.26805556 0.02656250 0.03333333
1 0.92617188 0.20347222 0.11484375 0.08750000
1 0.33671875 0.16388889 0.01093750 0.01388889
1 0.27031250 0.15625000 0.00468750 0.01250000
1 0.30820313 0.15972222 0.00859375 0.01111111
1 0.33593750 0.37847222 0.03750000 0.05972222
1 0.24023438 0.16458333 0.00859375 0.01527778
4 0.47460938 0.62916667 0.07890625 0.13888889
1 0.34960938 0.17986111 0.01015625 0.01250000
4 0.45156250 0.40625000 0.04375000 0.06250000
1 0.36679688 0.20347222 0.01484375 0.01527778
1 0.23320313 0.49513889 0.04921875 0.08194444
1 0.32265625 0.16458333 0.00937500 0.01527778
1 0.36796875 0.04166667 0.02812500 0.02222222
1 0.33203125 0.22638889 0.01250000 0.02222222
1 0.27031250 0.16944444 0.00625000 0.01388889
3 0.46445313 0.32916667 0.03828125 0.05000000
4 0.33085938 0.21875000 0.01484375 0.03472222
4 0.32265625 0.16458333 0.01093750 0.01527778
4 0.27031250 0.15625000 0.00468750 0.00972222
4 0.35742188 0.22083333 0.01484375 0.02777778
0 0.31406250 0.23888889 0.03437500 0.09166667
5 0.10273438 0.37152778 0.08515625 0.12638889
