7 0.72778614 0.78028782 0.14984940 0.26539491
7 0.80807605 0.56191432 0.10335090 0.12182062
7 0.52296687 0.46937751 0.04329819 0.07463186
1 0.44644202 0.50485274 0.04160392 0.06057564
1 0.55751130 0.44544846 0.04461596 0.05555556
1 0.19399473 0.31994645 0.01675452 0.02008032
1 0.68702937 0.54969880 0.07172440 0.07396252
1 0.42639307 0.34956493 0.01957831 0.02710843
1 0.48719880 0.40210843 0.03426205 0.04116466
1 0.71103163 0.51639893 0.06701807 0.06827309
1 0.20632530 0.34404284 0.01882530 0.02543507
1 0.40935617 0.36010710 0.01637801 0.02543507
1 0.21903238 0.33032129 0.01939006 0.02476573
1 0.27635542 0.35876841 0.02033133 0.02677376
1 0.42451054 0.41666667 0.03162651 0.03882195
1 0.94521837 0.78781794 0.10918675 0.20147256
1 0.52513178 0.66817269 0.07059488 0.11144578
1 0.06937123 0.94009371 0.13874247 0.11914324
1 0.23766943 0.34889558 0.01976657 0.02242303
1 0.27089608 0.48644578 0.03576807 0.05388220
1 0.44568901 0.44728916 0.02993223 0.05589023
1 0.24369352 0.37533467 0.02089608 0.03313253
1 0.85203313 0.93825301 0.16490964 0.12282463
1 0.39853163 0.39273762 0.02296687 0.03447122
1 0.52437877 0.39206827 0.03746235 0.04852744
1 0.61050452 0.49146586 0.05572289 0.05655957
1 0.20020708 0.29300535 0.01261295 0.01372155
1 0.94926581 0.94912985 0.10109187 0.10107095
1 0.39824925 0.36579652 0.02051958 0.02409639
1 0.89881401 0.64859438 0.12368223 0.10174029
1 0.48503389 0.58232932 0.05817018 0.08299866
1 0.66509789 0.99481258 0.00150602 0.00167336
1 0.59544428 0.82396252 0.10466867 0.17804552
1 0.72533886 0.63872155 0.08132530 0.10676037
1 0.48164533 0.37081660 0.02202560 0.02342704
1 0.43062877 0.37014726 0.01939006 0.03279786
1 0.66208584 0.47807898 0.05158133 0.05589023
1 0.37707078 0.96452477 0.11144578 0.07028112
3 0.61210467 0.55639224 0.07737199 0.09270415
4 0.83396084 0.79886212 0.13177711 0.16599732
4 0.44634789 0.39943106 0.03200301 0.04250335
4 0.68646461 0.95431727 0.11916416 0.09069612
5 0.67206325 0.44310576 0.05082831 0.05287818
5 0.05318148 0.60742972 0.10636295 0.25167336
5 0.18091114 0.38286479 0.01355422 0.08299866
5 0.59563253 0.41499331 0.05911145 0.08567604
5 0.45641943 0.37600402 0.03332078 0.05990629
5 0.15389684 0.41733601 0.04800452 0.10709505
2 0.63140060 0.44226908 0.01355422 0.03179384
2 0.86455196 0.57898260 0.01449548 0.04149933
2 0.25837726 0.41265060 0.00696536 0.01874163
2 0.75508283 0.52476573 0.00903614 0.03279786
