7 0.40260417 0.41435185 0.01770833 0.03611111
7 0.25130208 0.52361111 0.04479167 0.06851852
7 0.48619792 0.46296296 0.02604167 0.05740741
7 0.43437500 0.36226852 0.01041667 0.02361111
5 0.44544271 0.34444444 0.00963542 0.02037037
1 0.29609375 0.52893519 0.03333333 0.04675926
1 0.38632813 0.59699074 0.03359375 0.05972222
1 0.33867188 0.40069444 0.01432292 0.01990741
1 0.49661458 0.38657407 0.01302083 0.01944444
1 0.48111979 0.36342593 0.01067708 0.01481481
1 0.36184896 0.39976852 0.01536458 0.02268519
1 0.35664063 0.48287037 0.02317708 0.03518519
1 0.79036458 0.83819444 0.08697917 0.13564815
1 0.45169271 0.37106481 0.01119792 0.01527778
3 0.37578125 0.37037037 0.01145833 0.01944444
1 0.38489583 0.39953704 0.01406250 0.02222222
1 0.32539063 0.41898148 0.01640625 0.02407407
1 0.06875000 0.84490741 0.07864583 0.12129630
1 0.40885417 0.37708333 0.00937500 0.01805556
1 0.37552083 0.42777778 0.01666667 0.02777778
1 0.34817708 0.38958333 0.01302083 0.01805556
1 0.49414063 0.41666667 0.01640625 0.02500000
1 0.45703125 0.34675926 0.00729167 0.01574074
1 0.33867188 0.44259259 0.02161458 0.02870370
1 0.39283854 0.37523148 0.01119792 0.02083333
1 0.29986979 0.45902778 0.02421875 0.02916667
1 0.44166667 0.41018519 0.01562500 0.02314815
4 0.45091146 0.48194444 0.02473958 0.04074074
1 0.37721354 0.35185185 0.00963542 0.01388889
1 0.39075521 0.49837963 0.02578125 0.03935185
1 0.48789063 0.69398148 0.05026042 0.10555556
4 0.52968750 0.48518519 0.02552083 0.04166667
1 0.27955729 0.57939815 0.03932292 0.03194444
1 0.46184896 0.39629630 0.01380208 0.02407407
0 0.46848958 0.35833333 0.01458333 0.02777778
0 0.26145833 0.72916667 0.12031250 0.27314815
