7 0.45481771 0.52453704 0.02734375 0.05462963
7 0.08385417 0.85532407 0.10000000 0.16620370
7 0.47317708 0.62384259 0.04166667 0.10416667
4 0.35976562 0.55138889 0.02630208 0.03796296
4 0.61588542 0.88518519 0.08229167 0.15370370
1 0.27317708 0.55925926 0.03125000 0.03981481
3 0.33125000 0.47337963 0.01510417 0.02083333
7 0.44882813 0.47800926 0.01796875 0.03379630
4 0.29765625 0.59953704 0.03541667 0.04814815
4 0.41302083 0.44768519 0.01041667 0.02129630
1 0.37617188 0.49004630 0.01744792 0.02916667
1 0.34622396 0.49560185 0.01953125 0.02824074
3 0.52786458 0.49097222 0.02656250 0.03379630
1 0.33216146 0.53402778 0.02890625 0.03472222
4 0.30690104 0.50972222 0.02317708 0.03518519
1 0.51315104 0.58402778 0.03307292 0.05694444
1 0.37174479 0.68958333 0.04453125 0.08009259
1 0.43750000 0.41157407 0.01041667 0.01388889
1 0.51796875 0.88425926 0.07135417 0.15740741
3 0.47617188 0.47268519 0.01901042 0.03148148
1 0.21497396 0.78750000 0.06380208 0.09166667
1 0.35130208 0.47268519 0.01510417 0.02314815
4 0.25807292 0.88078704 0.07291667 0.12731481
3 0.40651042 0.48865741 0.01979167 0.03194444
0 0.22630208 0.63657407 0.07239583 0.11481481
