7 0.90190972 0.43171296 0.01909722 0.02141204
7 0.87022569 0.41956019 0.02213542 0.02141204
7 0.90581597 0.39265046 0.03645833 0.06944444
7 0.80327691 0.38165509 0.03363715 0.07754630
7 0.83745660 0.38339120 0.03949653 0.08680556
7 0.32291667 0.17144097 0.01302083 0.01765046
7 0.36501736 0.32465278 0.04861111 0.07870370
7 0.87141927 0.81438079 0.25672743 0.37065972
7 0.33398438 0.21600116 0.02256944 0.02806713
7 0.12999132 0.27401620 0.03211806 0.04340278
7 0.03797743 0.36603009 0.07595486 0.09375000
7 0.40006510 0.22714120 0.02582465 0.03587963
7 0.37217882 0.18880208 0.01432292 0.02922454
7 0.39994661 0.22771991 0.02669271 0.03645833
4 0.45290799 0.28935185 0.03472222 0.04340278
4 0.03276910 0.53443287 0.06553819 0.10532407
1 0.14767795 0.47685185 0.08441840 0.09432870
1 0.43934462 0.27083333 0.03276910 0.03472222
4 0.43760851 0.35098380 0.05230035 0.05381944
1 0.44802517 0.63628472 0.13042535 0.18750000
4 0.37586806 0.24233218 0.02517361 0.02748843
1 0.41937934 0.25217014 0.02018229 0.03096065
4 0.15136719 0.32132523 0.04969618 0.04600694
1 0.90169271 0.99884259 0.00173611 0.00173611
1 0.11132812 0.30049190 0.04470486 0.04369213
7 0.38986545 0.21137153 0.02669271 0.03211806
1 0.33886719 0.23958333 0.02973090 0.03877315
1 0.16134983 0.40234375 0.04796007 0.06221065
1 0.52799479 0.38556134 0.06987847 0.07089120
1 0.11067708 0.37413194 0.07378472 0.06770833
1 0.05783420 0.44415509 0.09830729 0.07928241
4 0.04069010 0.84476273 0.08138021 0.25260417
1 0.53125000 0.29181134 0.00868056 0.02170139
4 0.56564670 0.28486690 0.04969618 0.04253472
1 0.35720486 0.20746528 0.01779514 0.02430556
1 0.50672743 0.47989005 0.09852431 0.11197917
1 0.39333767 0.27575231 0.03884549 0.04456019
1 0.32812500 0.18995949 0.01649306 0.02170139
1 0.38509115 0.42201968 0.06922743 0.08015046
4 0.41601562 0.24103009 0.02560764 0.02951389
4 0.47764757 0.30902778 0.04687500 0.04803241
4 0.35210503 0.28428819 0.03233507 0.04658565
1 0.35753038 0.17505787 0.01367188 0.01388889
4 0.32845052 0.19053819 0.01671007 0.02170139
0 0.15809462 0.25520833 0.03190104 0.09432870
5 0.07400174 0.32783565 0.07682292 0.05729167
5 0.34157986 0.17679398 0.01519097 0.02256944
2 0.36697049 0.74869792 0.04296875 0.11371528
2 0.38888889 0.69328704 0.00520833 0.00868056
2 0.50954861 0.25868056 0.01345486 0.02372685
2 0.38205295 0.48668981 0.02582465 0.05208333
2 0.62475206 0.48930078 0.07044423 0.12578848
2 0.07723861 0.60303848 0.10319336 0.16761111
