7 0.31161794 0.35450269 0.03956653 0.04099462
7 0.46093750 0.53091398 0.05393145 0.09408602
7 0.37021169 0.51596102 0.06401210 0.10248656
7 0.51965726 0.36861559 0.02923387 0.02822581
1 0.47001008 0.45564516 0.03729839 0.05510753
1 0.51638105 0.34610215 0.02419355 0.02352151
1 0.66985887 0.55829973 0.08114919 0.09173387
1 0.56237399 0.37046371 0.02998992 0.04737903
1 0.46043347 0.36710349 0.00302419 0.00504032
1 0.46988407 0.35769489 0.02293347 0.02788978
1 0.38067036 0.31199597 0.01789315 0.01780914
1 0.57333669 0.38760081 0.02772177 0.04133065
1 0.52494960 0.40910618 0.03427419 0.05409946
1 0.39994960 0.42708333 0.03881048 0.04637097
1 0.46786794 0.36676747 0.02242944 0.02116935
1 0.41368448 0.40423387 0.03301411 0.04502688
1 0.58681956 0.40843414 0.03956653 0.05678763
1 0.42880544 0.36559140 0.02646169 0.03763441
1 0.42338710 0.38558468 0.02620968 0.03461022
1 0.65045363 0.49059140 0.06653226 0.05846774
1 0.57484879 0.31451613 0.02268145 0.01948925
1 0.53276210 0.45010081 0.04082661 0.05141129
4 0.61995968 0.45043683 0.04939516 0.05477151
3 0.54939516 0.49529570 0.05191532 0.07795699
1 0.46610383 0.38541667 0.02595766 0.03024194
1 0.48550907 0.49059140 0.04611895 0.06586022
1 0.50802251 0.38978495 0.00092406 0.00201613
1 0.51965726 0.37130376 0.02973790 0.02956989
1 0.57081653 0.56250000 0.06250000 0.08803763
1 0.40234375 0.46135753 0.04712702 0.06854839
1 0.46207157 0.41330645 0.03503024 0.05443548
1 0.46585181 0.38592070 0.02696573 0.02923387
0 0.53225806 0.30191532 0.02520161 0.04267473
2 0.47227823 0.63222446 0.03225806 0.03729839
2 0.63949093 0.43850806 0.01234879 0.02419355
2 0.72782258 0.58383737 0.01562500 0.04401882
2 0.13671875 0.43867608 0.02847782 0.02788978
2 0.73802923 0.61777554 0.02293347 0.05141129
2 0.75567036 0.69455645 0.01940524 0.06182796
2 0.47038810 0.70127688 0.01940524 0.06451613
2 0.04788306 0.53377016 0.01814516 0.03864247
2 0.06628024 0.52738575 0.01260081 0.03461022
2 0.54259073 0.38776882 0.01008065 0.02620968
2 0.49029738 0.33820565 0.00882056 0.01848118
2 0.37563004 0.36911962 0.00831653 0.01848118
2 0.43409778 0.50100806 0.01587702 0.03897849
2 0.17590726 0.40809812 0.01260081 0.02318548
2 0.80330141 0.67825941 0.01789315 0.06619624
2 0.42011089 0.62970430 0.02016129 0.04905914
2 0.49810988 0.57946909 0.02242944 0.04737903
2 0.64679940 0.64448925 0.01890121 0.06048387
2 0.03717238 0.55124328 0.01436492 0.02856183
2 0.01449093 0.55493952 0.02898185 0.04469086
2 0.37147177 0.61928763 0.00806452 0.02620968
2 0.34438004 0.62819220 0.03099798 0.05409946
2 0.41507056 0.53948253 0.01512097 0.02385753
2 0.23588710 0.39381720 0.01562500 0.01814516
2 0.40347782 0.57762097 0.01512097 0.04637097
2 0.49269153 0.40020161 0.01058468 0.02419355
2 0.57774698 0.34895833 0.00831653 0.01713710
2 0.60672883 0.62331989 0.02595766 0.03629032
2 0.71320565 0.52200941 0.01310484 0.04267473
2 0.68258569 0.48084677 0.01537298 0.03225806
2 0.00529234 0.59358199 0.01058468 0.03662634
2 0.69682460 0.65826613 0.03125000 0.06854839
2 0.52822581 0.61592742 0.02167339 0.05577957
2 0.60824093 0.68531586 0.01990927 0.05947581
2 0.31741431 0.61441532 0.02797379 0.05947581
2 0.70262097 0.53729839 0.01713710 0.04233871
2 0.40826613 0.60366263 0.01512097 0.05544355
