7 0.26310484 0.36391129 0.02066532 0.02889785
7 0.45791331 0.36021505 0.03981855 0.03830645
1 0.40221774 0.45060484 0.04737903 0.06250000
1 0.42225302 0.49092742 0.05015121 0.06384409
1 0.26096270 0.36155914 0.02545363 0.03427419
1 0.44821069 0.39163306 0.02998992 0.03393817
1 0.20211694 0.34677419 0.02116935 0.02486559
1 0.41330645 0.36861559 0.02217742 0.02822581
1 0.25945060 0.31770833 0.01234879 0.01512097
1 0.59979839 0.50302419 0.06804435 0.06787634
1 0.32472278 0.34727823 0.02242944 0.02587366
1 0.68031754 0.56922043 0.10811492 0.09005376
1 0.38356855 0.90339382 0.19455645 0.19254032
1 0.13167843 0.38810484 0.03200605 0.02755376
1 0.31313004 0.38911290 0.02746976 0.02553763
1 0.22366431 0.38424059 0.02797379 0.03125000
1 0.29435484 0.29569892 0.01108871 0.01276882
1 0.30430948 0.37668011 0.02293347 0.03293011
1 0.40032762 0.39331317 0.02746976 0.03125000
1 0.47152218 0.41213038 0.03679435 0.04065860
1 0.39730343 0.35601478 0.02041331 0.02251344
1 0.23009073 0.35567876 0.02217742 0.02385753
1 0.18447581 0.41179435 0.03125000 0.03393817
1 0.33921371 0.37365591 0.02520161 0.02822581
1 0.32686492 0.35971102 0.02318548 0.02923387
1 0.16141633 0.36189516 0.02242944 0.02419355
1 0.74571573 0.50369624 0.08719758 0.06317204
1 0.36025706 0.50470430 0.05166331 0.06048387
1 0.45904738 0.53797043 0.07232863 0.07661290
1 0.53855847 0.52318548 0.06854839 0.06787634
1 0.30859375 0.33148522 0.01638105 0.02587366
1 0.29700101 0.35215054 0.02142137 0.02150538
1 0.34425403 0.45564516 0.04485887 0.04905914
1 0.36428931 0.40322581 0.03603831 0.03763441
1 0.28881048 0.33417339 0.01713710 0.02385753
1 0.37789819 0.42641129 0.03200605 0.04032258
1 0.42855343 0.35265457 0.02041331 0.02520161
1 0.39024698 0.37516801 0.02595766 0.02520161
1 0.58694556 0.44875672 0.06350806 0.04603495
1 0.42187500 0.36122312 0.00151210 0.00403226
1 0.41192036 0.34072581 0.01738911 0.02419355
1 0.31867440 0.40977823 0.02847782 0.03662634
1 0.37298387 0.36626344 0.02016129 0.02889785
1 0.41166835 0.59778226 0.00075605 0.00268817
1 0.39591734 0.55141129 0.07358871 0.10215054
1 0.40057964 0.47933468 0.00075605 0.00369624
1 0.49117944 0.37567204 0.02520161 0.02688172
1 0.36403730 0.35114247 0.02646169 0.02755376
1 0.22908266 0.37298387 0.02368952 0.02755376
1 0.22202621 0.40473790 0.02822581 0.03595430
1 0.25415827 0.46622984 0.04410282 0.04872312
1 0.23739919 0.34072581 0.01713710 0.02419355
1 0.88243448 0.57694892 0.15347782 0.08803763
1 0.44581653 0.42977151 0.03981855 0.04166667
1 0.48601310 0.46505376 0.05871976 0.06182796
1 0.33228327 0.42960349 0.03503024 0.03528226
1 0.42212702 0.40826613 0.03175403 0.03763441
1 0.31136593 0.30729167 0.01335685 0.01512097
1 0.42968750 0.37785618 0.02520161 0.02721774
1 0.54271673 0.46807796 0.05317540 0.04502688
1 0.54838710 0.40288978 0.04082661 0.03360215
1 0.50604839 0.43951613 0.04788306 0.04435484
1 0.51675907 0.38608871 0.03200605 0.02956989
1 0.66431452 0.46639785 0.07358871 0.05107527
1 0.35219254 0.38844086 0.02545363 0.03293011
1 0.32207661 0.30040323 0.01260081 0.01478495
1 0.33140121 0.32426075 0.01159274 0.01881720
1 0.65612399 0.49227151 0.08240927 0.05846774
3 0.88256048 0.57661290 0.15221774 0.08602151
4 0.25982863 0.31787634 0.01260081 0.01478495
4 0.26096270 0.34206989 0.01890121 0.01411290
4 0.22971270 0.37197581 0.02242944 0.02755376
4 0.43145161 0.34257392 0.01864919 0.01713710
0 0.23828125 0.29368280 0.01789315 0.02956989
0 0.32787298 0.28192204 0.01713710 0.01545699
5 0.38369456 0.33165323 0.03603831 0.05309140
5 0.22694052 0.52637769 0.06930444 0.10651882
5 0.20551915 0.32543683 0.02394153 0.03393817
2 0.34261593 0.60987903 0.01688508 0.05040323
2 0.74080141 0.55745968 0.01587702 0.04502688
2 0.51108871 0.66465054 0.02066532 0.05981183
2 0.51915323 0.62701613 0.00252016 0.00134409
2 0.70577117 0.63743280 0.03704637 0.04099462
2 0.62147177 0.56770833 0.01663306 0.04200269
2 0.60912298 0.55006720 0.00655242 0.01008065
2 0.58215726 0.53259409 0.01965726 0.03763441
2 0.76033266 0.66565860 0.03931452 0.06518817
2 0.89919355 0.77654570 0.07308468 0.09946237
2 0.65990423 0.69069220 0.02847782 0.05745968
2 0.90322581 0.65658602 0.02721774 0.05443548
2 0.87878024 0.64280914 0.01461694 0.03965054
2 0.48399698 0.61239919 0.01738911 0.05073925
2 0.53074597 0.82006048 0.05997984 0.11525538
2 0.10887097 0.41868280 0.02822581 0.02688172
2 0.44934476 0.64012097 0.01612903 0.05846774
2 0.54435484 0.62920027 0.01864919 0.05073925
2 0.80493952 0.51696909 0.02570565 0.03595430
2 0.79700101 0.80493952 0.02998992 0.08299731
2 0.76549899 0.77536962 0.01688508 0.05275538
2 0.93308972 0.68447581 0.01940524 0.04099462
2 0.96685988 0.69405242 0.03805444 0.07896505
2 0.97076613 0.66481855 0.00201613 0.00235215
2 0.94417843 0.68346774 0.04208669 0.04435484
2 0.97404234 0.66028226 0.00352823 0.00604839
2 0.86428931 0.69909274 0.04813508 0.05813172
2 0.48903730 0.51814516 0.01638105 0.03494624
2 0.42552923 0.65372984 0.01839718 0.06014785
2 0.52003528 0.59610215 0.01688508 0.04502688
2 0.28036794 0.38894489 0.00882056 0.01982527
2 0.59614415 0.41448253 0.01688508 0.03192204
2 0.84248992 0.63877688 0.02368952 0.05645161
2 0.81615423 0.62298387 0.01839718 0.04569892
2 0.50541835 0.55141129 0.01638105 0.03360215
2 0.97303427 0.77368952 0.03981855 0.08030914
2 0.93951613 0.74445565 0.02016129 0.05409946
2 0.64705141 0.42943548 0.01537298 0.02553763
2 0.46849798 0.67086694 0.01864919 0.06149194
2 0.29662298 0.51982527 0.01411290 0.03830645
2 0.32749496 0.58366935 0.01335685 0.06115591
2 0.18371976 0.37264785 0.00705645 0.02150538
2 0.85458669 0.60198253 0.02419355 0.05073925
2 0.65234375 0.63995296 0.03251008 0.04200269
2 0.78729839 0.60719086 0.02368952 0.05577957
2 0.72719254 0.56922043 0.02998992 0.05107527
2 0.66859879 0.62584005 0.02217742 0.05208333
2 0.58455141 0.61777554 0.02797379 0.06014785
2 0.92376512 0.64331317 0.02898185 0.05544355
2 0.84274194 0.79099462 0.04485887 0.07594086
2 0.80695565 0.76394489 0.01562500 0.04536290
2 0.57094254 0.60920699 0.00025202 0.00739247
2 0.56073589 0.58383737 0.02167339 0.03528226
2 0.62273185 0.64549731 0.03729839 0.05577957
2 0.69266633 0.75319220 0.07232863 0.09509409
2 0.71547379 0.69758065 0.05241935 0.07862903
2 0.61000504 0.43716398 0.01537298 0.02486559
2 0.36567540 0.63121640 0.02066532 0.05342742
2 0.61176915 0.72765457 0.00579637 0.01444892
2 0.63545867 0.75134409 0.02797379 0.07056452
2 0.61277722 0.70480511 0.00630040 0.01444892
2 0.97404234 0.69489247 0.02318548 0.07661290
2 0.43825605 0.45463710 0.01310484 0.02822581
2 0.78528226 0.64936156 0.02368952 0.05611559
