7 0.27821181 0.46527778 0.04149306 0.05524691
7 0.45434028 0.43734568 0.02361111 0.05061728
7 0.37630208 0.36481481 0.02829861 0.02098765
7 0.42135417 0.37669753 0.02569444 0.02500000
1 0.33116319 0.46064815 0.02829861 0.03734568
4 0.34739583 0.37808642 0.01493056 0.01790123
1 0.35251736 0.43981481 0.02725694 0.03209877
1 0.37118056 0.47669753 0.02847222 0.03919753
1 0.05381944 0.75524691 0.10763889 0.11234568
1 0.30642361 0.45185185 0.02430556 0.03024691
1 0.36631944 0.40231481 0.01875000 0.02314815
1 0.31197917 0.48410494 0.03402778 0.04351852
1 0.26675347 0.52515432 0.04704861 0.05709877
1 0.20789931 0.59336420 0.06510417 0.06759259
1 0.41432292 0.38996914 0.01163194 0.01759259
1 0.23559028 0.50169753 0.04270833 0.04413580
4 0.09800347 0.60925926 0.08559028 0.07222222
1 0.36328125 0.44922840 0.00086806 0.00030864
1 0.36267361 0.43055556 0.02013889 0.03641975
4 0.36753472 0.37793210 0.02395833 0.01882716
1 0.15963542 0.74583333 0.11024306 0.11018519
3 0.18003472 0.54444444 0.06805556 0.06543210
0 0.32526042 0.41033951 0.04010417 0.06327160
5 0.93177083 0.51172840 0.06006944 0.10185185
5 0.91684028 0.45864198 0.00729167 0.01790123
5 0.39913194 0.40694444 0.02673611 0.06697531
2 0.50355903 0.60077160 0.01093750 0.03919753
2 0.48654514 0.44336420 0.00677083 0.02006173
2 0.52291667 0.50709877 0.00868056 0.02777778
2 0.37890625 0.43132716 0.00677083 0.01882716
2 0.49357639 0.45632716 0.00694444 0.02623457
2 0.46953125 0.42716049 0.00711806 0.01975309
2 0.48845486 0.67993827 0.01788194 0.05740741
2 0.54531250 0.92947531 0.02395833 0.10154321
2 0.52968750 0.87191358 0.00486111 0.00679012
2 0.56067708 0.86759259 0.00538194 0.00679012
2 0.44157986 0.41836420 0.00711806 0.02067901
2 0.46336806 0.94351852 0.00173611 0.00679012
2 0.44331597 0.96604938 0.03593750 0.06728395
2 0.46449653 0.93425926 0.00503472 0.00802469
