7 0.52070313 0.39062500 0.02421875 0.03958333
7 0.15234375 0.43072917 0.02500000 0.02395833
7 0.52226562 0.36718750 0.04453125 0.02812500
5 0.46328125 0.37291667 0.02031250 0.03750000
3 0.27226563 0.35416667 0.01484375 0.01875000
1 0.37226563 0.47708333 0.03984375 0.04583333
1 0.21601562 0.36927083 0.02109375 0.01562500
1 0.30781250 0.35208333 0.01875000 0.01666667
1 0.32148438 0.34531250 0.01484375 0.01770833
1 0.41367188 0.41666667 0.02578125 0.03125000
1 0.28554688 0.36145833 0.01953125 0.01875000
3 0.36093750 0.32968750 0.01250000 0.01562500
1 0.25468750 0.37187500 0.02187500 0.02083333
1 0.20703125 0.38020833 0.02812500 0.02291667
1 0.44726562 0.35989583 0.01328125 0.01770833
1 0.45546875 0.43645833 0.02656250 0.03125000
1 0.48242188 0.34322917 0.01171875 0.01562500
4 0.28828125 0.59114583 0.07500000 0.08020833
0 0.45390625 0.31406250 0.01250000 0.02395833
0 0.49804688 0.30833333 0.01015625 0.01458333
2 0.48632812 0.38385417 0.00703125 0.02187500
2 0.43007812 0.62500000 0.01484375 0.04375000
2 0.36679688 0.63854167 0.02265625 0.06041667
2 0.48789063 0.44166667 0.00859375 0.02291667
2 0.49843750 0.60572917 0.01562500 0.04270833
2 0.47187500 0.41093750 0.00781250 0.01770833
2 0.53203125 0.78958333 0.02656250 0.07500000
2 0.47812500 0.39895833 0.00625000 0.01875000
2 0.58906250 0.43958333 0.00937500 0.01666667
