7 0.32400174 0.30758102 0.03862847 0.04456019
4 0.37326389 0.41652199 0.04513889 0.06105324
1 0.37424045 0.28761574 0.02061632 0.03125000
4 0.37152778 0.23885995 0.01041667 0.01591435
7 0.39767795 0.27112269 0.01931424 0.02835648
4 0.50119358 0.32812500 0.02973090 0.03298611
4 0.37999132 0.24942130 0.01302083 0.01620370
4 0.52256944 0.35098380 0.03645833 0.03645833
0 0.40787760 0.24247685 0.02061632 0.03414352
2 0.46039497 0.34418403 0.00846354 0.02170139
2 0.11783854 0.28255208 0.01866319 0.01533565
2 0.44238281 0.36675347 0.01019965 0.02401620
2 0.21137153 0.28182870 0.00651042 0.01331019
2 0.47970920 0.39004630 0.01150174 0.02777778
