1 0.43298611 0.41033951 0.03715278 0.08425926
4 0.88828125 0.87453704 0.19982639 0.25030864
1 0.82899306 0.44351852 0.01875000 0.04320988
1 0.91319444 0.42561728 0.01388889 0.05308642
1 0.87092014 0.42978395 0.06059028 0.07561728
1 0.33237847 0.17314815 0.01336806 0.01728395
1 0.29513889 0.14212963 0.01111111 0.01759259
1 0.48159722 0.21095679 0.01527778 0.02376543
1 0.27126736 0.17530864 0.01649306 0.02160494
1 0.27109375 0.21311728 0.02343750 0.03117284
1 0.48098958 0.27623457 0.02482639 0.04197531
1 0.11536458 0.24521605 0.04114583 0.03981481
1 0.31553819 0.15771605 0.01336806 0.01481481
1 0.45946181 0.24753086 0.02031250 0.04012346
1 0.49383681 0.22546296 0.01788194 0.03302469
5 0.52352431 0.22052469 0.01961806 0.05277778
5 0.44114583 0.28225309 0.03993056 0.08611111
5 0.28697917 0.17314815 0.02013889 0.03703704
5 0.49539931 0.67469136 0.17517361 0.56851852
5 0.47734375 0.18487654 0.01788194 0.03888889
2 0.52387153 0.28209877 0.00815972 0.02160494
2 0.66041667 0.36959877 0.04131944 0.04290123
2 0.49435764 0.19845679 0.00434028 0.01913580
2 0.07864583 0.36080247 0.02187500 0.04135802
2 0.61371528 0.33811728 0.01597222 0.03549383
2 0.62708333 0.35833333 0.01180556 0.03765432
