1 0.53402778 0.33765432 0.00798611 0.01358025
1 0.47934028 0.43441358 0.02152778 0.02993827
1 0.54236111 0.34953704 0.00937500 0.01820988
4 0.33272569 0.54660494 0.05399306 0.05740741
1 0.39453125 0.57762346 0.05156250 0.06574074
1 0.97256944 0.54891975 0.05451389 0.05524691
1 0.46710069 0.82685185 0.08385417 0.15493827
4 0.14123264 0.76944444 0.13628472 0.12901235
1 0.26901042 0.62546296 0.07656250 0.07870370
4 0.51015625 0.38811728 0.00746528 0.02314815
1 0.50937500 0.57391975 0.04166667 0.06697531
1 0.52934028 0.34783951 0.00868056 0.01728395
4 0.55321181 0.47623457 0.02968750 0.04012346
0 0.51666667 0.35725309 0.02152778 0.03981481
5 0.49930556 0.39799383 0.01840278 0.03796296
2 0.45217014 0.63117284 0.01406250 0.04567901
2 0.45998264 0.59753086 0.00329861 0.00617284
2 0.44470486 0.59429012 0.00399306 0.00401235
2 0.39626736 0.48379630 0.00815972 0.03055556
2 0.46692708 0.55509259 0.01093750 0.02932099
2 0.46762153 0.55354938 0.01232639 0.03240741
2 0.44175347 0.51697531 0.00885417 0.02469136
2 0.45164931 0.63425926 0.01267361 0.03827160
