3 0.42552471 0.45532491 0.03588355 0.04602888
1 0.47190251 0.45351986 0.03520650 0.05144404
1 0.29248477 0.41380866 0.02708192 0.03158845
2 0.31415030 0.44268953 0.02708192 0.04241877
1 0.44245091 0.54783394 0.05484089 0.07581227
1 0.52335816 0.55460289 0.06228842 0.07490975
1 0.13642519 0.64981949 0.17129316 0.09205776
1 0.35748138 0.37319495 0.01760325 0.02075812
1 0.29823968 0.48285199 0.04536222 0.05595668
1 0.57075152 0.51263538 0.06228842 0.07400722
1 0.53385240 0.47202166 0.04129993 0.05054152
1 0.32227488 0.41651625 0.02979012 0.03339350
1 0.45666892 0.43321300 0.03317536 0.03971119
1 0.48984428 0.40703971 0.03046716 0.03790614
1 0.70074475 0.67734657 0.12186865 0.14350181
7 0.49085985 0.48149819 0.05145565 0.06949458
1 0.43161814 0.49954874 0.04129993 0.05144404
1 0.46174678 0.38312274 0.02437373 0.02436823
1 0.51015572 0.43140794 0.03588355 0.04873646
4 0.87745430 0.88583032 0.23832092 0.22653430
5 0.41976980 0.33619134 0.01489506 0.02978339
5 0.43331077 0.37815884 0.02979012 0.04693141
2 0.36052810 0.41516245 0.01015572 0.02166065
2 0.36086662 0.44494585 0.01083277 0.02166065
2 0.15098172 0.57310469 0.03520650 0.05054152
2 0.28808395 0.58619134 0.02369668 0.05324910
2 0.19702099 0.52572202 0.02031144 0.03519856
2 0.86323629 0.75992780 0.03385240 0.08303249
2 0.83378470 0.73781588 0.01828030 0.05685921
2 0.11442112 0.59882671 0.01218687 0.02075812
2 0.08937035 0.60920578 0.02437373 0.04332130
2 0.27183480 0.44675090 0.02098849 0.02707581
2 0.26303318 0.66832130 0.02911307 0.07129964
2 0.25761679 0.62680505 0.00203114 0.00992780
2 0.35409614 0.52572202 0.01083277 0.02617329
2 0.33175355 0.38357401 0.00677048 0.01805054
2 0.36526743 0.38131769 0.00609343 0.01534296
2 0.24644550 0.45983755 0.01218687 0.02797834
2 0.22884225 0.49503610 0.01895735 0.03519856
2 0.24949221 0.50631769 0.01286391 0.02527076
2 0.38050102 0.39124549 0.00677048 0.01895307
2 0.47833446 0.52842960 0.01286391 0.03700361
2 0.33107651 0.51489170 0.01354096 0.02617329
2 0.21259309 0.50722022 0.01489506 0.03790614
2 0.18957346 0.54106498 0.01760325 0.03880866
2 0.02505078 0.90027076 0.05010156 0.08393502
2 0.39268788 0.47563177 0.01218687 0.02707581
2 0.34834123 0.33528881 0.00473934 0.01173285
2 0.34495599 0.47472924 0.01150982 0.02346570
2 0.31550440 0.36371841 0.00406229 0.01083032
2 0.59851049 0.74052347 0.02843602 0.07310469
2 0.04874746 0.84160650 0.01489506 0.02978339
2 0.08700068 0.84160650 0.04807041 0.07129964
2 0.75930941 0.58438628 0.03452945 0.05144404
2 0.29146919 0.42960289 0.01015572 0.01624549
