1 0.54244792 0.67500000 0.01892361 0.02530864
1 0.57725694 0.60864198 0.00937500 0.01234568
1 0.52829861 0.60138889 0.00972222 0.01574074
1 0.56032986 0.60972222 0.01059028 0.01697531
4 0.59618056 0.64675926 0.01388889 0.02067901
1 0.50399306 0.67500000 0.01805556 0.02839506
4 0.57005208 0.65123457 0.01510417 0.02283951
1 0.30677083 0.69212963 0.02986111 0.03055556
1 0.53472222 0.58256173 0.00694444 0.01265432
1 0.38038194 0.67546296 0.02361111 0.02746914
1 0.54401042 0.59583333 0.00989583 0.02006173
1 0.56892361 0.63672840 0.01284722 0.01111111
1 0.54322917 0.62191358 0.01215278 0.01358025
1 0.62916667 0.90277778 0.05451389 0.12901235
5 0.43350694 0.62422840 0.01180556 0.03611111
6 0.83628472 0.70116235 0.06006944 0.07870370
6 0.77864583 0.67477346 0.01423611 0.06296296
5 0.54401042 0.59629630 0.00989583 0.02037037
5 0.54010417 0.71080247 0.02395833 0.05308642
5 0.38880208 0.64182099 0.02170139 0.03796296
5 0.47543403 0.59367284 0.01232639 0.02932099
5 0.54218750 0.64753086 0.01840278 0.03765432
2 0.72873264 0.64074074 0.00572917 0.01913580
5 0.55689089 0.57936265 0.00820434 0.02435494
