4 0.34673958 0.56655093 0.10286458 0.14120370
2 0.45355903 0.09013310 0.01649306 0.01996528
4 0.62082812 0.54644097 0.10763889 0.17100694
1 0.71723090 0.37080440 0.02430556 0.04427083
1 0.79090712 0.37528935 0.10264757 0.07407407
3 0.12586806 0.22352431 0.04079861 0.05353009
4 0.22634549 0.10951968 0.03211806 0.02806713
1 0.12022569 0.31886574 0.01475694 0.04629630
1 0.23415799 0.14091435 0.03081597 0.03703704
4 0.15234375 0.25506366 0.06163194 0.05873843
1 0.36924913 0.24840856 0.04926215 0.05758102
4 0.65804601 0.74739583 0.13780382 0.25057870
4 0.49750434 0.15321181 0.03190104 0.03906250
1 0.43750000 0.14858218 0.03298611 0.03732639
1 0.44314236 0.25795718 0.05251736 0.07204861
1 0.47406684 0.04282407 0.01540799 0.01562500
1 0.55924479 0.14597801 0.01692708 0.02633102
4 0.53721788 0.14467593 0.02929688 0.03472222
4 0.53092448 0.10185185 0.02148438 0.02199074
1 0.20301649 0.17245370 0.04405382 0.03877315
4 0.53114149 0.12991898 0.02625868 0.03819444
4 0.52473958 0.09215856 0.01866319 0.03559028
0 0.14659288 0.13917824 0.02582465 0.05034722
0 0.09776476 0.15451389 0.00455729 0.01793981
0 0.09841580 0.14033565 0.00151910 0.00289352
0 0.12662760 0.15451389 0.04448785 0.08391204
2 0.83778212 0.36921296 0.05273438 0.04629630
2 0.15592448 0.19632523 0.01106771 0.02054398
2 0.22048611 0.13368056 0.00911458 0.02835648
2 0.44303385 0.19791667 0.01106771 0.02835648
2 0.17805990 0.17390046 0.00889757 0.01967593
2 0.64529080 0.33478009 0.05360243 0.03761574
2 0.85253906 0.36921296 0.02365451 0.04629630
2 0.54003906 0.27618634 0.01410590 0.03906250
