5 0.34972426 0.16237745 0.02113971 0.03962418
1 0.30438113 0.51715686 0.03278186 0.12990196
4 0.36718750 0.22160948 0.02849265 0.03880719
4 0.54442402 0.63807190 0.12683824 0.17892157
1 0.32169118 0.20588235 0.02879902 0.03594771
1 0.39552696 0.28860294 0.04105392 0.05106209
1 0.30575980 0.38705065 0.02512255 0.09844771
1 0.30208333 0.31944444 0.01715686 0.04248366
1 0.44178922 0.37500000 0.05637255 0.07434641
1 0.37791054 0.42340686 0.06832108 0.09599673
1 0.50750613 0.87520425 0.19332108 0.24877451
1 0.32046569 0.72855392 0.06801471 0.24142157
2 0.34375000 0.31964869 0.01409314 0.03145425
2 0.36979167 0.30923203 0.01286765 0.03022876
2 0.35094975 0.25878268 0.01133578 0.02655229
2 0.44194240 0.32802288 0.01501225 0.02042484
2 0.37944240 0.34089052 0.01746324 0.04779412
2 0.41973039 0.28206699 0.01041667 0.03635621
