1 0.52636719 0.78573495 0.11263021 0.13570602
1 0.67968750 0.46122685 0.02604167 0.02951389
7 0.64116753 0.45037616 0.03059896 0.03616898
1 0.67220052 0.41898148 0.01453993 0.02372685
1 0.70453559 0.41276042 0.01627604 0.02170139
1 0.61512587 0.48582176 0.03580729 0.03414352
1 0.69715712 0.58463542 0.05533854 0.06221065
1 0.59201389 0.65596065 0.07638889 0.08159722
1 0.27332899 0.91232639 0.21723090 0.17476852
4 0.66330295 0.42708333 0.01888021 0.02488426
7 0.68956163 0.39887153 0.01236979 0.01822917
1 0.68294271 0.71542245 0.08550347 0.10850694
1 0.71560330 0.48813657 0.03146701 0.03356481
1 0.68261719 0.41044560 0.01453993 0.02170139
1 0.50325521 0.63961227 0.08506944 0.08304398
1 0.69531250 0.42635995 0.01866319 0.02054398
1 0.73014323 0.38671875 0.01019965 0.01186343
4 0.66644965 0.48350694 0.03211806 0.03645833
1 0.72601997 0.40755208 0.01714410 0.01880787
1 0.63975694 0.55280671 0.04730903 0.04890046
1 0.99175347 0.56987847 0.01605903 0.04369213
1 0.72189670 0.43735532 0.02191840 0.02228009
1 0.57237413 0.53414352 0.04926215 0.04571759
1 0.23437500 0.99898727 0.00043403 0.00144676
1 0.22026910 0.99855324 0.00607639 0.00231481
1 0.72026910 0.45876736 0.02473958 0.02748843
3 0.94118924 0.64496528 0.07899306 0.10011574
5 0.71614583 0.37673611 0.01085069 0.01620370
