7 0.21189693 0.38742690 0.08771930 0.07163743
1 0.55126096 0.48373538 0.05537281 0.08004386
1 0.48697917 0.70467836 0.09512061 0.19517544
1 0.62486294 0.53782895 0.05455044 0.10343567
4 0.65405702 0.26644737 0.02083333 0.02850877
1 0.53344298 0.37390351 0.04057018 0.05043860
1 0.70641447 0.47295322 0.05098684 0.07894737
1 0.60293311 0.31962719 0.03371711 0.05007310
1 0.50589364 0.42927632 0.05400219 0.06615497
1 0.56058114 0.30866228 0.02850877 0.03033626
1 0.47149123 0.49287281 0.06524123 0.09027778
4 0.54893092 0.33735380 0.03700658 0.04459064
1 0.64912281 0.31853070 0.02796053 0.04057018
1 0.62088816 0.24323830 0.02083333 0.02156433
1 0.65309759 0.35270468 0.03042763 0.04385965
1 0.57195724 0.29239766 0.02768640 0.03362573
1 0.05235746 0.51242690 0.10471491 0.06871345
1 0.96737939 0.89272661 0.06469298 0.21016082
4 0.65200110 0.29184942 0.02330044 0.02668129
1 0.59251645 0.36915205 0.03755482 0.04897661
4 0.67543860 0.25548246 0.02521930 0.02339181
4 0.63760965 0.46509503 0.04989035 0.07638889
4 0.61663925 0.66282895 0.07757675 0.14948830
1 0.53056469 0.57145468 0.06496711 0.10343567
1 0.57401316 0.41904240 0.04495614 0.06542398
1 0.55304276 0.95942982 0.02768640 0.08040936
4 0.58086623 0.87171053 0.10800439 0.25584795
1 0.64377741 0.40369152 0.03919956 0.05957602
4 0.41680373 0.59594298 0.09292763 0.12317251
1 0.65679825 0.24305556 0.01918860 0.01973684
3 0.30619518 0.81158626 0.16721491 0.25402047
3 0.42105263 0.93220029 0.13815789 0.13486842
2 0.68064693 0.36750731 0.01206140 0.02521930
2 0.62897478 0.31578947 0.00685307 0.01900585
2 0.43009868 0.67799708 0.04002193 0.06140351
2 0.63843202 0.25858918 0.00877193 0.01644737
2 0.86718750 0.51809211 0.04194079 0.03691520
2 0.62075110 0.36732456 0.01178728 0.02850877
2 0.42324561 0.68019006 0.02631579 0.05701754
2 0.82456140 0.55281433 0.06962719 0.11147661
2 0.33580044 0.31469298 0.01206140 0.02192982
2 0.15762061 0.39089912 0.01699561 0.02448830
2 0.84594298 0.59521199 0.00109649 0.00255848
2 0.89391447 0.63541667 0.08826754 0.14290936
2 0.69394189 0.41264620 0.01178728 0.03289474
2 0.59087171 0.29495614 0.00849781 0.01827485
2 0.68969298 0.22989766 0.00767544 0.01681287
2 0.73382675 0.33790205 0.00932018 0.02302632
