3 0.58875868 0.47294560 0.01085069 0.01128472
4 0.40881141 0.57942708 0.03559028 0.03732639
4 0.65143294 0.54991319 0.02777778 0.03501157
1 0.58213976 0.49898727 0.01584201 0.01591435
4 0.28624132 0.64453125 0.06076389 0.05295139
1 0.60514323 0.48177083 0.01280382 0.01215278
1 0.48535156 0.47410301 0.01019965 0.01070602
2 0.46191406 0.51316551 0.00499132 0.01070602
2 0.69032118 0.59606481 0.01171875 0.02256944
2 0.45214844 0.49971065 0.00455729 0.01041667
2 0.59082031 0.52010995 0.00672743 0.01765046
