7 0.54713542 0.43935185 0.00954861 0.01574074
7 0.56467014 0.47021605 0.01440972 0.03672840
7 0.24279514 0.83441358 0.13385417 0.21635802
1 0.52951389 0.51018519 0.02569444 0.03580247
1 0.54913194 0.45200617 0.00937500 0.01820988
1 0.55564236 0.46003086 0.01163194 0.02067901
1 0.57821181 0.44444444 0.00989583 0.01358025
1 0.49626736 0.49506173 0.01788194 0.02283951
1 0.60902778 0.52345679 0.02256944 0.04753086
1 0.54444444 0.49429012 0.01493056 0.02314815
1 0.53767361 0.53858025 0.02013889 0.03518519
1 0.48697917 0.54027778 0.02847222 0.02993827
1 0.58802083 0.44691358 0.01041667 0.01481481
1 0.58298611 0.68379630 0.03888889 0.08240741
1 0.53376736 0.45030864 0.01024306 0.01296296
1 0.54383681 0.47237654 0.01336806 0.02006173
4 0.55850694 0.85200617 0.06597222 0.14228395
1 0.56223958 0.43194444 0.00677083 0.01018519
3 0.37196181 0.62129630 0.05468750 0.06975309
5 0.48611111 0.62083333 0.08680556 0.15833333
5 0.52204861 0.42685185 0.01006944 0.02283951
5 0.58376736 0.67839506 0.04045139 0.09320988
5 0.53307292 0.41975309 0.00920139 0.01790123
2 0.57239583 0.51882716 0.00590278 0.01728395
2 0.40755208 0.92067901 0.02690972 0.08950617
2 0.60529514 0.45447531 0.00399306 0.01203704
2 0.55199653 0.59814815 0.00815972 0.03024691
2 0.54348958 0.66188272 0.01406250 0.04043210
