7 0.71293403 0.48348765 0.06232639 0.09166667
7 0.39097222 0.30771605 0.01770833 0.01851852
1 0.32777778 0.37561728 0.02743056 0.03333333
1 0.49678819 0.30416667 0.01406250 0.02006173
1 0.58862847 0.36651235 0.02725694 0.03672840
1 0.37586806 0.32685185 0.01631944 0.03086420
1 0.51154514 0.28009259 0.01128472 0.01327160
1 0.30347222 0.26589506 0.01145833 0.02006173
1 0.42769097 0.28533951 0.01163194 0.01512346
7 0.82647569 0.48996914 0.07552083 0.08919753
4 0.51215278 0.34675926 0.01840278 0.02746914
1 0.56406250 0.45046296 0.02986111 0.05277778
1 0.14861111 0.52006173 0.07673611 0.09382716
1 0.35512830 0.30350895 0.01718750 0.02098765
1 0.38706597 0.26929012 0.00989583 0.01512346
1 0.43029514 0.27422840 0.01093750 0.01450617
1 0.15590278 0.27839506 0.02256944 0.01913580
1 0.35095486 0.34058642 0.02065972 0.02870370
1 0.26718750 0.39645062 0.03437500 0.04290123
1 0.32161458 0.36342593 0.00260417 0.00277778
1 0.69565972 0.73225309 0.10555556 0.19413580
1 0.31319444 0.34351852 0.02569444 0.03827160
1 0.53385417 0.28765432 0.01076389 0.01790123
1 0.57760417 0.40833333 0.02916667 0.04753086
1 0.37161458 0.35956790 0.02031250 0.03148148
1 0.16523125 0.30138889 0.02968750 0.02870370
1 0.03315972 0.31311728 0.03402778 0.02438272
1 0.50208333 0.32592593 0.01875000 0.02592593
4 0.41710069 0.27608025 0.01093750 0.01450617
1 0.69305556 0.55864198 0.06597222 0.09444444
1 0.62630208 0.56851852 0.06753472 0.10370370
1 0.41171875 0.30493827 0.01579861 0.01728395
1 0.02638889 0.28055556 0.03020833 0.02345679
1 0.52977431 0.36774691 0.01892361 0.03055556
1 0.58550347 0.50015432 0.04496528 0.06018519
1 0.62890625 0.48456790 0.04635417 0.05925926
0 0.67369792 0.37824074 0.07586806 0.08981481
5 0.41571181 0.41404321 0.05399306 0.17500000
6 0.24982639 0.62947531 0.20069444 0.47191358
5 0.25164931 0.28549383 0.01371528 0.03271605
5 0.07005208 0.35000000 0.08281250 0.08271605
5 0.39991319 0.35339506 0.03802083 0.09382716
2 0.07690972 0.28209877 0.00868056 0.01419753
2 0.55807292 0.37932099 0.00815972 0.02222222
