1 0.50156250 0.53020833 0.01406250 0.01666667
3 0.16523438 0.54791667 0.01640625 0.01875000
1 0.81093750 0.73489583 0.07656250 0.08020833
4 0.83984375 0.70677083 0.06562500 0.05312500
1 0.65351563 0.65572917 0.03515625 0.03854167
3 0.09492188 0.65572917 0.05703125 0.04895833
1 0.40976563 0.58177083 0.02265625 0.02395833
1 0.51757812 0.52187500 0.01015625 0.01041667
1 0.63359375 0.56041667 0.03593750 0.02291667
1 0.62500000 0.60000000 0.02343750 0.02708333
1 0.73164063 0.66822917 0.04296875 0.04062500
1 0.61953125 0.61770833 0.03437500 0.03958333
5 0.77578125 0.86875000 0.24375000 0.26041667
5 0.10078125 0.59114583 0.03906250 0.04895833
5 0.03750000 0.58072917 0.06250000 0.05104167
5 0.44375000 0.53541667 0.01875000 0.02916667
5 0.38125000 0.55052083 0.01718750 0.03437500
5 0.11171875 0.54114583 0.05625000 0.04895833
5 0.18242188 0.55677083 0.03671875 0.04062500
5 0.53359375 0.55312500 0.01875000 0.03125000
5 0.41367188 0.50364583 0.01171875 0.01979167
5 0.46679688 0.49114583 0.00859375 0.01562500
5 0.68515625 0.58020833 0.06093750 0.04375000
