7 0.30377604 0.50578704 0.02682292 0.04583333
7 0.27929688 0.54074074 0.03463542 0.03703704
1 0.39752604 0.57662037 0.02786458 0.04212963
1 0.40442708 0.49027778 0.01822917 0.02962963
1 0.18736979 0.68518519 0.05182292 0.06574074
1 0.33854167 0.45763889 0.01458333 0.02268519
1 0.38828125 0.41527778 0.00937500 0.01388889
1 0.55533854 0.66157407 0.04765625 0.07314815
1 0.37916667 0.42916667 0.01041667 0.01388889
1 0.35351562 0.48495370 0.02265625 0.03287037
4 0.38033854 0.74097222 0.04505208 0.08472222
1 0.38697917 0.47222222 0.01666667 0.02407407
1 0.39882813 0.42013889 0.00911458 0.01342593
1 0.32838542 0.47222222 0.01614583 0.02314815
1 0.44153646 0.43495370 0.01276042 0.01805556
1 0.07552083 0.88402778 0.08333333 0.12638889
1 0.41341146 0.43055556 0.00963542 0.01574074
1 0.45429687 0.49884259 0.01953125 0.03842593
1 0.38867188 0.44699074 0.01276042 0.01805556
1 0.46614583 0.45833333 0.01510417 0.02037037
1 0.15143229 0.75787037 0.06588542 0.08425926
3 0.23932292 0.60393519 0.04427083 0.05601852
5 0.31992188 0.61250000 0.07994792 0.14907407
5 0.30130208 0.68333333 0.11614583 0.28888889
5 0.47044271 0.40578704 0.01380208 0.03101852
