1 0.85546875 0.61990741 0.01093750 0.03425926
1 0.83489583 0.61759259 0.02500000 0.04074074
1 0.87734375 0.61157407 0.03802083 0.03611111
1 0.42343750 0.58657407 0.01875000 0.03796296
4 0.71927083 0.71296296 0.04895833 0.07222222
6 0.77291667 0.65000000 0.08645833 0.14259259
5 0.92552083 0.80555556 0.14791667 0.30000000
5 0.25885417 0.51990741 0.03333333 0.03240741
5 0.27630208 0.57453704 0.03385417 0.05092593
5 0.45989583 0.59074074 0.06562500 0.16296296
6 0.72786458 0.60185185 0.05781250 0.10555556
