7 0.42223837 0.32902670 0.02810078 0.04909561
7 0.67320736 0.36735573 0.04651163 0.07321275
7 0.44295058 0.24203273 0.01380814 0.02411714
4 0.32836725 0.40525409 0.03948643 0.05598622
4 0.88747578 0.67075797 0.11749031 0.11757106
1 0.55147771 0.26744186 0.01816860 0.02497847
4 0.03912306 0.60335917 0.07824612 0.09646856
1 0.53984981 0.33440999 0.02349806 0.03574505
1 0.61264535 0.39211886 0.03779070 0.05211025
1 0.36809593 0.31912145 0.02446705 0.03617571
1 0.83805717 0.26528854 0.00072674 0.00430663
1 0.67647771 0.43647717 0.04626938 0.06244617
1 0.59459787 0.50409130 0.05208333 0.08397933
1 0.40770349 0.27799311 0.01937984 0.02713178
1 0.24842539 0.59474591 0.07533915 0.09646856
3 0.14038275 0.41602067 0.10683140 0.06287683
3 0.60295543 0.28660637 0.02519380 0.03746770
2 0.39038275 0.27476314 0.00605620 0.01550388
2 0.24672965 0.35163652 0.01429264 0.01851852
2 0.34290213 0.35745047 0.00799419 0.02239449
2 0.42381298 0.29629630 0.00702519 0.01550388
