5 0.46380208 0.35578704 0.00781250 0.01898148
7 0.35859375 0.52824074 0.03281250 0.06481481
7 0.40703125 0.48402778 0.02395833 0.05046296
7 0.29492188 0.72638889 0.06744792 0.13796296
3 0.34140625 0.48009259 0.02343750 0.03796296
1 0.44830729 0.40277778 0.01223958 0.02222222
1 0.71223958 0.81550926 0.09427083 0.17175926
1 0.46250000 0.38703704 0.00989583 0.01481481
1 0.38046875 0.38935185 0.01041667 0.01296296
1 0.47044271 0.40625000 0.01223958 0.02083333
1 0.50976562 0.44837963 0.01692708 0.02731481
1 0.44635417 0.38564815 0.01041667 0.01203704
4 0.50260417 0.69467593 0.04739583 0.09305556
1 0.48619792 0.40300926 0.01302083 0.01805556
0 0.39687500 0.40671296 0.01979167 0.04027778
