7 0.63046875 0.65625000 0.12968750 0.23750000
7 0.46093750 0.31388889 0.03593750 0.05833333
4 0.26135391 0.25000000 0.01718750 0.02777778
1 0.22226563 0.20763889 0.01484375 0.01805556
1 0.34140625 0.19652778 0.01562500 0.02083333
1 0.34375000 0.16944444 0.01093750 0.01666667
1 0.38710937 0.27013889 0.02265625 0.03472222
1 0.89921875 0.87569444 0.20000000 0.24027778
1 0.60039063 0.50208333 0.07734375 0.09861111
1 0.32656250 0.21111111 0.01562500 0.02777778
1 0.37617188 0.63402778 0.07109375 0.15138889
1 0.40976563 0.25694444 0.02421875 0.03333333
1 0.30859375 0.24375000 0.01718750 0.02638889
1 0.35507813 0.28611111 0.02421875 0.03333333
1 0.35585937 0.22083333 0.01484375 0.02500000
1 0.42031250 0.32569444 0.03125000 0.04583333
1 0.25585938 0.17638889 0.01171875 0.01388889
1 0.14921875 0.33958333 0.03906250 0.04583333
1 0.30156250 0.19583333 0.01093750 0.01666667
1 0.23437500 0.17777778 0.01250000 0.01666667
4 0.38437500 0.44166667 0.05000000 0.07222222
1 0.45625000 0.52013889 0.06562500 0.12916667
1 0.18789063 0.37847222 0.04140625 0.06250000
1 0.31953125 0.28958333 0.02343750 0.04305556
1 0.24921875 0.19166667 0.01250000 0.01666667
1 0.57460938 0.87361111 0.12734375 0.25000000
1 0.32070312 0.19444444 0.01484375 0.01944444
1 0.32421875 0.35416667 0.03281250 0.05833333
1 0.23515625 0.22916667 0.01562500 0.02500000
1 0.19882813 0.25416667 0.02109375 0.02500000
4 0.04882812 0.86875000 0.09765625 0.22361111
1 0.34179688 0.25416667 0.01953125 0.03055556
1 0.31250000 0.17847222 0.01093750 0.02083333
1 0.33476563 0.23194444 0.01484375 0.02777778
3 0.37929687 0.33888889 0.03046875 0.05555556
1 0.36250000 0.19722222 0.01406250 0.01944444
4 0.46015625 0.40416667 0.04218750 0.06388889
1 0.37578125 0.21388889 0.01406250 0.01666667
1 0.24531250 0.38888889 0.03750000 0.05833333
1 0.44609375 0.95069444 0.10625000 0.09583333
1 0.30585938 0.21805556 0.01640625 0.02222222
4 0.37539062 0.21250000 0.01484375 0.01944444
2 0.91445313 0.37638889 0.02734375 0.04722222
