7 0.61784639 0.73427041 0.09525602 0.15595716
7 0.34600904 0.42704150 0.03012048 0.02476573
7 0.43486446 0.48577644 0.04103916 0.06124498
1 0.36332831 0.65411647 0.04743976 0.07797858
4 0.20557229 0.38102410 0.01355422 0.01706827
1 0.19154744 0.37784471 0.01035392 0.01137885
1 0.40013178 0.47021419 0.02428464 0.03748327
1 0.27428464 0.40361446 0.01920181 0.02074967
4 0.23635166 0.39022758 0.01826054 0.01807229
4 0.25451807 0.39541499 0.01731928 0.01974565
4 0.27588479 0.52108434 0.03143825 0.04417671
1 0.21884413 0.38386881 0.01374247 0.01740295
1 0.24962349 0.43825301 0.02334337 0.02576975
1 0.50809488 0.49330656 0.03501506 0.03681392
1 0.21432605 0.44210174 0.02240211 0.02677376
1 0.46507907 0.51890897 0.03557982 0.03982597
4 0.28614458 0.39357430 0.01204819 0.01874163
4 0.52437877 0.63052209 0.06042922 0.07295850
7 0.43495858 0.48661312 0.04160392 0.06291834
5 0.69041792 0.52242303 0.05365211 0.05488621
5 0.11897590 0.70448461 0.12123494 0.26171352
5 0.17808735 0.50016734 0.04103916 0.10341365
2 0.26891943 0.88570950 0.02014307 0.05990629
2 0.25564759 0.82563588 0.00263554 0.00535475
2 0.27701431 0.82178715 0.00545934 0.00970549
2 0.89514307 0.73025435 0.03915663 0.06157965
2 0.21790286 0.46954485 0.00696536 0.01807229
3 0.47173880 0.55455489 0.03727391 0.07754351
