7 0.56628024 0.27167339 0.04183468 0.02520161
1 0.47744456 0.42557124 0.04410282 0.05477151
1 0.50604839 0.27318548 0.02016129 0.01948925
1 0.81779234 0.85584677 0.19758065 0.24932796
1 0.54838710 0.28158602 0.04032258 0.02083333
1 0.45929940 0.50302419 0.06476815 0.09341398
7 0.68951613 0.55393145 0.10786290 0.14146505
1 0.24117944 0.32157258 0.00403226 0.00739247
1 0.55254536 0.56787634 0.06728831 0.09274194
1 0.49684980 0.25470430 0.01184476 0.02083333
1 0.59664819 0.41112231 0.05821573 0.06485215
1 0.05317540 0.33114919 0.00100806 0.00168011
1 0.54145665 0.41162634 0.03906250 0.05040323
1 0.88734879 0.41985887 0.03276210 0.04939516
1 0.53616431 0.46975806 0.05216734 0.06720430
4 0.46093750 0.62617608 0.08215726 0.12063172
1 0.50617440 0.25520833 0.02041331 0.01848118
1 0.50604839 0.25638441 0.02016129 0.01814516
4 0.42615927 0.88592070 0.14213710 0.22748656
1 0.64012097 0.48034274 0.06854839 0.07358871
3 0.57661290 0.31233199 0.06804435 0.03326613
3 0.59375000 0.79351478 0.14112903 0.25772849
5 0.49117944 0.32274866 0.07258065 0.05611559
2 0.33152722 0.66297043 0.02293347 0.05376344
2 0.40990423 0.74915995 0.04309476 0.05745968
2 0.44858871 0.71740591 0.01663306 0.03897849
2 0.42918347 0.49042339 0.01411290 0.05208333
2 0.43623992 0.45682124 0.00100806 0.00100806
2 0.28818044 0.45816532 0.02142137 0.02788978
2 0.27444556 0.44186828 0.00403226 0.00604839
2 0.40599798 0.59223790 0.02419355 0.05208333
2 0.40635757 0.56434812 0.00122320 0.00100806
2 0.40833486 0.56439394 0.00238270 0.00091642
2 0.41809476 0.55409946 0.00604839 0.01008065
2 0.51146673 0.42590726 0.01083669 0.02990591
2 0.41519657 0.51058468 0.01587702 0.03393817
2 0.51839718 0.38961694 0.00957661 0.02587366
2 0.58530746 0.47631048 0.01436492 0.03998656
2 0.57799899 0.45194892 0.00327621 0.00604839
2 0.45375504 0.40641801 0.00932460 0.02251344
2 0.65045363 0.69102823 0.02772177 0.06081989
2 0.63608871 0.63776882 0.00756048 0.02217742
2 0.48815524 0.39415323 0.01159274 0.02284946
2 0.58379536 0.64348118 0.04964718 0.04233871
2 0.60433468 0.60651882 0.01159274 0.02486559
2 0.60395665 0.36643145 0.01234879 0.02251344
2 0.28969254 0.97681452 0.04611895 0.04569892
2 0.31010585 0.92641129 0.00831653 0.01142473
2 0.30279738 0.89079301 0.00176411 0.00134409
2 0.31161794 0.89398522 0.01688508 0.02184140
2 0.27419355 0.88541667 0.00756048 0.00806452
