7 0.32187500 0.32222222 0.01406250 0.02500000
7 0.40859375 0.35625000 0.01875000 0.03750000
7 0.18476562 0.87638889 0.12265625 0.23888889
7 0.32109375 0.30833333 0.01250000 0.01388889
1 0.35703125 0.29334444 0.00937500 0.01944444
7 0.50039063 0.73888889 0.08984375 0.19166667
1 0.26796875 0.32638889 0.01250000 0.01944444
1 0.22031250 0.46388889 0.03593750 0.05000000
1 0.21093750 0.38055556 0.02343750 0.03055556
1 0.26718750 0.28611111 0.01093750 0.01666667
1 0.37148437 0.33888889 0.01484375 0.02222222
1 0.62812500 0.79236111 0.10781250 0.17361111
1 0.32265625 0.34236111 0.01250000 0.01805556
1 0.28125000 0.29444444 0.00781250 0.01666667
1 0.38671875 0.33125000 0.01250000 0.02083333
1 0.16796875 0.46388889 0.03437500 0.05000000
1 0.35781250 0.31458333 0.01250000 0.01805556
1 0.25703125 0.30625000 0.01093750 0.01527778
1 0.32148438 0.32291667 0.01484375 0.02638889
1 0.31562500 0.29722222 0.01093750 0.01388889
1 0.26250000 0.29305556 0.01250000 0.01666667
1 0.26523438 0.51458333 0.03671875 0.05416667
1 0.28359375 0.38541667 0.01875000 0.02916667
1 0.35312500 0.53263889 0.03750000 0.06527778
1 0.39609375 0.46805556 0.03281250 0.05555556
1 0.29140625 0.31041667 0.00937500 0.02083333
1 0.32460937 0.35763889 0.01640625 0.02361111
1 0.32070312 0.30902778 0.01484375 0.02083333
1 0.33789062 0.29652778 0.01015625 0.01250000
1 0.26328125 0.35625000 0.01718750 0.02083333
1 0.47929688 0.44791667 0.03671875 0.05694444
1 0.33007812 0.38402778 0.01953125 0.03194444
4 0.10742188 0.49027778 0.04453125 0.05000000
1 0.04257813 0.67569444 0.08515625 0.10416667
1 0.29218750 0.29097222 0.00625000 0.01250000
1 0.65937500 0.68194444 0.09531250 0.13888889
1 0.33945313 0.28333333 0.00703125 0.01111111
1 0.33632813 0.30902778 0.01015625 0.01527778
4 0.34414063 0.32500000 0.01171875 0.01944444
4 0.37578125 0.75000000 0.06562500 0.14166667
3 0.34414062 0.44305556 0.03046875 0.05277778
3 0.36367188 0.37777778 0.02109375 0.03888889
1 0.36523438 0.30277778 0.01015625 0.01388889
1 0.12851563 0.72916667 0.08515625 0.11388889
