7 0.31955645 0.44002016 0.08014113 0.15154570
7 0.44758065 0.51108871 0.10685484 0.20026882
1 0.39818548 0.43598790 0.05443548 0.09979839
4 0.33442540 0.58686156 0.09475806 0.15961022
1 0.48450101 0.40524194 0.07888105 0.10215054
1 0.30884577 0.35752688 0.04662298 0.03360215
1 0.38508065 0.37802419 0.05544355 0.06922043
1 0.79674899 0.63138441 0.18220766 0.16801075
1 0.33530746 0.23874328 0.03099798 0.03528226
1 0.29763105 0.27083333 0.03125000 0.04569892
1 0.36643145 0.31955645 0.04133065 0.05309140
4 0.64843750 0.51528898 0.12399194 0.12600806
1 0.30796371 0.29200269 0.03578629 0.04032258
1 0.98462702 0.80997984 0.03024194 0.03931452
1 0.54800907 0.50134409 0.10005040 0.14247312
1 0.35458669 0.29099462 0.03931452 0.04905914
1 0.51940524 0.73555108 0.13961694 0.24327957
1 0.66557460 0.68548387 0.17237903 0.23051075
1 0.32560484 0.21606183 0.03125000 0.03091398
4 0.44443044 0.34341398 0.05468750 0.06451613
1 0.38785282 0.82358871 0.14415323 0.32190860
4 0.31149194 0.32913306 0.04586694 0.05409946
0 0.36643145 0.19959677 0.00705645 0.00739247
0 0.40486391 0.25840054 0.08392137 0.12768817
5 0.38344254 0.21992608 0.04863911 0.05880376
0 0.40423387 0.25722446 0.08719758 0.13004032
