7 0.08937757 0.77700617 0.16743827 0.17129630
1 0.54012346 0.41550926 0.01543210 0.02314815
1 0.50887346 0.39621914 0.01105967 0.01388889
1 0.33333333 0.45081019 0.02417695 0.02816358
1 0.89699074 0.99498457 0.00488683 0.00154321
1 0.91396605 0.99479167 0.00488683 0.00192901
1 0.75308642 0.65547840 0.07201646 0.10262346
1 0.44393004 0.47048611 0.02520576 0.02739198
1 0.44855967 0.42650463 0.01646091 0.01890432
1 0.44958848 0.64660494 0.05555556 0.06944444
1 0.48482510 0.45814043 0.02314815 0.02816358
1 0.52031893 0.41049383 0.01543210 0.02237654
1 0.11342593 0.68325617 0.09053498 0.04398148
1 0.07986111 0.51157407 0.00334362 0.00077160
4 0.41525206 0.57156636 0.04655350 0.05285494
1 0.47839506 0.55516975 0.04269547 0.06018519
1 0.50462963 0.51890432 0.03137860 0.03549383
1 0.46553498 0.44386574 0.02057613 0.03047840
1 0.41628086 0.49864969 0.03266461 0.03510802
4 0.38477366 0.54089506 0.04269547 0.04475309
4 0.31250000 0.48784722 0.04938272 0.02662037
1 0.19200103 0.50019290 0.06558642 0.03819444
1 0.54655350 0.42226080 0.00154321 0.00578704
1 0.53472222 0.42862654 0.01646091 0.02160494
3 0.50025720 0.43537809 0.01646091 0.02507716
1 0.52031893 0.44926698 0.01646091 0.02121914
3 0.53022119 0.39534838 0.01260288 0.01890432
1 0.52096193 0.37885802 0.01054527 0.01234568
1 0.27752058 0.51060957 0.01234568 0.02199074
1 0.30529835 0.50733025 0.03755144 0.03395062
3 0.50038580 0.38522377 0.02031893 0.01350309
1 0.38798868 0.77391975 0.09079218 0.10725309
3 0.75308642 0.65547840 0.07098765 0.10108025
3 0.46540638 0.44579475 0.02083333 0.02662037
3 0.33076132 0.45100309 0.02726337 0.02777778
3 0.52173354 0.47029321 0.02443416 0.03009259
4 0.46939300 0.48688272 0.02623457 0.03086420
4 0.49151235 0.41396605 0.01440329 0.02006173
5 0.33410494 0.45081019 0.02520576 0.02816358
5 0.72633745 0.46238426 0.02777778 0.05054012
2 0.47440844 0.41956019 0.00540123 0.01427469
