7 0.72686531 0.37166236 0.04530039 0.10852713
7 0.10440891 0.64448751 0.12257752 0.24418605
7 0.60961725 0.82773471 0.17417636 0.34366925
4 0.72492733 0.24590870 0.04481589 0.04737295
1 0.54784399 0.24633936 0.02301357 0.04565030
1 0.24127907 0.60099053 0.09156977 0.16666667
1 0.29687500 0.30684755 0.00072674 0.00129199
1 0.32000969 0.26679587 0.00290698 0.00387597
1 0.30535368 0.26442722 0.01138566 0.00516796
1 0.60222868 0.17140396 0.02858527 0.03100775
1 0.34508236 0.82364341 0.11167636 0.21145564
7 0.26162791 0.19207580 0.06443798 0.04220500
1 0.54421027 0.13307494 0.01623062 0.02497847
1 0.98740310 0.17226529 0.02470930 0.02756245
3 0.47977229 0.09345392 0.01090116 0.01722653
1 0.54481589 0.16300603 0.01841085 0.03316107
1 0.36240310 0.20370370 0.02277132 0.03962102
1 0.32085756 0.20736434 0.02446705 0.03832903
1 0.54190891 0.14104220 0.01405039 0.01765719
1 0.48946221 0.17355728 0.01526163 0.03703704
1 0.94500969 0.47308355 0.10949612 0.10292851
1 0.56250000 0.14061154 0.02374031 0.03316107
1 0.37148740 0.23643411 0.03125000 0.04392765
1 0.32449128 0.14341085 0.02010659 0.03100775
1 0.30983527 0.28509905 0.03488372 0.05340224
1 0.47747093 0.15891473 0.01598837 0.02583979
1 0.69670543 0.27583979 0.04796512 0.05727821
1 0.65297965 0.24160207 0.04093992 0.04823428
1 0.34895833 0.13781223 0.01671512 0.02411714
1 0.33006298 0.15590009 0.01913760 0.03014643
1 0.25205911 0.91731266 0.00218023 0.00516796
1 0.17187500 0.93561585 0.13977713 0.12790698
1 0.97117248 0.61606374 0.05717054 0.12360034
4 0.54324128 0.19164513 0.01380814 0.03617571
1 0.57449128 0.17958656 0.02931202 0.04048234
1 0.60719477 0.25387597 0.04239341 0.04694229
3 0.46984012 0.12941430 0.01719961 0.03402239
1 0.98122578 0.42420327 0.03706395 0.06115418
4 0.57170543 0.27713178 0.04360465 0.05469423
1 0.48607074 0.10917313 0.01671512 0.02024117
4 0.42986919 0.37101637 0.05353682 0.07708872
1 0.30765504 0.12467700 0.02906977 0.02024117
1 0.56819283 0.22975883 0.03318798 0.04091301
1 0.59605136 0.36692506 0.04675388 0.07579673
1 0.60404554 0.21102498 0.03318798 0.03703704
1 0.73498062 0.49547804 0.02325581 0.07278208
1 0.46814438 0.09991387 0.01429264 0.01894918
4 0.54493702 0.16408269 0.01816860 0.03100775
0 0.21232688 0.33096469 0.11699872 0.18389320
2 0.41036822 0.61907838 0.02374031 0.06503015
2 0.39534884 0.55211025 0.00436047 0.00775194
2 0.34580911 0.15460810 0.00750969 0.01636520
2 0.37451550 0.34668389 0.01695736 0.03703704
2 0.67744671 0.48600345 0.01913760 0.06589147
2 0.29614826 0.16645134 0.00702519 0.01937984
2 0.27664729 0.96640827 0.03585271 0.06632214
2 0.29602713 0.85938846 0.00872093 0.01162791
2 0.25702519 0.85895780 0.00823643 0.01076658
2 0.35125969 0.27347115 0.00968992 0.02670112
2 0.38081395 0.40245478 0.01598837 0.04091301
2 0.31383236 0.16903531 0.00702519 0.01765719
2 0.42962694 0.55577089 0.02156008 0.04866494
2 0.41400194 0.49720069 0.00484496 0.00990525
2 0.43713663 0.49677003 0.00557171 0.01076658
2 0.48522287 0.89190353 0.03052326 0.08527132
2 0.46305717 0.80512489 0.00072674 0.00387597
2 0.46281492 0.78832903 0.00557171 0.01162791
2 0.49624516 0.78208441 0.00605620 0.00947459
2 0.42938469 0.55555556 0.02059109 0.04909561
2 0.36300872 0.15331611 0.00508721 0.01550388
