7 0.32703488 0.76658053 0.08478682 0.17484927
1 0.43507752 0.56029285 0.03343023 0.05598622
1 0.43701550 0.51636520 0.02761628 0.04478898
1 0.48582849 0.54069767 0.03076550 0.04780362
1 0.44028585 0.49547804 0.02543605 0.03057709
4 0.39595446 0.48385013 0.02543605 0.03402239
4 0.38456880 0.51378122 0.02785853 0.04478898
1 0.28524709 0.98428079 0.10440891 0.03057709
1 0.37330426 0.53316107 0.02713178 0.01550388
1 0.34677810 0.39125754 0.02252907 0.01335056
1 0.62403101 0.88092162 0.07897287 0.13910422
4 0.37306202 0.55620155 0.03391473 0.04780362
1 0.36785368 0.64254953 0.04578488 0.07665805
5 0.40782461 0.44336779 0.02156008 0.04952627
0 0.46257267 0.41149871 0.02301357 0.05383290
2 0.41933140 0.48018949 0.00872093 0.02239449
2 0.71984012 0.71619294 0.01671512 0.05684755
2 0.50036337 0.70413437 0.01526163 0.03531438
2 0.25375484 0.66989664 0.01816860 0.04005168
2 0.43544089 0.38329027 0.00363372 0.01205857
2 0.49491279 0.65116279 0.01405039 0.03789836
2 0.52386143 0.90137812 0.02156008 0.05684755
