7 0.40831163 0.88729745 0.18294271 0.22482639
7 0.62196181 0.50781250 0.03081597 0.05439815
1 0.62608507 0.47511574 0.01866319 0.02662037
1 0.77918837 0.89988426 0.14518229 0.19965278
3 0.81043837 0.53964120 0.05056424 0.06076389
1 0.69976128 0.67737269 0.06662326 0.09432870
1 0.61686198 0.62355324 0.05794271 0.07118056
1 0.57725694 0.52256944 0.03168403 0.03182870
1 0.54047309 0.59476273 0.04709201 0.05179398
1 0.66666667 0.51085069 0.02907986 0.03443287
1 0.68218316 0.55193866 0.04058160 0.04890046
1 0.83007812 0.52126736 0.04166667 0.03790509
4 0.61349826 0.57407407 0.04210069 0.05150463
1 0.68750000 0.61140046 0.04730903 0.06770833
4 0.63107639 0.45428241 0.01432292 0.01909722
1 0.66221788 0.47858796 0.02625868 0.02662037
1 0.66308594 0.48119213 0.02712674 0.03009259
1 0.65798611 0.44994213 0.01388889 0.01620370
2 0.57855903 0.49594907 0.00911458 0.01967593
2 0.45312500 0.56915509 0.01345486 0.02662037
2 0.64843750 0.53182870 0.01041667 0.02256944
2 0.65722656 0.60069444 0.01540799 0.03645833
