7 0.26877170 0.73379630 0.16731771 0.19039352
7 0.40863715 0.45659722 0.04036458 0.05150463
1 0.38595920 0.58391204 0.06966146 0.07002315
1 0.58268229 0.37167245 0.01779514 0.02575231
4 0.88194444 0.71368634 0.11154514 0.14149306
4 0.62901476 0.35923032 0.01453993 0.02343750
1 0.42480469 0.39351852 0.00108507 0.00231481
1 0.42805990 0.37254051 0.02018229 0.02112269
4 0.24153646 0.56134259 0.07812500 0.06770833
4 0.45876736 0.34707755 0.01692708 0.02112269
4 0.36360677 0.52155671 0.06054688 0.05410880
4 0.14615885 0.64366319 0.11653646 0.08998843
1 0.44249132 0.36371528 0.01953125 0.02083333
1 0.44097222 0.47757523 0.03559028 0.04253472
4 0.72840712 0.48755787 0.07009549 0.04340278
1 0.31195747 0.57421875 0.07834201 0.06915509
4 0.59418403 0.34432870 0.01302083 0.01678241
1 0.63248698 0.45196759 0.03754340 0.05092593
1 0.38075087 0.42100694 0.02799479 0.02719907
4 0.58995486 0.43778935 0.02799479 0.03703704
4 0.45421007 0.35619213 0.01779514 0.02025463
1 0.88042535 0.52792245 0.02690972 0.03153935
1 0.85514323 0.51533565 0.01671007 0.03125000
1 0.82432726 0.51562500 0.04361979 0.03761574
4 0.80230035 0.59592014 0.07812500 0.09577546
1 0.61436632 0.53732639 0.04513889 0.06192130
1 0.63053385 0.63281250 0.05620660 0.08506944
1 0.62261285 0.34577546 0.01302083 0.01620370
1 0.61610243 0.33608218 0.01649306 0.01591435
4 0.23546007 0.66391782 0.10850694 0.09346065
4 0.64149306 0.36776620 0.02430556 0.02025463
4 0.46918403 0.34346065 0.00868056 0.02083333
1 0.41818576 0.38657407 0.02126736 0.02199074
1 0.43305122 0.37442130 0.00585938 0.00578704
4 0.42795139 0.37254051 0.02039931 0.02112269
4 0.41796875 0.38729745 0.02083333 0.02112269
4 0.44281684 0.36328125 0.02105035 0.02170139
4 0.62315538 0.34592014 0.01497396 0.01591435
4 0.61621094 0.33637153 0.01627604 0.01649306
0 0.32269965 0.47612847 0.13368056 0.10214120
5 0.41362847 0.41869213 0.04123264 0.04456019
4 0.38140191 0.42144097 0.02886285 0.02864583
5 0.44335938 0.39814815 0.02951389 0.04456019
2 0.69704861 0.59939236 0.01562500 0.04021991
2 0.21072049 0.53327546 0.01519097 0.02256944
2 0.63324653 0.39004630 0.00737847 0.01736111
2 0.89756944 0.50651042 0.02170139 0.02170139
