7 0.10275608 0.45891204 0.08658854 0.08969907
7 0.19476997 0.37254051 0.03276910 0.03848380
5 0.14463976 0.42361111 0.06749132 0.05555556
1 0.22471788 0.55425347 0.07921007 0.09288194
1 0.48090278 0.36660880 0.02690972 0.03298611
1 0.43825955 0.32262731 0.01627604 0.02083333
1 0.38498264 0.32364005 0.01996528 0.01707176
1 0.38856337 0.34910301 0.02191840 0.02922454
1 0.49956597 0.38917824 0.03168403 0.04224537
4 0.04090712 0.53428819 0.08181424 0.07494213
1 0.41851128 0.41898148 0.04101562 0.05497685
4 0.75325521 0.69892940 0.15494792 0.16348380
1 0.42133247 0.33087384 0.02278646 0.02748843
1 0.61545139 0.38151042 0.04513889 0.03732639
3 0.17773438 0.39742477 0.04036458 0.03964120
1 0.00130208 0.98668981 0.00260417 0.00347222
1 0.00141059 0.97786458 0.00282118 0.01186343
1 0.00151910 0.96195023 0.00303819 0.01475694
2 0.03146701 0.71108218 0.06293403 0.16001157
1 0.39746094 0.37282986 0.00065104 0.00086806
1 0.39626736 0.36429398 0.03211806 0.03356481
1 0.00119358 0.64843750 0.00238715 0.00231481
2 0.15874566 0.68547454 0.08962674 0.15856481
1 0.46495226 0.42332176 0.03797743 0.04976852
1 0.23643663 0.49334491 0.05577257 0.05844907
1 0.44216580 0.47800926 0.05620660 0.06539352
1 0.43619792 0.35619213 0.02343750 0.02083333
1 0.39952257 0.39236111 0.03385417 0.03645833
1 0.39995660 0.36848958 0.03125000 0.02401620
1 0.63628472 0.43041088 0.09201389 0.05179398
1 0.45052083 0.33608218 0.01432292 0.02690972
1 0.13205295 0.53356481 0.08919271 0.07638889
1 0.52050781 0.40538194 0.05447049 0.05439815
1 0.17990451 0.46788194 0.06770833 0.06481481
1 0.25227865 0.40784144 0.00282118 0.00144676
1 0.25531684 0.40509259 0.00065104 0.00115741
1 0.90776910 0.89641204 0.18402778 0.20659722
1 0.43739149 0.38179977 0.02712674 0.03559028
1 0.54014757 0.43663194 0.04513889 0.05613426
1 0.41124132 0.32103588 0.02170139 0.03038194
1 0.19542101 0.37123843 0.03407118 0.03935185
7 0.64398915 0.54441551 0.10655382 0.13049769
1 0.45735677 0.39525463 0.03884549 0.04108796
1 0.46299913 0.35083912 0.01671007 0.02575231
1 0.58691406 0.48032407 0.06618924 0.07696759
1 0.08192274 0.89872685 0.16384549 0.20196759
4 0.42556424 0.35344329 0.02170139 0.02980324
4 0.08333333 0.61935764 0.11241319 0.10040509
4 0.21582031 0.41782407 0.04796007 0.04398148
0 0.23285590 0.35214120 0.04947917 0.09375000
2 0.54752604 0.35141782 0.01171875 0.02228009
