7 0.25553385 0.80049190 0.19639757 0.22424769
1 0.71180556 0.40914352 0.03168403 0.02430556
1 0.02224392 0.44806134 0.04448785 0.02459491
1 0.42827691 0.80497685 0.12651910 0.14409722
1 0.31043837 0.63903356 0.10047743 0.08015046
1 0.48003472 0.54456019 0.05642361 0.05381944
1 0.71629818 0.50752315 0.03819444 0.05034722
1 0.62011719 0.41710069 0.05186632 0.02922454
1 0.70638021 0.38310185 0.03125000 0.01851852
1 0.54893663 0.66956019 0.07617188 0.09201389
1 0.43825955 0.58781829 0.07834201 0.06510417
4 0.37868924 0.43952546 0.02604167 0.02835648
4 0.35264757 0.43692130 0.01779514 0.02777778
4 0.37326389 0.67128791 0.10199653 0.09027778
5 0.47819010 0.40393519 0.04622396 0.02314815
1 0.71853299 0.40928819 0.04383681 0.02401620
1 0.72558594 0.57870370 0.05316840 0.06539352
1 0.52050781 0.35894097 0.01453993 0.01707176
1 0.02918837 0.99117477 0.00151910 0.00144676
4 0.11805556 0.97714120 0.14800347 0.04513889
1 0.55002170 0.58232060 0.06662326 0.07783565
3 0.50130208 0.35691551 0.01519097 0.01475694
1 0.54633247 0.54036458 0.05230035 0.05005787
1 0.62847222 0.39207176 0.03862847 0.02025463
4 0.66373698 0.50708912 0.03927951 0.05063657
1 0.68196615 0.39699074 0.02973090 0.02141204
1 0.66666667 0.41883681 0.04296875 0.03038194
1 0.42838542 0.52575231 0.05468750 0.04918981
1 0.12326389 0.99768519 0.00217014 0.00405093
1 0.13736979 0.99710648 0.00303819 0.00520833
1 0.10091146 0.99551505 0.00434028 0.00260417
1 0.32693142 0.94719329 0.17339410 0.10503472
3 0.54882812 0.43446181 0.06814236 0.03327546
3 0.37695312 0.56438079 0.08376736 0.07378472
0 0.12944878 0.80164931 0.25889757 0.39612269
5 0.75043403 0.87760417 0.01171875 0.00578704
5 0.72005208 0.74797454 0.09939236 0.25694444
5 0.63237847 0.43301505 0.06467014 0.03790509
2 0.56369358 0.45862269 0.02408854 0.02256944
2 0.60828993 0.56076389 0.01345486 0.02604167
2 0.12619358 0.54600694 0.01540799 0.03356481
2 0.40418837 0.43807870 0.01801215 0.02025463
2 0.10753038 0.60112847 0.03580729 0.03964120
2 0.10633681 0.58043981 0.00347222 0.00636574
2 0.59212240 0.61472801 0.04144965 0.04021991
2 0.12272135 0.60503472 0.03624132 0.04398148
2 0.15570747 0.55570023 0.04839410 0.04021991
2 0.14800347 0.57248264 0.05512153 0.03559028
2 0.47070312 0.51157407 0.01475694 0.01562500
