1 0.95707831 0.67520080 0.08546687 0.13821954
7 0.59751506 0.52225569 0.06551205 0.08734940
7 0.41669804 0.43390228 0.04009789 0.05053548
1 0.83424322 0.64675368 0.10673946 0.11613119
1 0.16632154 0.53329987 0.04009789 0.04250335
1 0.46103163 0.42888220 0.02597892 0.03045515
1 0.58744352 0.66214859 0.06908886 0.09203481
1 0.27795557 0.44377510 0.02654367 0.03145917
1 0.80233434 0.92787818 0.15587349 0.14357430
1 0.56899473 0.48393574 0.03030873 0.03413655
1 0.69201807 0.55404953 0.06513554 0.06325301
7 0.41632154 0.43440428 0.04160392 0.05153949
3 0.24623494 0.38922356 0.01920181 0.02141901
1 0.94182982 0.84504685 0.11596386 0.17469880
4 0.58273720 0.46285141 0.04085090 0.03748327
1 0.68815889 0.73744980 0.13196536 0.24464525
1 0.53953313 0.59856091 0.05308735 0.07195448
1 0.50715361 0.53965863 0.03426205 0.05522088
1 0.50009413 0.42838019 0.03143825 0.02945114
1 0.72449172 0.68875502 0.09130271 0.13922356
3 0.67968750 0.50485274 0.06457078 0.05187416
1 0.31485316 0.73845382 0.05854669 0.10609103
4 0.45453690 0.46619813 0.03407380 0.03882195
4 0.22778614 0.40746319 0.01656627 0.02443106
4 0.23437500 0.57078313 0.05496988 0.07195448
4 0.49190512 0.49732262 0.03652108 0.04752343
5 0.68750000 0.73661312 0.13177711 0.24230254
5 0.19587726 0.73109103 0.00395331 0.00368139
5 0.14137801 0.68089023 0.12274096 0.25736278
3 0.71517319 0.48795181 0.05572289 0.05555556
5 0.20340738 0.48560910 0.03934488 0.11178046
2 0.77588479 0.59454485 0.02616717 0.04049531
2 0.33226657 0.48025435 0.00865964 0.02208835
2 0.51176581 0.49414324 0.00997741 0.02978581
