7 0.10457455 0.59939759 0.09770331 0.09772423
7 0.49190512 0.63738286 0.05685241 0.12617135
1 0.39561370 0.52610442 0.03633283 0.04350736
1 0.36304593 0.71301874 0.00131777 0.00970549
1 0.36285768 0.64374163 0.06080572 0.08467202
1 0.56362952 0.52342704 0.02597892 0.04417671
4 0.72411521 0.89675368 0.10448042 0.18908969
4 0.70849021 0.60391566 0.05026355 0.06459170
1 0.37415286 0.50853414 0.03181476 0.03580991
1 0.18674699 0.61228246 0.07266566 0.06392236
3 0.17347515 0.56894244 0.05440512 0.05957162
1 0.76110693 0.67570281 0.07228916 0.10307898
1 0.29875753 0.63671352 0.06739458 0.08534137
4 0.42479292 0.54400937 0.03294428 0.04718876
1 0.34807982 0.53413655 0.03765060 0.04618474
1 0.57031250 0.61278447 0.04386295 0.09705489
7 0.30958208 0.55605756 0.05214608 0.06258367
1 0.35570407 0.72791165 0.00470633 0.02141901
1 0.32266566 0.71536145 0.05873494 0.09002677
1 0.35956325 0.57161981 0.04480422 0.05153949
4 0.40690889 0.57730924 0.04348645 0.05622490
3 0.21630271 0.74129853 0.10278614 0.12382865
3 0.09789157 0.76271754 0.13177711 0.13386881
3 0.26261295 0.59872825 0.07040663 0.07496653
4 0.25207078 0.86127845 0.11106928 0.13821954
0 0.25800075 0.53012048 0.11351657 0.12182062
2 0.65606175 0.57864793 0.00865964 0.03078983
2 0.11549322 0.98795181 0.01600151 0.02342704
2 0.08490211 0.98276439 0.02108434 0.03380187
2 0.65502636 0.47958501 0.00922440 0.01807229
