7 0.48602431 0.32500000 0.02621528 0.04382716
7 0.19288194 0.52422840 0.09895833 0.12685185
7 0.53064236 0.47175926 0.04704861 0.10030864
1 0.54661458 0.39984568 0.03072917 0.04660494
4 0.25182292 0.46095679 0.05677083 0.06141975
1 0.36163194 0.40895062 0.03715278 0.05000000
4 0.06197917 0.70339506 0.12395833 0.13827160
1 0.70034722 0.76512346 0.12951389 0.26543210
1 0.27447917 0.56327160 0.08090278 0.10864198
1 0.66883681 0.52638889 0.06059028 0.08919753
4 0.53255208 0.64552469 0.06649306 0.13302469
1 0.29470486 0.41265432 0.04809028 0.06296296
1 0.33194444 0.36929012 0.02395833 0.04043210
1 0.31171875 0.38580247 0.03246528 0.03888889
1 0.56276042 0.42916667 0.03940972 0.06388889
1 0.58359375 0.47716049 0.04704861 0.08518519
1 0.16935764 0.78379630 0.14114583 0.17870370
1 0.57291667 0.39182099 0.04409722 0.04783951
3 0.90416667 0.88225309 0.19131944 0.23487654
4 0.39427083 0.33765432 0.02083333 0.03086420
2 0.54539931 0.33919753 0.00677083 0.01851852
2 0.51406250 0.41141975 0.01041667 0.02160494
2 0.72838542 0.70308642 0.02309028 0.05432099
2 0.74123264 0.67407407 0.00329861 0.00493827
2 0.41935764 0.39259259 0.00885417 0.02283951
2 0.37638889 0.34120370 0.00763889 0.01882716
2 0.37039931 0.35586420 0.00642361 0.02160494
2 0.62881944 0.51759259 0.01805556 0.03148148
2 0.35486111 0.37623457 0.00937500 0.01543210
2 0.67960069 0.60524691 0.01961806 0.05925926
2 0.49366319 0.46496914 0.01163194 0.03919753
2 0.56154514 0.35416667 0.00677083 0.02067901
2 0.63046875 0.58055556 0.01475694 0.04876543
2 0.31614583 0.45401235 0.00972222 0.02654321
2 0.65026042 0.41851852 0.00781250 0.01790123
2 0.61180556 0.42500000 0.01041667 0.02839506
