7 0.35000000 0.26041667 0.01562500 0.02361111
7 0.41171875 0.48263889 0.05312500 0.11527778
7 0.31210938 0.29166667 0.01796875 0.03611111
7 0.38828125 0.39513889 0.03437500 0.08750000
1 0.27656250 0.28750000 0.01562500 0.02222222
1 0.24648438 0.24236111 0.01015625 0.01250000
1 0.33710938 0.23750000 0.01171875 0.01111111
1 0.26992188 0.21736111 0.00859375 0.01527778
1 0.37304688 0.30277778 0.01953125 0.03055556
1 0.93164062 0.94583333 0.13515625 0.10555556
1 0.30195313 0.23472222 0.00859375 0.01944444
1 0.36562500 0.67847222 0.06562500 0.13750000
1 0.33515625 0.53541667 0.00781250 0.00694444
1 0.39375000 0.28819444 0.01562500 0.02083333
1 0.20781250 0.31319444 0.01875000 0.02638889
1 0.22929688 0.34791667 0.02421875 0.03194444
1 0.32656250 0.38194444 0.02812500 0.04444444
7 0.53398438 0.46250000 0.05703125 0.08611111
1 0.32109375 0.23819444 0.00937500 0.01527778
1 0.26445313 0.24444444 0.01015625 0.01388889
1 0.34257813 0.29722222 0.01796875 0.03055556
1 0.31054688 0.27152778 0.01484375 0.02083333
1 0.33398438 0.28333333 0.01328125 0.02222222
1 0.22734375 0.27500000 0.01562500 0.02222222
1 0.45703125 0.60416667 0.06406250 0.10833333
1 0.37500000 0.26944444 0.01406250 0.01944444
1 0.25117188 0.22916667 0.00859375 0.00833333
1 0.25820313 0.26319444 0.01328125 0.01805556
1 0.32929688 0.25972222 0.01171875 0.01944444
1 0.27695313 0.25138889 0.01171875 0.01666667
1 0.32500000 0.33680556 0.02031250 0.03194444
1 0.30820313 0.25625000 0.01328125 0.02083333
1 0.36132812 0.51041667 0.00703125 0.00138889
1 0.32460937 0.47708333 0.00078125 0.00694444
1 0.33789062 0.41944444 0.03515625 0.05833333
1 0.24414063 0.29583333 0.01640625 0.02222222
4 0.11381094 0.69444444 0.08906250 0.12222222
1 0.36875000 0.36111111 0.02031250 0.04444444
1 0.31093750 0.23402778 0.00625000 0.01527778
1 0.92968750 0.26875000 0.11406250 0.08750000
1 0.36250000 0.28888889 0.01562500 0.02777778
3 0.34492188 0.48958333 0.04140625 0.07916667
1 0.39882813 0.34652778 0.02578125 0.03472222
1 0.42109375 0.86944444 0.09062500 0.22777778
1 0.35585938 0.24583333 0.01171875 0.01388889
1 0.43203125 0.40000000 0.03437500 0.04444444
1 0.36484375 0.25486111 0.01250000 0.01805556
4 0.41445313 0.31983194 0.02109375 0.02777778
1 0.36484375 0.71527778 0.00468750 0.00277778
1 0.35507813 0.57013889 0.05390625 0.11250000
3 0.45820313 0.37500000 0.03359375 0.04722222
3 0.57851563 0.65069444 0.09609375 0.14861111
3 0.20312500 0.41180556 0.03750000 0.05694444
3 0.16250000 0.38541667 0.03906250 0.05138889
0 0.64140625 0.88194444 0.18593750 0.23333333
