7 0.44843750 0.63333333 0.08750000 0.23333333
1 0.28164063 0.19444444 0.01171875 0.01388889
1 0.35000000 0.19583333 0.01093750 0.01666667
3 0.28828125 0.24791667 0.02031250 0.02916667
1 0.78710938 0.68680556 0.12421875 0.18194444
1 0.43437500 0.23611111 0.01875000 0.02777778
1 0.44882813 0.41527778 0.04140625 0.06666667
1 0.17031250 0.60972222 0.08281250 0.11944444
1 0.30195313 0.35694444 0.03046875 0.04722222
1 0.30546875 0.18472222 0.00937500 0.01388889
1 0.31992188 0.21388889 0.01328125 0.01944444
4 0.52187500 0.35277778 0.03593750 0.04722222
1 0.40156250 0.23194444 0.01718750 0.02222222
1 0.36367188 0.24930556 0.01796875 0.03194444
1 0.37304688 0.30694444 0.02265625 0.04166667
1 0.50273437 0.39722222 0.04453125 0.07500000
1 0.39375000 0.18472222 0.01093750 0.01388889
7 0.32187500 0.18819444 0.01093750 0.02361111
5 0.31484375 0.25208333 0.02187500 0.04861111
5 0.36250000 0.17638889 0.00781250 0.02777778
