7 0.36501736 0.32479745 0.04861111 0.07783565
7 0.87141927 0.81438079 0.25672743 0.37065972
7 0.13020833 0.27387153 0.03211806 0.04369213
7 0.33387587 0.21614583 0.02235243 0.03009259
7 0.03797743 0.36617477 0.07595486 0.09346065
7 0.39995660 0.22699653 0.02560764 0.03616898
5 0.37217882 0.18880208 0.01432292 0.02922454
1 0.39333767 0.27560764 0.03884549 0.04427083
1 0.33897569 0.23885995 0.02994792 0.04079861
4 0.45279948 0.28935185 0.03493924 0.04340278
4 0.03276910 0.53428819 0.06553819 0.10503472
1 0.43923611 0.27083333 0.03298611 0.03472222
4 0.43723568 0.35112847 0.05208333 0.05353009
1 0.44802517 0.63657407 0.13042535 0.18750000
4 0.37586806 0.24218750 0.02517361 0.02777778
1 0.14767795 0.47685185 0.08441840 0.09432870
1 0.41959635 0.25173611 0.02061632 0.03009259
1 0.15125868 0.32146991 0.04991319 0.04629630
1 0.76812066 0.91608796 0.23632812 0.16724537
1 0.11132812 0.30049190 0.04470486 0.04369213
1 0.16124132 0.40205440 0.04817708 0.06221065
1 0.52799479 0.38556134 0.06987847 0.07089120
1 0.11078559 0.37413194 0.07400174 0.06770833
1 0.05772569 0.44444444 0.09852431 0.07870370
4 0.04069010 0.84447338 0.08138021 0.25202546
1 0.53125000 0.29181134 0.00868056 0.02170139
4 0.56608073 0.28486690 0.05013021 0.04253472
4 0.35731337 0.20760995 0.01801215 0.02459491
1 0.50672743 0.48003472 0.09809028 0.11168981
1 0.32812500 0.18952546 0.01605903 0.02083333
1 0.38530816 0.42201968 0.06966146 0.08015046
1 0.11827257 0.23234954 0.03168403 0.03067130
4 0.41623264 0.24016204 0.02604167 0.02835648
4 0.47753906 0.30888310 0.04709201 0.04832176
4 0.35210503 0.28443287 0.03233507 0.04629630
0 0.15776910 0.25506366 0.03255208 0.09346065
5 0.07411024 0.32783565 0.07660590 0.05729167
5 0.34168837 0.17664931 0.01540799 0.02285880
2 0.36718750 0.74869792 0.04340278 0.11371528
2 0.38932292 0.69401042 0.00694444 0.01128472
2 0.38216146 0.48668981 0.02604167 0.05150463
2 0.50094575 0.24974103 0.01345486 0.02372685
