7 0.48276749 0.37905093 0.01388889 0.02430556
7 0.52109053 0.49247685 0.03806584 0.06520062
1 0.45486111 0.47125772 0.02391975 0.03125000
1 0.37075617 0.37692901 0.01363169 0.01388889
1 0.32548868 0.41049383 0.01877572 0.02314815
1 0.36676955 0.35783179 0.00823045 0.01118827
1 0.12139918 0.47858796 0.03189300 0.03125000
1 0.37744342 0.36766975 0.01054527 0.01388889
1 0.26118827 0.38271605 0.01157407 0.01234568
4 0.48791152 0.60435957 0.04886831 0.06983025
1 0.49408436 0.46701389 0.02263374 0.03125000
1 0.36123971 0.36940586 0.01003086 0.01195988
1 0.44868827 0.43383488 0.01877572 0.02507716
1 0.36072531 0.38715278 0.01517490 0.02044753
1 0.34156379 0.37172068 0.01080247 0.01350309
1 0.49421296 0.41570216 0.01723251 0.02276235
1 0.46669239 0.51060957 0.03112140 0.04513889
1 0.51093107 0.43595679 0.02031893 0.02469136
1 0.54719650 0.47550154 0.02649177 0.03202160
3 0.56622942 0.58159722 0.05787037 0.08603395
5 0.43865741 0.40509259 0.01620370 0.03395062
2 0.67476852 0.60937500 0.01723251 0.04436728
2 0.18518519 0.53163580 0.01286008 0.02623457
2 0.63580247 0.53800154 0.01183128 0.02739198
