7 0.60746528 0.72530864 0.10243056 0.24814815
7 0.52248264 0.40462963 0.03836806 0.07777778
7 0.23046875 0.50154321 0.08246528 0.10925926
1 0.73958333 0.78688272 0.13819444 0.25339506
1 0.35520833 0.42962963 0.04027778 0.06234568
1 0.30416667 0.41959877 0.04722222 0.06265432
3 0.71510417 0.58703704 0.08923611 0.11296296
1 0.32482639 0.50046296 0.05520833 0.06574074
4 0.40321181 0.71743827 0.17447917 0.13919753
1 0.54236111 0.52947531 0.04826389 0.08981481
1 0.38732639 0.36929012 0.02847222 0.03611111
1 0.34036458 0.37870370 0.02378472 0.03827160
4 0.27326389 0.46342593 0.04375000 0.05833333
1 0.31883681 0.39398148 0.03246528 0.04043210
4 0.15998264 0.59259259 0.09913194 0.09567901
1 0.14782986 0.99151235 0.00052083 0.00092593
1 0.55156250 0.39120370 0.02569444 0.04969136
1 0.53828125 0.35987654 0.02274306 0.04320988
1 0.35338542 0.36188272 0.02656250 0.02932099
1 0.25659722 0.64151235 0.10138889 0.12129630
3 0.97942708 0.39737654 0.04079861 0.04598765
3 0.60295139 0.51049383 0.05694444 0.09444444
4 0.55928819 0.34814815 0.02378472 0.03271605
4 0.06987847 0.72947531 0.13975694 0.14413580
4 0.58342014 0.38317901 0.02864583 0.04043210
2 0.40625000 0.58564815 0.01354167 0.04351852
2 0.41519097 0.55077160 0.00399306 0.01203704
2 0.47977431 0.64938272 0.02135417 0.04876543
2 0.50277778 0.64583333 0.01423611 0.05154321
2 0.40399306 0.43379630 0.01111111 0.02808642
2 0.61961806 0.47330247 0.01111111 0.02993827
2 0.24366319 0.57222222 0.01753472 0.02283951
2 0.49314236 0.40478395 0.00815972 0.02808642
2 0.63802083 0.50308642 0.01319444 0.04135802
2 0.51032986 0.50740741 0.01232639 0.04135802
2 0.35685764 0.39135802 0.01059028 0.01481481
2 0.65026042 0.48070988 0.01093750 0.03672840
