1 0.690625 0.5 0.7046875 0.49843750000000003 0.7171875000000001 0.5046875000000001 0.7203125 0.4765625 0.7125 0.4578125 0.70625 0.453125 0.6921875000000001 0.453125 0.68125 0.46406250000000004 0.6796875 0.4859375 0.690625 0.5
1 0.8562500000000001 0.4609375 0.86875 0.46718750000000003 0.8921875 0.46718750000000003 0.89375 0.4453125 0.8796875000000001 0.42812500000000003 0.8625 0.42500000000000004 0.853125 0.434375 0.8515625 0.44843750000000004 0.8562500000000001 0.4609375
5 0.37031250000000004 0.6000000000000001 0.38593750000000004 0.5984375000000001 0.390625 0.55 0.38125000000000003 0.5328125 0.35781250000000003 0.5312500000000001 0.34687500000000004 0.5578125 0.3453125 0.5890625 0.37031250000000004 0.6000000000000001
5 0.22031250000000002 0.9953125 0.3125 0.9984375000000001 0.31875000000000003 0.99375 0.321875 0.9187500000000001 0.3140625 0.9031250000000001 0.28437500000000004 0.8984375 0.25 0.90625 0.22812500000000002 0.9265625000000001 0.23125 0.9453125 0.22031250000000002 0.9953125
5 0.340625 0.6640625 0.36250000000000004 0.675 0.37031250000000004 0.6578125 0.371875 0.6328125 0.371875 0.6156250000000001 0.36562500000000003 0.6015625 0.3453125 0.5921875000000001 0.33437500000000003 0.5953125 0.328125 0.6015625 0.3203125 0.628125 0.3171875 0.6609375000000001 0.340625 0.6640625
1 0.48750000000000004 0.4296875 0.5078125000000001 0.43125 0.5125000000000001 0.42031250000000003 0.509375 0.39375000000000004 0.5046875000000001 0.38906250000000003 0.49062500000000003 0.38906250000000003 0.4859375 0.3953125 0.48750000000000004 0.4296875
1 0.6546875000000001 0.415625 0.671875 0.415625 0.671875 0.38593750000000004 0.6546875000000001 0.3796875 0.6484375 0.3875 0.6468750000000001 0.4109375 0.6546875000000001 0.415625
5 0.2984375 0.775 0.3515625 0.7718750000000001 0.3609375 0.7171875000000001 0.3609375 0.6781250000000001 0.33906250000000004 0.665625 0.3125 0.6671875 0.30312500000000003 0.68125 0.29375 0.7390625000000001 0.29218750000000004 0.7625000000000001 0.2984375 0.775
2 0.3203125 0.5781250000000001 0.3254755434782609 0.5819972826086957 0.33125000000000004 0.5531250000000001 0.325 0.5328125 0.3203125 0.5390625000000001 0.31875000000000003 0.5578125 0.328125 0.5640625 0.31875000000000003 0.5687500000000001 0.3203125 0.5781250000000001
2 0.309375 0.59375 0.309375 0.5390625000000001 0.30312500000000003 0.5484375 0.30312500000000003 0.5859375000000001 0.309375 0.59375
4 0.846875 0.5828125000000001 0.8515625 0.6015625 0.8578125000000001 0.6015625 0.8656250000000001 0.5921875000000001 0.8796875000000001 0.5906250000000001 0.8921875 0.6078125000000001 0.9015625 0.5843750000000001 0.9015625 0.5593750000000001 0.8890625000000001 0.5484375 0.884375 0.5312500000000001 0.878125 0.525 0.8453125 0.5203125000000001 0.8265625000000001 0.5328125 0.8265625000000001 0.565625 0.846875 0.5828125000000001
4 0.4765625 0.7578125 0.47968750000000004 0.8828125 0.49062500000000003 0.878125 0.5125000000000001 0.884375 0.5281250000000001 0.8796875000000001 0.5468750000000001 0.8812500000000001 0.5515625000000001 0.86875 0.5515625000000001 0.821875 0.540625 0.7609375 0.5468750000000001 0.74375 0.5281250000000001 0.7265625 0.4890625 0.7265625 0.47187500000000004 0.74375 0.4765625 0.7578125
4 0.49062500000000003 0.4859375 0.4890625 0.43593750000000003 0.47968750000000004 0.4296875 0.46718750000000003 0.4296875 0.4609375 0.43593750000000003 0.4625 0.484375 0.49062500000000003 0.4859375
4 0.3515625 0.5015625 0.37031250000000004 0.5 0.38125000000000003 0.5125000000000001 0.38906250000000003 0.5046875000000001 0.39687500000000003 0.5046875000000001 0.403125 0.5109375 0.41718750000000004 0.496875 0.415625 0.47500000000000003 0.40468750000000003 0.4703125 0.39375000000000004 0.453125 0.3671875 0.453125 0.3484375 0.46875 0.34687500000000004 0.49531250000000004 0.3515625 0.5015625
4 0.7718750000000001 0.5890625 0.7828125 0.6000000000000001 0.7875000000000001 0.6171875 0.8078125 0.6125 0.8234375 0.6218750000000001 0.8343750000000001 0.6125 0.8343750000000001 0.5796875 0.8203125 0.565625 0.8187500000000001 0.5515625000000001 0.8093750000000001 0.5390625000000001 0.7781250000000001 0.5375000000000001 0.7625000000000001 0.5531250000000001 0.7609375 0.5906250000000001 0.7718750000000001 0.5890625
4 0.5312500000000001 0.6468750000000001 0.5640625 0.6421875 0.5734375 0.65 0.5781250000000001 0.640625 0.5781250000000001 0.6062500000000001 0.5703125000000001 0.5640625 0.5578125 0.5531250000000001 0.5437500000000001 0.5515625000000001 0.5265625 0.5609375000000001 0.525 0.6125 0.5312500000000001 0.6468750000000001
6 0.703125 0.6140625000000001 0.70625 0.634375 0.7515625 0.6296875000000001 0.7562500000000001 0.6203125 0.7562500000000001 0.55625 0.7515625 0.5484375 0.7375 0.540625 0.7046875 0.5421875 0.6875 0.5703125000000001 0.6875 0.603125 0.703125 0.6140625000000001
3 0.05 0.446875 0.05 0.42031250000000003 0.035937500000000004 0.4140625 0.029687500000000002 0.4234375 0.03125 0.4453125 0.05 0.446875
3 0.453125 0.5421875 0.45937500000000003 0.5312500000000001 0.4578125 0.5203125000000001 0.453125 0.51875 0.44843750000000004 0.5203125000000001 0.453125 0.5421875
3 0.453125 0.675 0.4578125 0.675 0.4625 0.6531250000000001 0.45937500000000003 0.6359375 0.45156250000000003 0.6312500000000001 0.44843750000000004 0.6609375000000001 0.453125 0.675
3 0.018750000000000003 0.446875 0.025 0.4375 0.021875000000000002 0.4140625 0.010937500000000001 0.42031250000000003 0.0078125 0.4421875 0.018750000000000003 0.446875
3 0.403125 0.571875 0.4078125 0.5390625000000001 0.40468750000000003 0.5296875000000001 0.39687500000000003 0.5312500000000001 0.3953125 0.5531250000000001 0.403125 0.571875
3 0.47187500000000004 0.5875 0.4765625 0.5875 0.47968750000000004 0.5578125 0.46875 0.5578125 0.46718750000000003 0.5781250000000001 0.47187500000000004 0.5875