8 0.7046875 0.35781250000000003 0.7125 0.37031250000000004 0.7468750000000001 0.37031250000000004 0.753125 0.359375 0.7484375000000001 0.2984375 0.7312500000000001 0.28437500000000004 0.71875 0.2828125 0.7000000000000001 0.28750000000000003 0.690625 0.3046875 0.6921875000000001 0.35000000000000003 0.7046875 0.35781250000000003
8 0.33437500000000003 0.49843750000000003 0.3765625 0.49375 0.3828125 0.4609375 0.3828125 0.40625 0.3765625 0.3921875 0.36875 0.3875 0.34375 0.390625 0.3328125 0.41718750000000004 0.3296875 0.4609375 0.33437500000000003 0.49843750000000003
1 0.6625000000000001 0.1640625 0.6734375 0.16718750000000002 0.6781250000000001 0.1640625 0.6781250000000001 0.15156250000000002 0.6671875 0.1453125 0.6625000000000001 0.15000000000000002 0.6625000000000001 0.1640625
1 0.8328125000000001 0.6015625 0.853125 0.6218750000000001 0.8578125000000001 0.6468750000000001 0.8640625000000001 0.6546875000000001 0.9046875000000001 0.6546875000000001 0.9421875000000001 0.6390625000000001 0.9390625 0.603125 0.9078125 0.55 0.8890625000000001 0.5328125 0.8375 0.5359375000000001 0.8140625 0.5468750000000001 0.815625 0.59375 0.8328125000000001 0.6015625
1 0.2015625 0.39687500000000003 0.21875 0.3984375 0.22968750000000002 0.40625 0.234375 0.4 0.2328125 0.390625 0.20625000000000002 0.37812500000000004 0.2 0.37812500000000004 0.2015625 0.39687500000000003
1 0.18906250000000002 0.3953125 0.18906250000000002 0.375 0.16718750000000002 0.37812500000000004 0.14375000000000002 0.39375000000000004 0.14375000000000002 0.42031250000000003 0.18906250000000002 0.3953125
1 0.4625 0.28750000000000003 0.4609375 0.25625000000000003 0.44375000000000003 0.2546875 0.4421875 0.28750000000000003 0.4625 0.28750000000000003
1 0.4375 0.2625 0.43593750000000003 0.2328125 0.421875 0.23593750000000002 0.421875 0.2625 0.4375 0.2625
1 0.634375 0.3953125 0.6359375 0.40625 0.6687500000000001 0.40468750000000003 0.671875 0.3765625 0.6609375000000001 0.34687500000000004 0.6546875000000001 0.34218750000000003 0.6375000000000001 0.34375 0.625 0.35781250000000003 0.6234375000000001 0.38125000000000003 0.634375 0.3953125
1 0.21250000000000002 0.4265625 0.2234375 0.43593750000000003 0.22968750000000002 0.42500000000000004 0.22812500000000002 0.40625 0.203125 0.39687500000000003 0.20468750000000002 0.42812500000000003 0.21250000000000002 0.4265625
1 0.14218750000000002 0.45 0.16875 0.453125 0.18281250000000002 0.44062500000000004 0.1921875 0.446875 0.18906250000000002 0.3953125 0.1546875 0.41718750000000004 0.14375000000000002 0.41875 0.1390625 0.42812500000000003 0.14218750000000002 0.45
1 0.4734375 0.2265625 0.4703125 0.2015625 0.465625 0.19843750000000002 0.45625000000000004 0.20468750000000002 0.45625000000000004 0.2265625 0.4734375 0.2265625
1 0.9234375 0.25625000000000003 0.9281250000000001 0.2625 0.95625 0.26093750000000004 0.95625 0.2390625 0.9421875000000001 0.22031250000000002 0.921875 0.21875 0.9078125 0.22812500000000002 0.9078125 0.2546875 0.9234375 0.25625000000000003
5 0.5109375 0.8734375000000001 0.5359375000000001 0.9625 0.5390625000000001 0.9953125 0.634375 0.9984375000000001 0.6390625000000001 0.9921875 0.6375000000000001 0.940625 0.6234375000000001 0.8859375 0.596875 0.8171875000000001 0.6046875 0.8031250000000001 0.59375 0.8 0.5828125000000001 0.7890625 0.5671875000000001 0.7859375000000001 0.5437500000000001 0.7875000000000001 0.5125000000000001 0.8031250000000001 0.5078125000000001 0.8078125 0.5109375 0.8734375000000001
5 0.6953125 0.28906250000000006 0.7312500000000001 0.27968750000000003 0.7312500000000001 0.2671875 0.71875 0.25 0.7078125000000001 0.25 0.696875 0.25781250000000006 0.6921875000000001 0.2625 0.6953125 0.28906250000000006
2 0.6625000000000001 0.465625 0.671875 0.45156250000000003 0.671875 0.42031250000000003 0.665625 0.40937500000000004 0.65625 0.4234375 0.65625 0.4625 0.6625000000000001 0.465625
2 0.19843750000000002 0.6171875 0.21250000000000002 0.6468750000000001 0.21406250000000002 0.5687500000000001 0.20468750000000002 0.5453125000000001 0.19843750000000002 0.5484375 0.1921875 0.5843750000000001 0.19843750000000002 0.6171875
2 0.23593750000000002 0.6359375 0.2421875 0.6265625 0.234375 0.6234375000000001 0.234375 0.61875 0.2421875 0.6185546875000001 0.2421875 0.5625000000000001 0.23593750000000002 0.540625 0.22968750000000002 0.5390625000000001 0.2265625 0.5437500000000001 0.225 0.5843750000000001 0.23593750000000002 0.6359375
4 0.78125 0.2484375 0.7984375 0.24531250000000002 0.8046875 0.25 0.8078125 0.2328125 0.7984375 0.2109375 0.7890625 0.20468750000000002 0.765625 0.209375 0.765625 0.240625 0.78125 0.2484375
4 0.9359375000000001 0.31562500000000004 0.9671875000000001 0.328125 0.9765625 0.3375 0.9953125 0.3328125 0.9984375000000001 0.28125000000000006 0.99375 0.27656250000000004 0.9734375000000001 0.2703125 0.9578125000000001 0.27187500000000003 0.9484375 0.28125000000000006 0.9343750000000001 0.28125000000000006 0.93125 0.2859375 0.9296875 0.309375 0.9359375000000001 0.31562500000000004
6 0.9421875000000001 0.2171875 0.9609375 0.24375000000000002 0.984375 0.24375000000000002 0.9906250000000001 0.2515625 0.9984375000000001 0.2515625 0.9984375000000001 0.13437500000000002 0.9109375000000001 0.1296875 0.9109375000000001 0.215625 0.9421875000000001 0.2171875
6 0.58125 0.30312500000000003 0.6062500000000001 0.30000000000000004 0.6125 0.296875 0.61875 0.275 0.6156250000000001 0.2015625 0.59375 0.18281250000000002 0.5781250000000001 0.1765625 0.5625000000000001 0.178125 0.5531250000000001 0.184375 0.5546875000000001 0.2625 0.58125 0.30312500000000003
4 0.503125 0.4234375 0.5109375 0.4703125 0.55 0.465625 0.5531250000000001 0.421875 0.5453125000000001 0.390625 0.5328125 0.38125000000000003 0.5078125000000001 0.38906250000000003 0.503125 0.39687500000000003 0.503125 0.4234375
6 0.6531250000000001 0.146875 0.6671875 0.1640625 0.675 0.1640625 0.6781250000000001 0.12187500000000001 0.6703125000000001 0.1046875 0.64375 0.10312500000000001 0.64375 0.146875 0.6531250000000001 0.146875
3 0.36250000000000004 0.38593750000000004 0.36562500000000003 0.3515625 0.3515625 0.34687500000000004 0.34687500000000004 0.35468750000000004 0.34687500000000004 0.3875 0.36250000000000004 0.38593750000000004
3 0.671875 0.48125 0.6765625000000001 0.4765625 0.671875 0.4453125 0.6578125 0.44375000000000003 0.6578125 0.46406250000000004 0.671875 0.48125
3 0.43593750000000003 0.321875 0.4375 0.30000000000000004 0.42812500000000003 0.30000000000000004 0.42812500000000003 0.3203125 0.43593750000000003 0.321875
3 0.36250000000000004 0.34218750000000003 0.35781250000000003 0.3125 0.3484375 0.3171875 0.35000000000000003 0.33906250000000004 0.36250000000000004 0.34218750000000003