4 0.8406250000000001 0.7562500000000001 0.8515625 0.7562500000000001 0.8703125 0.7781250000000001 0.8796875000000001 0.8140625 0.8953125000000001 0.8093750000000001 0.9421875000000001 0.8203125 0.9484375 0.8109375000000001 0.9609375 0.80625 0.9578125000000001 0.7937500000000001 0.9593750000000001 0.76875 0.9640625 0.7609375 0.9625 0.7109375 0.93125 0.6781250000000001 0.9140625 0.6671875 0.875 0.6687500000000001 0.8656250000000001 0.6734375 0.8546875 0.6890625 0.8390625 0.6937500000000001 0.8343750000000001 0.7000000000000001 0.8343750000000001 0.7468750000000001 0.8406250000000001 0.7562500000000001
1 0.5046875000000001 0.5062500000000001 0.5171875 0.5125000000000001 0.5203125000000001 0.4765625 0.5140625000000001 0.44062500000000004 0.49531250000000004 0.4375 0.4890625 0.44375000000000003 0.4890625 0.5109375 0.5046875000000001 0.5062500000000001
8 0.49375 0.4109375 0.49375 0.371875 0.484375 0.3640625 0.4734375 0.36875 0.47187500000000004 0.4078125 0.49375 0.4109375
5 0.353125 0.5906250000000001 0.371875 0.5921875000000001 0.37812500000000004 0.5781250000000001 0.38125000000000003 0.5390625000000001 0.37031250000000004 0.525 0.34687500000000004 0.5234375000000001 0.33437500000000003 0.55 0.33125000000000004 0.58125 0.353125 0.5906250000000001
1 0.44375000000000003 0.4421875 0.46875 0.4421875 0.46718750000000003 0.40625 0.4625 0.40156250000000004 0.44843750000000004 0.403125 0.44375000000000003 0.4078125 0.44375000000000003 0.4421875
1 0.7578125 0.5140625000000001 0.7828125 0.5140625000000001 0.7890625 0.51875 0.7921875 0.496875 0.7828125 0.4703125 0.759375 0.465625 0.74375 0.4765625 0.74375 0.5015625 0.7578125 0.5140625000000001
1 0.43593750000000003 0.34218750000000003 0.44062500000000004 0.340625 0.4390625 0.32343750000000004 0.43593750000000003 0.321875 0.43593750000000003 0.34218750000000003
5 0.35468750000000004 0.6703125000000001 0.3609375 0.6156250000000001 0.359375 0.6015625 0.3515625 0.5906250000000001 0.32343750000000004 0.5875 0.30781250000000004 0.6171875 0.30625 0.6546875000000001 0.35468750000000004 0.6703125000000001
5 0.20625000000000002 0.9953125 0.29375 0.9984375000000001 0.3046875 0.99375 0.3125 0.9359375000000001 0.3125 0.9140625 0.30625 0.8984375 0.259375 0.8953125000000001 0.23593750000000002 0.9031250000000001 0.2171875 0.9234375 0.22187500000000002 0.9343750000000001 0.20625000000000002 0.9953125
1 0.609375 0.47187500000000004 0.6390625000000001 0.4703125 0.6296875000000001 0.43125 0.609375 0.4296875 0.603125 0.4375 0.6015625 0.4609375 0.609375 0.47187500000000004
1 0.465625 0.5359375000000001 0.46718750000000003 0.4890625 0.453125 0.478125 0.44062500000000004 0.47968750000000004 0.43281250000000004 0.48750000000000004 0.434375 0.5328125 0.465625 0.5359375000000001
1 0.45937500000000003 0.790625 0.45937500000000003 0.8984375 0.46875 0.9031250000000001 0.5062500000000001 0.9 0.5218750000000001 0.9078125 0.5265625 0.890625 0.525 0.84375 0.5171875 0.7875000000000001 0.525 0.7781250000000001 0.5015625 0.765625 0.47187500000000004 0.765625 0.45625000000000004 0.7765625 0.453125 0.7859375000000001 0.45937500000000003 0.790625
1 0.6640625 0.4703125 0.6703125000000001 0.48125 0.6843750000000001 0.47500000000000003 0.7015625000000001 0.478125 0.7000000000000001 0.4421875 0.6921875000000001 0.4296875 0.6703125000000001 0.42812500000000003 0.6609375000000001 0.44062500000000004 0.659375 0.4703125 0.6640625 0.4703125
5 0.340625 0.7640625000000001 0.35000000000000003 0.7171875000000001 0.35000000000000003 0.671875 0.32656250000000003 0.659375 0.30312500000000003 0.659375 0.29218750000000004 0.6765625000000001 0.29375 0.6875 0.28437500000000004 0.7156250000000001 0.2859375 0.7671875 0.340625 0.7640625000000001
1 0.8031250000000001 0.4390625 0.8125 0.4390625 0.8140625 0.41875 0.8078125 0.4 0.7859375000000001 0.3921875 0.775 0.403125 0.7765625 0.421875 0.8031250000000001 0.4390625
4 0.8421875000000001 0.46718750000000003 0.8671875 0.48281250000000003 0.878125 0.48281250000000003 0.8812500000000001 0.434375 0.859375 0.4265625 0.8453125 0.43281250000000004 0.8406250000000001 0.4375 0.8421875000000001 0.46718750000000003
6 0.4765625 0.3140625 0.478125 0.2625 0.46406250000000004 0.26093750000000004 0.4625 0.31093750000000003 0.4765625 0.3140625
6 0.434375 0.36875 0.4375 0.325 0.434375 0.3203125 0.41875 0.321875 0.41718750000000004 0.36562500000000003 0.434375 0.36875
6 0.5765625000000001 0.37031250000000004 0.5875 0.37031250000000004 0.5921875000000001 0.36562500000000003 0.5921875000000001 0.328125 0.5796875 0.325 0.5750000000000001 0.3296875 0.5703125000000001 0.3640625 0.5765625000000001 0.37031250000000004
3 0.05625 0.44375000000000003 0.05625 0.4140625 0.05 0.4109375 0.043750000000000004 0.41718750000000004 0.0421875 0.4390625 0.05625 0.44375000000000003
3 0.42500000000000004 0.5609375000000001 0.42812500000000003 0.5312500000000001 0.42031250000000003 0.5296875000000001 0.41875 0.5484375 0.42500000000000004 0.5609375000000001
3 0.41875 0.8078125 0.42500000000000004 0.784375 0.4234375 0.7546875000000001 0.4140625 0.7515625 0.40937500000000004 0.759375 0.4078125 0.7796875000000001 0.41875 0.8078125
3 0.037500000000000006 0.4421875 0.0390625 0.4234375 0.0328125 0.40625 0.0234375 0.41875 0.0234375 0.44062500000000004 0.037500000000000006 0.4421875
3 0 0.43281250000000004 0 0.4578125 0.0171875 0.4625 0.021875000000000002 0.45625000000000004 0.0078125 0.42500000000000004 0.010937500000000001 0.43281250000000004 0 0.43281250000000004
3 0.38593750000000004 0.6531250000000001 0.3765625 0.6515625 0.37031250000000004 0.659375 0.371875 0.7000000000000001 0.3796875 0.7046875 0.38593750000000004 0.6859375000000001 0.38593750000000004 0.6531250000000001
3 0.421875 0.659375 0.4265625 0.6312500000000001 0.421875 0.6203125 0.415625 0.6234375000000001 0.4140625 0.6453125000000001 0.421875 0.659375
3 0.5671875000000001 0.3953125 0.5640625 0.39687500000000003 0.571875 0.403125 0.571875 0.39687500000000003 0.5671875000000001 0.3953125
3 0.571875 0.403125 0.5640625 0.4078125 0.5671875000000001 0.415625 0.571875 0.415625 0.571875 0.403125
3 0.34687500000000004 0.5078125000000001 0.3484375 0.484375 0.3328125 0.47968750000000004 0.328125 0.48281250000000003 0.32656250000000003 0.496875 0.34687500000000004 0.5078125000000001