8 0.7578125 0.41718750000000004 0.775 0.42031250000000003 0.775 0.37812500000000004 0.7671875 0.3671875 0.7562500000000001 0.36562500000000003 0.7546875000000001 0.4109375 0.7578125 0.41718750000000004
8 0.5078125000000001 0.5234375000000001 0.5109375 0.46406250000000004 0.5062500000000001 0.45156250000000003 0.47968750000000004 0.45 0.47500000000000003 0.4625 0.4765625 0.5265625 0.5078125000000001 0.5234375000000001
1 0.540625 0.7515625 0.540625 0.7703125000000001 0.55 0.7765625 0.5421875 0.7828125 0.5468750000000001 0.7859375000000001 0.55625 0.7703125000000001 0.58125 0.7703125000000001 0.5953125 0.78125 0.6015625 0.7640625000000001 0.6015625 0.6984375 0.5984375000000001 0.6734375 0.5859375000000001 0.6421875 0.5750000000000001 0.634375 0.5437500000000001 0.6375000000000001 0.5312500000000001 0.6703125000000001 0.5312500000000001 0.7296875 0.540625 0.7515625
5 0.3515625 0.5921875000000001 0.36875 0.5921875000000001 0.375 0.5750000000000001 0.375 0.5421875 0.37031250000000004 0.5312500000000001 0.35781250000000003 0.5218750000000001 0.34375 0.5234375000000001 0.3359375 0.534375 0.3296875 0.5640625 0.33125000000000004 0.5843750000000001 0.3515625 0.5921875000000001
1 0.8718750000000001 0.4890625 0.8765625 0.4765625 0.8765625 0.44375000000000003 0.8546875 0.44062500000000004 0.8421875000000001 0.453125 0.8421875000000001 0.4703125 0.8718750000000001 0.4890625
5 0.2828125 0.76875 0.3359375 0.7625000000000001 0.34375 0.7203125 0.3453125 0.675 0.3203125 0.6578125 0.2984375 0.659375 0.27968750000000003 0.7125 0.278125 0.759375 0.2828125 0.76875
1 0.4546875 0.6359375 0.4765625 0.628125 0.496875 0.634375 0.496875 0.5671875000000001 0.4859375 0.55625 0.45937500000000003 0.5578125 0.45156250000000003 0.5671875000000001 0.4546875 0.6359375
1 0.4375 0.7984375 0.4390625 0.9078125 0.4453125 0.9109375000000001 0.45156250000000003 0.90625 0.496875 0.9046875000000001 0.5046875000000001 0.909375 0.5078125000000001 0.8703125 0.5 0.7953125000000001 0.5078125000000001 0.7890625 0.5062500000000001 0.784375 0.48281250000000003 0.7703125000000001 0.45937500000000003 0.7703125000000001 0.4390625 0.78125 0.43281250000000004 0.7875000000000001 0.4375 0.7984375
5 0.2015625 0.99375 0.20625000000000002 0.9984375000000001 0.2984375 0.99375 0.309375 0.925 0.30312500000000003 0.9 0.275 0.89375 0.240625 0.9 0.21250000000000002 0.9234375 0.2171875 0.9375 0.2015625 0.99375
1 0.6984375 0.37812500000000004 0.70625 0.37812500000000004 0.7078125000000001 0.3484375 0.690625 0.3453125 0.6859375000000001 0.353125 0.6859375000000001 0.36875 0.6984375 0.37812500000000004
5 0.321875 0.6578125 0.328125 0.6640625 0.35000000000000003 0.6687500000000001 0.35625 0.6390625000000001 0.35625 0.603125 0.34687500000000004 0.5921875000000001 0.3296875 0.5843750000000001 0.31875000000000003 0.5875 0.30312500000000003 0.6265625 0.3015625 0.6578125 0.321875 0.6578125
1 0.6828125 0.4578125 0.703125 0.45937500000000003 0.7078125000000001 0.43281250000000004 0.7015625000000001 0.42031250000000003 0.6828125 0.41718750000000004 0.671875 0.4265625 0.671875 0.44843750000000004 0.6828125 0.4578125
2 0.328125 0.9953125 0.33437500000000003 0.9625 0.321875 0.9281250000000001 0.31562500000000004 0.93125 0.3140625 0.9500000000000001 0.30625 0.9609375 0.30312500000000003 0.9953125 0.328125 0.9953125
2 0.78125 0.7078125000000001 0.78125 0.7390625000000001 0.7859375000000001 0.7515625 0.790625 0.734375 0.7953125000000001 0.7312500000000001 0.80625 0.7359375 0.8015625000000001 0.7312500000000001 0.80625 0.72578125 0.8078125 0.7000000000000001 0.8015625000000001 0.68125 0.7953125000000001 0.6781250000000001 0.7921875 0.6828125 0.7921875 0.690625 0.78125 0.7078125000000001
4 0.61875 0.384375 0.6359375 0.384375 0.6375000000000001 0.3640625 0.6328125 0.353125 0.6171875 0.3515625 0.6125 0.35781250000000003 0.6125 0.3796875 0.61875 0.384375
6 0.8343750000000001 0.4234375 0.84375 0.41875 0.8578125000000001 0.421875 0.8640625000000001 0.4265625 0.8656250000000001 0.43593750000000003 0.875 0.4390625 0.8812500000000001 0.3375 0.8250000000000001 0.32656250000000003 0.821875 0.340625 0.8234375 0.41875 0.8343750000000001 0.4234375
6 0.6937500000000001 0.49531250000000004 0.6937500000000001 0.51875 0.70625 0.5234375000000001 0.7093750000000001 0.5375000000000001 0.734375 0.534375 0.74375 0.540625 0.7484375000000001 0.5312500000000001 0.75 0.45625000000000004 0.7203125 0.4421875 0.7109375 0.4421875 0.7078125000000001 0.446875 0.70625 0.478125 0.6937500000000001 0.49531250000000004
6 0.421875 0.44062500000000004 0.4296875 0.43593750000000003 0.4390625 0.44062500000000004 0.4390625 0.37031250000000004 0.42031250000000003 0.37031250000000004 0.415625 0.38593750000000004 0.415625 0.4375 0.421875 0.44062500000000004
6 0.4734375 0.3359375 0.4734375 0.27656250000000004 0.46875 0.2703125 0.4578125 0.2703125 0.4546875 0.3328125 0.4734375 0.3359375
3 0.309375 0.9984375000000001 0.31875000000000003 0.9984375000000001 0.32343750000000004 0.9906250000000001 0.328125 0.9984375000000001 0.3375 0.9984375000000001 0.340625 0.9734375000000001 0.33437500000000003 0.9625 0.328125 0.9875 0.309375 0.9984375000000001
3 0.38125000000000003 0.5296875000000001 0.3796875 0.534375 0.3902223926380369 0.5373849693251533 0.390625 0.5281250000000001 0.38125000000000003 0.5296875000000001
3 0.38906250000000003 0.5640625 0.39019886363636364 0.5379261363636364 0.3796875 0.5484375 0.38906250000000003 0.5640625
3 0.8031250000000001 0.7796875000000001 0.8093750000000001 0.7640625000000001 0.80625 0.734375 0.7984375 0.7296875 0.7875000000000001 0.734375 0.7828125 0.7515625 0.8031250000000001 0.7796875000000001
3 0.13593750000000002 0.43125 0.14375000000000002 0.4265625 0.14375000000000002 0.40937500000000004 0.1296875 0.40937500000000004 0.12812500000000002 0.4234375 0.13593750000000002 0.43125
3 0.6125 0.46406250000000004 0.6140625000000001 0.4453125 0.6046875 0.4421875 0.603125 0.45625000000000004 0.6125 0.46406250000000004
3 0.025 0.4421875 0.03125 0.4265625 0.029687500000000002 0.415625 0.0203125 0.4109375 0.004687500000000001 0.41718750000000004 0.004687500000000001 0.4375 0.025 0.4421875
3 0.4140625 0.6203125 0.41875 0.6218750000000001 0.421875 0.5859375000000001 0.4109375 0.5843750000000001 0.4109375 0.6062500000000001 0.4140625 0.6203125