8 0.5312500000000001 0.6468750000000001 0.5359375000000001 0.65625 0.5359375000000001 0.6984375 0.5468750000000001 0.7671875 0.55 0.7718750000000001 0.6078125000000001 0.7703125000000001 0.609375 0.6921875000000001 0.596875 0.6375000000000001 0.5843750000000001 0.6171875 0.55625 0.6156250000000001 0.5437500000000001 0.6218750000000001 0.5375000000000001 0.64375 0.5312500000000001 0.6468750000000001
1 0.7359375 0.5734375 0.76875 0.5750000000000001 0.7703125000000001 0.5453125000000001 0.7578125 0.5156250000000001 0.7328125000000001 0.5156250000000001 0.7203125 0.5296875000000001 0.7203125 0.55625 0.7359375 0.5734375
5 0.446875 0.946875 0.45937500000000003 0.953125 0.5171875 0.9515625000000001 0.5203125000000001 0.8812500000000001 0.5109375 0.8265625000000001 0.51875 0.8171875000000001 0.5 0.8015625000000001 0.453125 0.8046875 0.44062500000000004 0.8171875000000001 0.446875 0.946875
5 0.2109375 0.9984375000000001 0.30625 0.9984375000000001 0.31093750000000003 0.99375 0.3140625 0.925 0.30781250000000004 0.909375 0.2828125 0.9046875000000001 0.25 0.909375 0.21875 0.9343750000000001 0.2234375 0.946875 0.2109375 0.9984375000000001
1 0.46875 0.453125 0.46718750000000003 0.40625 0.45 0.40468750000000003 0.4453125 0.415625 0.4453125 0.45156250000000003 0.46875 0.453125
5 0.33125000000000004 0.6687500000000001 0.3515625 0.6796875 0.35781250000000003 0.6765625000000001 0.3640625 0.6265625 0.36250000000000004 0.6140625000000001 0.3515625 0.6000000000000001 0.325 0.6000000000000001 0.309375 0.6359375 0.30781250000000004 0.6687500000000001 0.33125000000000004 0.6687500000000001
5 0.35625 0.603125 0.3765625 0.6046875 0.3828125 0.5859375000000001 0.384375 0.5484375 0.36875 0.5328125 0.3484375 0.5359375000000001 0.340625 0.5484375 0.3375 0.5921875000000001 0.35625 0.603125
1 0.43593750000000003 0.5671875000000001 0.44843750000000004 0.571875 0.47187500000000004 0.565625 0.47500000000000003 0.5218750000000001 0.46406250000000004 0.5109375 0.4421875 0.5125000000000001 0.43593750000000003 0.5203125000000001 0.43593750000000003 0.5671875000000001
1 0.640625 0.5312500000000001 0.6640625 0.5281250000000001 0.671875 0.5328125 0.675 0.509375 0.6687500000000001 0.47968750000000004 0.6609375000000001 0.4734375 0.6421875 0.4734375 0.6328125 0.48125 0.6296875000000001 0.5156250000000001 0.640625 0.5312500000000001
5 0.29218750000000004 0.7796875000000001 0.34375 0.775 0.35468750000000004 0.6843750000000001 0.3328125 0.6703125000000001 0.309375 0.6703125000000001 0.29531250000000003 0.6859375000000001 0.28750000000000003 0.728125 0.2859375 0.76875 0.29218750000000004 0.7796875000000001
4 0.48125 0.659375 0.49843750000000003 0.665625 0.5015625 0.6328125 0.496875 0.5890625 0.5015625 0.58125 0.49531250000000004 0.5796875 0.4890625 0.5687500000000001 0.45937500000000003 0.5703125000000001 0.45156250000000003 0.58125 0.453125 0.6687500000000001 0.48125 0.659375
6 0.6328125 0.4546875 0.6640625 0.45937500000000003 0.6703125000000001 0.4578125 0.671725 0.4550125000000001 0.6687593749999999 0.44611562500000007 0.6677718750000001 0.4184328125000001 0.6697484375000001 0.39668125000000004 0.6657953125 0.38877187500000004 0.6468750000000001 0.371875 0.6359375 0.37343750000000003 0.6265625 0.38125000000000003 0.625 0.44062500000000004 0.6328125 0.4546875
6 0.6328125 0.4546875 0.640625 0.4578125 0.6703125000000001 0.45625000000000004 0.6703125000000001 0.3953125 0.6468750000000001 0.371875 0.6390625000000001 0.371875 0.6265625 0.38125000000000003 0.625 0.4421875 0.6328125 0.4546875
3 0 0.45156250000000003 0.010937500000000001 0.45156250000000003 0.0171875 0.4453125 0.015625 0.43281250000000004 0.0078125 0.42031250000000003 0.004687500000000001 0.421875 0 0.4265625 0 0.45156250000000003
3 0.0421875 0.45156250000000003 0.040625 0.42500000000000004 0.0328125 0.421875 0.0234375 0.43125 0.021875000000000002 0.45 0.0421875 0.45156250000000003