1 0.6640625 0.7234375000000001 0.6671875 0.7406250000000001 0.7171875000000001 0.7406250000000001 0.7203125 0.7109375 0.7000000000000001 0.6531250000000001 0.6703125000000001 0.65 0.65 0.6640625 0.6484375 0.6984375 0.6640625 0.7234375000000001
5 0.3140625 0.7078125000000001 0.359375 0.70625 0.36875 0.6671875 0.36875 0.6265625 0.35000000000000003 0.6125 0.32656250000000003 0.6140625000000001 0.31875000000000003 0.625 0.309375 0.6609375000000001 0.30781250000000004 0.6953125 0.3140625 0.7078125000000001
1 0.7359375 0.540625 0.7484375000000001 0.5218750000000001 0.76875 0.51875 0.76875 0.5 0.7578125 0.484375 0.7328125000000001 0.484375 0.7203125 0.5 0.71875 0.5265625 0.7359375 0.540625
5 0.3796875 0.5859375000000001 0.384375 0.534375 0.36875 0.5203125000000001 0.35781250000000003 0.51875 0.3453125 0.5312500000000001 0.340625 0.5578125 0.340625 0.5875 0.3796875 0.5859375000000001
1 0.5984375000000001 0.41250000000000003 0.6015625 0.3984375 0.596875 0.3828125 0.5843750000000001 0.38125000000000003 0.5781250000000001 0.3875 0.5796875 0.4140625 0.5984375000000001 0.41250000000000003
5 0.46718750000000003 0.571875 0.4703125 0.51875 0.4578125 0.5062500000000001 0.4421875 0.5062500000000001 0.43125 0.5203125000000001 0.43125 0.5687500000000001 0.46718750000000003 0.571875
5 0.33437500000000003 0.8812500000000001 0.34687500000000004 0.8109375000000001 0.34687500000000004 0.7640625000000001 0.32656250000000003 0.753125 0.28906250000000006 0.7546875000000001 0.27656250000000004 0.76875 0.275 0.7921875 0.26562500000000006 0.8109375000000001 0.26562500000000006 0.8875000000000001 0.33437500000000003 0.8812500000000001
4 0.40156250000000004 0.6640625 0.39375000000000004 0.7125 0.3953125 0.7515625 0.4375 0.7468750000000001 0.45 0.753125 0.45156250000000003 0.6640625 0.45625000000000004 0.6531250000000001 0.4375 0.6390625000000001 0.4109375 0.640625 0.3953125 0.6531250000000001 0.39375000000000004 0.6578125 0.40156250000000004 0.6640625
4 0.75 0.5234375000000001 0.76875 0.5203125000000001 0.7703125000000001 0.5109375 0.765625 0.4921875 0.7562500000000001 0.484375 0.7328125000000001 0.484375 0.7203125 0.5 0.721875 0.5648437500000001 0.7310199386503068 0.5640816717791411 0.7421875 0.5328125 0.75 0.5234375000000001
4 0.6078125000000001 0.403125 0.6125 0.40937500000000004 0.6328125 0.4109375 0.634375 0.38593750000000004 0.628125 0.371875 0.6125 0.371875 0.6062500000000001 0.3828125 0.6078125000000001 0.403125
4 0.675 0.5531250000000001 0.6796875 0.5687500000000001 0.6937500000000001 0.565625 0.7171875000000001 0.5703125000000001 0.7203125 0.534375 0.7093750000000001 0.51875 0.70625 0.503125 0.6765625000000001 0.49843750000000003 0.6640625 0.5125000000000001 0.6640625 0.5453125000000001 0.675 0.5531250000000001
6 0.8406250000000001 0.421875 0.8453125 0.4265625 0.8578125000000001 0.421875 0.8718750000000001 0.44062500000000004 0.878125 0.434375 0.890625 0.4390625 0.8984375 0.38906250000000003 0.8968750000000001 0.35625 0.859375 0.34375 0.8375 0.34218750000000003 0.8328125000000001 0.35781250000000003 0.83125 0.40468750000000003 0.8406250000000001 0.421875
6 0.4734375 0.41875 0.47500000000000003 0.36250000000000004 0.465625 0.35468750000000004 0.453125 0.35781250000000003 0.453125 0.41718750000000004 0.4734375 0.41875
6 0.7312500000000001 0.6703125000000001 0.7390625000000001 0.6937500000000001 0.7625000000000001 0.7171875000000001 0.7671875 0.7468750000000001 0.7796875000000001 0.7562500000000001 0.7890625 0.7765625 0.8125 0.7828125 0.8234375 0.8109375000000001 0.8734375000000001 0.8859375 0.8796875000000001 0.9343750000000001 0.8875000000000001 0.946875 0.9015625 0.9515625000000001 0.909375 0.9875 0.9343750000000001 0.9984375000000001 0.99375 0.9984375000000001 0.9984375000000001 0.9875 0.9984375000000001 0.6171875 0.846875 0.5046875000000001 0.7781250000000001 0.5062500000000001 0.7703125000000001 0.5234375000000001 0.7515625 0.525 0.7406250000000001 0.540625 0.7312500000000001 0.5734375 0.7312500000000001 0.6703125000000001
4 0.6781250000000001 0.4109375 0.6781250000000001 0.43281250000000004 0.6890625 0.44375000000000003 0.703125 0.4421875 0.7093750000000001 0.446875 0.7203125 0.42031250000000003 0.721875 0.35781250000000003 0.7156250000000001 0.3484375 0.703125 0.34375 0.6859375000000001 0.3453125 0.6796875 0.35468750000000004 0.6828125 0.40468750000000003 0.6781250000000001 0.4109375
3 0.05 0.4421875 0.051562500000000004 0.41875 0.0390625 0.4078125 0.03125 0.4140625 0.029687500000000002 0.4390625 0.05 0.4421875
3 0.65625 0.47187500000000004 0.659375 0.44843750000000004 0.6484375 0.45 0.6468750000000001 0.4625 0.65625 0.47187500000000004
3 0.0203125 0.44062500000000004 0.025 0.43125 0.021875000000000002 0.4140625 0.0140625 0.40937500000000004 0.0078125 0.415625 0.00625 0.4390625 0.0203125 0.44062500000000004
3 0.403125 0.978125 0.4078125 0.9968750000000001 0.41875 0.9984375000000001 0.42500000000000004 0.971875 0.42812500000000003 0.8984375 0.40625 0.8984375 0.40156250000000004 0.9031250000000001 0.403125 0.978125