8 0.8796875000000001 0.3609375 0.8796875000000001 0.33125000000000004 0.8671875 0.325 0.8562500000000001 0.325 0.8515625 0.33125000000000004 0.8515625 0.35468750000000004 0.8796875000000001 0.3609375
8 0.8562500000000001 0.46718750000000003 0.8765625 0.47187500000000004 0.8812500000000001 0.46406250000000004 0.8812500000000001 0.4421875 0.8718750000000001 0.4140625 0.846875 0.4 0.8265625000000001 0.40468750000000003 0.8250000000000001 0.44843750000000004 0.8562500000000001 0.46718750000000003
1 0.41250000000000003 0.6125 0.40937500000000004 0.675 0.44375000000000003 0.671875 0.45625000000000004 0.6765625000000001 0.4609375 0.6046875 0.4421875 0.5921875000000001 0.41875 0.59375 0.4078125 0.6046875 0.41250000000000003 0.6125
1 0.796875 0.38906250000000003 0.80625 0.38593750000000004 0.8078125 0.375 0.7984375 0.3609375 0.784375 0.35781250000000003 0.7781250000000001 0.36250000000000004 0.7781250000000001 0.3828125 0.796875 0.38906250000000003
5 0.2109375 0.9968750000000001 0.30000000000000004 0.9984375000000001 0.3171875 0.9750000000000001 0.3203125 0.909375 0.31562500000000004 0.8953125000000001 0.309375 0.8890625000000001 0.290625 0.8859375 0.25625000000000003 0.890625 0.246875 0.89375 0.225 0.9140625 0.22812500000000002 0.93125 0.2109375 0.9968750000000001
5 0.36250000000000004 0.6609375000000001 0.36875 0.6015625 0.36562500000000003 0.5921875000000001 0.35468750000000004 0.5828125000000001 0.33437500000000003 0.5796875 0.325 0.5875 0.31562500000000004 0.6140625000000001 0.3125 0.6484375 0.36250000000000004 0.6609375000000001
5 0.36250000000000004 0.5859375000000001 0.3828125 0.5843750000000001 0.38906250000000003 0.5312500000000001 0.371875 0.5171875 0.35468750000000004 0.5171875 0.3453125 0.5328125 0.34218750000000003 0.5765625000000001 0.36250000000000004 0.5859375000000001
1 0.634375 0.38593750000000004 0.6531250000000001 0.38593750000000004 0.6515625 0.35625 0.6359375 0.3484375 0.628125 0.35781250000000003 0.628125 0.38125000000000003 0.634375 0.38593750000000004
5 0.296875 0.7625000000000001 0.3484375 0.7546875000000001 0.35625 0.7140625 0.35625 0.6640625 0.3359375 0.6531250000000001 0.31093750000000003 0.6531250000000001 0.3015625 0.6671875 0.29218750000000004 0.70625 0.290625 0.753125 0.296875 0.7625000000000001
1 0.534375 0.6312500000000001 0.5609375000000001 0.628125 0.5765625000000001 0.6328125 0.5765625000000001 0.5921875000000001 0.5671875000000001 0.5609375000000001 0.5593750000000001 0.5515625000000001 0.5437500000000001 0.5515625000000001 0.5312500000000001 0.5609375000000001 0.5281250000000001 0.6062500000000001 0.534375 0.6312500000000001
2 0.3484375 0.8171875000000001 0.340625 0.821875 0.34218750000000003 0.8250000000000001 0.35468750000000004 0.8140625 0.36250000000000004 0.828125 0.3671875 0.8250000000000001 0.36250000000000004 0.8187500000000001 0.36875 0.8151046875000001 0.36562500000000003 0.7859375000000001 0.3609375 0.775 0.3515625 0.7718750000000001 0.359375 0.7640625000000001 0.35625 0.759375 0.3515625 0.7625000000000001 0.34218750000000003 0.7984375 0.340625 0.8093750000000001 0.3484375 0.8171875000000001
4 0.634375 0.38593750000000004 0.6515625 0.38593750000000004 0.65 0.35625 0.6421875 0.35000000000000003 0.6296875000000001 0.353125 0.628125 0.38125000000000003 0.634375 0.38593750000000004
4 0.625 0.49531250000000004 0.6265625 0.5062500000000001 0.6359375 0.5 0.65625 0.5046875000000001 0.659375 0.4734375 0.65 0.44843750000000004 0.6296875000000001 0.44375000000000003 0.6171875 0.453125 0.6156250000000001 0.4890625 0.625 0.49531250000000004
0 0.48125 0.5640625 0.503125 0.5687500000000001 0.5046875000000001 0.4734375 0.49531250000000004 0.4296875 0.4734375 0.41718750000000004 0.45937500000000003 0.42031250000000003 0.45156250000000003 0.43125 0.45156250000000003 0.5671875000000001 0.48125 0.5640625
6 0.45156250000000003 0.42500000000000004 0.4578125 0.41875 0.4578125 0.3609375 0.45 0.35468750000000004 0.43593750000000003 0.35781250000000003 0.434375 0.421875 0.45156250000000003 0.42500000000000004
6 0.7390625000000001 0.5484375 0.7453125 0.5750000000000001 0.765625 0.5906250000000001 0.76875 0.6078125000000001 0.784375 0.6265625 0.8031250000000001 0.6328125 0.8125 0.6218750000000001 0.8234375 0.6203125 0.8406250000000001 0.628125 0.8515625 0.5906250000000001 0.859375 0.5796875 0.8609375 0.5125000000000001 0.80625 0.47500000000000003 0.7984375 0.4625 0.7546875000000001 0.45937500000000003 0.7359375 0.4703125 0.7406250000000001 0.49531250000000004 0.7390625000000001 0.5484375
6 0.484375 0.7578125 0.4859375 0.8671875 0.49375 0.8734375000000001 0.5515625000000001 0.8718750000000001 0.55625 0.853125 0.55625 0.7828125 0.5546875000000001 0.7312500000000001 0.5468750000000001 0.6953125 0.49375 0.6921875000000001 0.48750000000000004 0.6953125 0.484375 0.7046875 0.47968750000000004 0.74375 0.484375 0.7578125
6 0.8140625 0.4234375 0.8234375 0.42031250000000003 0.8296875 0.4 0.84375 0.39687500000000003 0.84375 0.37343750000000003 0.83125 0.3640625 0.8109375000000001 0.36562500000000003 0.8093750000000001 0.3984375 0.8140625 0.4234375
3 0.004687500000000001 0.434375 0.0140625 0.434375 0.015625 0.403125 0.0078125 0.403125 0.003125 0.4109375 0.0015625 0.4296875 0.004687500000000001 0.434375
3 0.045312500000000006 0.434375 0.046875 0.40937500000000004 0.0421875 0.403125 0.034375 0.40468750000000003 0.0328125 0.43125 0.045312500000000006 0.434375
3 0.03125 0.434375 0.034375 0.415625 0.026562500000000003 0.40468750000000003 0.0328125 0.4 0.0203125 0.40625 0.0203125 0.42812500000000003 0.03125 0.434375
3 0.36250000000000004 0.8640625000000001 0.36562500000000003 0.8203125 0.35781250000000003 0.8093750000000001 0.3453125 0.8171875000000001 0.34375 0.8625 0.35168504901960784 0.8874387254901962 0.35781250000000003 0.884375 0.36250000000000004 0.8640625000000001