8 0.4421875 0.7578125 0.4421875 0.6453125000000001 0.45 0.6359375 0.44062500000000004 0.6296875000000001 0.434375 0.6078125000000001 0.403125 0.6078125000000001 0.3953125 0.6125 0.3828125 0.6828125 0.3828125 0.7578125 0.4421875 0.7578125
5 0.36875 0.6015625 0.3828125 0.5984375000000001 0.390625 0.5734375 0.390625 0.55 0.3796875 0.5328125 0.359375 0.5312500000000001 0.34687500000000004 0.5515625000000001 0.34375 0.5890625 0.36875 0.6015625
1 0.8171875000000001 0.4375 0.821875 0.4453125 0.8375 0.44375000000000003 0.84375 0.45 0.846875 0.4265625 0.8359375 0.40625 0.8187500000000001 0.4 0.80625 0.40468750000000003 0.80625 0.4375 0.8171875000000001 0.4375
5 0.35000000000000003 0.7718750000000001 0.35781250000000003 0.7328125000000001 0.359375 0.68125 0.33906250000000004 0.6687500000000001 0.3125 0.6687500000000001 0.3046875 0.6796875 0.29375 0.721875 0.29531250000000003 0.775 0.35000000000000003 0.7718750000000001
5 0.33906250000000004 0.6671875 0.36250000000000004 0.6765625000000001 0.36875 0.6546875000000001 0.36875 0.6109375 0.3640625 0.6046875 0.35468750000000004 0.596875 0.3375 0.59375 0.328125 0.6015625 0.31875000000000003 0.6234375000000001 0.31562500000000004 0.665625 0.33906250000000004 0.6671875
1 0.6390625000000001 0.403125 0.65625 0.40156250000000004 0.65625 0.37343750000000003 0.65 0.36875 0.634375 0.371875 0.6328125 0.3984375 0.6390625000000001 0.403125
5 0.215625 0.9984375000000001 0.31562500000000004 0.9984375000000001 0.321875 0.9234375 0.31093750000000003 0.9046875000000001 0.27968750000000003 0.9015625 0.25 0.9078125 0.240625 0.9203125000000001 0.2265625 0.9281250000000001 0.22812500000000002 0.9515625000000001 0.215625 0.9984375000000001
5 0.675 0.5 0.6937500000000001 0.5 0.7015625000000001 0.5046875000000001 0.7046875 0.5015625 0.70625 0.48125 0.6937500000000001 0.453125 0.68125 0.45156250000000003 0.6640625 0.46718750000000003 0.6640625 0.48750000000000004 0.675 0.5
5 0.49375 0.5171875 0.49375 0.47500000000000003 0.47968750000000004 0.4625 0.4625 0.4734375 0.46406250000000004 0.5156250000000001 0.49375 0.5171875
5 0.5359375000000001 0.8500000000000001 0.5421875 0.821875 0.5421875 0.775 0.5375000000000001 0.7578125 0.5421875 0.74375 0.5203125000000001 0.7296875 0.4921875 0.7296875 0.4765625 0.7421875 0.4765625 0.846875 0.5359375000000001 0.8500000000000001
2 0.3328125 0.51875 0.3375 0.5281250000000001 0.3328125 0.5140625000000001 0.3375 0.5114578125000001 0.3375 0.4864578125000001 0.3327703421783462 0.4848816540309339 0.32656250000000003 0.49375 0.325 0.509375 0.33125000000000004 0.5125000000000001 0.325 0.51875 0.3328125 0.51875
2 0.09062500000000001 0.9984375000000001 0.09531250000000001 0.9859375 0.0765625 0.940625 0.07031250000000001 0.9437500000000001 0.06406250000000001 0.9656250000000001 0.06406250000000001 0.9968750000000001 0.09062500000000001 0.9984375000000001
2 0.24375000000000002 0.6984375 0.24375000000000002 0.6765625000000001 0.2515625 0.665625 0.25 0.6296875000000001 0.2421875 0.6156250000000001 0.234375 0.6218750000000001 0.234375 0.6687500000000001 0.24375000000000002 0.6984375
2 0.1640625 0.8718750000000001 0.16718750000000002 0.9203125000000001 0.17343750000000002 0.921875 0.17343750000000002 0.878125 0.178125 0.86875 0.18125000000000002 0.821875 0.171875 0.7921875 0.1625 0.8031250000000001 0.15781250000000002 0.8578125000000001 0.1640625 0.8718750000000001
6 0.7000000000000001 0.5390625000000001 0.7000000000000001 0.55625 0.70625 0.5625000000000001 0.7093750000000001 0.640625 0.728125 0.6578125 0.734375 0.6890625 0.7390625000000001 0.6937500000000001 0.7625000000000001 0.6937500000000001 0.7671875 0.721875 0.8046875 0.7781250000000001 0.8078125 0.8109375000000001 0.8250000000000001 0.828125 0.828125 0.8453125 0.8359375 0.853125 0.846875 0.853125 0.8609375 0.8328125000000001 0.8734375000000001 0.8328125000000001 0.8859375 0.8453125 0.9421875000000001 0.8406250000000001 0.95625 0.8 0.9593750000000001 0.61875 0.9500000000000001 0.6156250000000001 0.8609375 0.5390625000000001 0.7859375000000001 0.5421875 0.78125 0.6015625 0.7734375 0.603125 0.7734375 0.5484375 0.765625 0.5046875000000001 0.71875 0.5046875000000001 0.7109375 0.5312500000000001 0.7000000000000001 0.5390625000000001
6 0.76875 0.496875 0.7718750000000001 0.5265625 0.7875000000000001 0.5375000000000001 0.8265625000000001 0.534375 0.828125 0.4546875 0.8031250000000001 0.44843750000000004 0.7859375000000001 0.45 0.7796875000000001 0.4578125 0.7781250000000001 0.484375 0.76875 0.496875
3 0.390625 0.5421875 0.39375000000000004 0.5015625 0.3796875 0.5046875000000001 0.3796875 0.5312500000000001 0.390625 0.5421875