6 0.796875 0.2328125 0.83125 0.22187500000000002 0.8234375 0.178125 0.8140625 0.171875 0.790625 0.17500000000000002 0.790625 0.22812500000000002 0.796875 0.2328125
8 0.3796875 0.465625 0.3921875 0.43125 0.3828125 0.36875 0.3515625 0.36875 0.3375 0.3953125 0.3375 0.465625 0.3796875 0.465625
1 0.4296875 0.29218750000000004 0.453125 0.29375 0.45156250000000003 0.25312500000000004 0.4453125 0.2484375 0.434375 0.25 0.42812500000000003 0.25625000000000003 0.4296875 0.29218750000000004
1 0.49062500000000003 0.609375 0.49375 0.5796875 0.4859375 0.5218750000000001 0.478125 0.5140625000000001 0.4609375 0.5125000000000001 0.44375000000000003 0.51875 0.434375 0.5281250000000001 0.4421875 0.6171875 0.49062500000000003 0.609375
1 0.2015625 0.421875 0.20625000000000002 0.42812500000000003 0.21250000000000002 0.421875 0.22187500000000002 0.43125 0.22812500000000002 0.42500000000000004 0.22812500000000002 0.3984375 0.215625 0.38906250000000003 0.2 0.39375000000000004 0.2015625 0.421875
1 0.1609375 0.4421875 0.1703125 0.44375000000000003 0.18125000000000002 0.43281250000000004 0.1921875 0.44062500000000004 0.1875 0.38906250000000003 0.1546875 0.4109375 0.153125 0.4265625 0.1609375 0.4421875
1 0.215625 0.38906250000000003 0.2265625 0.39687500000000003 0.2328125 0.39375000000000004 0.22812500000000002 0.38125000000000003 0.2015625 0.371875 0.2015625 0.39375000000000004 0.215625 0.38906250000000003
1 0.15781250000000002 0.4078125 0.18906250000000002 0.38906250000000003 0.18906250000000002 0.36875 0.1703125 0.36875 0.15156250000000002 0.3828125 0.146875 0.390625 0.15781250000000002 0.4078125
1 0.49531250000000004 0.2984375 0.49843750000000003 0.28906250000000006 0.49375 0.26093750000000004 0.478125 0.26093750000000004 0.47500000000000003 0.2671875 0.47500000000000003 0.2984375 0.49531250000000004 0.2984375
1 0.42500000000000004 0.43125 0.45625000000000004 0.4296875 0.4578125 0.37812500000000004 0.4453125 0.36875 0.43125 0.37031250000000004 0.4234375 0.3765625 0.42031250000000003 0.3875 0.42500000000000004 0.43125
1 0.3375 0.7171875000000001 0.3453125 0.7234375000000001 0.3375 0.7828125 0.33906250000000004 0.8265625000000001 0.3453125 0.8421875000000001 0.3640625 0.828125 0.40937500000000004 0.8250000000000001 0.415625 0.7765625 0.415625 0.6953125 0.38906250000000003 0.6843750000000001 0.35781250000000003 0.690625 0.35000000000000003 0.696875 0.3375 0.7109375 0.3375 0.7171875000000001
2 0.05 0.9984375000000001 0.053125000000000006 0.9750000000000001 0.045312500000000006 0.9437500000000001 0.035937500000000004 0.9296875 0.034375 0.9078125 0.028125 0.9046875000000001 0.021875000000000002 0.9140625 0.021875000000000002 0.9953125 0.05 0.9984375000000001
2 0.45156250000000003 0.7718750000000001 0.453125 0.7765625 0.465625 0.7734375 0.4734375 0.7859375000000001 0.47500000000000003 0.734375 0.46406250000000004 0.71875 0.4625 0.7046875 0.4546875 0.70625 0.4453125 0.7375 0.45156250000000003 0.7718750000000001
4 0.6828125 0.4296875 0.6875 0.44375000000000003 0.696875 0.4390625 0.71875 0.4390625 0.7312500000000001 0.42812500000000003 0.7328125000000001 0.40468750000000003 0.7203125 0.3921875 0.7093750000000001 0.36250000000000004 0.6828125 0.3640625 0.6671875 0.38125000000000003 0.6671875 0.415625 0.6828125 0.4296875
4 0.49375 0.384375 0.5125000000000001 0.3796875 0.525 0.3828125 0.5281250000000001 0.35625 0.51875 0.321875 0.5078125000000001 0.3171875 0.49375 0.321875 0.49062500000000003 0.328125 0.4890625 0.359375 0.49375 0.384375
6 0.9125000000000001 0.2171875 0.9359375000000001 0.22031250000000002 0.9484375 0.234375 0.9671875000000001 0.2390625 0.971875 0.22031250000000002 0.9828125000000001 0.20625000000000002 0.9828125000000001 0.19062500000000002 0.9906250000000001 0.19062500000000002 0.9968750000000001 0.178125 0.9875 0.17500000000000002 0.9875 0.15937500000000002 0.9906250000000001 0.15156250000000002 0.9984375000000001 0.15156250000000002 0.9984375000000001 0.1296875 0.9187500000000001 0.12187500000000001 0.9109375000000001 0.125 0.909375 0.21250000000000002 0.9125000000000001 0.2171875
6 0.46718750000000003 0.25781250000000006 0.47187500000000004 0.259375 0.4890625 0.25 0.4859375 0.203125 0.47968750000000004 0.19687500000000002 0.465625 0.19843750000000002 0.46406250000000004 0.234375 0.46718750000000003 0.25781250000000006
4 0.6171875 0.8890625000000001 0.625 0.953125 0.6453125000000001 0.9734375000000001 0.671875 0.9750000000000001 0.6921875000000001 0.971875 0.721875 0.9578125000000001 0.728125 0.9203125000000001 0.7234375000000001 0.8343750000000001 0.703125 0.7796875000000001 0.68125 0.75 0.6843750000000001 0.7359375 0.65625 0.7156250000000001 0.6421875 0.7109375 0.6078125000000001 0.7156250000000001 0.5890625 0.7328125000000001 0.5921875000000001 0.8046875 0.6171875 0.8890625000000001
3 0.625 0.30781250000000004 0.625 0.2859375 0.61875 0.2828125 0.6156250000000001 0.30312500000000003 0.625 0.30781250000000004
3 0.7515625 0.5531250000000001 0.7562500000000001 0.5468750000000001 0.7546875000000001 0.49843750000000003 0.753125 0.49375 0.7375 0.49375 0.7359375 0.484375 0.734375 0.525 0.7515625 0.5531250000000001
3 0.37031250000000004 0.3640625 0.36875 0.3359375 0.36250000000000004 0.33437500000000003 0.3609375 0.36250000000000004 0.37031250000000004 0.3640625
3 0.38906250000000003 0.3609375 0.38972537878787883 0.37286931818181823 0.4 0.3640625 0.39687500000000003 0.35781250000000003 0.38906250000000003 0.3609375
3 0.4 0.37812500000000004 0.3897738821138212 0.3737423780487805 0.390625 0.38906250000000003 0.4 0.37812500000000004
3 0.415625 0.49531250000000004 0.415625 0.4625 0.40625 0.4609375 0.40625 0.48750000000000004 0.415625 0.49531250000000004
3 0.46718750000000003 0.8250000000000001 0.47187500000000004 0.8140625 0.4703125 0.7781250000000001 0.45625000000000004 0.7734375 0.45625000000000004 0.8171875000000001 0.46718750000000003 0.8250000000000001