8 0.14461805555555554 0.4638888888888889 0.14704861111111112 0.46543209876543207 0.1487847222222222 0.46481481481481485 0.1512152777777778 0.462037037037037 0.15590277777777775 0.462037037037037 0.16024305555555554 0.4638888888888889 0.1625 0.4638888888888889 0.16666666666666666 0.4611111111111111 0.17569444444444443 0.4608024691358025 0.17760416666666665 0.45771604938271604 0.1782986111111111 0.4524691358024691 0.18038194444444444 0.4469135802469136 0.1798611111111111 0.4416666666666667 0.1767361111111111 0.4354938271604938 0.1720486111111111 0.429320987654321 0.1690972222222222 0.4277777777777778 0.15763888888888888 0.4277777777777778 0.1550347222222222 0.42839506172839503 0.1534722222222222 0.42993827160493825 0.1440972222222222 0.4324074074074074 0.1421875 0.43580246913580245 0.140625 0.44320987654320987 0.140625 0.45679012345679015 0.14461805555555554 0.4638888888888889
8 0.4253472222222222 0.4074074074074074 0.4361111111111111 0.4074074074074074 0.4387152777777778 0.4049382716049383 0.4395833333333333 0.4 0.4394097222222222 0.39166666666666666 0.4387152777777778 0.38641975308641974 0.4369791666666667 0.38240740740740736 0.4357638888888889 0.3811728395061728 0.4284722222222222 0.3808641975308642 0.42604166666666665 0.3833333333333333 0.42517361111111107 0.3888888888888889 0.4248263888888889 0.4052469135802469 0.4253472222222222 0.4074074074074074
6 0.2534722222222222 0.696604938271605 0.25538194444444445 0.7012345679012346 0.2578125 0.703395061728395 0.2689236111111111 0.700925925925926 0.2798611111111111 0.7012345679012346 0.2821180555555556 0.7030864197530865 0.29062499999999997 0.7037037037037037 0.2961805555555555 0.7074074074074075 0.2975694444444444 0.7074074074074075 0.3005208333333333 0.7052469135802469 0.3017361111111111 0.700925925925926 0.3026041666666667 0.6910493827160493 0.30451388888888886 0.6824074074074075 0.31354166666666666 0.6694444444444444 0.3185763888888889 0.6691358024691358 0.3197916666666667 0.6679012345679012 0.3215277777777778 0.6638888888888889 0.32187499999999997 0.6493827160493827 0.32309027777777777 0.6441358024691358 0.3246527777777778 0.641358024691358 0.3253472222222222 0.6373456790123456 0.3248263888888889 0.6111111111111112 0.3258680555555556 0.6021604938271605 0.3258680555555556 0.5725308641975309 0.3246527777777778 0.5660493827160494 0.3215277777777778 0.5626543209876543 0.29374999999999996 0.5626543209876543 0.2878472222222222 0.5669753086419753 0.2847222222222222 0.5703703703703704 0.28072916666666664 0.5765432098765432 0.2751736111111111 0.5811728395061728 0.2734375 0.5851851851851851 0.2710069444444444 0.6033950617283951 0.27065972222222223 0.6314814814814815 0.26857638888888885 0.6364197530864197 0.2670138888888889 0.6432098765432099 0.265625 0.6459876543209876 0.2635416666666667 0.6549382716049382 0.25885416666666666 0.6623456790123456 0.25711805555555556 0.6666666666666666 0.25399305555555557 0.678395061728395 0.25399305555555557 0.6833333333333333 0.2532986111111111 0.6867283950617284 0.25295138888888885 0.6935185185185185 0.2534722222222222 0.696604938271605
1 0.39479166666666665 0.43734567901234567 0.3960069444444444 0.44290123456790126 0.3975694444444444 0.4447530864197531 0.4006944444444444 0.44598765432098764 0.4088541666666667 0.445679012345679 0.4112847222222222 0.4441358024691358 0.4123263888888889 0.4416666666666667 0.4130208333333333 0.43765432098765433 0.4130208333333333 0.4305555555555556 0.4112847222222222 0.42407407407407405 0.40902777777777777 0.42191358024691356 0.4006944444444444 0.42191358024691356 0.3975694444444444 0.42592592592592593 0.3960069444444444 0.429320987654321 0.39479166666666665 0.4330246913580247 0.39479166666666665 0.43734567901234567
1 0.3520833333333333 0.7962962962962963 0.3550347222222222 0.7981481481481482 0.3619791666666667 0.7993827160493827 0.3663194444444444 0.7984567901234568 0.3774305555555555 0.7993827160493827 0.37916666666666665 0.7984567901234568 0.39826388888888886 0.7975308641975308 0.4010416666666667 0.7950617283950616 0.4036458333333333 0.7722222222222223 0.4076388888888889 0.7629629629629631 0.40902777777777777 0.7567901234567901 0.4125 0.7521604938271605 0.4135416666666667 0.7438271604938271 0.41388888888888886 0.7240740740740741 0.4130208333333333 0.717283950617284 0.4131944444444444 0.7092592592592593 0.4118055555555556 0.7006172839506173 0.41024305555555557 0.6978395061728394 0.4074652777777778 0.6867283950617284 0.4052083333333333 0.6824074074074075 0.4029513888888889 0.6805555555555556 0.39461805555555557 0.6793209876543209 0.3873263888888889 0.6793209876543209 0.3814236111111111 0.6805555555555556 0.3755208333333333 0.6854938271604938 0.3694444444444444 0.6959876543209877 0.3659722222222222 0.7040123456790123 0.3644097222222222 0.7095679012345678 0.3623263888888889 0.7135802469135802 0.3602430555555556 0.7212962962962963 0.359375 0.7222222222222222 0.3578125 0.7290123456790124 0.3565972222222222 0.7311728395061728 0.35625 0.7342592592592593 0.3550347222222222 0.7361111111111112 0.3541666666666667 0.7481481481481481 0.3515625 0.7558641975308641 0.3491319444444444 0.7669753086419753 0.3489583333333333 0.7700617283950618 0.3491319444444444 0.7891975308641975 0.3520833333333333 0.7962962962962963
5 0.37309027777777776 0.4521604938271605 0.3746527777777778 0.4530864197530864 0.3914930555555556 0.45432098765432094 0.3942708333333333 0.45339506172839505 0.3949652777777778 0.45 0.3949652777777778 0.4419753086419753 0.39375 0.43796296296296294 0.3925347222222222 0.43580246913580245 0.3871527777777778 0.4324074074074074 0.3831597222222222 0.4324074074074074 0.3796875 0.43425925925925923 0.37656249999999997 0.43765432098765433 0.3729166666666667 0.44537037037037036 0.3725694444444444 0.4503086419753086 0.37309027777777776 0.4521604938271605
1 0.46684027777777776 0.4148148148148148 0.4756944444444444 0.41512345679012347 0.4774305555555556 0.4148148148148148 0.4777777777777778 0.4138888888888889 0.4777777777777778 0.40216049382716046 0.4772569444444444 0.40030864197530863 0.4751736111111111 0.39845679012345675 0.4690972222222222 0.39845679012345675 0.4680555555555555 0.40030864197530863 0.4663194444444444 0.4067901234567901 0.4661458333333333 0.41203703703703703 0.46684027777777776 0.4148148148148148
1 0.4185763888888889 0.5169753086419754 0.4185763888888889 0.5246913580246914 0.4194444444444444 0.5290123456790123 0.421875 0.5354938271604939 0.4248263888888889 0.533641975308642 0.4361111111111111 0.533641975308642 0.4381944444444444 0.5348765432098765 0.43906249999999997 0.5367283950617284 0.4427083333333333 0.5385802469135802 0.4435763888888889 0.5367283950617284 0.4439236111111111 0.5308641975308642 0.4465277777777778 0.5268518518518518 0.4484375 0.508641975308642 0.4479166666666667 0.4975308641975309 0.4465277777777778 0.4901234567901234 0.4432291666666667 0.48487654320987655 0.4394097222222222 0.483641975308642 0.4317708333333333 0.4839506172839506 0.4288194444444444 0.4861111111111111 0.4253472222222222 0.4919753086419753 0.42343749999999997 0.4972222222222222 0.4190972222222222 0.5052469135802469 0.41875 0.5074074074074074 0.4190972222222222 0.5135802469135803 0.4185763888888889 0.5169753086419754
1 0.4473958333333333 0.4743827160493827 0.44913194444444443 0.4759259259259259 0.45694444444444443 0.47654320987654325 0.4600694444444444 0.4756172839506173 0.4621527777777778 0.47716049382716047 0.4635416666666667 0.4808641975308642 0.4670138888888889 0.4802469135802469 0.4694444444444444 0.46512345679012346 0.4694444444444444 0.45339506172839505 0.4682291666666667 0.4475308641975309 0.4657986111111111 0.44320987654320987 0.4640625 0.4419753086419753 0.4611111111111111 0.4416666666666667 0.453125 0.44290123456790126 0.44947916666666665 0.4493827160493827 0.4479166666666667 0.45679012345679015 0.4470486111111111 0.46512345679012346 0.4473958333333333 0.4743827160493827
5 0.3737847222222222 0.6432098765432099 0.375 0.6444444444444444 0.37777777777777777 0.6453703703703704 0.3878472222222222 0.645679012345679 0.4086805555555555 0.6453703703703704 0.41006944444444443 0.6435185185185185 0.4105902777777778 0.641358024691358 0.4119791666666667 0.6287037037037038 0.4128472222222222 0.6265432098765432 0.4159722222222222 0.6231481481481481 0.4177083333333333 0.6166666666666666 0.4177083333333333 0.5981481481481481 0.41736111111111107 0.5885802469135802 0.4166666666666667 0.5848765432098765 0.4147569444444444 0.5811728395061728 0.4083333333333333 0.5768518518518518 0.3894097222222222 0.5768518518518518 0.38697916666666665 0.5799382716049383 0.3795138888888889 0.5944444444444444 0.3753472222222222 0.5981481481481481 0.3734375 0.6021604938271605 0.3755208333333333 0.6095679012345678 0.3737847222222222 0.6141975308641975 0.3723958333333333 0.6225308641975309 0.3725694444444444 0.6401234567901234 0.3737847222222222 0.6432098765432099
1 0.43906249999999997 0.4243827160493827 0.4498263888888889 0.4246913580246914 0.4513888888888889 0.4222222222222222 0.4513888888888889 0.4117283950617284 0.4496527777777778 0.4067901234567901 0.4473958333333333 0.4058641975308642 0.4421875 0.4058641975308642 0.43906249999999997 0.40802469135802466 0.4375 0.4117283950617284 0.4368055555555555 0.42160493827160495 0.43906249999999997 0.4243827160493827
4 0.1824652777777778 0.48302469135802467 0.18368055555555554 0.4864197530864197 0.18506944444444445 0.4882716049382716 0.18663194444444445 0.4882716049382716 0.1907986111111111 0.4858024691358025 0.1951388888888889 0.48518518518518516 0.19913194444444443 0.4833333333333333 0.2034722222222222 0.48302469135802467 0.20625 0.4808641975308642 0.20694444444444443 0.47932098765432096 0.21493055555555554 0.4756172839506173 0.2170138888888889 0.47129629629629627 0.2171875 0.46234567901234563 0.2157986111111111 0.4589506172839506 0.21319444444444444 0.45771604938271604 0.21059027777777775 0.45401234567901233 0.20868055555555554 0.4527777777777778 0.19791666666666666 0.4527777777777778 0.19045138888888888 0.45401234567901233 0.18680555555555556 0.4561728395061728 0.18489583333333334 0.45925925925925926 0.18229166666666666 0.4694444444444445 0.18194444444444444 0.47469135802469137 0.1824652777777778 0.48302469135802467
5 0.42170138888888886 0.4552469135802469 0.4359375 0.4555555555555556 0.4381944444444444 0.45339506172839505 0.4394097222222222 0.44290123456790126 0.4387152777777778 0.4388888888888889 0.4354166666666667 0.4314814814814815 0.4309027777777778 0.429320987654321 0.4282986111111111 0.429320987654321 0.4253472222222222 0.4311728395061728 0.4211805555555555 0.43796296296296294 0.4192708333333333 0.4472222222222222 0.4192708333333333 0.45339506172839505 0.42170138888888886 0.4552469135802469
7 0.2760416666666667 0.46851851851851856 0.3012152777777778 0.4694444444444445 0.3055555555555556 0.4719135802469136 0.3072916666666667 0.4759259259259259 0.30850694444444443 0.4898148148148148 0.30850694444444443 0.5037037037037037 0.30798611111111107 0.5080246913580247 0.3081597222222222 0.5290123456790123 0.3098958333333333 0.5391975308641975 0.3098958333333333 0.557716049382716 0.31059027777777776 0.5598765432098766 0.31354166666666666 0.5614197530864198 0.3217013888888889 0.5611111111111111 0.3227430555555555 0.5589506172839506 0.32361111111111107 0.5499999999999999 0.325 0.5450617283950617 0.3282986111111111 0.5432098765432098 0.3345486111111111 0.5348765432098765 0.33923611111111107 0.5354938271604939 0.3402777777777778 0.5345679012345679 0.3414930555555556 0.5311728395061729 0.3428819444444444 0.5200617283950617 0.3449652777777778 0.5123456790123457 0.3456597222222222 0.49907407407407406 0.3449652777777778 0.49506172839506174 0.3449652777777778 0.4774691358024691 0.34357638888888886 0.4737654320987654 0.3434027777777778 0.47129629629629627 0.3444444444444444 0.46296296296296297 0.3440972222222222 0.45185185185185184 0.3446180555555556 0.4478395061728395 0.3444444444444444 0.44290123456790126 0.3434027777777778 0.4388888888888889 0.3420138888888889 0.43796296296296294 0.3385416666666667 0.43796296296296294 0.3338541666666667 0.4395061728395062 0.3253472222222222 0.43796296296296294 0.30885416666666665 0.4388888888888889 0.3060763888888889 0.44074074074074077 0.30104166666666665 0.4422839506172839 0.28975694444444444 0.4503086419753086 0.28541666666666665 0.45185185185185184 0.2788194444444444 0.4561728395061728 0.2751736111111111 0.4611111111111111 0.2751736111111111 0.46728395061728395 0.2760416666666667 0.46851851851851856
7 0.19618055555555555 0.6018518518518519 0.19670138888888888 0.6111111111111112 0.19618055555555555 0.6342592592592593 0.19756944444444444 0.6478395061728395 0.19947916666666665 0.65 0.20399305555555555 0.6512345679012346 0.2095486111111111 0.654320987654321 0.21614583333333334 0.6512345679012346 0.22274305555555554 0.6503086419753087 0.2486111111111111 0.6496913580246914 0.2526041666666667 0.6524691358024691 0.25416666666666665 0.6549382716049382 0.25625000000000003 0.6549382716049382 0.25902777777777775 0.6521604938271606 0.26024305555555555 0.6487654320987654 0.26180555555555557 0.6367283950617284 0.2630208333333333 0.6339506172839506 0.2630208333333333 0.6302469135802469 0.2642361111111111 0.625 0.265625 0.6225308641975309 0.2677083333333333 0.6209876543209876 0.2692708333333333 0.6179012345679012 0.2713541666666667 0.5929012345679012 0.2736111111111111 0.5820987654320988 0.2751736111111111 0.5796296296296296 0.2803819444444444 0.5759259259259258 0.2883680555555555 0.5657407407407408 0.2925347222222222 0.5626543209876543 0.3048611111111111 0.5598765432098766 0.3072916666666667 0.557716049382716 0.3083333333333333 0.5546296296296296 0.3092013888888889 0.5493827160493827 0.3092013888888889 0.5388888888888889 0.30798611111111107 0.5299382716049382 0.30746527777777777 0.5135802469135803 0.3083333333333333 0.5049382716049382 0.3083333333333333 0.48796296296296293 0.30746527777777777 0.483641975308642 0.3072916666666667 0.4774691358024691 0.3053819444444444 0.4722222222222222 0.3012152777777778 0.4700617283950617 0.26197916666666665 0.4700617283950617 0.26059027777777777 0.47160493827160493 0.2574652777777778 0.4722222222222222 0.25 0.4774691358024691 0.24895833333333334 0.47901234567901235 0.2420138888888889 0.4833333333333333 0.23958333333333334 0.4839506172839506 0.2315972222222222 0.4898148148148148 0.22343749999999998 0.49351851851851847 0.2185763888888889 0.4972222222222222 0.21614583333333334 0.4978395061728395 0.21145833333333333 0.5009259259259259 0.20850694444444445 0.5052469135802469 0.20850694444444445 0.512962962962963 0.2076388888888889 0.519753086419753 0.20572916666666666 0.5268518518518518 0.203125 0.532716049382716 0.2019097222222222 0.5373456790123456 0.19739583333333333 0.5629629629629629 0.1970486111111111 0.5722222222222222 0.19739583333333333 0.5882716049382716 0.19618055555555555 0.6018518518518519
6 0.3590277777777778 0.5209876543209876 0.3585069444444444 0.5367283950617284 0.359375 0.5401234567901235 0.3628472222222222 0.542283950617284 0.37482638888888886 0.5413580246913581 0.3871527777777778 0.5419753086419753 0.3885416666666667 0.5361111111111111 0.3918402777777778 0.5320987654320988 0.3930555555555555 0.5290123456790123 0.39461805555555557 0.5209876543209876 0.3980902777777778 0.512037037037037 0.3975694444444444 0.4898148148148148 0.3979166666666667 0.46574074074074073 0.396875 0.45679012345679015 0.39444444444444443 0.45462962962962966 0.3753472222222222 0.4537037037037037 0.3729166666666667 0.45401234567901233 0.3671875 0.45709876543209876 0.3657986111111111 0.45925925925925926 0.3628472222222222 0.46882716049382717 0.3614583333333333 0.4882716049382716 0.3585069444444444 0.49845679012345684 0.3581597222222222 0.5111111111111111 0.3590277777777778 0.5209876543209876