8 0.44296875 0.5282407407407408 0.44296875 0.5490740740740742 0.44453125 0.5662037037037038 0.4458333333333333 0.5680555555555555 0.4513020833333333 0.5685185185185185 0.4708333333333333 0.5689814814814815 0.4731770833333333 0.5675925925925926 0.4747395833333333 0.5601851851851852 0.4744791666666667 0.5314814814814816 0.47109375000000003 0.5087962962962963 0.4705729166666667 0.49953703703703706 0.46718750000000003 0.487962962962963 0.4635416666666667 0.4837962962962963 0.4611979166666667 0.48333333333333334 0.44765625000000003 0.4842592592592593 0.4447916666666667 0.487962962962963 0.4434895833333333 0.5032407407407408 0.4440104166666667 0.5152777777777778 0.44296875 0.5282407407407408
1 0.3419270833333333 0.5203703703703704 0.3481770833333333 0.5175925925925926 0.36223958333333334 0.5180555555555556 0.36614583333333334 0.5097222222222223 0.3674479166666667 0.501388888888889 0.3677083333333333 0.48981481481481487 0.36640625 0.4851851851851852 0.36015625 0.47731481481481486 0.3486979166666667 0.47731481481481486 0.3453125 0.4796296296296297 0.3419270833333333 0.48750000000000004 0.3401041666666667 0.5009259259259259 0.33984375 0.5125000000000001 0.3419270833333333 0.5203703703703704
1 0.25833333333333336 0.5199074074074075 0.26197916666666665 0.5166666666666667 0.265625 0.5157407407407407 0.27265625000000004 0.5157407407407407 0.27656250000000004 0.5185185185185185 0.2791666666666667 0.5157407407407407 0.28125 0.5106481481481482 0.28437500000000004 0.5083333333333334 0.2864583333333333 0.5027777777777778 0.2864583333333333 0.49259259259259264 0.28567708333333336 0.48842592592592593 0.28281249999999997 0.4824074074074074 0.2794270833333333 0.4805555555555556 0.27109374999999997 0.4800925925925926 0.2625 0.48287037037037045 0.2591145833333333 0.48750000000000004 0.2559895833333333 0.49722222222222223 0.2559895833333333 0.5157407407407407 0.25833333333333336 0.5199074074074075
1 0.2963541666666667 0.44953703703703707 0.3049479166666667 0.4537037037037037 0.3072916666666667 0.46111111111111114 0.3111979166666667 0.46064814814814814 0.3177083333333333 0.45277777777777783 0.3182291666666667 0.44537037037037036 0.3174479166666667 0.43888888888888894 0.3127604166666667 0.43009259259259264 0.3104166666666667 0.4296296296296297 0.3 0.43333333333333335 0.2979166666666667 0.4356481481481482 0.296875 0.4393518518518519 0.29583333333333334 0.44583333333333336 0.2963541666666667 0.44953703703703707
1 0.5606770833333333 0.7967592592592594 0.5617187499999999 0.8023148148148148 0.5671875000000001 0.8120370370370371 0.5744791666666667 0.8398148148148148 0.5776041666666667 0.8462962962962963 0.578125 0.8625 0.5817708333333333 0.8731481481481482 0.5919270833333333 0.8810185185185185 0.6119791666666666 0.8819444444444444 0.6223958333333334 0.8800925925925926 0.6315104166666666 0.8726851851851852 0.6328125 0.8694444444444445 0.6335937500000001 0.8634259259259259 0.6335937500000001 0.8407407407407409 0.6299479166666666 0.8199074074074075 0.6276041666666666 0.813888888888889 0.6265625 0.8074074074074075 0.6302083333333334 0.8009259259259259 0.6299479166666666 0.7967592592592594 0.62265625 0.7939814814814815 0.6130208333333333 0.7615740740740741 0.6057291666666667 0.7467592592592593 0.59921875 0.7407407407407407 0.5924479166666666 0.737962962962963 0.5815104166666667 0.7375 0.5747395833333333 0.738888888888889 0.5697916666666667 0.7407407407407407 0.5640625 0.7462962962962963 0.5604166666666667 0.7601851851851853 0.56015625 0.7837962962962963 0.5606770833333333 0.7967592592592594
5 0.1078125 0.751388888888889 0.10963541666666668 0.7555555555555556 0.11510416666666667 0.7587962962962963 0.12968749999999998 0.7620370370370372 0.13385416666666666 0.7620370370370372 0.14036458333333335 0.7583333333333334 0.14453125 0.7587962962962963 0.14765625000000002 0.7555555555555556 0.15052083333333335 0.7449074074074075 0.15755208333333334 0.7342592592592594 0.16588541666666667 0.7185185185185186 0.16875 0.7166666666666667 0.17109375000000002 0.7129629629629629 0.171875 0.7087962962962963 0.17161458333333335 0.6893518518518519 0.16901041666666666 0.6819444444444445 0.16145833333333334 0.6763888888888888 0.15052083333333335 0.6759259259259259 0.14114583333333333 0.6777777777777778 0.13020833333333334 0.6768518518518519 0.12526041666666668 0.6814814814814816 0.11953125 0.6902777777777778 0.10963541666666668 0.7166666666666667 0.10703125000000001 0.7268518518518519 0.10677083333333333 0.7444444444444445 0.1078125 0.751388888888889
4 0.3916666666666667 0.4430555555555556 0.39348958333333334 0.44537037037037036 0.4080729166666667 0.44537037037037036 0.40989583333333335 0.44259259259259265 0.409375 0.42314814814814816 0.4080729166666667 0.41851851851851857 0.40546875 0.4152777777777778 0.3994791666666667 0.4138888888888889 0.39427083333333335 0.41620370370370374 0.39296875000000003 0.4180555555555556 0.3911458333333333 0.42685185185185187 0.3908854166666667 0.4393518518518519 0.3916666666666667 0.4430555555555556
1 0.20052083333333334 0.5907407407407408 0.20442708333333334 0.5962962962962963 0.20677083333333335 0.5976851851851852 0.20989583333333334 0.5958333333333334 0.225 0.5949074074074074 0.23072916666666665 0.6004629629629631 0.23307291666666666 0.5944444444444444 0.23489583333333336 0.5842592592592593 0.23697916666666666 0.5814814814814815 0.24166666666666667 0.5796296296296296 0.24453125 0.575925925925926 0.24557291666666667 0.5699074074074074 0.24531250000000002 0.5606481481481482 0.24453125 0.5546296296296297 0.24244791666666665 0.5481481481481482 0.23463541666666665 0.5412037037037037 0.21796875000000002 0.5398148148148149 0.21197916666666666 0.5430555555555556 0.20364583333333336 0.5555555555555556 0.2 0.5712962962962963 0.2 0.588425925925926 0.20052083333333334 0.5907407407407408
1 0.28515625 0.4791666666666667 0.3002604166666667 0.4791666666666667 0.3049479166666667 0.47314814814814815 0.30703125000000003 0.45972222222222225 0.3041666666666667 0.4541666666666667 0.29661458333333335 0.44907407407407407 0.28671874999999997 0.4555555555555556 0.2833333333333333 0.46620370370370373 0.28359375000000003 0.47685185185185186 0.28515625 0.4791666666666667
1 0.3658854166666667 0.44907407407407407 0.3799479166666667 0.44675925925925924 0.38203125 0.44259259259259265 0.3815104166666667 0.4296296296296297 0.3802083333333333 0.42453703703703705 0.37734375000000003 0.42083333333333334 0.3690104166666667 0.4212962962962963 0.3666666666666667 0.42500000000000004 0.3638020833333333 0.43472222222222223 0.3638020833333333 0.4462962962962963 0.3658854166666667 0.44907407407407407
1 0.37786458333333334 0.40046296296296297 0.3885416666666667 0.40046296296296297 0.3901041666666667 0.39861111111111114 0.38958333333333334 0.38842592592592595 0.3872395833333333 0.3824074074074075 0.3802083333333333 0.3824074074074075 0.3783854166666667 0.3856481481481482 0.37734375000000003 0.39027777777777783 0.3770833333333333 0.39861111111111114 0.37786458333333334 0.40046296296296297
1 0.32786458333333335 0.4194444444444445 0.33203125 0.4199074074074074 0.3380208333333333 0.41851851851851857 0.3408854166666667 0.4157407407407408 0.3440104166666667 0.40416666666666673 0.33828125000000003 0.3962962962962963 0.33437500000000003 0.3962962962962963 0.33046875000000003 0.3976851851851852 0.328125 0.40092592592592596 0.32656250000000003 0.4069444444444445 0.3263020833333333 0.412962962962963 0.32786458333333335 0.4194444444444445
5 0.45989583333333334 0.42870370370370375 0.46171875 0.4337962962962963 0.4747395833333333 0.43472222222222223 0.4770833333333333 0.4324074074074074 0.47734375 0.42037037037037045 0.4734375 0.4101851851851852 0.4705729166666667 0.4087962962962963 0.46458333333333335 0.40925925925925927 0.4630208333333333 0.4101851851851852 0.4611979166666667 0.41481481481481486 0.45989583333333334 0.4212962962962963 0.45989583333333334 0.42870370370370375
1 0.31614583333333335 0.4361111111111111 0.32578125 0.43703703703703706 0.32786458333333335 0.4356481481481482 0.3291666666666667 0.4324074074074074 0.3296875 0.42824074074074076 0.3286458333333333 0.41898148148148145 0.325 0.41064814814814815 0.3174479166666667 0.4138888888888889 0.3151041666666667 0.41851851851851857 0.3130208333333333 0.4296296296296297 0.31614583333333335 0.4361111111111111
1 0.43333333333333335 0.4296296296296297 0.4463541666666667 0.43009259259259264 0.4479166666666667 0.42870370370370375 0.4486979166666667 0.42592592592592593 0.44921875 0.4199074074074074 0.4479166666666667 0.41064814814814815 0.44609375 0.40601851851851856 0.4432291666666667 0.4046296296296297 0.4354166666666667 0.4055555555555556 0.43203125000000003 0.4138888888888889 0.43203125000000003 0.42592592592592593 0.43333333333333335 0.4296296296296297
1 0.4885416666666667 0.5333333333333333 0.49114583333333334 0.5467592592592593 0.49375 0.5532407407407407 0.496875 0.5541666666666667 0.5075520833333333 0.5527777777777778 0.515625 0.5546296296296297 0.5174479166666667 0.5527777777777778 0.5184895833333334 0.5407407407407407 0.5177083333333333 0.5328703703703704 0.5143229166666666 0.5157407407407407 0.5098958333333333 0.5046296296296297 0.5062500000000001 0.5027777777777778 0.49453125000000003 0.5037037037037038 0.4921875 0.5078703703703704 0.4888020833333333 0.5189814814814815 0.48802083333333335 0.5222222222222223 0.4885416666666667 0.5333333333333333
1 0.328125 0.4625 0.3440104166666667 0.46111111111111114 0.3479166666666667 0.45648148148148154 0.3484375 0.4537037037037037 0.3484375 0.44907407407407407 0.3455729166666667 0.43842592592592594 0.34218750000000003 0.4337962962962963 0.3390625 0.43287037037037035 0.33489583333333334 0.4337962962962963 0.3302083333333333 0.43842592592592594 0.3263020833333333 0.44953703703703707 0.32656250000000003 0.4583333333333333 0.328125 0.4625
1 0.3994791666666667 0.41203703703703703 0.4114583333333333 0.41435185185185186 0.41250000000000003 0.40416666666666673 0.4111979166666667 0.3916666666666667 0.4044270833333333 0.3893518518518519 0.4 0.3930555555555556 0.39765625 0.4 0.39765625 0.4069444444444445 0.3994791666666667 0.41203703703703703
1 0.3486979166666667 0.4199074074074074 0.359375 0.4199074074074074 0.3619791666666667 0.4180555555555556 0.3627604166666667 0.4157407407407408 0.3625 0.4078703703703704 0.3609375 0.40092592592592596 0.359375 0.39861111111111114 0.35234375 0.3990740740740741 0.3489583333333333 0.4055555555555556 0.34765625 0.4115740740740741 0.34739583333333335 0.4166666666666667 0.3486979166666667 0.4199074074074074
1 0.22890625 0.7717592592592594 0.23098958333333336 0.7773148148148148 0.23411458333333335 0.7791666666666667 0.27239583333333334 0.7824074074074074 0.27395833333333336 0.7731481481481481 0.27421875 0.7587962962962963 0.2807291666666667 0.7407407407407407 0.28411458333333334 0.7342592592592594 0.2846354166666667 0.7310185185185185 0.2846354166666667 0.7120370370370371 0.28281249999999997 0.700925925925926 0.2799479166666667 0.6972222222222222 0.27656250000000004 0.6958333333333334 0.2526041666666667 0.6925925925925925 0.24427083333333335 0.6935185185185185 0.24036458333333335 0.6986111111111112 0.23645833333333335 0.7092592592592594 0.23072916666666665 0.7310185185185185 0.23046875 0.7361111111111112 0.22838541666666667 0.7458333333333335 0.228125 0.7657407407407407 0.22890625 0.7717592592592594
1 0.5010416666666667 0.45694444444444443 0.5028645833333334 0.45925925925925926 0.5177083333333333 0.4601851851851852 0.5208333333333334 0.45648148148148154 0.5203125000000001 0.44537037037037036 0.5158854166666667 0.4342592592592593 0.5127604166666667 0.4305555555555556 0.5091145833333334 0.4291666666666667 0.5033854166666667 0.43009259259259264 0.5002604166666667 0.4351851851851852 0.49921875 0.44212962962962965 0.4994791666666667 0.45231481481481484 0.5010416666666667 0.45694444444444443
6 0.4822916666666667 0.41481481481481486 0.48411458333333335 0.4166666666666667 0.49114583333333334 0.4175925925925926 0.4947916666666667 0.4175925925925926 0.49583333333333335 0.4157407407407408 0.496875 0.4115740740740741 0.496875 0.40601851851851856 0.4955729166666667 0.39398148148148154 0.4955729166666667 0.3856481481481482 0.49453125000000003 0.3810185185185186 0.49140625 0.3791666666666667 0.484375 0.3791666666666667 0.48203125 0.3837962962962963 0.4807291666666667 0.39259259259259266 0.48046875 0.4087962962962963 0.4822916666666667 0.41481481481481486
7 0.5473958333333333 0.5157407407407407 0.5466145833333333 0.5185185185185185 0.5455729166666666 0.5361111111111112 0.5463541666666667 0.5407407407407407 0.5502604166666667 0.5527777777777778 0.5552083333333333 0.5601851851851852 0.5554687500000001 0.5712962962962963 0.5567708333333333 0.5777777777777778 0.5609375000000001 0.5796296296296296 0.5653645833333334 0.5851851851851853 0.5755208333333334 0.6046296296296296 0.5768229166666666 0.6194444444444445 0.578125 0.625 0.5815104166666667 0.6305555555555556 0.5880208333333333 0.6324074074074074 0.60546875 0.6300925925925925 0.6182291666666666 0.6319444444444444 0.6247395833333333 0.6296296296296297 0.6265625 0.626388888888889 0.628125 0.5833333333333334 0.6278645833333334 0.5620370370370371 0.6265625 0.5421296296296296 0.6236979166666666 0.5194444444444445 0.6208333333333333 0.5078703703703704 0.6208333333333333 0.5 0.6197916666666666 0.4935185185185186 0.5890624999999999 0.45925925925925926 0.5828125000000001 0.45601851851851855 0.5596354166666667 0.45509259259259266 0.5510416666666667 0.45648148148148154 0.5473958333333333 0.4625 0.5463541666666667 0.47314814814814815 0.5473958333333333 0.4935185185185186 0.5473958333333333 0.5157407407407407
6 0.3458333333333333 0.6319444444444444 0.3447916666666667 0.6481481481481481 0.3479166666666667 0.6560185185185186 0.3567708333333333 0.6615740740740741 0.3638020833333333 0.6629629629629631 0.37890625 0.6625 0.38671875 0.6606481481481482 0.3953125 0.6615740740740741 0.40078125000000003 0.6597222222222222 0.40234375 0.6578703703703703 0.403125 0.6361111111111112 0.4028645833333333 0.6296296296296297 0.4018229166666667 0.626388888888889 0.4018229166666667 0.6180555555555556 0.40520833333333334 0.5814814814814815 0.40234375 0.5745370370370371 0.4036458333333333 0.5708333333333334 0.40130208333333334 0.5648148148148148 0.4010416666666667 0.5527777777777778 0.40234375 0.538425925925926 0.40234375 0.5287037037037037 0.40130208333333334 0.525925925925926 0.3947916666666667 0.525 0.3588541666666667 0.5263888888888889 0.3557291666666667 0.5282407407407408 0.3432291666666667 0.5671296296296297 0.34270833333333334 0.5731481481481482 0.3458333333333333 0.6319444444444444
6 0.38671875 0.5018518518518519 0.3911458333333333 0.5037037037037038 0.409375 0.501388888888889 0.4106770833333333 0.4986111111111111 0.4114583333333333 0.48888888888888893 0.4111979166666667 0.4694444444444445 0.4096354166666667 0.44953703703703707 0.40703125 0.44722222222222224 0.390625 0.44722222222222224 0.38645833333333335 0.45 0.3848958333333333 0.4541666666666667 0.38515625000000003 0.48842592592592593 0.38671875 0.5018518518518519
7 0.5218750000000001 0.44259259259259265 0.5223958333333334 0.48842592592592593 0.5247395833333334 0.4962962962962963 0.5260416666666666 0.5087962962962963 0.5348958333333333 0.5199074074074075 0.5369791666666667 0.5361111111111112 0.5395833333333333 0.5388888888888889 0.5416666666666666 0.538425925925926 0.5437500000000001 0.5361111111111112 0.5466145833333333 0.5162037037037037 0.546875 0.4916666666666667 0.5460937499999999 0.47731481481481486 0.5473958333333333 0.4620370370370371 0.55078125 0.45601851851851855 0.5536458333333334 0.45462962962962966 0.5747395833333333 0.4541666666666667 0.57578125 0.45231481481481484 0.5763020833333333 0.44583333333333336 0.57421875 0.4402777777777778 0.56796875 0.4319444444444445 0.5598958333333334 0.4222222222222222 0.5536458333333334 0.4180555555555556 0.52890625 0.4171296296296297 0.5244791666666667 0.42037037037037045 0.5231770833333333 0.42500000000000004 0.5236979166666667 0.4361111111111111 0.5218750000000001 0.44259259259259265