1 0.3940972222222222 0.17314814814814813 0.39652777777777776 0.17469135802469135 0.4001736111111111 0.1734567901234568 0.4045138888888889 0.17314814814814813 0.40781249999999997 0.1743827160493827 0.4114583333333333 0.1734567901234568 0.4123263888888889 0.16728395061728396 0.4118055555555556 0.14845679012345678 0.41024305555555557 0.14320987654320988 0.41006944444444443 0.14074074074074072 0.4081597222222222 0.13672839506172837 0.4067708333333333 0.1361111111111111 0.4045138888888889 0.1324074074074074 0.4010416666666667 0.13179012345679011 0.3963541666666667 0.13765432098765432 0.3953125 0.1398148148148148 0.3928819444444444 0.15339506172839507 0.3927083333333333 0.16481481481481483 0.3940972222222222 0.17314814814814813
1 0.9774305555555556 0.9996913580246913 0.9777777777777777 0.9984567901234568 0.9774305555555556 0.9978395061728395 0.9774305555555556 0.9996913580246913
5 0.4215277777777778 0.6978395061728394 0.4239583333333333 0.7027777777777778 0.4232638888888889 0.717283950617284 0.4223958333333333 0.720679012345679 0.4227430555555556 0.7243827160493828 0.421875 0.7280864197530863 0.41996527777777776 0.7450617283950618 0.4204861111111111 0.7524691358024691 0.41996527777777776 0.7611111111111112 0.4203125 0.7660493827160494 0.4185763888888889 0.778395061728395 0.4190972222222222 0.7907407407407407 0.41822916666666665 0.7953703703703704 0.41805555555555557 0.8024691358024691 0.4166666666666667 0.8104938271604938 0.4166666666666667 0.8148148148148148 0.4157986111111111 0.817283950617284 0.41562499999999997 0.8243827160493827 0.4161458333333333 0.8274691358024691 0.41562499999999997 0.8308641975308642 0.4161458333333333 0.8382716049382716 0.41562499999999997 0.8429012345679012 0.4157986111111111 0.8493827160493828 0.41788194444444443 0.867283950617284 0.41822916666666665 0.8814814814814815 0.4210069444444444 0.8978395061728395 0.4239583333333333 0.9018518518518519 0.4284722222222222 0.9049382716049382 0.4366319444444444 0.9049382716049382 0.4440972222222222 0.9070987654320988 0.4597222222222222 0.9086419753086419 0.47256944444444443 0.9083333333333333 0.4942708333333333 0.903395061728395 0.4989583333333333 0.903395061728395 0.5031249999999999 0.9018518518518519 0.5067708333333333 0.8978395061728395 0.5081597222222223 0.8898148148148147 0.5090277777777777 0.8879629629629631 0.5093749999999999 0.8796296296296297 0.5111111111111111 0.8666666666666666 0.5111111111111111 0.8564814814814815 0.5121527777777778 0.8537037037037037 0.5126736111111111 0.8496913580246913 0.5121527777777778 0.8401234567901235 0.5126736111111111 0.8188271604938272 0.5109374999999999 0.7944444444444444 0.5102430555555555 0.7666666666666666 0.5092013888888889 0.7558641975308641 0.5098958333333333 0.7478395061728395 0.5090277777777777 0.7361111111111112 0.5074652777777777 0.7277777777777777 0.5072916666666667 0.721604938271605 0.5057291666666667 0.716358024691358 0.5057291666666667 0.7027777777777778 0.5065972222222223 0.6990740740740741 0.5126736111111111 0.6947530864197531 0.5133680555555555 0.6929012345679012 0.5126736111111111 0.6898148148148148 0.5114583333333333 0.6879629629629629 0.5064236111111111 0.6851851851851852 0.5027777777777778 0.6780864197530865 0.4989583333333333 0.6645061728395062 0.4947916666666667 0.6601851851851852 0.4927083333333333 0.6595679012345679 0.4911458333333333 0.657716049382716 0.4850694444444444 0.6558641975308641 0.4788194444444444 0.6552469135802469 0.4713541666666667 0.6527777777777778 0.46249999999999997 0.6524691358024691 0.4565972222222222 0.6527777777777778 0.4409722222222222 0.6567901234567901 0.4322916666666667 0.6623456790123456 0.4302083333333333 0.6645061728395062 0.4289930555555555 0.6675925925925925 0.42465277777777777 0.682716049382716 0.4225694444444444 0.6864197530864197 0.41822916666666665 0.6910493827160493 0.41788194444444443 0.6929012345679012 0.4185763888888889 0.695679012345679 0.4215277777777778 0.6978395061728394
1 0.328125 0.38148148148148153 0.3317708333333333 0.3827160493827161 0.3348958333333333 0.38148148148148153 0.3373263888888889 0.3787037037037037 0.3423611111111111 0.3771604938271605 0.3454861111111111 0.3746913580246914 0.3529513888888889 0.3746913580246914 0.35538194444444443 0.3787037037037037 0.35572916666666665 0.3808641975308642 0.3611111111111111 0.39444444444444443 0.3638888888888889 0.39567901234567904 0.3673611111111111 0.39537037037037037 0.3684027777777778 0.39382716049382716 0.3690972222222222 0.39012345679012345 0.36996527777777777 0.3787037037037037 0.3715277777777778 0.37006172839506174 0.3722222222222222 0.3530864197530864 0.3720486111111111 0.33796296296296297 0.37118055555555557 0.3351851851851852 0.3689236111111111 0.33271604938271604 0.3661458333333333 0.32685185185185184 0.36267361111111107 0.32345679012345674 0.3567708333333333 0.3222222222222222 0.3430555555555555 0.3222222222222222 0.33749999999999997 0.32345679012345674 0.3347222222222222 0.32654320987654323 0.334375 0.32932098765432094 0.3329861111111111 0.33271604938271604 0.3289930555555556 0.3351851851851852 0.3307291666666667 0.3425925925925926 0.3295138888888889 0.34660493827160493 0.325 0.35462962962962963 0.3237847222222222 0.3604938271604938 0.3237847222222222 0.3697530864197531 0.328125 0.38148148148148153
1 0.4378472222222222 0.18858024691358025 0.43732638888888886 0.19506172839506172 0.43732638888888886 0.21080246913580247 0.4375 0.21327160493827158 0.4392361111111111 0.2169753086419753 0.4456597222222222 0.2126543209876543 0.45295138888888886 0.21296296296296297 0.45642361111111107 0.2154320987654321 0.4598958333333333 0.21481481481481482 0.4600694444444444 0.21080246913580247 0.4583333333333333 0.19290123456790123 0.4579861111111111 0.18209876543209877 0.45625 0.17901234567901234 0.4534722222222222 0.17777777777777778 0.4427083333333333 0.17777777777777778 0.44149305555555557 0.17839506172839506 0.4399305555555555 0.18117283950617283 0.4375 0.1824074074074074 0.43732638888888886 0.18333333333333335 0.4371527777777778 0.18611111111111112 0.4378472222222222 0.18858024691358025
1 0.5567708333333333 0.2771604938271605 0.5668402777777778 0.28117283950617283 0.5682291666666667 0.28487654320987654 0.5690972222222223 0.2919753086419753 0.5711805555555556 0.2959876543209876 0.5770833333333333 0.29660493827160495 0.5805555555555555 0.29876543209876544 0.5815972222222222 0.3003086419753086 0.5920138888888888 0.30092592592592593 0.5947916666666666 0.3030864197530864 0.5968749999999999 0.3024691358024691 0.5980902777777778 0.3003086419753086 0.5993055555555555 0.2898148148148148 0.598611111111111 0.2771604938271605 0.5956597222222222 0.2623456790123457 0.5935763888888889 0.2589506172839506 0.5927083333333334 0.25493827160493826 0.5895833333333333 0.25 0.5855902777777777 0.24845679012345678 0.5815972222222222 0.24876543209876545 0.5760416666666667 0.245679012345679 0.5703125 0.245679012345679 0.5600694444444444 0.25493827160493826 0.5574652777777778 0.25925925925925924 0.5564236111111112 0.26666666666666666 0.5562499999999999 0.2759259259259259 0.5567708333333333 0.2771604938271605
1 0.3472222222222222 0.3175925925925926 0.3487847222222222 0.320679012345679 0.36527777777777776 0.3228395061728395 0.3727430555555556 0.3222222222222222 0.3774305555555555 0.32407407407407407 0.3807291666666667 0.3280864197530864 0.3840277777777778 0.3287037037037037 0.3847222222222222 0.3280864197530864 0.38559027777777777 0.3222222222222222 0.3885416666666667 0.3135802469135803 0.39375 0.3077160493827161 0.3942708333333333 0.3061728395061728 0.3942708333333333 0.2904320987654321 0.3927083333333333 0.2802469135802469 0.3932291666666667 0.2756172839506173 0.3918402777777778 0.27314814814814814 0.3880208333333333 0.27098765432098765 0.3871527777777778 0.26882716049382716 0.3836805555555556 0.2648148148148148 0.3741319444444444 0.2632716049382716 0.3616319444444444 0.26358024691358023 0.35920138888888886 0.2654320987654321 0.3545138888888889 0.27345679012345675 0.3520833333333333 0.28148148148148144 0.35138888888888886 0.28641975308641976 0.35 0.2910493827160494 0.3489583333333333 0.29259259259259257 0.34791666666666665 0.2975308641975309 0.3472222222222222 0.30339506172839503 0.3472222222222222 0.3175925925925926
1 0.5029513888888889 0.15339506172839507 0.5041666666666667 0.15648148148148147 0.5057291666666667 0.1574074074074074 0.5088541666666666 0.15555555555555556 0.5123263888888888 0.1552469135802469 0.5152777777777777 0.15709876543209875 0.5192708333333333 0.15709876543209875 0.5204861111111111 0.15061728395061727 0.5194444444444445 0.14444444444444443 0.5192708333333333 0.13518518518518519 0.5177083333333333 0.1324074074074074 0.5126736111111111 0.12901234567901235 0.5053819444444444 0.12901234567901235 0.5041666666666667 0.1302469135802469 0.5022569444444445 0.1361111111111111 0.5017361111111112 0.14228395061728397 0.5029513888888889 0.15339506172839507
5 0.6258680555555556 0.38209876543209875 0.6260416666666666 0.38395061728395063 0.6289930555555555 0.39043209876543206 0.6310763888888888 0.39166666666666666 0.6324652777777777 0.39413580246913577 0.6342013888888888 0.3990740740740741 0.6324652777777777 0.4311728395061728 0.6333333333333333 0.4354938271604938 0.6369791666666667 0.4364197530864197 0.6496527777777777 0.4361111111111111 0.6545138888888888 0.43703703703703706 0.6593749999999999 0.4419753086419753 0.6616319444444444 0.44598765432098764 0.6649305555555556 0.44814814814814813 0.6685763888888888 0.44660493827160497 0.6710069444444444 0.4425925925925926 0.6717013888888889 0.4398148148148148 0.6720486111111111 0.4277777777777778 0.6715277777777777 0.41851851851851857 0.670486111111111 0.4138888888888889 0.6701388888888888 0.40771604938271605 0.6685763888888888 0.4024691358024692 0.6684027777777778 0.4 0.665625 0.3925925925925926 0.6649305555555556 0.38765432098765434 0.6581597222222222 0.3746913580246914 0.6520833333333333 0.366358024691358 0.645486111111111 0.36203703703703705 0.6338541666666666 0.36203703703703705 0.6317708333333334 0.36358024691358026 0.6263888888888888 0.36419753086419754 0.6223958333333334 0.36604938271604937 0.6225694444444444 0.3731481481481481 0.6258680555555556 0.38209876543209875
1 0.44345711805555554 0.3858987654320987 0.4436307291666666 0.3877506172839506 0.4436307291666666 0.4096641975308642 0.44224184027777774 0.41738024691358017 0.44224184027777774 0.43126913580246906 0.4427626736111111 0.4337382716049383 0.44241545138888894 0.43898518518518514 0.44293628472222224 0.4479358024691358 0.4436307291666666 0.45009629629629627 0.44519322916666665 0.4513308641975308 0.45196406250000004 0.44947901234567894 0.46637378472222224 0.45071358024691355 0.4781793402777778 0.45009629629629627 0.48373489583333334 0.4516395061728395 0.48668628472222225 0.4559604938271605 0.4882487847222222 0.45503456790123453 0.4896376736111111 0.44855308641975306 0.4894640625 0.43126913580246906 0.4887696180555555 0.4204666666666666 0.48755434027777783 0.41275061728395057 0.48755434027777783 0.399479012345679 0.48668628472222225 0.39454074074074075 0.4870335069444444 0.38960246913580243 0.48633906250000003 0.3858987654320987 0.4894640625 0.38281234567901234 0.4906793402777778 0.3791086419753086 0.48495017361111115 0.3766395061728395 0.48113072916666666 0.36984938271604934 0.4792210069444444 0.3686148148148148 0.4569987847222222 0.36645432098765424 0.44901267361111113 0.3683061728395061 0.4469293402777778 0.37139259259259255 0.44536684027777773 0.3720098765432098 0.4444987847222222 0.3738617283950617 0.4408529513888889 0.3760222222222222 0.44050572916666664 0.37787407407407403 0.44050572916666664 0.3800345679012345 0.44345711805555554 0.3858987654320987
1 0.43559027777777776 0.27901234567901234 0.4369791666666667 0.28055555555555556 0.4375 0.2824074074074074 0.4368055555555555 0.2891975308641975 0.4368055555555555 0.32160493827160497 0.4380208333333333 0.32592592592592595 0.43906249999999997 0.3271604938271605 0.4421875 0.32623456790123456 0.4501736111111111 0.32623456790123456 0.4519097222222222 0.3253086419753086 0.4600694444444444 0.32623456790123456 0.46371527777777777 0.3243827160493827 0.4670138888888889 0.3253086419753086 0.46979166666666666 0.32839506172839505 0.4713541666666667 0.3280864197530864 0.47256944444444443 0.32592592592592595 0.4736111111111111 0.31882716049382714 0.4736111111111111 0.3030864197530864 0.4713541666666667 0.2830246913580247 0.47291666666666665 0.28055555555555556 0.4743055555555556 0.2799382716049383 0.4743055555555556 0.2777777777777778 0.4736111111111111 0.2762345679012346 0.46979166666666666 0.27499999999999997 0.4677083333333333 0.27098765432098765 0.4652777777777778 0.2691358024691358 0.4557291666666667 0.2675925925925926 0.4456597222222222 0.2679012345679012 0.4427083333333333 0.2691358024691358 0.4394097222222222 0.2740740740740741 0.4350694444444444 0.27530864197530863 0.4348958333333333 0.27685185185185185 0.43559027777777776 0.27901234567901234
1 0.5234375 0.2138888888888889 0.5253472222222222 0.2154320987654321 0.5291666666666667 0.2212962962962963 0.5328124999999999 0.21944444444444444 0.5411458333333333 0.21944444444444444 0.5434027777777778 0.2197530864197531 0.5461805555555556 0.22253086419753085 0.5477430555555556 0.22253086419753085 0.5494791666666666 0.22037037037037038 0.5499999999999999 0.21203703703703702 0.5482638888888889 0.1962962962962963 0.5463541666666666 0.18888888888888888 0.5440972222222222 0.18580246913580248 0.5362847222222222 0.18364197530864196 0.5293402777777777 0.1845679012345679 0.5274305555555555 0.1873456790123457 0.5243055555555556 0.18981481481481483 0.5230902777777777 0.19290123456790123 0.5225694444444444 0.19814814814814813 0.5225694444444444 0.21172839506172839 0.5234375 0.2138888888888889
2 0.07430555555555556 0.4382716049382716 0.07690972222222223 0.4354938271604938 0.08298611111111111 0.4327160493827161 0.08506944444444445 0.4302469135802469 0.08836805555555555 0.4287037037037037 0.0875 0.4274691358024691 0.08541666666666667 0.4197530864197531 0.0845486111111111 0.4188271604938272 0.0845486111111111 0.4154320987654321 0.08559027777777778 0.41203703703703703 0.08541666666666667 0.40987654320987654 0.08177083333333332 0.4024691358024692 0.07795138888888888 0.40370370370370373 0.07569444444444444 0.40771604938271605 0.07534722222222222 0.4117283950617284 0.07621527777777777 0.4141975308641975 0.07604166666666667 0.4169753086419753 0.07326388888888889 0.42376543209876544 0.07309027777777778 0.4361111111111111 0.07430555555555556 0.4382716049382716
2 0 0.5697530864197531 0.0019097222222222222 0.5697530864197531 0.003298611111111111 0.571604938271605 0.005208333333333333 0.5722222222222222 0.012326388888888888 0.5731481481481482 0.0140625 0.5765432098765432 0.015625 0.5888888888888889 0.020659722222222218 0.592283950617284 0.024131944444444442 0.592283950617284 0.024305555555555556 0.5891975308641976 0.022569444444444444 0.5848765432098765 0.02239583333333333 0.5824074074074074 0.022569444444444444 0.5731481481481482 0.024305555555555556 0.5632716049382717 0.024131944444444442 0.5570987654320988 0.02239583333333333 0.5530864197530865 0.019097222222222224 0.5509259259259259 0.015277777777777777 0.5432098765432098 0.011979166666666666 0.542283950617284 0.0078125 0.5388888888888889 0.005208333333333333 0.5333333333333333 0.004861111111111111 0.5296296296296296 0.0036458333333333334 0.5262345679012346 0.0015624999999999999 0.5231481481481481 0 0.5231481481481481 0 0.5697530864197531
2 0.34965277777777776 0.25771604938271603 0.3515625 0.26666666666666666 0.3524305555555556 0.26851851851851855 0.3534722222222222 0.2682098765432099 0.3564236111111111 0.2660493827160494 0.3564236111111111 0.26358024691358023 0.35538194444444443 0.2623456790123457 0.35572916666666665 0.2611111111111111 0.3578125 0.2623456790123457 0.3595486111111111 0.26203703703703707 0.3605902777777778 0.25277777777777777 0.3605902777777778 0.24290123456790125 0.3595486111111111 0.23796296296296296 0.3567708333333333 0.23209876543209876 0.3559027777777778 0.22746913580246914 0.3524305555555556 0.22716049382716047 0.34965277777777776 0.23580246913580247 0.3491319444444444 0.23796296296296296 0.34965277777777776 0.25771604938271603
2 0.15850694444444444 0.9061728395061728 0.16093749999999998 0.9179012345679012 0.16319444444444445 0.9228395061728395 0.1644097222222222 0.9302469135802469 0.16458333333333333 0.9370370370370371 0.1640625 0.9435185185185185 0.16631944444444444 0.946604938271605 0.16927083333333334 0.9469135802469135 0.17135416666666664 0.9425925925925925 0.17152777777777775 0.9376543209876543 0.16979166666666665 0.9256172839506173 0.16979166666666665 0.9197530864197531 0.1703125 0.9169753086419753 0.1704861111111111 0.9074074074074074 0.1717013888888889 0.9049382716049382 0.1734375 0.907716049382716 0.17413194444444444 0.9120370370370371 0.17708333333333334 0.917283950617284 0.17777777777777778 0.9212962962962963 0.17777777777777778 0.9290123456790123 0.17881944444444445 0.932716049382716 0.1798611111111111 0.9330246913580247 0.18194444444444444 0.936111111111111 0.1847222222222222 0.9376543209876543 0.18559027777777778 0.9391975308641975 0.18993055555555555 0.9398148148148148 0.19114583333333335 0.9385802469135802 0.19149305555555554 0.9354938271604938 0.18993055555555555 0.9314814814814815 0.18802083333333333 0.9299382716049384 0.18489583333333334 0.9243827160493827 0.1829861111111111 0.9117283950617284 0.18333333333333335 0.9046296296296297 0.1800347222222222 0.8953703703703704 0.17881944444444445 0.8888888888888888 0.17482638888888888 0.8919753086419753 0.1720486111111111 0.895679012345679 0.16927083333333334 0.895679012345679 0.1668402777777778 0.8925925925925926 0.16597222222222222 0.8888888888888888 0.1640625 0.8864197530864197 0.16145833333333334 0.8808641975308641 0.1595486111111111 0.8811728395061729 0.1595486111111111 0.883641975308642 0.15850694444444444 0.8876543209876543 0.1579861111111111 0.895679012345679 0.15850694444444444 0.9061728395061728
2 0.13159722222222223 0.8345679012345678 0.13333333333333333 0.8370370370370371 0.13836805555555556 0.8370370370370371 0.14149305555555555 0.8382716049382716 0.1449652777777778 0.8425925925925926 0.14600694444444443 0.845679012345679 0.14635416666666665 0.8570987654320987 0.14756944444444445 0.8626543209876544 0.1515625 0.8657407407407407 0.15364583333333334 0.8700617283950618 0.15520833333333334 0.8712962962962962 0.1565972222222222 0.8737654320987653 0.1579861111111111 0.8799382716049382 0.16024305555555554 0.879320987654321 0.16180555555555554 0.8743827160493828 0.1626736111111111 0.8685185185185185 0.16597222222222222 0.8601851851851853 0.16597222222222222 0.8530864197530863 0.16788194444444443 0.8493827160493828 0.16527777777777775 0.8385802469135802 0.15989583333333335 0.8311728395061728 0.15572916666666664 0.8277777777777778 0.1484375 0.8274691358024691 0.14427083333333332 0.817283950617284 0.14184027777777777 0.813888888888889 0.14010416666666667 0.8129629629629629 0.13559027777777777 0.8129629629629629 0.13333333333333333 0.813888888888889 0.13020833333333334 0.817283950617284 0.13020833333333334 0.8271604938271605 0.13159722222222223 0.8345679012345678
2 0.041840277777777775 0.733641975308642 0.04236111111111111 0.7481481481481481 0.043229166666666666 0.753395061728395 0.048263888888888884 0.7626543209876543 0.050347222222222224 0.769753086419753 0.051909722222222225 0.7728395061728395 0.05399305555555555 0.7898148148148147 0.05677083333333333 0.8012345679012346 0.058159722222222224 0.8098765432098766 0.06059027777777778 0.8141975308641975 0.0642361111111111 0.8114197530864197 0.06753472222222222 0.8101851851851852 0.06805555555555555 0.8055555555555556 0.06579861111111111 0.8009259259259259 0.06527777777777778 0.792283950617284 0.0685763888888889 0.7728395061728395 0.06874999999999999 0.7567901234567901 0.06770833333333333 0.7487654320987653 0.06458333333333333 0.7416666666666666 0.06267361111111111 0.7320987654320987 0.06284722222222222 0.7240740740740741 0.06440972222222222 0.7182098765432099 0.06579861111111111 0.707716049382716 0.06753472222222222 0.703395061728395 0.06736111111111111 0.6990740740740741 0.06614583333333333 0.6962962962962963 0.06180555555555555 0.6938271604938272 0.057465277777777775 0.688888888888889 0.05381944444444445 0.6876543209876543 0.05069444444444444 0.688888888888889 0.04739583333333333 0.6938271604938272 0.04618055555555555 0.6984567901234568 0.04618055555555555 0.7043209876543209 0.048263888888888884 0.7104938271604938 0.04288194444444444 0.7157407407407407 0.04114583333333333 0.7200617283950618 0.04079861111111111 0.725925925925926 0.041840277777777775 0.733641975308642
2 0.27291666666666664 0.3253086419753086 0.27499999999999997 0.3277777777777778 0.2756944444444444 0.3391975308641975 0.2791666666666667 0.35030864197530864 0.2788194444444444 0.36018518518518516 0.2826388888888889 0.36018518518518516 0.2833333333333333 0.3395061728395061 0.28628472222222223 0.3219135802469136 0.2861111111111111 0.30925925925925923 0.28524305555555557 0.30339506172839503 0.2821180555555556 0.2972222222222222 0.28072916666666664 0.29228395061728396 0.2795138888888889 0.29012345679012347 0.27621527777777777 0.2910493827160494 0.2751736111111111 0.29259259259259257 0.2737847222222222 0.3006172839506173 0.2722222222222222 0.3027777777777778 0.271875 0.30679012345679013 0.27031249999999996 0.31296296296296294 0.2690972222222222 0.3243827160493827 0.27291666666666664 0.3253086419753086
2 0.10416666666666667 0.4632716049382716 0.10451388888888889 0.47129629629629627 0.10572916666666667 0.47654320987654325 0.10920138888888888 0.4777777777777778 0.11302083333333332 0.4743827160493827 0.1203125 0.4589506172839506 0.12118055555555556 0.44907407407407407 0.12083333333333332 0.44382716049382714 0.11961805555555555 0.43796296296296294 0.11458333333333333 0.42962962962962964 0.11302083333333332 0.42407407407407405 0.10920138888888888 0.42345679012345677 0.10572916666666667 0.4311728395061728 0.10416666666666667 0.43734567901234567 0.10138888888888888 0.4422839506172839 0.1015625 0.45123456790123456 0.10416666666666667 0.4632716049382716
2 0.07378472222222222 0.4638888888888889 0.07552083333333333 0.4666666666666667 0.0767361111111111 0.47067901234567905 0.0767361111111111 0.4842592592592592 0.0795138888888889 0.48858024691358026 0.08038194444444445 0.4925925925925925 0.08263888888888887 0.49845679012345684 0.08437499999999999 0.5070987654320988 0.08437499999999999 0.5114197530864197 0.08506944444444445 0.5132716049382716 0.08645833333333333 0.5111111111111111 0.08854166666666667 0.5101851851851852 0.090625 0.5058641975308642 0.09149305555555555 0.5055555555555555 0.09340277777777778 0.5021604938271605 0.09461805555555555 0.49845679012345684 0.09444444444444444 0.4898148148148148 0.09357638888888888 0.48456790123456794 0.0939236111111111 0.46882716049382717 0.09340277777777778 0.466358024691358 0.0939236111111111 0.4558641975308642 0.09340277777777778 0.4527777777777778 0.09097222222222222 0.45 0.08836805555555555 0.4422839506172839 0.0861111111111111 0.43796296296296294 0.08472222222222223 0.43734567901234567 0.08246527777777778 0.433641975308642 0.08107638888888889 0.433641975308642 0.07864583333333333 0.43456790123456784 0.07690972222222223 0.4364197530864197 0.07604166666666667 0.44012345679012344 0.07604166666666667 0.44598765432098764 0.07378472222222222 0.45462962962962966 0.07326388888888889 0.4611111111111111 0.07378472222222222 0.4638888888888889
2 0.2586805555555556 0.5432098765432098 0.2595486111111111 0.5645061728395062 0.2600694444444444 0.5675925925925925 0.2635416666666667 0.5756172839506173 0.26493055555555556 0.587037037037037 0.26371527777777776 0.6157407407407407 0.26406250000000003 0.6197530864197531 0.26545138888888886 0.6219135802469137 0.26666666666666666 0.6222222222222222 0.2692708333333333 0.6222222222222222 0.2699652777777778 0.6185185185185185 0.27499999999999997 0.6175925925925926 0.2756944444444444 0.6200617283950618 0.27743055555555557 0.6197530864197531 0.2795138888888889 0.6179012345679012 0.2796875 0.6166666666666666 0.27899305555555554 0.6037037037037037 0.2795138888888889 0.5879629629629629 0.2786458333333333 0.5858024691358025 0.2786458333333333 0.5765432098765432 0.2796875 0.566358024691358 0.27899305555555554 0.5540123456790124 0.28020833333333334 0.5472222222222223 0.28072916666666664 0.528395061728395 0.27899305555555554 0.5243827160493827 0.2755208333333333 0.5194444444444445 0.2760416666666667 0.5117283950617284 0.27465277777777775 0.5074074074074074 0.27326388888888886 0.5052469135802469 0.2690972222222222 0.5052469135802469 0.2678819444444444 0.5074074074074074 0.26666666666666666 0.5132716049382716 0.26545138888888886 0.5157407407407407 0.2659722222222222 0.5194444444444445 0.26406250000000003 0.5209876543209876 0.2612847222222222 0.5256172839506172 0.2595486111111111 0.5361111111111111 0.2595486111111111 0.5398148148148147 0.2586805555555556 0.5432098765432098
2 0.3815972222222222 0.1669753086419753 0.3840277777777778 0.17746913580246915 0.38680555555555557 0.17530864197530865 0.38663194444444443 0.15061728395061727 0.38559027777777777 0.14753086419753086 0.3852430555555555 0.14382716049382716 0.3840277777777778 0.14074074074074072 0.38263888888888886 0.14074074074074072 0.38090277777777776 0.1441358024691358 0.3803819444444444 0.15555555555555556 0.3815972222222222 0.1669753086419753
2 0.12378472222222223 0.4287037037037037 0.12482638888888888 0.4305555555555556 0.1267361111111111 0.441358024691358 0.12899305555555557 0.44660493827160497 0.12968749999999998 0.4478395061728395 0.13072916666666667 0.4478395061728395 0.13368055555555555 0.445679012345679 0.1376736111111111 0.44074074074074077 0.14010416666666667 0.4339506172839506 0.14010416666666667 0.425 0.1388888888888889 0.4132716049382716 0.1378472222222222 0.41018518518518515 0.13472222222222222 0.4049382716049383 0.13524305555555555 0.40216049382716046 0.13489583333333333 0.3993827160493827 0.13368055555555555 0.3972222222222222 0.12951388888888887 0.3993827160493827 0.12760416666666666 0.4049382716049383 0.125 0.4074074074074074 0.12239583333333333 0.41234567901234565 0.12239583333333333 0.4194444444444444 0.12378472222222223 0.4287037037037037
2 0.10902777777777778 0.9354938271604938 0.11006944444444444 0.9354938271604938 0.11371527777777778 0.9259259259259259 0.11527777777777777 0.9234567901234568 0.11805555555555555 0.9222222222222222 0.11996527777777777 0.9166666666666666 0.12170138888888887 0.9148148148148147 0.12170138888888887 0.9111111111111112 0.12291666666666667 0.9052469135802469 0.12343749999999999 0.9049382716049382 0.12465277777777778 0.9080246913580247 0.125 0.9111111111111112 0.12413194444444445 0.9145061728395062 0.125 0.9185185185185185 0.12482638888888888 0.921604938271605 0.13194444444444445 0.9253086419753087 0.13680555555555554 0.9259259259259259 0.14201388888888888 0.9280864197530865 0.14288194444444444 0.9330246913580247 0.1440972222222222 0.936111111111111 0.14809027777777775 0.9407407407407407 0.15104166666666666 0.9524691358024691 0.15104166666666666 0.9564814814814815 0.1519097222222222 0.9604938271604938 0.1565972222222222 0.9679012345679012 0.1607638888888889 0.9777777777777777 0.16371527777777775 0.982716049382716 0.16545138888888888 0.9910493827160494 0.16493055555555555 0.9941358024691357 0.16510416666666666 0.9996913580246913 0.1722222222222222 0.9996913580246913 0.17256944444444444 0.9944444444444444 0.17152777777777775 0.9861111111111112 0.16961805555555554 0.9808641975308642 0.1684027777777778 0.9740740740740741 0.16614583333333333 0.9682098765432099 0.16527777777777775 0.9632716049382716 0.16371527777777775 0.9604938271604938 0.1623263888888889 0.953395061728395 0.1595486111111111 0.9472222222222222 0.15833333333333333 0.9391975308641975 0.15815972222222222 0.9324074074074075 0.15694444444444444 0.9253086419753087 0.15694444444444444 0.9219135802469135 0.15815972222222222 0.9188271604938272 0.1578125 0.9055555555555556 0.15815972222222222 0.8962962962962963 0.15868055555555555 0.8944444444444444 0.15815972222222222 0.8802469135802469 0.1546875 0.8728395061728395 0.15069444444444444 0.8712962962962962 0.15 0.8700617283950618 0.14965277777777775 0.8669753086419753 0.14704861111111112 0.8632716049382716 0.1454861111111111 0.8570987654320987 0.1454861111111111 0.846604938271605 0.1449652777777778 0.8438271604938271 0.14305555555555555 0.8404320987654321 0.1407986111111111 0.8385802469135802 0.13559027777777777 0.8382716049382716 0.1328125 0.8395061728395062 0.13020833333333334 0.8429012345679012 0.1284722222222222 0.8490740740740741 0.12760416666666666 0.8608024691358025 0.1265625 0.8657407407407407 0.12291666666666667 0.8725308641975309 0.11770833333333333 0.8864197530864197 0.11631944444444445 0.9009259259259259 0.11388888888888887 0.9092592592592593 0.1111111111111111 0.9145061728395062 0.1111111111111111 0.9222222222222222 0.10920138888888888 0.9256172839506173 0.10868055555555554 0.9342592592592593 0.10902777777777778 0.9354938271604938
4 0.4861111111111111 0.22438271604938273 0.4869791666666667 0.2277777777777778 0.4895833333333333 0.23117283950617282 0.4894097222222222 0.24166666666666664 0.4878472222222222 0.24444444444444444 0.4878472222222222 0.24598765432098765 0.48854166666666665 0.2478395061728395 0.4890625 0.254320987654321 0.490625 0.25925925925925924 0.4913194444444444 0.26944444444444443 0.49496527777777777 0.26944444444444443 0.49809027777777776 0.26450617283950617 0.5052083333333334 0.2641975308641975 0.5090277777777777 0.26450617283950617 0.5114583333333333 0.266358024691358 0.5144097222222223 0.27067901234567904 0.5168402777777777 0.27037037037037037 0.5180555555555555 0.266358024691358 0.5192708333333333 0.25771604938271603 0.5194444444444445 0.22901234567901235 0.5204861111111111 0.220679012345679 0.5204861111111111 0.21574074074074076 0.5199652777777778 0.21358024691358024 0.5177083333333333 0.21203703703703702 0.5168402777777777 0.21018518518518517 0.5147569444444444 0.20833333333333334 0.5102430555555555 0.20679012345679013 0.4930555555555556 0.20617283950617282 0.4914930555555555 0.20679012345679013 0.49027777777777776 0.20987654320987656 0.4894097222222222 0.21851851851851853 0.4861111111111111 0.22438271604938273
4 0.4600694444444444 0.18271604938271604 0.4739583333333333 0.18271604938271604 0.4770833333333333 0.18518518518518517 0.4777777777777778 0.18518518518518517 0.4789930555555555 0.18271604938271604 0.47986111111111107 0.17037037037037037 0.4777777777777778 0.15771604938271602 0.4772569444444444 0.1558641975308642 0.4706597222222222 0.14506172839506173 0.4597222222222222 0.15061728395061727 0.4578125 0.15648148148148147 0.45729166666666665 0.16512345679012344 0.45729166666666665 0.17561728395061726 0.4600694444444444 0.18271604938271604
7 0.5574652777777778 0.5083333333333333 0.5567708333333333 0.5228395061728395 0.5585069444444444 0.5324074074074074 0.5592013888888888 0.545679012345679 0.5588541666666667 0.5604938271604938 0.5581597222222222 0.5675925925925925 0.5572916666666666 0.5703703703703704 0.5576388888888888 0.6169753086419753 0.5586805555555555 0.6231481481481481 0.5605902777777777 0.629320987654321 0.5642361111111112 0.6348765432098765 0.5661458333333333 0.6351851851851852 0.5685763888888888 0.6385802469135803 0.5708333333333333 0.644753086419753 0.5748263888888888 0.6512345679012346 0.5755208333333334 0.6537037037037037 0.5753472222222222 0.6620370370370371 0.5743055555555555 0.6666666666666666 0.5732638888888888 0.6953703703703703 0.5737847222222222 0.6993827160493827 0.5737847222222222 0.7182098765432099 0.5743055555555555 0.7197530864197531 0.5744791666666667 0.725 0.5753472222222222 0.7280864197530863 0.5755208333333334 0.7351851851851853 0.5774305555555556 0.7450617283950618 0.5812499999999999 0.7496913580246913 0.5833333333333334 0.7552469135802469 0.5847222222222223 0.7864197530864198 0.5874999999999999 0.8101851851851852 0.5880208333333333 0.8444444444444444 0.5876736111111112 0.8574074074074074 0.5885416666666666 0.8623456790123456 0.5899305555555555 0.8632716049382716 0.5980902777777778 0.8632716049382716 0.6050347222222222 0.8617283950617284 0.6335069444444444 0.8601851851851853 0.6494791666666666 0.8623456790123456 0.6602430555555555 0.8626543209876544 0.6723958333333333 0.8604938271604938 0.7100694444444444 0.8614197530864197 0.7277777777777777 0.8604938271604938 0.7291666666666666 0.8595679012345678 0.7302083333333333 0.8570987654320987 0.7309027777777778 0.8527777777777777 0.7321180555555555 0.8271604938271605 0.7321180555555555 0.813888888888889 0.7310763888888888 0.7867283950617284 0.7305555555555555 0.7851851851851852 0.7276041666666666 0.7817901234567901 0.7267361111111111 0.779320987654321 0.7263888888888889 0.7719135802469135 0.7269097222222222 0.7549382716049382 0.7276041666666666 0.7537037037037038 0.7315972222222222 0.7512345679012346 0.7335069444444444 0.7481481481481481 0.7345486111111111 0.7447530864197531 0.7347222222222222 0.7398148148148148 0.7368055555555556 0.725 0.7371527777777778 0.7123456790123457 0.7394097222222222 0.7 0.7425347222222222 0.6666666666666666 0.7435763888888888 0.6620370370370371 0.7453124999999999 0.6459876543209876 0.7454861111111112 0.6376543209876543 0.7380208333333333 0.616358024691358 0.7359375 0.6132716049382716 0.731423611111111 0.6012345679012346 0.7263888888888889 0.591358024691358 0.7213541666666666 0.5787037037037037 0.7088541666666666 0.5537037037037037 0.7046875 0.5438271604938272 0.7043402777777777 0.5416666666666666 0.6980902777777778 0.5290123456790123 0.6972222222222222 0.5256172839506172 0.6920138888888888 0.5160493827160494 0.6895833333333333 0.5095679012345679 0.6848958333333334 0.5021604938271605 0.6835069444444444 0.4978395061728395 0.678125 0.48734567901234566 0.6762152777777778 0.48148148148148145 0.6690972222222222 0.4669753086419753 0.668923611111111 0.46543209876543207 0.662673611111111 0.45462962962962966 0.6618055555555555 0.4506172839506173 0.6598958333333333 0.4462962962962963 0.6581597222222222 0.44290123456790126 0.6545138888888888 0.4398148148148148 0.6510416666666666 0.4398148148148148 0.6442708333333333 0.43796296296296294 0.6012152777777777 0.43765432098765433 0.5979166666666667 0.43734567901234567 0.5951388888888888 0.43580246913580245 0.5887152777777778 0.4354938271604938 0.5850694444444444 0.43425925925925923 0.5779513888888889 0.43425925925925923 0.5746527777777778 0.4330246913580247 0.5706597222222222 0.4330246913580247 0.5651041666666666 0.43456790123456784 0.5630208333333333 0.4364197530864197 0.5618055555555556 0.4419753086419753 0.5623263888888889 0.45987654320987653 0.5605902777777777 0.4641975308641975 0.559375 0.47067901234567905 0.5592013888888888 0.48148148148148145 0.5585069444444444 0.4882716049382716 0.5576388888888888 0.49104938271604937 0.5581597222222222 0.5058641975308642 0.5574652777777778 0.5083333333333333
7 0.5173611111111112 0.32962962962962966 0.5185763888888889 0.3308641975308642 0.5204861111111111 0.3305555555555556 0.5234375 0.32654320987654323 0.5260416666666666 0.3253086419753086 0.5269097222222222 0.3277777777777778 0.5249999999999999 0.33487654320987653 0.5251736111111112 0.3805555555555556 0.5248263888888889 0.3848765432098765 0.5234375 0.39043209876543206 0.5225694444444444 0.4006172839506173 0.5225694444444444 0.42376543209876544 0.5232638888888889 0.42962962962962964 0.5244791666666666 0.4327160493827161 0.5270833333333333 0.4333333333333333 0.5331597222222222 0.4308641975308642 0.5350694444444444 0.4419753086419753 0.5354166666666667 0.4608024691358025 0.5345486111111111 0.4632716049382716 0.5350694444444444 0.483641975308642 0.5354166666666667 0.48858024691358026 0.5369791666666667 0.49537037037037035 0.5378472222222223 0.5101851851851852 0.5395833333333333 0.5212962962962963 0.5399305555555556 0.5388888888888889 0.5430555555555555 0.5429012345679012 0.5460069444444444 0.5438271604938272 0.5541666666666666 0.5438271604938272 0.5559027777777777 0.5401234567901235 0.5555555555555556 0.5231481481481481 0.5567708333333333 0.4901234567901234 0.561111111111111 0.45432098765432094 0.561111111111111 0.44290123456790126 0.5626736111111111 0.43456790123456784 0.5651041666666666 0.4311728395061728 0.5717013888888889 0.42901234567901236 0.5970486111111112 0.43487654320987656 0.6300347222222222 0.4361111111111111 0.6310763888888888 0.43487654320987656 0.6317708333333334 0.4311728395061728 0.6319444444444444 0.42407407407407405 0.6336805555555556 0.4070987654320988 0.6335069444444444 0.3972222222222222 0.6305555555555555 0.39197530864197533 0.6265625 0.387037037037037 0.6256944444444444 0.3833333333333333 0.6229166666666666 0.3774691358024691 0.6203124999999999 0.3651234567901234 0.6145833333333334 0.3558641975308642 0.6065972222222222 0.3382716049382716 0.6015625 0.3311728395061728 0.5921875 0.3138888888888889 0.5854166666666666 0.3052469135802469 0.5772569444444444 0.3 0.5737847222222222 0.2996913580246914 0.5690972222222223 0.2975308641975309 0.5677083333333334 0.29506172839506173 0.5657986111111111 0.2830246913580247 0.5645833333333333 0.2817901234567901 0.5503472222222222 0.2817901234567901 0.5491319444444445 0.2830246913580247 0.5484374999999999 0.2861111111111111 0.5479166666666666 0.29012345679012347 0.5482638888888889 0.2932098765432099 0.5465277777777777 0.2962962962962963 0.5364583333333334 0.2962962962962963 0.5336805555555555 0.3006172839506173 0.5303819444444444 0.3027777777777778 0.5260416666666666 0.30401234567901236 0.5225694444444444 0.30709876543209874 0.5184027777777778 0.30709876543209874 0.5170138888888889 0.31080246913580245 0.5166666666666666 0.3280864197530864 0.5173611111111112 0.32962962962962966
3 0.25625000000000003 0.5305555555555556 0.2565972222222222 0.5370370370370371 0.2586805555555556 0.5462962962962963 0.25972222222222224 0.5419753086419753 0.26059027777777777 0.5274691358024691 0.26197916666666665 0.5240740740740741 0.2642361111111111 0.5222222222222223 0.2638888888888889 0.5209876543209876 0.26197916666666665 0.519753086419753 0.2609375 0.5219135802469136 0.25468749999999996 0.5231481481481481 0.25295138888888885 0.5259259259259259 0.25625000000000003 0.5305555555555556
3 0.2782986111111111 0.5240740740740741 0.2803819444444444 0.529320987654321 0.2803819444444444 0.5345679012345679 0.27812499999999996 0.5570987654320988 0.2791666666666667 0.5601851851851852 0.27934027777777776 0.5638888888888889 0.2786458333333333 0.5768518518518518 0.2788194444444444 0.5848765432098765 0.2829861111111111 0.5919753086419752 0.2875 0.5925925925925926 0.29288194444444443 0.5978395061728394 0.2954861111111111 0.5975308641975309 0.2970486111111111 0.5962962962962963 0.2980902777777778 0.592283950617284 0.2989583333333333 0.5799382716049383 0.3013888888888889 0.571604938271605 0.3013888888888889 0.5679012345679012 0.3005208333333333 0.5651234567901234 0.296875 0.5645061728395062 0.2944444444444444 0.5623456790123457 0.2935763888888889 0.5604938271604938 0.2934027777777778 0.5574074074074074 0.2951388888888889 0.5515432098765432 0.2960069444444444 0.5444444444444444 0.2953125 0.5339506172839505 0.29461805555555554 0.5308641975308642 0.29184027777777777 0.5237654320987654 0.2909722222222222 0.5188271604938272 0.2833333333333333 0.5092592592592593 0.27934027777777776 0.5092592592592593 0.27725694444444443 0.5104938271604939 0.27621527777777777 0.5117283950617284 0.27447916666666666 0.5179012345679012 0.2743055555555556 0.5194444444444445 0.2782986111111111 0.5240740740740741
3 0.21788194444444445 0.6555555555555556 0.21805555555555556 0.6669753086419753 0.21875 0.6725308641975308 0.21770833333333334 0.6756172839506173 0.21388888888888888 0.6771604938271604 0.21197916666666666 0.6793209876543209 0.2112847222222222 0.6814814814814815 0.2112847222222222 0.6839506172839506 0.2126736111111111 0.6891975308641975 0.21631944444444445 0.6935185185185185 0.2189236111111111 0.6941358024691359 0.2230902777777778 0.6972222222222222 0.2263888888888889 0.700925925925926 0.2329861111111111 0.7046296296296296 0.23802083333333335 0.7104938271604938 0.2409722222222222 0.7169753086419753 0.24479166666666666 0.7212962962962963 0.25104166666666666 0.7243827160493828 0.25677083333333334 0.725 0.25885416666666666 0.7277777777777777 0.2642361111111111 0.7314814814814815 0.2670138888888889 0.7311728395061728 0.2692708333333333 0.7277777777777777 0.2704861111111111 0.7228395061728394 0.27065972222222223 0.7166666666666667 0.2704861111111111 0.7135802469135802 0.26944444444444443 0.7111111111111111 0.2692708333333333 0.7046296296296296 0.26805555555555555 0.6978395061728394 0.2689236111111111 0.6907407407407407 0.2682291666666667 0.6858024691358025 0.2609375 0.6765432098765432 0.25763888888888886 0.6700617283950616 0.2552083333333333 0.6623456790123456 0.25069444444444444 0.6601851851851852 0.24375 0.6595679012345679 0.2420138888888889 0.6570987654320988 0.23802083333333335 0.6462962962962963 0.23541666666666666 0.6435185185185185 0.2342013888888889 0.6407407407407407 0.23072916666666665 0.6385802469135803 0.2293402777777778 0.6364197530864197 0.228125 0.632716049382716 0.22795138888888888 0.6296296296296297 0.2298611111111111 0.6200617283950618 0.2296875 0.6160493827160494 0.22743055555555555 0.6111111111111112 0.22586805555555556 0.612962962962963 0.22621527777777775 0.6231481481481481 0.22552083333333334 0.6246913580246913 0.2232638888888889 0.6259259259259259 0.22170138888888888 0.6287037037037038 0.21875 0.6364197530864197 0.21684027777777778 0.6435185185185185 0.21631944444444445 0.6478395061728395 0.21788194444444445 0.6555555555555556
3 0.2727430555555555 0.4876543209876543 0.2727430555555555 0.4916666666666667 0.2739583333333333 0.4947530864197531 0.2756944444444444 0.4972222222222222 0.2767361111111111 0.4975308641975309 0.2800347222222222 0.5055555555555555 0.28281249999999997 0.508641975308642 0.284375 0.5092592592592593 0.28888888888888886 0.5154320987654321 0.29062499999999997 0.5166666666666666 0.29184027777777777 0.5191358024691358 0.29322916666666665 0.5280864197530865 0.29670138888888886 0.533641975308642 0.30069444444444443 0.5345679012345679 0.3076388888888889 0.5481481481481482 0.3097222222222222 0.5503086419753086 0.31232638888888886 0.5506172839506173 0.3144097222222222 0.5496913580246914 0.315625 0.5472222222222223 0.3168402777777778 0.5413580246913581 0.3177083333333333 0.532716049382716 0.3177083333333333 0.5256172839506172 0.31232638888888886 0.5114197530864197 0.3107638888888889 0.5049382716049382 0.3041666666666667 0.5018518518518518 0.2954861111111111 0.5015432098765432 0.2939236111111111 0.5003086419753087 0.2911458333333333 0.4916666666666667 0.2911458333333333 0.4802469135802469 0.2934027777777778 0.4737654320987654 0.2927083333333333 0.47530864197530864 0.2923611111111111 0.4737654320987654 0.2911458333333333 0.47314814814814815 0.2894097222222222 0.47314814814814815 0.28680555555555554 0.475 0.2826388888888889 0.475 0.2796875 0.4728395061728395 0.2769097222222222 0.4774691358024691 0.2748263888888889 0.4842592592592592 0.2727430555555555 0.4876543209876543
3 0.3501736111111111 0.2660493827160494 0.3515625 0.2716049382716049 0.35312499999999997 0.27253086419753086 0.3564236111111111 0.27037037037037037 0.3572916666666667 0.2675925925925926 0.3605902777777778 0.26203703703703707 0.3612847222222222 0.2518518518518518 0.3605902777777778 0.24660493827160493 0.35920138888888886 0.24228395061728397 0.3520833333333333 0.24135802469135803 0.3503472222222222 0.24537037037037038 0.34965277777777776 0.24969135802469133 0.3501736111111111 0.2660493827160494
3 0.3125 0.38395061728395063 0.31579861111111107 0.3888888888888889 0.3159722222222222 0.391358024691358 0.3151041666666667 0.39537037037037037 0.3142361111111111 0.39629629629629626 0.3138888888888889 0.40030864197530863 0.3125 0.4046296296296297 0.3125 0.408641975308642 0.31354166666666666 0.4114197530864197 0.31527777777777777 0.4126543209876543 0.3182291666666667 0.412962962962963 0.3210069444444444 0.4114197530864197 0.32447916666666665 0.40432098765432095 0.3385416666666667 0.4083333333333333 0.34010416666666665 0.4055555555555555 0.3427083333333333 0.4049382716049383 0.3484375 0.4108024691358025 0.3529513888888889 0.4108024691358025 0.35538194444444443 0.40925925925925927 0.3571180555555556 0.40648148148148144 0.3595486111111111 0.39783950617283953 0.35920138888888886 0.39413580246913577 0.3579861111111111 0.3910493827160494 0.3559027777777778 0.3790123456790123 0.3534722222222222 0.375 0.34479166666666666 0.375 0.33211805555555557 0.38179012345679014 0.328125 0.37962962962962965 0.3239583333333333 0.37376543209876545 0.3211805555555556 0.3728395061728395 0.3170138888888889 0.37376543209876545 0.31354166666666666 0.3768518518518519 0.3125 0.38024691358024687 0.3125 0.38395061728395063
3 0.11197916666666667 0.9367283950617284 0.11440972222222222 0.942283950617284 0.11475694444444444 0.9453703703703703 0.11440972222222222 0.9481481481481482 0.11041666666666666 0.9592592592592593 0.10920138888888888 0.966358024691358 0.109375 0.9768518518518519 0.11041666666666666 0.9808641975308642 0.11440972222222222 0.9876543209876544 0.11388888888888887 0.9919753086419753 0.1126736111111111 0.9944444444444444 0.11232638888888889 0.9996913580246913 0.14513888888888887 0.9996913580246913 0.14513888888888887 0.9984567901234568 0.1467013888888889 0.9962962962962962 0.14809027777777775 0.991358024691358 0.1527777777777778 0.985185185185185 0.15538194444444445 0.9808641975308642 0.1560763888888889 0.9783950617283951 0.15694444444444444 0.9777777777777777 0.15746527777777775 0.9737654320987654 0.15572916666666664 0.9675925925925926 0.1546875 0.9657407407407407 0.15260416666666665 0.9645061728395062 0.1512152777777778 0.9608024691358025 0.1512152777777778 0.9496913580246913 0.14930555555555555 0.946604938271605 0.14913194444444444 0.9432098765432099 0.1482638888888889 0.9401234567901234 0.14479166666666665 0.9367283950617284 0.1439236111111111 0.9348765432098766 0.14340277777777777 0.9333333333333333 0.14340277777777777 0.928395061728395 0.14184027777777777 0.9262345679012346 0.12413194444444445 0.9228395061728395 0.11562499999999999 0.924074074074074 0.11354166666666667 0.925 0.11215277777777777 0.9271604938271604 0.11145833333333333 0.9290123456790123 0.1109375 0.9342592592592593 0.1111111111111111 0.936111111111111 0.11197916666666667 0.9367283950617284
3 0.15885416666666666 0.9333333333333333 0.16024305555555554 0.9354938271604938 0.16024305555555554 0.946604938271605 0.16145833333333334 0.9515432098765432 0.16319444444444445 0.9469135802469135 0.16302083333333334 0.9385802469135802 0.16493055555555555 0.9324074074074075 0.16319444444444445 0.9287037037037037 0.1623263888888889 0.9219135802469135 0.16145833333333334 0.9206790123456791 0.1579861111111111 0.9197530864197531 0.1560763888888889 0.9228395061728395 0.15625 0.9320987654320988 0.15885416666666666 0.9333333333333333
3 0.10277777777777777 0.9095679012345679 0.10572916666666667 0.9157407407407407 0.1095486111111111 0.9157407407407407 0.10902777777777778 0.9111111111111112 0.10659722222222222 0.9067901234567901 0.10277777777777777 0.9046296296296297 0.10208333333333333 0.9052469135802469 0.10208333333333333 0.9092592592592593 0.10277777777777777 0.9095679012345679