4 0.328125 0.6404320987654322 0.3277777777777778 0.6432098765432099 0.3269097222222222 0.6441358024691358 0.3256944444444444 0.649074074074074 0.32621527777777776 0.6703703703703704 0.3269097222222222 0.6753086419753087 0.328125 0.6777777777777778 0.3326388888888889 0.6787037037037037 0.3381944444444444 0.6759259259259259 0.3456597222222222 0.6765432098765432 0.3505208333333333 0.6756172839506173 0.3607638888888889 0.6777777777777778 0.3637152777777778 0.6777777777777778 0.3661458333333333 0.6765432098765432 0.36874999999999997 0.6629629629629629 0.3751736111111111 0.6512345679012346 0.3763888888888889 0.6466049382716049 0.3769097222222222 0.6117283950617284 0.3769097222222222 0.5882716049382716 0.3763888888888889 0.5851851851851851 0.3736111111111111 0.582716049382716 0.3642361111111111 0.5817901234567902 0.3538194444444444 0.5820987654320988 0.3484375 0.5830246913580247 0.34652777777777777 0.5842592592592593 0.34184027777777776 0.5916666666666667 0.3381944444444444 0.6 0.33697916666666666 0.6074074074074074 0.3368055555555556 0.6138888888888888 0.3345486111111111 0.6219135802469137 0.3329861111111111 0.6243827160493828 0.3303819444444444 0.625 0.3289930555555556 0.6265432098765432 0.32968749999999997 0.637037037037037 0.328125 0.6404320987654322
1 0.0515625 0.48117283950617284 0.05260416666666666 0.48518518518518516 0.05381944444444445 0.4867283950617284 0.06996527777777778 0.4864197530864197 0.0763888888888889 0.48518518518518516 0.0782986111111111 0.4842592592592592 0.08003472222222222 0.4799382716049383 0.08020833333333333 0.47716049382716047 0.07899305555555555 0.47314814814814815 0.07152777777777777 0.46574074074074073 0.06822916666666666 0.46574074074074073 0.06388888888888888 0.46728395061728395 0.06076388888888889 0.4635802469135802 0.05677083333333333 0.4635802469135802 0.05381944444444445 0.4645061728395061 0.05277777777777778 0.46574074074074073 0.05138888888888889 0.4700617283950617 0.051041666666666666 0.4756172839506173 0.0515625 0.48117283950617284
1 0.6576388888888888 0.5320987654320988 0.6612847222222222 0.5354938271604939 0.6652777777777777 0.5348765432098765 0.6684027777777778 0.5370370370370371 0.670486111111111 0.5203703703703704 0.6697916666666666 0.5015432098765432 0.6684027777777778 0.4996913580246914 0.6619791666666666 0.4996913580246914 0.6593749999999999 0.5046296296296297 0.6543402777777778 0.5104938271604939 0.6543402777777778 0.5228395061728395 0.6576388888888888 0.5320987654320988
1 0.019618055555555555 0.570679012345679 0.022222222222222223 0.5759259259259258 0.024305555555555556 0.5780864197530864 0.02829861111111111 0.578395061728395 0.03315972222222222 0.570679012345679 0.035243055555555555 0.5623456790123457 0.03697916666666667 0.5592592592592592 0.04079861111111111 0.5552469135802469 0.04392361111111111 0.5537037037037037 0.04791666666666666 0.5487654320987654 0.049305555555555554 0.5481481481481482 0.05347222222222222 0.542283950617284 0.05659722222222222 0.5407407407407407 0.057291666666666664 0.5395061728395062 0.05590277777777777 0.5361111111111111 0.05260416666666666 0.5348765432098765 0.044097222222222225 0.5351851851851852 0.035243055555555555 0.537962962962963 0.025520833333333333 0.5395061728395062 0.022048611111111113 0.5425925925925926 0.019097222222222224 0.553395061728395 0.01892361111111111 0.5675925925925925 0.019618055555555555 0.570679012345679
1 0.134375 0.6688271604938272 0.15538194444444445 0.6691358024691358 0.15885416666666666 0.6688271604938272 0.1644097222222222 0.6663580246913581 0.17083333333333334 0.6669753086419753 0.17309027777777775 0.6648148148148147 0.1746527777777778 0.6574074074074074 0.17708333333333334 0.6524691358024691 0.18090277777777775 0.6509259259259259 0.18559027777777778 0.645679012345679 0.1890625 0.6475308641975309 0.1923611111111111 0.6469135802469135 0.19322916666666665 0.645679012345679 0.19479166666666664 0.6401234567901234 0.1951388888888889 0.6330246913580246 0.19427083333333334 0.6179012345679012 0.1925347222222222 0.6120370370370369 0.19166666666666665 0.6117283950617284 0.18871527777777775 0.6061728395061728 0.18350694444444443 0.6021604938271605 0.1704861111111111 0.6021604938271605 0.16093749999999998 0.6055555555555556 0.159375 0.6074074074074074 0.15555555555555556 0.6089506172839506 0.1512152777777778 0.6138888888888888 0.14340277777777777 0.6277777777777778 0.1421875 0.6317901234567901 0.140625 0.6333333333333334 0.1362847222222222 0.6407407407407407 0.13368055555555555 0.6472222222222223 0.13333333333333333 0.6663580246913581 0.134375 0.6688271604938272
1 0.4052083333333333 0.4274691358024691 0.4065972222222222 0.4256172839506173 0.4074652777777778 0.4222222222222222 0.4074652777777778 0.41512345679012347 0.4046875 0.4132716049382716 0.4013888888888889 0.41450617283950614 0.3984375 0.42160493827160495 0.3984375 0.4256172839506173 0.4052083333333333 0.4274691358024691
1 0.3003472222222222 0.5194444444444445 0.3069444444444444 0.5145061728395062 0.3138888888888889 0.5172839506172839 0.3180555555555556 0.5172839506172839 0.3203125 0.5135802469135803 0.3246527777777778 0.5108024691358024 0.3258680555555556 0.5089506172839506 0.3267361111111111 0.5021604938271605 0.3263888888888889 0.4876543209876543 0.3251736111111111 0.48271604938271606 0.3217013888888889 0.47932098765432096 0.3081597222222222 0.48271604938271606 0.30624999999999997 0.4839506172839506 0.3034722222222222 0.4888888888888889 0.3026041666666667 0.4925925925925925 0.3003472222222222 0.49537037037037035 0.2982638888888889 0.5018518518518518 0.29791666666666666 0.5092592592592593 0.3003472222222222 0.5194444444444445
4 0.1328125 0.5015432098765432 0.1345486111111111 0.5040123456790123 0.1362847222222222 0.508641975308642 0.13732638888888887 0.5092592592592593 0.14027777777777775 0.508641975308642 0.14357638888888888 0.5058641975308642 0.14687499999999998 0.5058641975308642 0.15104166666666666 0.508641975308642 0.15312499999999998 0.5058641975308642 0.1578125 0.5024691358024691 0.16493055555555555 0.5058641975308642 0.1668402777777778 0.5021604938271605 0.16649305555555555 0.4876543209876543 0.1612847222222222 0.48055555555555557 0.15815972222222222 0.4780864197530864 0.14947916666666666 0.4774691358024691 0.14097222222222222 0.47932098765432096 0.1394097222222222 0.48117283950617284 0.1376736111111111 0.4854938271604938 0.13333333333333333 0.4888888888888889 0.13211805555555556 0.49104938271604937 0.13194444444444445 0.4981481481481481 0.1328125 0.5015432098765432
1 0.03628472222222222 0.578395061728395 0.04097222222222222 0.582716049382716 0.043229166666666666 0.5891975308641976 0.04704861111111111 0.5891975308641976 0.05086805555555555 0.5817901234567902 0.05347222222222222 0.5805555555555555 0.05798611111111111 0.5808641975308642 0.06458333333333333 0.5796296296296296 0.07326388888888889 0.5731481481481482 0.07881944444444444 0.571604938271605 0.09340277777777778 0.5641975308641975 0.09461805555555555 0.5611111111111111 0.09461805555555555 0.5574074074074074 0.09340277777777778 0.5499999999999999 0.09149305555555555 0.5469135802469135 0.08645833333333333 0.5453703703703704 0.0782986111111111 0.5391975308641975 0.071875 0.5391975308641975 0.06510416666666667 0.5410493827160493 0.05381944444444445 0.5416666666666666 0.04756944444444445 0.5506172839506173 0.043229166666666666 0.553395061728395 0.04236111111111111 0.5549382716049382 0.036631944444444446 0.5595679012345679 0.034548611111111106 0.5645061728395062 0.034201388888888885 0.5688271604938271 0.03628472222222222 0.578395061728395
1 0.4111111111111111 0.4354938271604938 0.4142361111111111 0.4330246913580247 0.4149305555555556 0.42962962962962964 0.4152777777777778 0.41851851851851857 0.4135416666666667 0.41450617283950614 0.4114583333333333 0.4132716049382716 0.4079861111111111 0.4166666666666667 0.40625 0.4225308641975309 0.40625 0.43487654320987656 0.4111111111111111 0.4354938271604938
1 0.3454861111111111 0.5558641975308641 0.3482638888888889 0.5570987654320988 0.3663194444444444 0.557716049382716 0.3696180555555555 0.5540123456790124 0.37135416666666665 0.5506172839506173 0.3732638888888889 0.5493827160493827 0.3744791666666667 0.546604938271605 0.3746527777777778 0.5444444444444444 0.3732638888888889 0.5274691358024691 0.36996527777777777 0.5212962962962963 0.3666666666666667 0.5191358024691358 0.35920138888888886 0.5191358024691358 0.3532986111111111 0.5222222222222223 0.3484375 0.5296296296296296 0.34531249999999997 0.5370370370370371 0.3451388888888889 0.5388888888888889 0.34479166666666666 0.5537037037037037 0.3454861111111111 0.5558641975308641
5 0.030902777777777776 0.9685185185185184 0.030902777777777776 0.9759259259259259 0.03177083333333333 0.9802469135802468 0.033854166666666664 0.9830246913580247 0.043229166666666666 0.9864197530864197 0.06944444444444445 0.9864197530864197 0.08246527777777778 0.9842592592592593 0.08958333333333332 0.9820987654320987 0.09340277777777778 0.979320987654321 0.09618055555555555 0.9787037037037037 0.10208333333333333 0.9728395061728394 0.10972222222222222 0.9712962962962962 0.11371527777777778 0.9648148148148148 0.11805555555555555 0.942283950617284 0.13020833333333334 0.9237654320987654 0.13229166666666667 0.921604938271605 0.13559027777777777 0.9145061728395062 0.1407986111111111 0.9070987654320988 0.14288194444444444 0.9024691358024691 0.14652777777777778 0.8978395061728395 0.14895833333333333 0.8959876543209876 0.1517361111111111 0.8953703703703704 0.15434027777777778 0.8969135802469135 0.15572916666666664 0.8966049382716049 0.15815972222222222 0.895679012345679 0.15989583333333335 0.8925925925925926 0.16180555555555554 0.8858024691358025 0.1626736111111111 0.8774691358024691 0.16354166666666664 0.8740740740740741 0.1638888888888889 0.867283950617284 0.16493055555555555 0.8635802469135803 0.165625 0.8391975308641975 0.16475694444444444 0.8290123456790123 0.16319444444444445 0.8243827160493827 0.15815972222222222 0.8182098765432099 0.15208333333333335 0.8160493827160493 0.14270833333333333 0.8151234567901234 0.13124999999999998 0.8160493827160493 0.12482638888888888 0.817283950617284 0.12100694444444444 0.8191358024691359 0.10746527777777777 0.8203703703703703 0.09166666666666667 0.8290123456790123 0.08975694444444444 0.8311728395061728 0.08663194444444444 0.8379629629629629 0.08159722222222222 0.8438271604938271 0.07222222222222222 0.8604938271604938 0.07118055555555555 0.8611111111111112 0.06666666666666667 0.8685185185185185 0.06197916666666666 0.8777777777777778 0.059895833333333336 0.8796296296296297 0.052256944444444446 0.8824074074074074 0.05086805555555555 0.8839506172839506 0.050347222222222224 0.8879629629629631 0.05295138888888889 0.891358024691358 0.05399305555555555 0.8944444444444444 0.05173611111111111 0.9 0.046875 0.9064814814814816 0.042013888888888885 0.9151234567901234 0.041666666666666664 0.9169753086419753 0.03836805555555555 0.9219135802469135 0.03628472222222222 0.9274691358024691 0.03229166666666666 0.9345679012345679 0.03125 0.938888888888889 0.030902777777777776 0.9435185185185185 0.029340277777777774 0.9484567901234568 0.029340277777777774 0.9604938271604938 0.030902777777777776 0.9685185185185184
6 0.6394097222222221 0.44598765432098764 0.6430555555555556 0.4472222222222222 0.6460069444444444 0.45 0.6496527777777777 0.45154320987654323 0.6520833333333333 0.45432098765432094 0.6559027777777777 0.4608024691358025 0.6572916666666666 0.4660493827160494 0.6600694444444444 0.4719135802469136 0.6607638888888888 0.47530864197530864 0.6614583333333334 0.48209876543209873 0.6625 0.4858024691358025 0.662673611111111 0.4916666666666667 0.6614583333333334 0.49351851851851847 0.6607638888888888 0.5003086419753087 0.6595486111111112 0.504320987654321 0.6546875 0.5117283950617284 0.6543402777777778 0.5132716049382716 0.654861111111111 0.5225308641975308 0.6579861111111112 0.5311728395061729 0.6614583333333334 0.5345679012345679 0.6684027777777778 0.5342592592592592 0.6701388888888888 0.5203703703703704 0.670486111111111 0.5117283950617284 0.6736111111111112 0.5046296296296297 0.6748263888888888 0.5033950617283951 0.6776041666666666 0.5037037037037037 0.6833333333333333 0.508641975308642 0.6855902777777778 0.5141975308641975 0.6880208333333333 0.5169753086419754 0.6913194444444444 0.5243827160493827 0.6921875 0.5333333333333333 0.6949652777777777 0.5404320987654321 0.6961805555555556 0.5462962962962963 0.6982638888888888 0.5475308641975308 0.700173611111111 0.5472222222222223 0.7013888888888888 0.5438271604938272 0.701736111111111 0.5388888888888889 0.7032986111111111 0.5345679012345679 0.7043402777777777 0.5268518518518518 0.7038194444444444 0.5089506172839506 0.7059027777777778 0.5012345679012346 0.7062499999999999 0.49506172839506174 0.701736111111111 0.4824074074074074 0.6996527777777778 0.4722222222222222 0.6986111111111112 0.4700617283950617 0.6961805555555556 0.4666666666666667 0.693923611111111 0.46574074074074073 0.6800347222222222 0.46512345679012346 0.678125 0.4641975308641975 0.6763888888888888 0.46049382716049386 0.6762152777777778 0.45339506172839505 0.6770833333333334 0.4462962962962963 0.6715277777777777 0.4410493827160494 0.6644097222222222 0.4388888888888889 0.6588541666666666 0.4385802469135803 0.6420138888888888 0.4385802469135803 0.6399305555555556 0.4398148148148148 0.6387152777777778 0.4422839506172839 0.6394097222222221 0.44598765432098764
6 0.41388888888888886 0.43703703703703706 0.4140625 0.44382716049382714 0.41510416666666666 0.4478395061728395 0.41822916666666665 0.44907407407407407 0.4220486111111111 0.44876543209876546 0.42465277777777777 0.45 0.4291666666666667 0.4503086419753086 0.4364583333333333 0.4391975308641975 0.4381944444444444 0.4225308641975309 0.4381944444444444 0.41512345679012347 0.4395833333333333 0.40771604938271605 0.4394097222222222 0.4027777777777778 0.4381944444444444 0.4006172839506173 0.4361111111111111 0.3993827160493827 0.42951388888888886 0.4006172839506173 0.42517361111111107 0.40432098765432095 0.41822916666666665 0.4067901234567901 0.41510416666666666 0.4111111111111111 0.4144097222222222 0.4141975308641975 0.4145833333333333 0.42345679012345677 0.41388888888888886 0.43703703703703706
6 0.44166666666666665 0.4425925925925926 0.4427083333333333 0.44382716049382714 0.4534722222222222 0.44382716049382714 0.4550347222222222 0.44290123456790126 0.45625 0.44043209876543205 0.4567708333333333 0.43703703703703706 0.45711805555555557 0.42623456790123454 0.4579861111111111 0.41820987654320985 0.45694444444444443 0.41234567901234565 0.4539930555555556 0.4049382716049383 0.4526041666666667 0.39845679012345675 0.4496527777777778 0.39567901234567904 0.4428819444444444 0.39629629629629626 0.44166666666666665 0.3990740740740741 0.4409722222222222 0.4055555555555555 0.44079861111111107 0.4391975308641975 0.44166666666666665 0.4425925925925926