1 0.6026041666666666 0.4188271604938272 0.6065972222222222 0.4222222222222222 0.6092013888888889 0.42345679012345677 0.6163194444444444 0.42376543209876544 0.6196180555555556 0.42314814814814816 0.6208333333333333 0.42037037037037034 0.6208333333333333 0.41512345679012347 0.6196180555555556 0.4111111111111111 0.6173611111111111 0.4067901234567901 0.615798611111111 0.4055555555555555 0.614236111111111 0.4027777777777778 0.6055555555555555 0.4024691358024692 0.6026041666666666 0.4046296296296297 0.6013888888888889 0.40802469135802466 0.6008680555555556 0.41512345679012347 0.6026041666666666 0.4188271604938272
5 0.5885416666666666 0.4 0.5968749999999999 0.40216049382716046 0.5987847222222222 0.40185185185185185 0.6010416666666666 0.3987654320987654 0.6010416666666666 0.39382716049382716 0.5998263888888888 0.38981481481481484 0.5961805555555556 0.3845679012345679 0.5894097222222222 0.3845679012345679 0.5881944444444445 0.3861111111111111 0.5874999999999999 0.3888888888888889 0.5873263888888889 0.3947530864197531 0.5885416666666666 0.4
4 0.15555555555555556 0.46049382716049386 0.16458333333333333 0.4641975308641975 0.1722222222222222 0.4632716049382716 0.17552083333333335 0.462037037037037 0.1769097222222222 0.46049382716049386 0.17708333333333334 0.4589506172839506 0.1784722222222222 0.45648148148148143 0.1814236111111111 0.45339506172839505 0.1902777777777778 0.45 0.19131944444444443 0.44876543209876546 0.1920138888888889 0.44537037037037036 0.18940972222222222 0.43796296296296294 0.18524305555555554 0.4324074074074074 0.18038194444444444 0.4305555555555556 0.16666666666666666 0.4305555555555556 0.1612847222222222 0.4324074074074074 0.1578125 0.43580246913580245 0.15434027777777778 0.4527777777777778 0.15416666666666665 0.45679012345679015 0.15555555555555556 0.46049382716049386
1 0.8413194444444444 0.850925925925926 0.842361111111111 0.8558641975308642 0.84375 0.8592592592592593 0.8460069444444444 0.8623456790123456 0.8515625 0.8666666666666666 0.8536458333333333 0.8666666666666666 0.8557291666666667 0.8645061728395061 0.8600694444444444 0.8660493827160494 0.8623263888888888 0.8697530864197531 0.8637152777777778 0.8703703703703703 0.8659722222222221 0.8734567901234568 0.8684027777777777 0.8746913580246913 0.8694444444444444 0.8771604938271605 0.8708333333333333 0.8777777777777778 0.8722222222222222 0.8805555555555555 0.8744791666666666 0.8820987654320988 0.8760416666666666 0.8851851851851852 0.881423611111111 0.8916666666666666 0.8833333333333333 0.8953703703703704 0.8847222222222222 0.8959876543209876 0.8880208333333334 0.9009259259259259 0.8979166666666666 0.9108024691358024 0.8998263888888888 0.9166666666666666 0.9006944444444444 0.9290123456790123 0.9026041666666667 0.9364197530864197 0.9041666666666666 0.9413580246913581 0.9083333333333333 0.946604938271605 0.9112847222222222 0.9487654320987654 0.9166666666666666 0.9493827160493827 0.9184027777777778 0.9490740740740741 0.9217013888888889 0.9435185185185185 0.9258680555555555 0.9435185185185185 0.9314236111111112 0.9469135802469135 0.9446180555555556 0.950925925925926 0.9484374999999999 0.950925925925926 0.9529513888888889 0.9490740740740741 0.9604166666666666 0.9487654320987654 0.9623263888888888 0.9478395061728394 0.9703125 0.9487654320987654 0.9739583333333334 0.9478395061728394 0.9784722222222222 0.9487654320987654 0.9835069444444444 0.9469135802469135 0.9916666666666666 0.946604938271605 0.9946180555555556 0.9435185185185185 0.9965277777777778 0.9395061728395062 0.997048611111111 0.9166666666666666 0.9960069444444444 0.9114197530864198 0.9953124999999999 0.899074074074074 0.99375 0.8929012345679013 0.9897569444444444 0.8882716049382716 0.978125 0.8660493827160494 0.9762152777777777 0.8635802469135803 0.9748263888888888 0.8595679012345678 0.9715277777777778 0.8540123456790124 0.9711805555555556 0.8521604938271605 0.9692708333333333 0.85 0.9682291666666666 0.8472222222222222 0.965625 0.8444444444444444 0.9604166666666666 0.8351851851851853 0.9564236111111112 0.8299382716049382 0.951736111111111 0.8262345679012346 0.9460069444444444 0.8194444444444444 0.9409722222222222 0.8157407407407407 0.9399305555555556 0.813888888888889 0.9368055555555556 0.8123456790123457 0.9359375 0.8108024691358025 0.9256944444444444 0.803395061728395 0.9036458333333334 0.8030864197530865 0.8939236111111112 0.799074074074074 0.8850694444444444 0.7984567901234568 0.8699652777777778 0.7947530864197531 0.8574652777777778 0.7956790123456791 0.8482638888888888 0.799074074074074 0.8447916666666666 0.8030864197530865 0.8425347222222221 0.8074074074074075 0.8413194444444444 0.813888888888889 0.8394097222222222 0.8287037037037037 0.8413194444444444 0.850925925925926
4 0.4597222222222222 0.3805555555555556 0.4671875 0.37993827160493826 0.4701388888888889 0.3771604938271605 0.4701388888888889 0.3725308641975309 0.4694444444444444 0.3694444444444444 0.4659722222222222 0.366358024691358 0.4600694444444444 0.366358024691358 0.4585069444444444 0.370679012345679 0.4583333333333333 0.37777777777777777 0.4597222222222222 0.3805555555555556
6 0.4680555555555555 0.4191358024691358 0.46875 0.4222222222222222 0.4696180555555556 0.42314814814814816 0.4713541666666667 0.42345679012345677 0.4732638888888889 0.4222222222222222 0.4774305555555556 0.42314814814814816 0.47934027777777777 0.42037037037037034 0.4809027777777778 0.42006172839506173 0.4855902777777778 0.41512345679012347 0.4857638888888889 0.41018518518518515 0.4845486111111111 0.4024691358024692 0.4815972222222222 0.39382716049382716 0.4779513888888889 0.3925925925925926 0.4701388888888889 0.39382716049382716 0.46875 0.39598765432098765 0.4680555555555555 0.4006172839506173 0.4675347222222222 0.4117283950617284 0.4680555555555555 0.4191358024691358
1 0.5052083333333334 0.39537037037037037 0.5078125 0.39969135802469136 0.5164930555555556 0.3987654320987654 0.5180555555555555 0.3975308641975308 0.5187499999999999 0.39444444444444443 0.5182291666666666 0.3867283950617284 0.5170138888888889 0.3833333333333333 0.5151041666666667 0.3811728395061728 0.5083333333333333 0.3811728395061728 0.5065972222222223 0.3833333333333333 0.5052083333333334 0.3873456790123457 0.5046875000000001 0.39043209876543206 0.5052083333333334 0.39537037037037037
1 0.6819444444444444 0.7564814814814815 0.6850694444444444 0.7608024691358025 0.6911458333333333 0.7635802469135803 0.6991319444444444 0.7759259259259259 0.7008680555555555 0.7774691358024691 0.703125 0.7820987654320988 0.7057291666666666 0.7848765432098765 0.7081597222222222 0.7901234567901234 0.7097222222222221 0.8040123456790123 0.7135416666666666 0.811111111111111 0.7215277777777778 0.8114197530864197 0.7244791666666666 0.8126543209876543 0.7326388888888888 0.8135802469135802 0.7378472222222222 0.8114197530864197 0.746875 0.8104938271604938 0.7586805555555556 0.811111111111111 0.7628472222222222 0.8098765432098766 0.7689236111111112 0.8098765432098766 0.7725694444444444 0.807716049382716 0.7737847222222222 0.7919753086419753 0.7736111111111111 0.7756172839506172 0.7729166666666666 0.7734567901234568 0.7677083333333333 0.7660493827160494 0.7654513888888889 0.7595679012345679 0.7605902777777778 0.7503086419753087 0.7590277777777777 0.745679012345679 0.756423611111111 0.7419753086419753 0.7484375 0.7262345679012346 0.7404513888888888 0.7166666666666667 0.7345486111111111 0.7141975308641975 0.7243055555555555 0.7132716049382716 0.715625 0.7135802469135802 0.7083333333333334 0.7151234567901235 0.6897569444444444 0.7154320987654321 0.6859375 0.7166666666666667 0.6831597222222222 0.7200617283950618 0.6814236111111112 0.7240740740740741 0.6810763888888888 0.7271604938271605 0.6807291666666666 0.7484567901234568 0.6819444444444444 0.7564814814814815
1 0.33142361111111107 0.4049382716049383 0.3458333333333333 0.4055555555555555 0.346875 0.40432098765432095 0.346875 0.3969135802469136 0.3456597222222222 0.3888888888888889 0.3449652777777778 0.38765432098765434 0.3434027777777778 0.3867283950617284 0.3350694444444444 0.3867283950617284 0.3328125 0.38765432098765434 0.3310763888888889 0.39043209876543206 0.33090277777777777 0.4024691358024692 0.33142361111111107 0.4049382716049383
4 0.16996527777777778 0.4842592592592592 0.1717013888888889 0.4895061728395062 0.17413194444444444 0.4925925925925925 0.1762152777777778 0.49320987654320986 0.18229166666666666 0.49104938271604937 0.19652777777777775 0.4919753086419753 0.2015625 0.4858024691358025 0.20572916666666666 0.48518518518518516 0.21041666666666664 0.48209876543209873 0.21163194444444444 0.4697530864197531 0.20989583333333334 0.46141975308641975 0.20677083333333335 0.4561728395061728 0.20538194444444444 0.4555555555555556 0.2034722222222222 0.4527777777777778 0.20104166666666665 0.45185185185185184 0.18836805555555555 0.45123456790123456 0.18350694444444443 0.4527777777777778 0.17881944444444445 0.45679012345679015 0.17777777777777778 0.46049382716049386 0.17256944444444444 0.4675925925925926 0.1717013888888889 0.4679012345679012 0.16944444444444445 0.4737654320987654 0.16927083333333334 0.47901234567901235 0.16996527777777778 0.4842592592592592
4 0.4944444444444444 0.4126543209876543 0.49496527777777777 0.4138888888888889 0.49809027777777776 0.41512345679012347 0.5013888888888889 0.41358024691358025 0.5090277777777777 0.4148148148148148 0.5104166666666666 0.4114197530864197 0.5097222222222222 0.40154320987654324 0.5090277777777777 0.3993827160493827 0.5060763888888888 0.39629629629629626 0.4979166666666667 0.39413580246913577 0.4956597222222222 0.39629629629629626 0.49496527777777777 0.39845679012345675 0.4944444444444444 0.4027777777777778 0.4944444444444444 0.4126543209876543
1 0.6060763888888888 0.4009259259259259 0.6078125 0.40185185185185185 0.6133680555555555 0.40185185185185185 0.6163194444444444 0.3990740740740741 0.6203124999999999 0.3987654320987654 0.6227430555555555 0.3975308641975308 0.623611111111111 0.39444444444444443 0.6232638888888888 0.38981481481481484 0.6215277777777778 0.3867283950617284 0.6166666666666666 0.38425925925925924 0.6086805555555556 0.38425925925925924 0.6069444444444444 0.39043209876543206 0.6057291666666667 0.3990740740740741 0.6060763888888888 0.4009259259259259
1 0.2899305555555556 0.4339506172839506 0.2970486111111111 0.4330246913580247 0.30746527777777777 0.43425925925925923 0.3090277777777778 0.4327160493827161 0.3092013888888889 0.4194444444444444 0.3083333333333333 0.41450617283950614 0.3071180555555555 0.41234567901234565 0.3036458333333333 0.41018518518518515 0.2944444444444444 0.40956790123456793 0.2913194444444444 0.41018518518518515 0.2899305555555556 0.41203703703703703 0.2895833333333333 0.4138888888888889 0.2894097222222222 0.4287037037037037 0.2899305555555556 0.4339506172839506
4 0.5534722222222223 0.4617283950617284 0.5572916666666666 0.4608024691358025 0.5600694444444444 0.4580246913580247 0.5685763888888888 0.458641975308642 0.5715277777777777 0.45648148148148143 0.5722222222222222 0.45432098765432094 0.5723958333333333 0.4472222222222222 0.5715277777777777 0.44290123456790126 0.5701388888888889 0.44074074074074077 0.5680555555555555 0.43425925925925923 0.5652777777777778 0.4324074074074074 0.5572916666666666 0.4311728395061728 0.5534722222222223 0.43209876543209874 0.5498263888888888 0.4367283950617284 0.5484374999999999 0.44290123456790126 0.5484374999999999 0.4555555555555556 0.5534722222222223 0.4617283950617284
1 0.5225694444444444 0.4212962962962963 0.5237847222222223 0.4222222222222222 0.5369791666666667 0.4222222222222222 0.5380208333333333 0.42006172839506173 0.5380208333333333 0.41604938271604935 0.5368055555555555 0.408641975308642 0.5348958333333333 0.4046296296296297 0.5328124999999999 0.4027777777777778 0.5260416666666666 0.4024691358024692 0.5227430555555556 0.40802469135802466 0.5215277777777777 0.41234567901234565 0.5215277777777777 0.41820987654320985 0.5225694444444444 0.4212962962962963
1 0.4739583333333333 0.37962962962962965 0.4810763888888889 0.37962962962962965 0.4821180555555556 0.379320987654321 0.4835069444444444 0.3771604938271605 0.4829861111111111 0.370679012345679 0.4810763888888889 0.3672839506172839 0.4756944444444444 0.366358024691358 0.4739583333333333 0.3672839506172839 0.47291666666666665 0.3694444444444444 0.47274305555555557 0.3771604938271605 0.4739583333333333 0.37962962962962965
1 0.8685763888888888 0.5188271604938272 0.8685763888888888 0.532716049382716 0.8689236111111112 0.5364197530864198 0.8694444444444444 0.5370370370370371 0.8732638888888888 0.5367283950617284 0.8774305555555556 0.537962962962963 0.8826388888888889 0.5419753086419753 0.8862847222222222 0.5429012345679012 0.8986111111111111 0.5429012345679012 0.9036458333333334 0.5472222222222223 0.904861111111111 0.5472222222222223 0.9081597222222222 0.5438271604938272 0.9100694444444444 0.5401234567901235 0.9098958333333333 0.5324074074074074 0.9086805555555556 0.5277777777777778 0.9060763888888889 0.5249999999999999 0.8979166666666666 0.5114197530864197 0.8914930555555556 0.5049382716049382 0.8800347222222222 0.5018518518518518 0.8710069444444444 0.5009259259259259 0.8692708333333333 0.5009259259259259 0.8670138888888889 0.5030864197530864 0.8670138888888889 0.5114197530864197 0.8685763888888888 0.5188271604938272
5 0.5276041666666667 0.47685185185185186 0.5291666666666667 0.4808641975308642 0.5310763888888889 0.48302469135802467 0.5434027777777778 0.48302469135802467 0.5472222222222222 0.48209876543209873 0.5493055555555555 0.47901234567901235 0.5496527777777778 0.47098765432098766 0.5487847222222222 0.46574074074074073 0.5463541666666666 0.45925925925925926 0.5446180555555555 0.4561728395061728 0.5428819444444444 0.45493827160493827 0.5364583333333334 0.4527777777777778 0.5328124999999999 0.45401234567901233 0.5293402777777777 0.4580246913580247 0.5262152777777778 0.4641975308641975 0.5262152777777778 0.4691358024691358 0.5276041666666667 0.47685185185185186
1 0.6123263888888888 0.4049382716049383 0.614236111111111 0.4055555555555555 0.6185763888888888 0.4111111111111111 0.6197916666666666 0.4175925925925926 0.6199652777777778 0.42160493827160495 0.6246527777777777 0.4222222222222222 0.6269097222222222 0.42098765432098767 0.6277777777777778 0.4166666666666667 0.6288194444444444 0.4148148148148148 0.6293402777777778 0.4111111111111111 0.6269097222222222 0.4046296296296297 0.6248263888888889 0.40185185185185185 0.6232638888888888 0.39783950617283953 0.6171875 0.39845679012345675 0.6140625 0.4006172839506173 0.6123263888888888 0.40370370370370373 0.6123263888888888 0.4049382716049383
5 0.5456597222222223 0.6314814814814815 0.5467013888888889 0.6348765432098765 0.5519097222222222 0.6438271604938272 0.5527777777777777 0.6512345679012346 0.5552083333333333 0.6561728395061728 0.5592013888888888 0.6583333333333333 0.5657986111111111 0.6592592592592593 0.5895833333333333 0.6586419753086419 0.5907986111111111 0.6583333333333333 0.5920138888888888 0.6564814814814816 0.5927083333333334 0.6478395061728395 0.5927083333333334 0.6373456790123456 0.5920138888888888 0.6317901234567901 0.5897569444444444 0.6228395061728395 0.5874999999999999 0.6188271604938271 0.5857638888888889 0.6138888888888888 0.584375 0.6055555555555556 0.5829861111111111 0.6021604938271605 0.5789930555555556 0.5972222222222222 0.5694444444444444 0.5916666666666667 0.5651041666666666 0.5904320987654321 0.5605902777777777 0.5904320987654321 0.5583333333333333 0.5935185185185184 0.5538194444444444 0.5959876543209875 0.5473958333333333 0.6021604938271605 0.5449652777777777 0.6055555555555556 0.5444444444444444 0.6098765432098765 0.5444444444444444 0.6191358024691357 0.5456597222222223 0.6314814814814815
1 0.7168402777777778 0.4595679012345679 0.7178819444444444 0.4638888888888889 0.7196180555555556 0.4660493827160494 0.7248263888888888 0.46728395061728395 0.7303819444444444 0.47067901234567905 0.7413194444444444 0.47067901234567905 0.7434027777777777 0.4675925925925926 0.7435763888888888 0.4524691358024691 0.7416666666666666 0.4475308641975309 0.739236111111111 0.44537037037037036 0.7355902777777777 0.4441358024691358 0.7237847222222222 0.4441358024691358 0.7204861111111112 0.44598765432098764 0.7175347222222221 0.44969135802469135 0.7168402777777778 0.4527777777777778 0.7168402777777778 0.4595679012345679
7 0.4458333333333333 0.5058641975308642 0.44635416666666666 0.5077160493827161 0.4479166666666667 0.5095679012345679 0.44913194444444443 0.5148148148148148 0.44913194444444443 0.5444444444444444 0.4510416666666667 0.5555555555555556 0.4517361111111111 0.5750000000000001 0.45295138888888886 0.5796296296296296 0.4543402777777778 0.5780864197530864 0.4557291666666667 0.571604938271605 0.4557291666666667 0.5601851851851852 0.45694444444444443 0.5546296296296296 0.4567708333333333 0.5469135802469135 0.4597222222222222 0.5401234567901235 0.4666666666666667 0.5429012345679012 0.4722222222222222 0.5438271604938272 0.4947916666666667 0.5432098765432098 0.5019097222222222 0.5410493827160493 0.5026041666666666 0.5401234567901235 0.5024305555555555 0.5305555555555556 0.5003472222222223 0.5246913580246914 0.4982638888888889 0.5157407407407407 0.4946180555555555 0.5061728395061729 0.4925347222222222 0.5024691358024691 0.4913194444444444 0.49506172839506174 0.4899305555555556 0.49104938271604937 0.4868055555555555 0.4861111111111111 0.4840277777777778 0.4839506172839506 0.4791666666666667 0.4824074074074074 0.4762152777777778 0.4802469135802469 0.4739583333333333 0.47716049382716047 0.46684027777777776 0.4774691358024691 0.4654513888888889 0.47901234567901235 0.46371527777777777 0.47932098765432096 0.4621527777777778 0.48148148148148145 0.45590277777777777 0.4839506172839506 0.4527777777777778 0.48703703703703705 0.4496527777777778 0.49290123456790125 0.44809027777777777 0.4944444444444444 0.4458333333333333 0.49845679012345684 0.4458333333333333 0.5058641975308642
6 0.8123263888888889 0.4737654320987654 0.8109375 0.4774691358024691 0.8118055555555556 0.47932098765432096 0.8105902777777778 0.4802469135802469 0.8105902777777778 0.4882716049382716 0.8088541666666667 0.4978395061728395 0.809375 0.512037037037037 0.8105902777777778 0.5141975308641975 0.8144097222222222 0.5151234567901235 0.8157986111111112 0.5175925925925926 0.8163194444444444 0.5191358024691358 0.8159722222222222 0.5231481481481481 0.8166666666666667 0.5299382716049382 0.8177083333333334 0.5320987654320988 0.8211805555555556 0.5333333333333333 0.8236111111111112 0.5277777777777778 0.825 0.5262345679012346 0.8317708333333333 0.5271604938271605 0.834375 0.5308641975308642 0.8359375 0.5367283950617284 0.8381944444444444 0.5410493827160493 0.8416666666666666 0.5407407407407407 0.8442708333333333 0.5370370370370371 0.8463541666666666 0.5370370370370371 0.8487847222222222 0.5385802469135802 0.8546874999999999 0.5385802469135802 0.8572916666666666 0.5367283950617284 0.8586805555555556 0.5320987654320988 0.8598958333333333 0.532716049382716 0.8604166666666666 0.5385802469135802 0.8619791666666666 0.5407407407407407 0.8631944444444444 0.5407407407407407 0.8673611111111111 0.5364197530864198 0.8680555555555556 0.532716049382716 0.8678819444444444 0.5185185185185185 0.8668402777777777 0.5160493827160494 0.8663194444444444 0.5101851851851852 0.8644097222222222 0.5018518518518518 0.8631944444444444 0.4978395061728395 0.8623263888888888 0.4972222222222222 0.8609375 0.4938271604938272 0.8607638888888888 0.47962962962962963 0.8600694444444444 0.47685185185185186 0.8576388888888888 0.47314814814814815 0.8479166666666667 0.46851851851851856 0.8458333333333333 0.4666666666666667 0.8413194444444444 0.46512345679012346 0.8390624999999999 0.4632716049382716 0.8258680555555555 0.45925925925925926 0.8140625 0.45925925925925926 0.8125 0.462037037037037 0.8118055555555556 0.46512345679012346 0.8116319444444444 0.47067901234567905 0.8123263888888889 0.4737654320987654
6 0.11597222222222223 0.4895061728395062 0.1171875 0.4904320987654321 0.1251736111111111 0.49320987654320986 0.1267361111111111 0.4947530864197531 0.1328125 0.49290123456790125 0.1378472222222222 0.4925925925925925 0.140625 0.4947530864197531 0.14461805555555554 0.49537037037037035 0.14739583333333334 0.49290123456790125 0.1487847222222222 0.48858024691358026 0.1501736111111111 0.4864197530864197 0.159375 0.48518518518518516 0.16180555555555554 0.48117283950617284 0.1625 0.4743827160493827 0.1623263888888889 0.466358024691358 0.1612847222222222 0.4635802469135802 0.15885416666666666 0.46141975308641975 0.15677083333333333 0.4608024691358025 0.1548611111111111 0.4574074074074074 0.1527777777777778 0.4493827160493827 0.15034722222222222 0.4462962962962963 0.1487847222222222 0.44537037037037036 0.14201388888888888 0.44537037037037036 0.12135416666666667 0.4475308641975309 0.11753472222222222 0.44969135802469135 0.11458333333333333 0.4527777777777778 0.11527777777777777 0.48734567901234566 0.11597222222222223 0.4895061728395062
6 0.3130208333333333 0.3731481481481481 0.3142361111111111 0.37438271604938267 0.3223958333333333 0.37407407407407406 0.32413194444444443 0.3731481481481481 0.3239583333333333 0.358641975308642 0.3223958333333333 0.35462962962962963 0.3185763888888889 0.3524691358024691 0.3138888888888889 0.3524691358024691 0.3125 0.35462962962962963 0.31232638888888886 0.3648148148148148 0.3130208333333333 0.3731481481481481
7 0.4553819444444444 0.5743827160493827 0.4548611111111111 0.5790123456790123 0.4548611111111111 0.6030864197530863 0.45694444444444443 0.6098765432098765 0.4581597222222222 0.6185185185185185 0.4581597222222222 0.6348765432098765 0.4585069444444444 0.641358024691358 0.4595486111111111 0.6472222222222223 0.4595486111111111 0.654320987654321 0.4618055555555556 0.6580246913580247 0.46371527777777777 0.6651234567901234 0.46423611111111107 0.6712962962962963 0.46371527777777777 0.6904320987654321 0.46510416666666665 0.6978395061728394 0.46684027777777776 0.7 0.4713541666666667 0.7 0.475 0.6987654320987654 0.48038194444444443 0.6941358024691359 0.4850694444444444 0.6941358024691359 0.4930555555555556 0.696604938271605 0.5020833333333333 0.6972222222222222 0.5046875000000001 0.6990740740740741 0.5067708333333333 0.6990740740740741 0.5097222222222222 0.6978395061728394 0.5128472222222222 0.6950617283950616 0.5220486111111111 0.6938271604938272 0.5236111111111111 0.6925925925925925 0.5249999999999999 0.6891975308641975 0.5249999999999999 0.6675925925925925 0.5255208333333333 0.6651234567901234 0.5249999999999999 0.6629629629629629 0.5249999999999999 0.6574074074074074 0.5262152777777778 0.6506172839506172 0.5272569444444445 0.6478395061728395 0.5277777777777778 0.6379629629629631 0.5274305555555555 0.6259259259259259 0.5282986111111111 0.6154320987654321 0.5284722222222222 0.5981481481481481 0.5270833333333333 0.591358024691358 0.5230902777777777 0.5790123456790123 0.5126736111111111 0.5521604938271605 0.5086805555555556 0.545679012345679 0.5043402777777778 0.5425925925925926 0.49027777777777776 0.5425925925925926 0.4770833333333333 0.5441358024691358 0.465625 0.542283950617284 0.4600694444444444 0.5401234567901235 0.45729166666666665 0.5444444444444444 0.4565972222222222 0.5469135802469135 0.45694444444444443 0.5540123456790124 0.45590277777777777 0.5570987654320988 0.45642361111111107 0.571604938271605 0.4553819444444444 0.5743827160493827
6 0.48246527777777776 0.466358024691358 0.4836805555555555 0.4691358024691358 0.4850694444444444 0.4697530864197531 0.4901041666666667 0.4675925925925926 0.4930555555555556 0.4675925925925926 0.5020833333333333 0.4697530864197531 0.5052083333333334 0.4691358024691358 0.5074652777777777 0.4669753086419753 0.5086805555555556 0.46265432098765435 0.5085069444444444 0.45679012345679015 0.50625 0.45 0.50625 0.44074074074074077 0.5055555555555555 0.43425925925925923 0.5050347222222222 0.4314814814814815 0.5032986111111111 0.4277777777777778 0.5019097222222222 0.420679012345679 0.4973958333333333 0.4175925925925926 0.48715277777777777 0.4175925925925926 0.4836805555555555 0.41851851851851857 0.4800347222222222 0.4225308641975309 0.4810763888888889 0.45987654320987653 0.48246527777777776 0.466358024691358
6 0.7414930555555556 0.4839506172839506 0.7409722222222221 0.4916666666666667 0.7473958333333334 0.5089506172839506 0.7480902777777778 0.5098765432098765 0.7517361111111112 0.508641975308642 0.75625 0.5092592592592593 0.7597222222222222 0.5123456790123457 0.7619791666666667 0.5160493827160494 0.7659722222222222 0.5172839506172839 0.7746527777777777 0.5175925925925926 0.7795138888888888 0.5188271604938272 0.7817708333333333 0.5203703703703704 0.7843749999999999 0.5203703703703704 0.7864583333333334 0.5188271604938272 0.7875 0.5135802469135803 0.7875 0.5058641975308642 0.7868055555555555 0.5009259259259259 0.7855902777777778 0.4978395061728395 0.7847222222222222 0.4975308641975309 0.7814236111111111 0.4925925925925925 0.7795138888888888 0.48703703703703705 0.7788194444444444 0.4867283950617284 0.7772569444444444 0.48302469135802467 0.7772569444444444 0.45987654320987653 0.7730902777777777 0.4561728395061728 0.7687499999999999 0.45401234567901233 0.7508680555555556 0.44845679012345674 0.7480902777777778 0.44814814814814813 0.7451388888888888 0.44969135802469135 0.7439236111111112 0.45339506172839505 0.7430555555555556 0.47469135802469137 0.7414930555555556 0.4839506172839506
6 0.7461805555555555 0.4416666666666667 0.746875 0.44660493827160497 0.7480902777777778 0.44814814814814813 0.7512152777777777 0.44814814814814813 0.7557291666666666 0.4493827160493827 0.7576388888888889 0.45092592592592595 0.7621527777777778 0.45154320987654323 0.7743055555555556 0.4580246913580247 0.7769097222222222 0.4632716049382716 0.7769097222222222 0.46851851851851856 0.7776041666666667 0.47345679012345676 0.7800347222222221 0.47654320987654325 0.7831597222222222 0.47716049382716047 0.7864583333333334 0.4743827160493827 0.7878472222222221 0.4719135802469136 0.7902777777777777 0.47067901234567905 0.7970486111111111 0.475 0.8006944444444444 0.4808641975308642 0.8038194444444444 0.47654320987654325 0.8048611111111111 0.4722222222222222 0.80625 0.4703703703703703 0.8074652777777778 0.4669753086419753 0.8067708333333333 0.458641975308642 0.8067708333333333 0.44907407407407407 0.8053819444444444 0.4364197530864197 0.8053819444444444 0.4256172839506173 0.8048611111111111 0.42160493827160495 0.8013888888888888 0.4175925925925926 0.7935763888888888 0.41450617283950614 0.7871527777777778 0.4138888888888889 0.7774305555555555 0.41018518518518515 0.7722222222222221 0.40956790123456793 0.7654513888888889 0.4058641975308642 0.7513888888888888 0.40370370370370373 0.7505208333333333 0.40432098765432095 0.7491319444444444 0.40771604938271605 0.7491319444444444 0.4117283950617284 0.7480902777777778 0.4172839506172839 0.746875 0.4302469135802469 0.7467013888888888 0.4395061728395062 0.7461805555555555 0.4416666666666667
6 0.8699652777777778 0.4435185185185185 0.8710069444444444 0.4472222222222222 0.8717013888888888 0.4530864197530864 0.8729166666666666 0.45432098765432094 0.8770833333333333 0.45648148148148143 0.8855902777777778 0.4580246913580247 0.8894097222222221 0.46049382716049386 0.8934027777777778 0.4611111111111111 0.9010416666666666 0.46481481481481485 0.9102430555555555 0.46728395061728395 0.9154513888888888 0.46728395061728395 0.9184027777777778 0.46543209876543207 0.9192708333333334 0.4608024691358025 0.9184027777777778 0.4385802469135803 0.9173611111111112 0.4361111111111111 0.9164930555555556 0.4311728395061728 0.9154513888888888 0.429320987654321 0.9104166666666667 0.4277777777777778 0.9078125 0.42592592592592593 0.9046875 0.42623456790123454 0.9010416666666666 0.425 0.8998263888888888 0.42685185185185187 0.8940972222222222 0.4280864197530864 0.8909722222222222 0.4302469135802469 0.8836805555555556 0.4302469135802469 0.8770833333333333 0.42685185185185187 0.8734375 0.4271604938271605 0.8710069444444444 0.42839506172839503 0.8699652777777778 0.4302469135802469 0.8694444444444444 0.43209876543209874 0.8699652777777778 0.4435185185185185
6 0.6753472222222222 0.5953703703703703 0.6765625 0.6064814814814815 0.678298611111111 0.6135802469135803 0.6789930555555556 0.6148148148148148 0.686111111111111 0.6148148148148148 0.6942708333333334 0.6209876543209876 0.6956597222222222 0.6237654320987653 0.6970486111111112 0.6361111111111112 0.6982638888888888 0.6404320987654322 0.6993055555555555 0.6416666666666666 0.7022569444444444 0.6404320987654322 0.7032986111111111 0.6364197530864197 0.7053819444444444 0.6342592592592593 0.7107638888888889 0.6342592592592593 0.715625 0.632716049382716 0.7263888888888889 0.633641975308642 0.7380208333333333 0.633641975308642 0.7401041666666666 0.632716049382716 0.7425347222222222 0.6296296296296297 0.7440972222222222 0.6200617283950618 0.7434027777777777 0.6052469135802468 0.7440972222222222 0.5842592592592593 0.7447916666666666 0.5814814814814815 0.7453124999999999 0.5691358024691359 0.7453124999999999 0.5499999999999999 0.7447916666666666 0.5469135802469135 0.7411458333333334 0.5425925925925926 0.7215277777777778 0.5330246913580247 0.7078125 0.532716049382716 0.6958333333333333 0.5339506172839505 0.6927083333333334 0.5361111111111111 0.6914930555555555 0.5391975308641975 0.6907986111111112 0.5558641975308641 0.6897569444444444 0.5635802469135802 0.6901041666666666 0.5675925925925925 0.6892361111111112 0.571604938271605 0.6857638888888888 0.5765432098765432 0.6810763888888888 0.5796296296296296 0.6784722222222221 0.5799382716049383 0.6758680555555555 0.5851851851851851 0.6753472222222222 0.5879629629629629 0.6753472222222222 0.5953703703703703
3 0.6475694444444444 0.9120370370370371 0.6506944444444444 0.9225308641975308 0.6602430555555555 0.9379629629629629 0.6649305555555556 0.9521604938271605 0.6684027777777778 0.9521604938271605 0.6696180555555555 0.9487654320987654 0.670486111111111 0.9410493827160493 0.6717013888888889 0.9379629629629629 0.6755208333333333 0.9320987654320988 0.6762152777777778 0.9296296296296297 0.6762152777777778 0.9074074074074074 0.676736111111111 0.9 0.6762152777777778 0.8935185185185185 0.6715277777777777 0.8867283950617284 0.6677083333333333 0.8851851851851852 0.6576388888888888 0.8839506172839506 0.6538194444444444 0.8817901234567901 0.6510416666666666 0.8780864197530863 0.6505208333333333 0.8799382716049382 0.6510416666666666 0.8839506172839506 0.65 0.8854938271604937 0.6480902777777777 0.8922839506172839 0.6465277777777778 0.8935185185185185 0.6453125 0.8962962962962963 0.6451388888888888 0.9012345679012346 0.6475694444444444 0.9120370370370371
3 0.6432291666666666 0.8595679012345678 0.6432291666666666 0.8682098765432099 0.6439236111111112 0.8774691358024691 0.6434027777777778 0.8817901234567901 0.6442708333333333 0.8864197530864197 0.6451388888888888 0.883641975308642 0.6446180555555555 0.875 0.6458333333333334 0.8694444444444445 0.6486111111111111 0.8657407407407407 0.65 0.858641975308642 0.6517361111111112 0.8552469135802468 0.6569444444444444 0.8484567901234568 0.6581597222222222 0.845679012345679 0.6581597222222222 0.8425925925925926 0.6576388888888888 0.8385802469135802 0.6564236111111111 0.8373456790123457 0.6512152777777778 0.8373456790123457 0.6446180555555555 0.8416666666666667 0.6435763888888888 0.8450617283950618 0.6439236111111112 0.8540123456790124 0.6432291666666666 0.8595679012345678
2 0.6666666666666666 0.8310185185185185 0.6712962962962963 0.8402777777777778 0.6689814814814815 0.8425925925925926 0.6689814814814815 0.8495370370370371 0.6736111111111112 0.8587962962962963 0.6736111111111112 0.8634259259259259 0.6689814814814815 0.8726851851851852 0.6689814814814815 0.8842592592592593 0.6643518518518519 0.8842592592592593 0.6620370370370371 0.8819444444444444 0.6527777777777778 0.8842592592592593 0.6481481481481481 0.8888888888888888 0.6481481481481481 0.8981481481481481 0.6458333333333334 0.8981481481481481 0.6458333333333334 0.8935185185185185 0.6435185185185185 0.8912037037037037 0.6435185185185185 0.8703703703703703 0.6504629629629629 0.8518518518518519 0.6481481481481481 0.8425925925925926 0.6504629629629629 0.8379629629629629 0.6574074074074074 0.8379629629629629 0.6597222222222222 0.8333333333333334 0.6643518518518519 0.8310185185185185