1 0.27872983870967744 0.26747311827956993 0.31048387096774194 0.26680107526881724 0.3130040322580645 0.26545698924731187 0.31325604838709675 0.2637768817204301 0.3127520161290323 0.25873655913978494 0.31048387096774194 0.2530241935483871 0.30670362903225806 0.24932795698924734 0.3014112903225807 0.24731182795698925 0.28629032258064513 0.24731182795698925 0.28276209677419356 0.24831989247311828 0.27923387096774194 0.25134408602150543 0.2764616935483871 0.26176075268817206 0.27620967741935487 0.26545698924731187 0.27872983870967744 0.26747311827956993
5 0.4183467741935484 0.5013440860215054 0.4178427419354839 0.5248655913978495 0.42162298387096775 0.5339381720430109 0.42389112903225806 0.5524193548387097 0.4251512096774193 0.5739247311827957 0.42792338709677424 0.5789650537634409 0.43220766129032256 0.5816532258064516 0.43951612903225806 0.5823252688172044 0.44279233870967744 0.5836693548387097 0.44632056451612906 0.580981182795699 0.4493447580645161 0.5803091397849462 0.45992943548387094 0.5813172043010754 0.4770665322580645 0.5782930107526882 0.48513104838709675 0.5793010752688172 0.49143145161290325 0.5782930107526882 0.49294354838709675 0.5766129032258065 0.49420362903225806 0.572244623655914 0.49420362903225806 0.5668682795698925 0.4926915322580645 0.5396505376344086 0.4894153225806452 0.5198252688172044 0.48513104838709675 0.5050403225806451 0.48311491935483875 0.5016801075268817 0.4813508064516129 0.4952956989247312 0.4821068548387097 0.4932795698924732 0.48563508064516125 0.49092741935483875 0.48588709677419356 0.48689516129032256 0.484375 0.48555107526881724 0.47731854838709675 0.4848790322580645 0.47051411290322576 0.47983870967741943 0.44732862903225806 0.47950268817204306 0.4248991935483871 0.4831989247311828 0.41557459677419356 0.49092741935483875 0.41507056451612906 0.4946236559139785 0.4183467741935484 0.5013440860215054
1 0.27444556451612906 0.9996639784946237 0.2746975806451613 0.9979838709677421 0.2789818548387097 0.9966397849462366 0.2817540322580645 0.9976478494623656 0.28225806451612906 0.9996639784946237 0.2930947580645161 0.9996639784946237 0.2930947580645161 0.9983198924731184 0.29410282258064513 0.9976478494623656 0.30367943548387094 0.9973118279569894 0.3069556451612903 0.9952956989247312 0.3198084677419355 0.9932795698924731 0.32711693548387094 0.9942876344086022 0.3316532258064516 0.9936155913978495 0.33770161290322576 0.995967741935484 0.34375 0.9966397849462366 0.3616431451612903 0.996975806451613 0.3649193548387097 0.9976478494623656 0.36567540322580644 0.9996639784946237 0.4024697580645161 0.9996639784946237 0.4024697580645161 0.9983198924731184 0.4034778225806452 0.9976478494623656 0.40625 0.9979838709677421 0.4065020161290323 0.9996639784946237 0.4097782258064516 0.9996639784946237 0.4097782258064516 0.9983198924731184 0.4110383064516129 0.9976478494623656 0.41255040322580644 0.9979838709677421 0.41280241935483875 0.9996639784946237 0.4274193548387097 0.9996639784946237 0.4291834677419355 0.9942876344086022 0.4291834677419355 0.9838709677419355 0.4301915322580645 0.975470430107527 0.42867943548387094 0.9499327956989247 0.42716733870967744 0.9425403225806451 0.4223790322580645 0.934475806451613 0.41557459677419356 0.9280913978494624 0.40372983870967744 0.9210349462365592 0.38029233870967744 0.914986559139785 0.36895161290322576 0.9133064516129032 0.3571068548387097 0.9133064516129032 0.328125 0.9170026881720431 0.30997983870967744 0.9237231182795699 0.3001512096774193 0.9304435483870969 0.2928427419354839 0.9425403225806451 0.2872983870967742 0.9573252688172045 0.2794858870967742 0.9734543010752689 0.2739415322580645 0.9825268817204302 0.27268145161290325 0.9835349462365592 0.26587701612903225 0.9831989247311829 0.26033266129032256 0.9842069892473119 0.2537802419354839 0.987231182795699 0.25100806451612906 0.9915994623655914 0.25075604838709675 0.9996639784946237 0.27444556451612906 0.9996639784946237
2 0.07661290322580644 0.9996639784946237 0.109375 0.9996639784946237 0.11038306451612903 0.994959677419355 0.11038306451612903 0.9909274193548389 0.10735887096774194 0.9842069892473119 0.10257056451612903 0.9801747311827957 0.09652217741935483 0.9781586021505377 0.09475806451612903 0.9784946236559141 0.09198588709677419 0.9838709677419355 0.08946572580645161 0.9838709677419355 0.08770161290322581 0.9815188172043011 0.08492943548387097 0.9811827956989247 0.08392137096774194 0.9828629032258065 0.08140120967741936 0.9842069892473119 0.07711693548387097 0.9912634408602151 0.07610887096774194 0.9946236559139785 0.07661290322580644 0.9996639784946237
2 0.45917338709677424 0.3928091397849463 0.46219758064516125 0.3958333333333333 0.46748991935483875 0.39818548387096775 0.46975806451612906 0.4045698924731183 0.4732862903225807 0.4089381720430108 0.47731854838709675 0.40860215053763443 0.47731854838709675 0.3897849462365592 0.47857862903225806 0.38373655913978494 0.47127016129032256 0.372983870967742 0.46698588709677424 0.36223118279569894 0.4632056451612903 0.36189516129032256 0.46270161290322576 0.3629032258064516 0.45841733870967744 0.3800403225806452 0.4581653225806452 0.3877688172043011 0.45917338709677424 0.3928091397849463
2 0.6058467741935485 0.13239247311827956 0.6129032258064515 0.13272849462365593 0.6156754032258065 0.13004032258064516 0.6159274193548386 0.12634408602150538 0.6126512096774194 0.11155913978494623 0.6091229838709677 0.10987903225806452 0.6053427419354839 0.12500000000000003 0.6050907258064515 0.13004032258064516 0.6058467741935485 0.13239247311827956
2 0.46698588709677424 0.3541666666666667 0.46774193548387094 0.35551075268817206 0.46673387096774194 0.3585349462365592 0.46295362903225806 0.35786290322580644 0.46194556451612906 0.35920698924731187 0.46345766129032256 0.36122311827956993 0.46673387096774194 0.36122311827956993 0.47026209677419356 0.37163978494623656 0.4737903225806452 0.3733198924731183 0.47454637096774194 0.36995967741935487 0.4742943548387097 0.35483870967741943 0.4760584677419355 0.34946236559139787 0.47505040322580644 0.34543010752688175 0.47127016129032256 0.34038978494623656 0.46975806451612906 0.33400537634408606 0.46723790322580644 0.3316532258064516 0.4647177419354839 0.3336693548387097 0.46295362903225806 0.33938172043010756 0.46018145161290325 0.3430779569892473 0.46018145161290325 0.3541666666666667 0.46698588709677424 0.3541666666666667
2 0.24546370967741937 0.42909946236559143 0.25 0.4663978494623656 0.25201612903225806 0.46875 0.2537802419354839 0.4674059139784947 0.2545362903225806 0.46538978494623656 0.25579637096774194 0.46505376344086025 0.25579637096774194 0.466733870967742 0.2590725806451613 0.46975806451612906 0.2613407258064516 0.4674059139784947 0.2595766129032258 0.45094086021505375 0.2600806451612903 0.4274193548387097 0.2590725806451613 0.4200268817204301 0.25504032258064513 0.40826612903225806 0.2517641129032258 0.40322580645161293 0.24848790322580644 0.4049059139784947 0.24621975806451615 0.4092741935483871 0.24546370967741937 0.4136424731182796 0.24546370967741937 0.42909946236559143
2 0.5705645161290323 0.3434139784946237 0.5745967741935484 0.34744623655913975 0.578125 0.3471102150537635 0.579133064516129 0.3484543010752688 0.5803931451612903 0.35248655913978494 0.5801411290322581 0.35551075268817206 0.5814012096774194 0.3588709677419355 0.584929435483871 0.35719086021505375 0.5861895161290323 0.3528225806451613 0.5866935483870968 0.33098118279569894 0.5861895161290323 0.3276209677419355 0.5839213709677419 0.32325268817204306 0.5824092741935484 0.31787634408602156 0.5814012096774194 0.3168682795698925 0.5786290322580645 0.3175403225806452 0.577116935483871 0.32258064516129037 0.571320564516129 0.3269489247311828 0.5698084677419355 0.33064516129032256 0.5695564516129032 0.34038978494623656 0.5705645161290323 0.3434139784946237
2 0.02595766129032258 0.5120967741935485 0.02696572580645161 0.5211693548387097 0.02721774193548387 0.5362903225806451 0.028225806451612902 0.5396505376344086 0.03225806451612903 0.5433467741935485 0.03452620967741936 0.5540994623655914 0.03679435483870968 0.559475806451613 0.03981854838709678 0.5567876344086022 0.03931451612903226 0.539986559139785 0.041582661290322585 0.5362903225806451 0.044354838709677415 0.5349462365591399 0.04763104838709678 0.5352822580645161 0.05015120967741935 0.5376344086021506 0.05317540322580645 0.5376344086021506 0.05443548387096774 0.5362903225806451 0.05443548387096774 0.5201612903225806 0.05367943548387097 0.5154569892473119 0.05040322580645161 0.508736559139785 0.04662298387096774 0.5033602150537635 0.04057459677419355 0.501008064516129 0.036290322580645164 0.49260752688172044 0.032006048387096774 0.49193548387096775 0.029989919354838707 0.4929435483870968 0.02772177419354839 0.4976478494623656 0.027973790322580645 0.5050403225806451 0.02595766129032258 0.5120967741935485
2 0.21824596774193547 0.38676075268817206 0.21824596774193547 0.39045698924731187 0.2212701612903226 0.4038978494623656 0.22303427419354838 0.4250672043010753 0.22505040322580644 0.42607526881720437 0.22731854838709678 0.4250672043010753 0.22807459677419356 0.41733870967741943 0.22933467741935484 0.4143145161290323 0.23210685483870966 0.4112903225806452 0.23311491935483872 0.4015456989247312 0.23286290322580644 0.3941532258064516 0.2318548387096774 0.3864247311827957 0.22857862903225806 0.38138440860215056 0.22731854838709678 0.37399193548387094 0.22353830645161288 0.37197580645161293 0.22076612903225806 0.372983870967742 0.22001008064516128 0.375 0.22026209677419356 0.38071236559139787 0.21824596774193547 0.38676075268817206
2 0.15070564516129034 0.49193548387096775 0.15473790322580644 0.49663978494623656 0.15574596774193547 0.5000000000000001 0.15625 0.5053763440860215 0.15549395161290322 0.5104166666666667 0.1544858870967742 0.5120967741935485 0.15524193548387097 0.5110887096774194 0.15625 0.5124327956989247 0.16129032258064516 0.5120967741935485 0.16507056451612903 0.5137768817204301 0.16733870967741937 0.510752688172043 0.1658266129032258 0.4993279569892473 0.1665826612903226 0.49193548387096775 0.1658266129032258 0.4727822580645161 0.16733870967741937 0.46606182795698925 0.16733870967741937 0.45900537634408606 0.16633064516129034 0.45430107526881724 0.16456653225806453 0.4512768817204301 0.16003024193548387 0.447244623655914 0.15776209677419356 0.43918010752688175 0.15423387096774194 0.4351478494623656 0.15045362903225806 0.43918010752688175 0.14868951612903225 0.44926075268817206 0.1466733870967742 0.4522849462365592 0.1454133064516129 0.4576612903225807 0.14566532258064516 0.47748655913978494 0.15070564516129034 0.49193548387096775
2 0.013356854838709678 0.5776209677419355 0.012096774193548387 0.5796370967741936 0.011340725806451613 0.5863575268817205 0.011592741935483871 0.5950940860215055 0.018145161290322582 0.5961021505376345 0.01940524193548387 0.5991263440860215 0.01965725806451613 0.6102150537634409 0.022177419354838707 0.6125672043010753 0.02696572580645161 0.6145833333333334 0.03125 0.6192876344086022 0.03225806451612903 0.6226478494623656 0.03125 0.633736559139785 0.03225806451612903 0.6364247311827957 0.03326612903225806 0.6367607526881721 0.03805443548387097 0.6313844086021505 0.039566532258064516 0.6273521505376345 0.038558467741935484 0.6196236559139785 0.03931451612903226 0.6061827956989247 0.038558467741935484 0.591733870967742 0.03679435483870968 0.5813172043010754 0.034022177419354836 0.5729166666666667 0.03452620967741936 0.5678763440860215 0.036290322580645164 0.5641801075268817 0.036290322580645164 0.5608198924731183 0.033014112903225805 0.5540994623655914 0.030493951612903226 0.5510752688172044 0.026713709677419355 0.5423387096774194 0.021925403225806453 0.5406586021505377 0.01965725806451613 0.5423387096774194 0.017137096774193547 0.5467069892473119 0.012348790322580646 0.5672043010752689 0.013608870967741936 0.5749327956989247 0.013356854838709678 0.5776209677419355
2 0.631804435483871 0.5436827956989247 0.6282762096774194 0.5500672043010754 0.6285282258064515 0.5534274193548387 0.6320564516129032 0.5571236559139785 0.6345766129032258 0.5668682795698925 0.6345766129032258 0.5836693548387097 0.6363407258064515 0.600470430107527 0.640625 0.6081989247311829 0.6441532258064515 0.6098790322580646 0.6454133064516129 0.6092069892473119 0.6441532258064515 0.601478494623656 0.647429435483871 0.5930779569892474 0.649445564516129 0.5846774193548387 0.6507056451612904 0.5779569892473119 0.6512096774193549 0.5685483870967742 0.6542338709677419 0.5588037634408602 0.6559979838709677 0.5453629032258065 0.6557459677419355 0.5396505376344086 0.6542338709677419 0.5309139784946237 0.6489415322580646 0.5255376344086022 0.647429435483871 0.5168010752688172 0.6461693548387096 0.5147849462365591 0.6411290322580646 0.5127688172043011 0.6373487903225806 0.5141129032258065 0.633820564516129 0.5221774193548387 0.6353326612903225 0.5332661290322581 0.631804435483871 0.5436827956989247
2 0.11617943548387097 0.4408602150537635 0.11617943548387097 0.44959677419354843 0.11970766129032258 0.4674059139784947 0.12222782258064517 0.4754704301075269 0.12247983870967742 0.4828629032258065 0.11970766129032258 0.49260752688172044 0.11920362903225808 0.5013440860215054 0.11819556451612903 0.5053763440860215 0.11945564516129031 0.5073924731182796 0.12348790322580644 0.5073924731182796 0.12701612903225806 0.5050403225806451 0.1350806451612903 0.5050403225806451 0.13482862903225806 0.5016801075268817 0.13205645161290322 0.49697580645161293 0.13180443548387097 0.48420698924731187 0.13533266129032256 0.4633736559139785 0.13230846774193547 0.4519489247311828 0.13205645161290322 0.4422043010752688 0.12928427419354838 0.4297715053763441 0.12928427419354838 0.42473118279569894 0.12752016129032256 0.42170698924731187 0.12273185483870969 0.4210349462365592 0.11970766129032258 0.4250672043010753 0.11945564516129031 0.43380376344086025 0.11617943548387097 0.4408602150537635
2 0.16078629032258063 0.5584677419354839 0.16507056451612903 0.561491935483871 0.16834677419354838 0.5625000000000001 0.17111895161290322 0.5618279569892474 0.17540322580645162 0.5581317204301075 0.18019153225806453 0.551747311827957 0.1875 0.5467069892473119 0.19027217741935484 0.5433467741935485 0.18976814516129034 0.5406586021505377 0.18800403225806453 0.5379704301075269 0.18623991935483872 0.5369623655913979 0.1822076612903226 0.5376344086021506 0.17666330645161288 0.530241935483871 0.17691532258064516 0.5252016129032259 0.17867943548387097 0.519489247311828 0.17867943548387097 0.5147849462365591 0.17691532258064516 0.5124327956989247 0.17137096774193547 0.5120967741935485 0.16834677419354838 0.5144489247311829 0.1665826612903226 0.5174731182795699 0.16633064516129034 0.5258736559139785 0.16129032258064516 0.5403225806451614 0.16103830645161288 0.5453629032258065 0.15952620967741937 0.5514112903225806 0.15952620967741937 0.5564516129032259 0.16078629032258063 0.5584677419354839
2 0.5226814516129032 0.5084005376344086 0.5191532258064516 0.5134408602150538 0.5120967741935484 0.5181451612903226 0.5120967741935484 0.519489247311828 0.5141129032258065 0.5225134408602151 0.5183971774193549 0.5258736559139785 0.5181451612903226 0.529233870967742 0.5161290322580645 0.5329301075268817 0.5143649193548387 0.5480510752688172 0.515625 0.5611559139784946 0.5153729838709677 0.5648521505376345 0.5131048387096774 0.5709005376344086 0.5153729838709677 0.573252688172043 0.5189012096774194 0.5735887096774194 0.5204133064516129 0.5709005376344086 0.5204133064516129 0.5661962365591399 0.5259576612903226 0.5493951612903226 0.5297379032258065 0.5332661290322581 0.5289818548387097 0.529233870967742 0.5315020161290323 0.5124327956989247 0.5327620967741935 0.5104166666666667 0.5362903225806451 0.5110887096774194 0.5372983870967742 0.5090725806451614 0.5335181451612903 0.49395161290322587 0.5320060483870968 0.49092741935483875 0.5299899193548387 0.4899193548387097 0.5259576612903226 0.49025537634408606 0.5231854838709677 0.4946236559139785 0.522429435483871 0.49697580645161293 0.5226814516129032 0.5084005376344086
2 0.5342741935483871 0.5000000000000001 0.5395665322580645 0.5036962365591399 0.5569556451612903 0.5033602150537635 0.5599798387096774 0.5016801075268817 0.5602318548387097 0.4983198924731183 0.5577116935483871 0.4936155913978495 0.5577116935483871 0.4835349462365592 0.5564516129032258 0.48084677419354843 0.5448588709677419 0.478494623655914 0.5398185483870968 0.478494623655914 0.5362903225806451 0.4815188172043011 0.5330141129032258 0.4912634408602151 0.5327620967741935 0.49563172043010756 0.5342741935483871 0.5000000000000001
2 0.04032258064516129 0.5537634408602151 0.03981854838709678 0.5571236559139785 0.03679435483870968 0.5608198924731183 0.03452620967741936 0.571236559139785 0.036290322580645164 0.5813172043010754 0.03830645161290322 0.5863575268817205 0.03931451612903226 0.591733870967742 0.03981854838709678 0.6098790322580646 0.04309475806451613 0.6152553763440861 0.04410282258064516 0.6125672043010753 0.04662298387096774 0.6098790322580646 0.05040322580645161 0.6102150537634409 0.052923387096774195 0.6118951612903226 0.055191532258064516 0.6159274193548389 0.05443548387096774 0.6266801075268817 0.05745967741935484 0.6297043010752689 0.059979838709677415 0.6263440860215055 0.05972782258064516 0.6226478494623656 0.06350806451612903 0.6081989247311829 0.06350806451612903 0.5877016129032259 0.06451612903225806 0.5873655913978495 0.0655241935483871 0.5893817204301075 0.06779233870967742 0.5900537634408602 0.07006048387096774 0.5860215053763441 0.07006048387096774 0.5813172043010754 0.06628024193548387 0.573252688172043 0.06426411290322581 0.5638440860215054 0.060735887096774195 0.5547715053763441 0.05695564516129032 0.5500672043010754 0.05191532258064516 0.5467069892473119 0.04889112903225806 0.5366263440860215 0.04662298387096774 0.5349462365591399 0.04359879032258065 0.5352822580645161 0.04007056451612904 0.5376344086021506 0.03881048387096774 0.5396505376344086 0.04057459677419355 0.549731182795699 0.04032258064516129 0.5537634408602151
2 0.14415322580645162 0.44858870967741943 0.14339717741935484 0.45295698924731187 0.14490927419354838 0.4539650537634409 0.14717741935483872 0.4536290322580645 0.1502016129032258 0.44959677419354843 0.1502016129032258 0.4448924731182796 0.15171370967741937 0.43985215053763443 0.15398185483870966 0.43649193548387105 0.15599798387096775 0.435483870967742 0.15221774193548387 0.4274193548387097 0.15120967741935484 0.4213709677419355 0.1502016129032258 0.41969086021505375 0.14818548387096775 0.41834677419354843 0.14591733870967744 0.41834677419354843 0.14390120967741934 0.4200268817204301 0.14339717741935484 0.42204301075268824 0.1428931451612903 0.43951612903225806 0.14415322580645162 0.44858870967741943
2 0.20690524193548387 0.4563172043010753 0.2084173387096774 0.4593413978494624 0.2091733870967742 0.47883064516129037 0.21118951612903225 0.49025537634408606 0.21068548387096775 0.5013440860215054 0.21295362903225806 0.5023521505376345 0.21471774193548387 0.5013440860215054 0.21597782258064516 0.48924731182795705 0.21799395161290322 0.4895833333333334 0.21975806451612903 0.4983198924731183 0.2247983870967742 0.4983198924731183 0.22253024193548387 0.4912634408602151 0.22227822580645162 0.4879032258064516 0.22379032258064516 0.47883064516129037 0.22278225806451615 0.46774193548387105 0.22328629032258063 0.45967741935483875 0.22202620967741937 0.4522849462365592 0.22328629032258063 0.4425403225806452 0.21925403225806453 0.42842741935483875 0.2169858870967742 0.4250672043010753 0.2134576612903226 0.4227150537634409 0.21043346774193547 0.42372311827956993 0.20866935483870966 0.43346774193548393 0.20362903225806453 0.43918010752688175 0.19959677419354838 0.4455645161290323 0.19984879032258063 0.44926075268817206 0.20690524193548387 0.4563172043010753
2 0.7242943548387096 0.488239247311828 0.7265625 0.48420698924731187 0.7265625 0.4801747311827957 0.7237903225806451 0.47412634408602156 0.7215221774193549 0.47950268817204306 0.7212701612903225 0.48689516129032256 0.7242943548387096 0.488239247311828
2 0.6975806451612904 0.45094086021505375 0.6980846774193549 0.45295698924731187 0.7008568548387096 0.4563172043010753 0.7008568548387096 0.4576612903225807 0.7006048387096775 0.4771505376344087 0.6980846774193549 0.48084677419354843 0.6980846774193549 0.48387096774193555 0.7033770161290323 0.48454301075268824 0.7046370967741935 0.48387096774193555 0.7058971774193549 0.48051075268817206 0.7094254032258065 0.4489247311827957 0.7109375 0.4479166666666667 0.7207661290322581 0.4469086021505377 0.7222782258064515 0.4459005376344087 0.7225302419354839 0.4422043010752688 0.7202620967741935 0.43346774193548393 0.7164818548387096 0.42842741935483875 0.7091733870967742 0.42305107526881724 0.7046370967741935 0.4156586021505376 0.7026209677419355 0.4146505376344087 0.6998487903225806 0.4166666666666667 0.6985887096774194 0.4206989247311828 0.6990927419354839 0.43649193548387105 0.6975806451612904 0.45094086021505375
2 0.5796370967741935 0.13138440860215056 0.5882056451612903 0.13205645161290325 0.5917338709677419 0.12970430107526884 0.5919858870967742 0.12163978494623658 0.586945564516129 0.1088709677419355 0.5841733870967742 0.1081989247311828 0.5824092741935484 0.10954301075268819 0.5808971774193549 0.11626344086021506 0.5773689516129032 0.12466397849462367 0.577116935483871 0.13004032258064516 0.5796370967741935 0.13138440860215056
2 0.17464717741935484 0.4610215053763441 0.17540322580645162 0.4717741935483871 0.17666330645161288 0.47446236559139787 0.17918346774193547 0.4768145161290323 0.17993951612903225 0.47983870967741943 0.18069556451612903 0.4986559139784947 0.1822076612903226 0.501008064516129 0.18901209677419356 0.5006720430107527 0.19052419354838712 0.4983198924731183 0.19027217741935484 0.46606182795698925 0.19153225806451615 0.4465725806451613 0.19102822580645162 0.4425403225806452 0.1875 0.4371639784946237 0.18548387096774194 0.4307795698924732 0.18195564516129034 0.4280913978494624 0.17893145161290322 0.43145161290322587 0.17666330645161288 0.4401881720430108 0.17313508064516128 0.44623655913978494 0.17263104838709678 0.45329301075268824 0.17464717741935484 0.4610215053763441
2 0.35836693548387094 0.34912634408602156 0.36139112903225806 0.35483870967741943 0.3631552419354839 0.375 0.36693548387096775 0.37399193548387094 0.36819556451612906 0.3726478494623656 0.3702116935483871 0.3649193548387097 0.3704637096774193 0.34509408602150543 0.3694556451612903 0.3360215053763441 0.36794354838709675 0.33131720430107525 0.36617943548387094 0.32997311827956993 0.3626512096774193 0.3303091397849463 0.3596270161290323 0.33299731182795705 0.35836693548387094 0.33467741935483875 0.35836693548387094 0.34912634408602156
2 0.2578125 0.4146505376344087 0.26058467741935487 0.4287634408602151 0.26663306451612906 0.43783602150537637 0.2689012096774194 0.44388440860215056 0.27242943548387094 0.44354838709677424 0.27318548387096775 0.4425403225806452 0.27268145161290325 0.43951612903225806 0.2691532258064516 0.42943548387096775 0.2689012096774194 0.4153225806451613 0.26360887096774194 0.39045698924731187 0.2613407258064516 0.38911290322580644 0.25856854838709675 0.38911290322580644 0.2565524193548387 0.39314516129032256 0.2540322580645161 0.4045698924731183 0.2578125 0.4146505376344087
2 0.036290322580645164 0.6367607526881721 0.036290322580645164 0.6428091397849462 0.037298387096774195 0.644489247311828 0.036290322580645164 0.6448252688172043 0.04359879032258065 0.6475134408602151 0.04359879032258065 0.6586021505376345 0.041582661290322585 0.6743951612903226 0.04032258064516129 0.6787634408602151 0.04334677419354839 0.6878360215053765 0.04712701612903226 0.6891801075268817 0.05015120967741935 0.6875 0.05594758064516129 0.6801075268817205 0.06224798387096774 0.6750672043010753 0.06854838709677419 0.6683467741935485 0.0703125 0.664986559139785 0.0703125 0.662970430107527 0.06754032258064516 0.6518817204301075 0.0655241935483871 0.6478494623655914 0.06426411290322581 0.6411290322580646 0.05846774193548387 0.6297043010752689 0.05796370967741935 0.6226478494623656 0.05569556451612904 0.614247311827957 0.05191532258064516 0.6108870967741936 0.04889112903225806 0.6102150537634409 0.04561491935483871 0.6112231182795699 0.04233870967741935 0.6139112903225807 0.040826612903225805 0.6169354838709679 0.04107862903225806 0.6300403225806451 0.036290322580645164 0.6367607526881721
2 0.13634072580645162 0.47647849462365593 0.13709677419354838 0.4778225806451613 0.140625 0.4781586021505377 0.14087701612903225 0.4768145161290323 0.1383568548387097 0.4714381720430108 0.13659274193548387 0.4714381720430108 0.13709677419354838 0.46875 0.13558467741935484 0.4737903225806452 0.13634072580645162 0.47647849462365593
2 0.13382056451612903 0.45295698924731187 0.13356854838709678 0.4563172043010753 0.13558467741935484 0.4600134408602151 0.13684475806451613 0.46538978494623656 0.13785282258064516 0.46572580645161293 0.14037298387096775 0.4640456989247312 0.14314516129032256 0.45295698924731187 0.14138104838709678 0.44993279569892475 0.1423891129032258 0.44321236559139787 0.14112903225806453 0.4321236559139785 0.14138104838709678 0.42372311827956993 0.13961693548387097 0.41801075268817206 0.13936491935483872 0.4143145161290323 0.13709677419354838 0.4089381720430108 0.13356854838709678 0.4096102150537635 0.13230846774193547 0.4112903225806452 0.12928427419354838 0.42170698924731187 0.12953629032258066 0.4351478494623656 0.13382056451612903 0.45295698924731187
2 0.5264616935483871 0.40759408602150543 0.5267137096774194 0.4112903225806452 0.5289818548387097 0.41868279569892475 0.5287298387096774 0.4254032258064516 0.5327620967741935 0.4327956989247312 0.5362903225806451 0.4321236559139785 0.5375504032258065 0.4280913978494624 0.5388104838709677 0.41196236559139787 0.5383064516129032 0.40826612903225806 0.5332661290322581 0.40188172043010756 0.5320060483870968 0.3938172043010753 0.530241935483871 0.39045698924731187 0.5262096774193549 0.39079301075268824 0.522429435483871 0.3938172043010753 0.5219254032258065 0.4008736559139785 0.5264616935483871 0.40759408602150543
2 0.5650201612903226 0.37163978494623656 0.563508064516129 0.37399193548387094 0.5642641129032258 0.3746639784946237 0.5640120967741935 0.37634408602150543 0.569304435483871 0.3696236559139785 0.5705645161290323 0.3702956989247312 0.5725806451612903 0.372983870967742 0.5715725806451613 0.37668010752688175 0.5720766129032258 0.37869623655913975 0.5725806451612903 0.3800403225806452 0.5749887992831542 0.3800403225806452 0.577116935483871 0.3672715053763441 0.577116935483871 0.36122311827956993 0.5761088709677419 0.35584677419354843 0.5710685483870968 0.34442204301075274 0.5685483870967742 0.34173387096774194 0.5672883064516129 0.3413978494623656 0.5640120967741935 0.34610215053763443 0.5632560483870968 0.35215053763440857 0.5602318548387097 0.3588709677419355 0.5632560483870968 0.37096774193548393 0.5650201612903226 0.37163978494623656
2 0.9095262096774194 0.22715053763440862 0.9122983870967742 0.22883064516129034 0.9185987903225806 0.22950268817204303 0.9206149193548386 0.22715053763440862 0.9216229838709677 0.2224462365591398 0.921875 0.21471774193548387 0.9264112903225806 0.17943548387096775 0.928679435483871 0.17036290322580647 0.9314516129032258 0.15087365591397853 0.9322076612903225 0.14415322580645162 0.9317036290322581 0.14045698924731184 0.9344758064516129 0.13004032258064516 0.9359879032258065 0.10920698924731183 0.9372479838709677 0.10315860215053764 0.9362399193548386 0.10114247311827958 0.9322076612903225 0.10349462365591398 0.9284274193548386 0.11088709677419356 0.9276713709677419 0.12500000000000003 0.928679435483871 0.13407258064516128 0.9304435483870968 0.13844086021505378 0.9301915322580646 0.14146505376344087 0.9183467741935485 0.1478494623655914 0.9145665322580646 0.15356182795698925 0.9117943548387096 0.17036290322580647 0.9110383064516129 0.18245967741935484 0.9077620967741935 0.19522849462365593 0.9077620967741935 0.21370967741935484 0.9095262096774194 0.22715053763440862
2 0.23286290322580644 0.38676075268817206 0.23336693548387097 0.394489247311828 0.23538306451612903 0.40020161290322587 0.23765120967741937 0.4015456989247312 0.2447076612903226 0.41196236559139787 0.24647177419354838 0.40625 0.25151209677419356 0.4008736559139785 0.25252016129032256 0.3975134408602151 0.25252016129032256 0.3938172043010753 0.24848790322580644 0.3834005376344087 0.24445564516129034 0.3780241935483871 0.24243951612903225 0.37163978494623656 0.24117943548387097 0.36995967741935487 0.23765120967741937 0.37130376344086025 0.2368951612903226 0.38037634408602156 0.23286290322580644 0.38676075268817206
2 0.5808971774193549 0.25134408602150543 0.584929435483871 0.2550403225806452 0.586945564516129 0.25168010752688175 0.5884576612903226 0.24193548387096778 0.5882056451612903 0.23723118279569894 0.584929435483871 0.23017473118279572 0.5816532258064516 0.22983870967741937 0.578125 0.23655913978494625 0.578125 0.24428763440860218 0.5808971774193549 0.25134408602150543
2 0.09173387096774194 0.5803091397849462 0.09450604838709678 0.5883736559139785 0.09753024193548387 0.6018145161290323 0.09929435483870969 0.6058467741935485 0.09979838709677419 0.6098790322580646 0.09879032258064517 0.6125672043010753 0.09879032258064517 0.6176075268817205 0.10257056451612903 0.6192876344086022 0.10534274193548387 0.6165994623655914 0.10609879032258064 0.6129032258064517 0.10609879032258064 0.6092069892473119 0.1045866935483871 0.6061827956989247 0.10408266129032258 0.602486559139785 0.10408266129032258 0.5987903225806451 0.10559475806451613 0.5964381720430109 0.11113911290322581 0.5997983870967742 0.11290322580645161 0.6065188172043011 0.11693548387096774 0.6065188172043011 0.11869959677419356 0.602486559139785 0.1184475806451613 0.5977822580645161 0.1159274193548387 0.594758064516129 0.11139112903225808 0.591733870967742 0.109375 0.5877016129032259 0.11013104838709678 0.581989247311828 0.11340725806451613 0.5799731182795699 0.1141633064516129 0.5782930107526882 0.1123991935483871 0.571236559139785 0.11315524193548387 0.5564516129032259 0.11013104838709678 0.5453629032258065 0.10534274193548387 0.5393145161290323 0.10231854838709678 0.5288978494623656 0.09929435483870969 0.5255376344086022 0.09551411290322581 0.5258736559139785 0.09299395161290322 0.529233870967742 0.09198588709677419 0.5319220430107527 0.0924899193548387 0.5403225806451614 0.09047379032258064 0.5487231182795699 0.09022177419354839 0.5551075268817205 0.09173387096774194 0.5803091397849462
2 0.22983870967741937 0.43918010752688175 0.23311491935483872 0.44758064516129037 0.23588709677419356 0.46135752688172044 0.23538306451612903 0.47043010752688175 0.23765120967741937 0.4721102150537635 0.23916330645161288 0.47076612903225806 0.23991935483870966 0.46471774193548393 0.24319556451612903 0.46471774193548393 0.24521169354838712 0.47043010752688175 0.24899193548387097 0.47043010752688175 0.2482358870967742 0.45598118279569894 0.24521169354838712 0.43649193548387105 0.24495967741935484 0.41700268817204306 0.2421875 0.41162634408602156 0.24067540322580644 0.4049059139784947 0.23790322580645162 0.40221774193548393 0.23462701612903225 0.40255376344086025 0.23286290322580644 0.4112903225806452 0.23009072580645162 0.4146505376344087 0.22857862903225806 0.4193548387096775 0.2283266129032258 0.4264112903225807 0.22983870967741937 0.43918010752688175
2 0.6469254032258065 0.45295698924731187 0.6471774193548386 0.4576612903225807 0.6461693548387096 0.47009408602150543 0.6418850806451614 0.49092741935483875 0.641633064516129 0.49697580645161293 0.6439012096774194 0.4993279569892473 0.647429435483871 0.4976478494623656 0.6481854838709677 0.48857526881720437 0.6509576612903225 0.4801747311827957 0.6537298387096775 0.4899193548387097 0.6534778225806451 0.49428763440860224 0.6519657258064515 0.4983198924731183 0.6537298387096775 0.5016801075268817 0.6580141129032258 0.5026881720430109 0.6592741935483871 0.5016801075268817 0.6580141129032258 0.49495967741935487 0.6580141129032258 0.47076612903225806 0.6605342741935485 0.46034946236559143 0.6607862903225806 0.4418682795698925 0.6587701612903225 0.4358198924731183 0.6600302419354839 0.42943548387096775 0.6600302419354839 0.4250672043010753 0.6575100806451614 0.4203629032258065 0.6539818548387096 0.41969086021505375 0.6509576612903225 0.4223790322580645 0.6499495967741935 0.4254032258064516 0.6496975806451614 0.43178763440860213 0.6446572580645161 0.43918010752688175 0.6436491935483871 0.4425403225806452 0.6441532258064515 0.4459005376344087 0.6469254032258065 0.45295698924731187
0 0.0015120967741935483 0.739247311827957 0 0.739247311827957 0 0.8044354838709679 0.0015120967741935483 0.8044354838709679 0.0047883064516129024 0.807459677419355 0.008064516129032258 0.8088037634408602 0.01789314516129032 0.8101478494623656 0.022681451612903226 0.8165322580645161 0.023185483870967742 0.8235887096774194 0.022681451612903226 0.8269489247311829 0.018649193548387098 0.8336693548387097 0.006804435483870968 0.8461021505376345 0.0015120967741935483 0.8538306451612904 0 0.8538306451612904 0 0.8991935483870969 0.0015120967741935483 0.8991935483870969 0.0030241935483870967 0.9028897849462366 0.0030241935483870967 0.9045698924731184 0.0015120967741935483 0.9065860215053765 0 0.9065860215053765 0 0.96875 0.0015120967741935483 0.96875 0.0022681451612903227 0.9700940860215055 0.0020161290322580645 0.975470430107527 0.0015120967741935483 0.976478494623656 0 0.976478494623656 0 0.9781586021505377 0.0017641129032258064 0.9784946236559141 0.0022681451612903227 0.9828629032258065 0.0017641129032258064 0.9858870967741936 0 0.9862231182795699 0 0.989247311827957 0.0015120967741935483 0.989247311827957 0.0020161290322580645 0.9905913978494624 0.0015120967741935483 0.9922715053763441 0 0.9922715053763441 0 0.9966397849462366 0.004032258064516129 0.9976478494623656 0.0047883064516129024 0.9996639784946237 0.05342741935483871 0.9996639784946237 0.05367943548387097 0.9979838709677421 0.056451612903225805 0.9976478494623656 0.05871975806451613 0.9979838709677421 0.05897177419354839 0.9996639784946237 0.07308467741935484 0.9996639784946237 0.07308467741935484 0.9983198924731184 0.08140120967741936 0.987231182795699 0.0829133064516129 0.9875672043010754 0.08543346774193548 0.9912634408602151 0.08795362903225808 0.9926075268817205 0.09627016129032258 0.9909274193548389 0.0985383064516129 0.9875672043010754 0.09753024193548387 0.9845430107526882 0.0985383064516129 0.9801747311827957 0.10534274193548387 0.9828629032258065 0.11013104838709678 0.9879032258064517 0.11113911290322581 0.9909274193548389 0.11113911290322581 0.994959677419355 0.11290322580645161 0.9996639784946237 0.14642137096774194 0.9996639784946237 0.1466733870967742 0.9979838709677421 0.14768145161290322 0.9979838709677421 0.14793346774193547 0.9996639784946237 0.16078629032258063 0.9996639784946237 0.16129032258064516 0.9976478494623656 0.16355846774193547 0.9979838709677421 0.16381048387096775 0.9996639784946237 0.17842741935483872 0.9996639784946237 0.17842741935483872 0.9983198924731184 0.17943548387096775 0.9976478494623656 0.20035282258064516 0.995967741935484 0.20186491935483872 0.9932795698924731 0.20186491935483872 0.9862231182795699 0.20287298387096775 0.9815188172043011 0.20337701612903225 0.9516129032258065 0.20463709677419356 0.9495967741935485 0.20992943548387097 0.9469086021505377 0.21900201612903225 0.9321236559139785 0.22328629032258063 0.9183467741935485 0.23135080645161288 0.9045698924731184 0.23840725806451615 0.8867607526881721 0.24773185483870966 0.8692876344086022 0.25579637096774194 0.8494623655913979 0.2633568548387097 0.8350134408602151 0.2699092741935484 0.8182123655913979 0.2729334677419355 0.8131720430107527 0.2769657258064516 0.8034274193548389 0.28704637096774194 0.7852822580645161 0.2908266129032258 0.7755376344086022 0.29435483870967744 0.7698252688172043 0.296875 0.7624327956989247 0.30216733870967744 0.7520161290322581 0.3046875 0.7442876344086022 0.3087197580645161 0.7358870967741936 0.3127520161290323 0.7281586021505376 0.3175403225806452 0.7214381720430109 0.32132056451612906 0.7204301075268817 0.3245967741935484 0.7174059139784946 0.32787298387096775 0.7110215053763441 0.3314012096774193 0.696236559139785 0.3326612903225807 0.6717069892473119 0.33492943548387094 0.6686827956989247 0.3387096774193548 0.6683467741935485 0.34198588709677424 0.6643145161290323 0.3440020161290323 0.6582661290322581 0.34627016129032256 0.6549059139784946 0.35357862903225806 0.6334005376344086 0.3558467741935484 0.6226478494623656 0.3563508064516129 0.6001344086021505 0.3545866935483871 0.591733870967742 0.35282258064516125 0.5729166666666667 0.35257056451612906 0.5527553763440861 0.3472782258064516 0.5339381720430109 0.34475806451612906 0.5221774193548387 0.3440020161290323 0.5114247311827957 0.3407258064516129 0.497983870967742 0.33392137096774194 0.4936155913978495 0.31880040322580644 0.4889112903225807 0.3016633064516129 0.4879032258064516 0.2890625 0.4899193548387097 0.28326612903225806 0.4879032258064516 0.2711693548387097 0.48723118279569894 0.24899193548387097 0.4936155913978495 0.23412298387096775 0.5030241935483871 0.21748991935483872 0.5201612903225806 0.20362903225806453 0.532258064516129 0.19405241935483872 0.5436827956989247 0.17943548387096775 0.5571236559139785 0.1771673387096774 0.5608198924731183 0.16633064516129034 0.5692204301075269 0.16003024193548387 0.5779569892473119 0.15246975806451615 0.5863575268817205 0.14793346774193547 0.590725806451613 0.13659274193548387 0.5987903225806451 0.12121975806451613 0.6176075268817205 0.11164314516129031 0.625 0.10332661290322581 0.6334005376344086 0.1003024193548387 0.6384408602150538 0.09375 0.643481182795699 0.08618951612903226 0.6525537634408602 0.08014112903225808 0.657258064516129 0.06930443548387097 0.6703629032258065 0.05695564516129032 0.6814516129032259 0.04964717741935484 0.6905241935483871 0.036038306451612906 0.7026209677419355 0.014868951612903226 0.7237903225806451 0.003780241935483871 0.7368951612903226 0.0015120967741935483 0.739247311827957
0 0.4770665322580645 0.29805107526881724 0.4838709677419355 0.3004032258064516 0.5158770161290323 0.3010752688172043 0.5191532258064516 0.30006720430107525 0.5226814516129032 0.2956989247311828 0.5259576612903226 0.28830645161290325 0.5292338709677419 0.27620967741935487 0.5299899193548387 0.26948924731182794 0.530241935483871 0.2550403225806452 0.5315020161290323 0.24798387096774197 0.5289818548387097 0.22715053763440862 0.5254536290322581 0.22580645161290325 0.5226814516129032 0.22681451612903225 0.5005040322580645 0.22748655913978497 0.4954637096774193 0.22883064516129034 0.4876512096774193 0.23487903225806453 0.4838709677419355 0.23622311827956993 0.4793346774193548 0.24059139784946237 0.4770665322580645 0.2452956989247312 0.47631048387096775 0.24932795698924734 0.47580645161290325 0.29334677419354843 0.4770665322580645 0.29805107526881724
3 0.5640120967741935 0.3887768817204301 0.5655241935483871 0.39717741935483875 0.5677923387096774 0.39818548387096775 0.5695564516129032 0.39717741935483875 0.5723286290322581 0.39314516129032256 0.5768649193548387 0.39045698924731187 0.5773689516129032 0.38575268817204306 0.5758568548387097 0.36995967741935487 0.5745967741935484 0.3682795698924731 0.571320564516129 0.36693548387096775 0.5640120967741935 0.3662634408602151 0.5625 0.3686155913978495 0.5619959677419355 0.3726478494623656 0.5619959677419355 0.38373655913978494 0.5640120967741935 0.3887768817204301
3 0.7069052419354839 0.49563172043010756 0.709929435483871 0.4936155913978495 0.7134576612903225 0.4865591397849463 0.7190020161290323 0.4848790322580645 0.7215221774193549 0.48051075268817206 0.7242943548387096 0.4674059139784947 0.7273185483870968 0.4593413978494624 0.727570564516129 0.44959677419354843 0.7237903225806451 0.44623655913978494 0.7220262096774194 0.4459005376344087 0.7169858870967742 0.447244623655914 0.711945564516129 0.44623655913978494 0.7089213709677419 0.44758064516129037 0.7074092741935485 0.4519489247311828 0.7069052419354839 0.4670698924731183 0.7056451612903225 0.4761424731182796 0.7053931451612904 0.4932795698924732 0.7069052419354839 0.49563172043010756
3 0.5778729838709677 0.36122311827956993 0.5811491935483871 0.36122311827956993 0.5859375 0.3568548387096775 0.5856854838709677 0.34106182795698925 0.5844254032258065 0.3383736559139785 0.584929435483871 0.33400537634408606 0.5841733870967742 0.33870967741935487 0.5816532258064516 0.33938172043010756 0.5783770161290323 0.3424059139784947 0.571320564516129 0.34005376344086025 0.5705645161290323 0.34106182795698925 0.5708165322580645 0.34543010752688175 0.5778729838709677 0.36122311827956993
3 0.522429435483871 0.5104166666666667 0.5236895161290323 0.5084005376344086 0.5241935483870968 0.5047043010752689 0.522429435483871 0.501008064516129 0.5209173387096774 0.5040322580645161 0.5209173387096774 0.508736559139785 0.522429435483871 0.5104166666666667
3 0.5385584677419355 0.508736559139785 0.5413306451612903 0.5141129032258065 0.5418346774193549 0.5201612903225806 0.5430947580645161 0.5228494623655914 0.5443548387096774 0.5231854838709677 0.5677923387096774 0.5215053763440861 0.5710685483870968 0.520497311827957 0.5745967741935484 0.5171370967741935 0.578125 0.5188172043010754 0.5846774193548387 0.5168010752688172 0.5874495967741935 0.5154569892473119 0.5892137096774194 0.5120967741935485 0.5882056451612903 0.5100806451612904 0.5851814516129032 0.5084005376344086 0.578125 0.5070564516129032 0.5745967741935484 0.5047043010752689 0.571320564516129 0.5000000000000001 0.5652721774193549 0.49731182795698925 0.5602318548387097 0.4976478494623656 0.5592237903225806 0.5013440860215054 0.5574596774193549 0.5030241935483871 0.5398185483870968 0.5033602150537635 0.5383064516129032 0.5043682795698925 0.5378024193548387 0.5050403225806451 0.5385584677419355 0.508736559139785
3 0.4586693548387097 0.4112903225806452 0.4581653225806452 0.4153225806451613 0.46018145161290325 0.4223790322580645 0.46345766129032256 0.4240591397849463 0.46698588709677424 0.41969086021505375 0.47631048387096775 0.4146505376344087 0.47731854838709675 0.41263440860215056 0.47731854838709675 0.40524193548387094 0.4735383064516129 0.40322580645161293 0.4727822580645161 0.40120967741935487 0.4730342741935484 0.39717741935483875 0.4720262096774193 0.3958333333333333 0.47051411290322576 0.3948252688172043 0.4642137096774193 0.3948252688172043 0.46018145161290325 0.3928091397849463 0.4571572580645161 0.3938172043010753 0.4564012096774193 0.4055779569892473 0.4586693548387097 0.4112903225806452
3 0.514616935483871 0.5524193548387097 0.5158770161290323 0.5524193548387097 0.5153729838709677 0.5537634408602151 0.5234375 0.5567876344086022 0.5226814516129032 0.5621639784946237 0.5264616935483871 0.5635080645161291 0.5304939516129032 0.5682123655913979 0.5362903225806451 0.5816532258064516 0.5393145161290323 0.5843413978494625 0.5420866935483871 0.582997311827957 0.5443548387096774 0.5749327956989247 0.5448588709677419 0.5638440860215054 0.5488911290322581 0.5564516129032259 0.5483870967741935 0.5537634408602151 0.5453629032258065 0.5477150537634409 0.5418346774193549 0.5349462365591399 0.5398185483870968 0.5325940860215054 0.53125 0.5309139784946237 0.5277217741935484 0.5252016129032259 0.5209173387096774 0.5231854838709677 0.5186491935483871 0.5235215053763441 0.5173891129032258 0.5248655913978495 0.5120967741935484 0.5329301075268817 0.5115927419354839 0.5362903225806451 0.5120967741935484 0.5483870967741935 0.514616935483871 0.5524193548387097
3 0.515625 0.5201612903225806 0.5153729838709677 0.5181451612903226 0.5123487903225806 0.5164650537634409 0.5118447580645161 0.5171370967741935 0.5120967741935484 0.5201612903225806 0.515625 0.5201612903225806
3 0.1388608870967742 0.5860215053763441 0.14390120967741934 0.590725806451613 0.14516129032258066 0.5890456989247312 0.14717741935483872 0.5883736559139785 0.15549395161290322 0.5786290322580646 0.16129032258064516 0.5742607526881721 0.16557459677419356 0.5678763440860215 0.16960685483870966 0.5638440860215054 0.16607862903225806 0.560483870967742 0.15826612903225806 0.5574596774193549 0.14264112903225806 0.5625000000000001 0.14112903225806453 0.5638440860215054 0.14037298387096775 0.5705645161290323 0.1383568548387097 0.5779569892473119 0.13785282258064516 0.5823252688172044 0.1388608870967742 0.5860215053763441
3 0.18321572580645162 0.5500672043010754 0.18195564516129034 0.549731182795699 0.1814516129032258 0.5500672043010754 0.18321572580645162 0.5500672043010754
3 0.18044354838709678 0.5406586021505377 0.18623991935483872 0.5433467741935485 0.18523185483870966 0.5456989247311829 0.18548387096774194 0.5477150537634409 0.18699596774193547 0.5446908602150538 0.18901209677419356 0.5446908602150538 0.1927923387096774 0.5396505376344086 0.19178427419354838 0.5362903225806451 0.18876008064516128 0.5325940860215054 0.18598790322580644 0.5312500000000001 0.18019153225806453 0.5329301075268817 0.17842741935483872 0.5352822580645161 0.17817540322580644 0.5362903225806451 0.18044354838709678 0.5406586021505377
3 0.4614415322580645 0.36189516129032256 0.46295362903225806 0.3635752688172043 0.46698588709677424 0.3649193548387097 0.46875 0.36928763440860213 0.4690020161290323 0.3733198924731183 0.4737903225806452 0.37634408602150543 0.47454637096774194 0.3733198924731183 0.4737903225806452 0.3528225806451613 0.4647177419354839 0.34912634408602156 0.4637096774193548 0.3477822580645161 0.46018145161290325 0.35147849462365593 0.45992943548387094 0.35618279569892475 0.4614415322580645 0.36189516129032256
3 0.5642641129032258 0.2103494623655914 0.5665322580645161 0.20665322580645162 0.5665322580645161 0.19926075268817206 0.5645161290322581 0.197244623655914 0.5622479838709677 0.19926075268817206 0.5622479838709677 0.20698924731182797 0.5642641129032258 0.2103494623655914
3 0.5909778225806451 0.508736559139785 0.6015625 0.5141129032258065 0.6033266129032258 0.5127688172043011 0.6040826612903225 0.5090725806451614 0.6063508064516129 0.5077284946236559 0.6101310483870968 0.5090725806451614 0.6197076612903225 0.5157930107526882 0.6333165322580646 0.5174731182795699 0.6365927419354839 0.5127688172043011 0.640625 0.5114247311827957 0.6423891129032258 0.5090725806451614 0.6421370967741935 0.501008064516129 0.6403729838709677 0.4976478494623656 0.6360887096774194 0.49731182795698925 0.6300403225806451 0.49159946236559143 0.6237399193548386 0.4875672043010753 0.6129032258064515 0.48387096774193555 0.6055947580645161 0.4835349462365592 0.5990423387096775 0.48588709677419356 0.5955141129032258 0.4899193548387097 0.59375 0.49428763440860224 0.5892137096774194 0.4976478494623656 0.5892137096774194 0.5023521505376345 0.5909778225806451 0.508736559139785
3 0.522429435483871 0.45329301075268824 0.5236895161290323 0.45295698924731187 0.5309979838709677 0.44623655913978494 0.5340221774193549 0.4422043010752688 0.5360383064516129 0.4358198924731183 0.5357862903225806 0.4321236559139785 0.5327620967741935 0.43010752688172044 0.5294858870967742 0.425739247311828 0.5252016129032258 0.42607526881720437 0.5189012096774194 0.42439516129032256 0.5181451612903226 0.4264112903225807 0.5189012096774194 0.44321236559139787 0.522429435483871 0.45329301075268824
3 0.579133064516129 0.25134408602150543 0.5814012096774194 0.25470430107526887 0.5854334677419355 0.2550403225806452 0.5866935483870968 0.25168010752688175 0.5871975806451613 0.24025537634408603 0.5851814516129032 0.23756720430107528 0.5819052419354839 0.23588709677419356 0.578125 0.239247311827957 0.5778729838709677 0.2466397849462366 0.579133064516129 0.25134408602150543
3 0.6055947580645161 0.5477150537634409 0.6063508064516129 0.5534274193548387 0.6086189516129032 0.5611559139784946 0.608366935483871 0.5836693548387097 0.609375 0.5971102150537635 0.6121471774193549 0.5997983870967742 0.6209677419354839 0.5997983870967742 0.626008064516129 0.5981182795698926 0.6275201612903225 0.5954301075268817 0.6280241935483871 0.5920698924731183 0.6290322580645161 0.5762768817204301 0.6262600806451614 0.5534274193548387 0.6267641129032258 0.5500672043010754 0.6255040322580646 0.5430107526881721 0.6232358870967742 0.540994623655914 0.6123991935483871 0.5413306451612904 0.6066028225806451 0.5433467741935485 0.6060987903225806 0.5443548387096775 0.6030745967741935 0.5396505376344086 0.5987903225806451 0.5393145161290323 0.5987903225806451 0.5453629032258065 0.6055947580645161 0.5477150537634409