1 0.6832157258064515 0.5564516129032259 0.6857358870967742 0.5645161290322581 0.6890120967741935 0.5695564516129032 0.6973286290322581 0.5756048387096775 0.7038810483870968 0.5786290322580646 0.709929435483871 0.5890456989247312 0.7134576612903225 0.592741935483871 0.7164818548387096 0.5940860215053765 0.7207661290322581 0.5930779569892474 0.7235383064516129 0.5903897849462366 0.7265625 0.5843413978494625 0.7265625 0.5813172043010754 0.7285786290322581 0.5749327956989247 0.7305947580645161 0.5729166666666667 0.734375 0.572244623655914 0.7444556451612904 0.5816532258064516 0.7459677419354839 0.581989247311828 0.7961189516129032 0.5836693548387097 0.8039314516129032 0.5944220430107527 0.8082157258064515 0.5964381720430109 0.8142641129032258 0.5964381720430109 0.8177923387096775 0.5954301075268817 0.821320564516129 0.5924059139784946 0.8245967741935485 0.5877016129032259 0.8266129032258065 0.5816532258064516 0.8288810483870968 0.5782930107526882 0.8311491935483871 0.5769489247311829 0.8419858870967742 0.5745967741935485 0.8432459677419355 0.5665322580645161 0.8417338709677419 0.5504032258064516 0.8419858870967742 0.5426747311827957 0.8404737903225806 0.5396505376344086 0.8394657258064515 0.5258736559139785 0.8384576612903225 0.5218413978494624 0.836945564516129 0.519489247311828 0.8364415322580646 0.5151209677419355 0.8339213709677419 0.5124327956989247 0.8278729838709677 0.508736559139785 0.8130040322580646 0.5063844086021506 0.7951108870967742 0.5053763440860215 0.788054435483871 0.5063844086021506 0.764616935483871 0.5063844086021506 0.7462197580645161 0.5084005376344086 0.7389112903225806 0.5117607526881721 0.7220262096774194 0.5238575268817205 0.6965725806451614 0.5288978494623656 0.6917842741935485 0.5329301075268817 0.6890120967741935 0.5379704301075269 0.6875 0.5430107526881721 0.6847278225806451 0.5460349462365591 0.6827116935483871 0.5500672043010754 0.6832157258064515 0.5564516129032259
1 0.4891633064516129 0.9996639784946237 0.4891633064516129 0.9983198924731184 0.49017137096774194 0.9976478494623656 0.4964717741935484 0.9979838709677421 0.4967237903225807 0.9996639784946237 0.49873991935483875 0.9996639784946237 0.49873991935483875 0.9983198924731184 0.5 0.9976478494623656 0.5025201612903226 0.9979838709677421 0.5027721774193549 0.9996639784946237 0.5617439516129032 0.9996639784946237 0.5619959677419355 0.9973118279569894 0.5619959677419355 0.9939516129032259 0.5604838709677419 0.9905913978494624 0.5491431451612903 0.9825268817204302 0.5456149193548387 0.9795026881720431 0.5418346774193549 0.9737903225806451 0.5320060483870968 0.9667338709677421 0.515625 0.9590053763440861 0.5090725806451613 0.9573252688172045 0.49924395161290325 0.9566532258064517 0.4768145161290323 0.9583333333333334 0.4639616935483871 0.9623655913978495 0.4558971774193548 0.9633736559139785 0.45236895161290325 0.9650537634408602 0.44606854838709675 0.9694220430107527 0.4425403225806452 0.9734543010752689 0.43170362903225806 0.9889112903225807 0.4296875 0.9946236559139785 0.42943548387096775 0.9996639784946237 0.4891633064516129 0.9996639784946237
1 0.6542338709677419 0.40826612903225806 0.6577620967741935 0.41498655913978494 0.6612903225806451 0.4112903225806452 0.6617943548387096 0.40322580645161293 0.6597782258064515 0.3941532258064516 0.6597782258064515 0.3901209677419355 0.6587701612903225 0.38575268817204306 0.6557459677419355 0.3817204301075269 0.6479334677419355 0.3790322580645161 0.6439012096774194 0.3793682795698925 0.6398689516129032 0.3817204301075269 0.6368447580645161 0.38575268817204306 0.6335685483870968 0.3958333333333333 0.633820564516129 0.40793010752688175 0.6542338709677419 0.40826612903225806
1 0.6217237903225806 0.4425403225806452 0.6247479838709677 0.44623655913978494 0.6313004032258065 0.4506048387096775 0.6330645161290323 0.45295698924731187 0.6507056451612904 0.46438172043010756 0.6542338709677419 0.46370967741935487 0.6547379032258065 0.4489247311827957 0.65625 0.4422043010752688 0.6517137096774194 0.43245967741935487 0.6502016129032258 0.4307795698924732 0.6444052419354839 0.4280913978494624 0.6300403225806451 0.4270833333333333 0.6204637096774194 0.435483870967742 0.6204637096774194 0.43918010752688175 0.6217237903225806 0.4425403225806452
1 0.688508064516129 0.36895161290322587 0.6925403225806451 0.36659946236559143 0.7048891129032258 0.36659946236559143 0.709929435483871 0.3679435483870968 0.7106854838709677 0.3662634408602151 0.709929435483871 0.3598790322580645 0.7076612903225806 0.35248655913978494 0.7064012096774194 0.3504704301075269 0.7033770161290323 0.3487903225806452 0.6892641129032258 0.34946236559139787 0.6872479838709677 0.3531586021505376 0.686491935483871 0.35719086021505375 0.686491935483871 0.36659946236559143 0.688508064516129 0.36895161290322587
1 0.6459173387096775 0.37600806451612906 0.6469254032258065 0.3797043010752688 0.6557459677419355 0.38205645161290325 0.6610383064516129 0.3901209677419355 0.6716229838709677 0.38844086021505375 0.6731350806451614 0.38709677419354843 0.6733870967741935 0.3682795698924731 0.6743951612903225 0.36189516129032256 0.6723790322580646 0.35584677419354843 0.6648185483870968 0.35383064516129037 0.6575100806451614 0.3541666666666667 0.6544858870967742 0.3528225806451613 0.6502016129032258 0.3575268817204301 0.6471774193548386 0.36592741935483875 0.6471774193548386 0.3702956989247312 0.6459173387096775 0.37600806451612906
1 0.6300403225806451 0.42909946236559143 0.6441532258064515 0.4287634408602151 0.647429435483871 0.4297715053763441 0.6509576612903225 0.4327956989247312 0.657258064516129 0.4425403225806452 0.6587701612903225 0.4425403225806452 0.6612903225806451 0.4401881720430108 0.6628024193548386 0.42943548387096775 0.6625504032258065 0.42204301075268824 0.6600302419354839 0.41162634408602156 0.6577620967741935 0.40793010752688175 0.6491935483870968 0.40524193548387094 0.6368447580645161 0.4045698924731183 0.633820564516129 0.4089381720430108 0.6295362903225806 0.41801075268817206 0.6292842741935485 0.4264112903225807 0.6300403225806451 0.42909946236559143
4 0.6842237903225806 0.4112903225806452 0.6854838709677419 0.41196236559139787 0.694304435483871 0.4096102150537635 0.7074092741935485 0.4092741935483871 0.709929435483871 0.4102822580645161 0.7124495967741935 0.404233870967742 0.7134576612903225 0.3941532258064516 0.7134576612903225 0.3776881720430108 0.7101814516129032 0.36928763440860213 0.7028729838709677 0.36760752688172044 0.6960685483870968 0.3679435483870968 0.6907762096774194 0.36895161290322587 0.6872479838709677 0.37130376344086025 0.6854838709677419 0.3743279569892473 0.6842237903225806 0.3800403225806452 0.6837197580645161 0.39079301075268824 0.6824596774193549 0.39818548387096775 0.6829637096774194 0.40826612903225806 0.6842237903225806 0.4112903225806452
2 0.40372983870967744 0.9707661290322581 0.40725806451612906 0.9717741935483871 0.41481854838709675 0.9707661290322581 0.4183467741935484 0.9640456989247312 0.4196068548387097 0.965725806451613 0.42162298387096775 0.9663978494623656 0.42363911290322576 0.9707661290322581 0.4261592741935484 0.9737903225806451 0.42716733870967744 0.9801747311827957 0.42867943548387094 0.9818548387096775 0.4324596774193548 0.9818548387096775 0.4342237903225807 0.9808467741935485 0.43926411290322576 0.9761424731182797 0.44329637096774194 0.9700940860215055 0.44380040322580644 0.9667338709677421 0.4425403225806452 0.9633736559139785 0.4352318548387097 0.963709677419355 0.4329637096774193 0.9620295698924731 0.4296875 0.9546370967741936 0.4274193548387097 0.9425403225806451 0.421875 0.9314516129032259 0.4185987903225807 0.9290994623655914 0.4102822580645161 0.9348118279569894 0.40826612903225806 0.9375 0.40625 0.9422043010752689 0.40599798387096775 0.9495967741935485 0.4039818548387097 0.9549731182795699 0.4032258064516129 0.9660618279569894 0.40372983870967744 0.9707661290322581
2 0.4078438317349608 0.9139421679744262 0.4085181451612903 0.9136424731182797 0.40776209677419356 0.9126344086021506 0.4078438317349608 0.9139421679744262
2 0.4085181451612903 0.9153225806451614 0.4078566028225807 0.9141465053763441 0.40801411290322576 0.9166666666666666 0.4085181451612903 0.9153225806451614
2 0.38432459677419356 0.8901209677419355 0.38356854838709675 0.8918010752688174 0.3941532258064516 0.8783602150537635 0.3961693548387097 0.8793682795698926 0.39768145161290325 0.882728494623656 0.39642137096774194 0.8981854838709679 0.4007056451612903 0.9035618279569894 0.4065020161290323 0.9075940860215055 0.40801411290322576 0.9106182795698926 0.4112903225806452 0.9099462365591399 0.41582661290322576 0.9042338709677421 0.42162298387096775 0.902217741935484 0.42867943548387094 0.9018817204301075 0.43649193548387094 0.8971774193548389 0.43674395161290325 0.8938172043010754 0.43548387096774194 0.8904569892473119 0.421875 0.8874327956989247 0.40877016129032256 0.8790322580645161 0.40700604838709675 0.8766801075268817 0.40776209677419356 0.8561827956989247 0.4065020161290323 0.852486559139785 0.40423387096774194 0.8501344086021506 0.39742943548387094 0.8494623655913979 0.3933971774193548 0.852486559139785 0.390625 0.8571908602150538 0.38911290322580644 0.8635752688172043 0.38961693548387094 0.8746639784946237 0.3860887096774193 0.8790322580645161 0.38356854838709675 0.8800403225806451 0.3830645161290323 0.8820564516129032 0.3833165322580645 0.8894489247311829 0.38432459677419356 0.8901209677419355
2 0.5627520161290323 0.3951612903225807 0.5637600806451613 0.3975134408602151 0.5675403225806451 0.3975134408602151 0.5698084677419355 0.3911290322580645 0.5700604838709677 0.38373655913978494 0.5690524193548387 0.37567204301075274 0.5667842741935484 0.3672715053763441 0.5640120967741935 0.36693548387096775 0.5617439516129032 0.37533602150537637 0.561491935483871 0.38071236559139787 0.5627520161290323 0.3951612903225807
2 0.6675907258064515 0.592741935483871 0.6680947580645161 0.5987903225806451 0.671875 0.6034946236559141 0.6751512096774194 0.5987903225806451 0.6756552419354839 0.594758064516129 0.6822076612903225 0.5883736559139785 0.6837197580645161 0.5853494623655914 0.6829637096774194 0.580981182795699 0.6854838709677419 0.573252688172043 0.6852318548387096 0.5685483870967742 0.6829637096774194 0.5598118279569892 0.6796875 0.5540994623655914 0.6804435483870968 0.5460349462365591 0.6801915322580646 0.5430107526881721 0.678679435483871 0.5403225806451614 0.6741431451612904 0.5403225806451614 0.6680947580645161 0.5443548387096775 0.6668346774193549 0.5473790322580646 0.6673387096774194 0.5547715053763441 0.6653225806451614 0.5635080645161291 0.665070564516129 0.5813172043010754 0.6675907258064515 0.592741935483871
2 0.524445564516129 0.6125672043010753 0.5272177419354839 0.6125672043010753 0.5274697580645161 0.6092069892473119 0.5259576612903226 0.6065188172043011 0.5241935483870968 0.6078629032258065 0.5236895161290323 0.6098790322580646 0.524445564516129 0.6125672043010753
2 0.5055443548387097 0.5715725806451614 0.501008064516129 0.5752688172043011 0.49873991935483875 0.5813172043010754 0.49899193548387094 0.5987903225806451 0.5015120967741935 0.6018145161290323 0.5027721774193549 0.5991263440860215 0.5032762096774194 0.5910618279569892 0.5052923387096774 0.5850134408602151 0.5100806451612903 0.5850134408602151 0.5189012096774194 0.5796370967741936 0.522429435483871 0.5806451612903226 0.5229334677419355 0.5776209677419355 0.522429435483871 0.5625000000000001 0.516633064516129 0.5540994623655914 0.5168850806451613 0.5483870967741935 0.515625 0.5436827956989247 0.5120967741935484 0.5416666666666667 0.5085685483870968 0.5443548387096775 0.5083165322580645 0.5571236559139785 0.5055443548387097 0.5715725806451614
2 0.6683467741935485 0.5514112903225806 0.671875 0.5456989247311829 0.6751512096774194 0.5433467741935485 0.6779233870967742 0.550739247311828 0.6789314516129032 0.5514112903225806 0.6824596774193549 0.5433467741935485 0.6827116935483871 0.5396505376344086 0.6796875 0.5312500000000001 0.6789314516129032 0.5255376344086022 0.6764112903225806 0.520497311827957 0.6716229838709677 0.5201612903225806 0.6701108870967742 0.5221774193548387 0.6670866935483871 0.5309139784946237 0.6645665322580646 0.5339381720430109 0.6643145161290323 0.5403225806451614 0.6683467741935485 0.5514112903225806
2 0.28981854838709675 0.5984543010752689 0.2908266129032258 0.5994623655913979 0.30367943548387094 0.5994623655913979 0.30569556451612906 0.5987903225806451 0.3079637096774193 0.5954301075268817 0.30645161290322576 0.5934139784946237 0.30569556451612906 0.5880376344086022 0.30342741935483875 0.5853494623655914 0.3024193548387097 0.5813172043010754 0.3001512096774193 0.5793010752688172 0.29611895161290325 0.5793010752688172 0.2928427419354839 0.580981182795699 0.29107862903225806 0.5880376344086022 0.2908266129032258 0.5954301075268817 0.28981854838709675 0.5984543010752689
2 0.08845766129032258 0.6233198924731184 0.10005040322580644 0.6229838709677419 0.10584677419354839 0.6196236559139785 0.10660282258064517 0.6162634408602151 0.10257056451612903 0.6092069892473119 0.10231854838709678 0.600470430107527 0.09954637096774194 0.5984543010752689 0.0950100806451613 0.5987903225806451 0.09324596774193548 0.6001344086021505 0.09198588709677419 0.6018145161290323 0.09097782258064517 0.6061827956989247 0.08820564516129031 0.6092069892473119 0.08770161290322581 0.6125672043010753 0.08744959677419356 0.6202956989247312 0.08845766129032258 0.6233198924731184
2 0.4805947580645161 0.6985887096774194 0.4808467741935484 0.7140456989247312 0.4846270161290323 0.7174059139784946 0.4952116935483871 0.719758064516129 0.5073084677419355 0.7419354838709679 0.5093245967741935 0.7520161290322581 0.5131048387096774 0.7530241935483871 0.5189012096774194 0.75 0.5201612903225806 0.7479838709677419 0.5194052419354839 0.7446236559139785 0.515625 0.7436155913978495 0.5133568548387097 0.7412634408602151 0.5093245967741935 0.7200940860215055 0.5060483870967742 0.7133736559139785 0.5032762096774194 0.7100134408602151 0.5027721774193549 0.7026209677419355 0.5100806451612903 0.6959005376344086 0.508820564516129 0.6922043010752689 0.5055443548387097 0.6881720430107527 0.5025201612903226 0.6858198924731184 0.49924395161290325 0.6848118279569894 0.4969758064516129 0.6821236559139785 0.49747983870967744 0.6706989247311829 0.4959677419354839 0.6656586021505376 0.49420362903225806 0.6636424731182795 0.4916834677419355 0.662970430107527 0.4876512096774193 0.6643145161290323 0.48412298387096775 0.6713709677419355 0.48311491935483875 0.6814516129032259 0.4805947580645161 0.6831317204301075 0.47908266129032256 0.6858198924731184 0.47908266129032256 0.6918682795698926 0.4805947580645161 0.6985887096774194
2 0.7172379032258065 0.7419354838709679 0.7210181451612904 0.7375672043010753 0.7222782258064515 0.7258064516129032 0.7247983870967742 0.7170698924731184 0.7263104838709677 0.7150537634408602 0.727570564516129 0.7143817204301075 0.7368951612903225 0.7167338709677419 0.7409274193548386 0.7184139784946237 0.7424395161290323 0.7204301075268817 0.7434475806451614 0.7305107526881721 0.7464717741935485 0.7348790322580646 0.7482358870967742 0.7409274193548389 0.7474798387096775 0.7483198924731184 0.7522681451612904 0.7496639784946237 0.7550403225806451 0.7479838709677419 0.7552923387096775 0.7446236559139785 0.7530241935483871 0.7389112903225807 0.7502520161290323 0.7211021505376345 0.7469758064516129 0.7103494623655914 0.7469758064516129 0.7066532258064517 0.7515120967741935 0.6972446236559141 0.7517641129032258 0.6922043010752689 0.7487399193548386 0.6875 0.7424395161290323 0.6821236559139785 0.7419354838709677 0.6787634408602151 0.7444556451612904 0.6713709677419355 0.7444556451612904 0.6680107526881721 0.743195564516129 0.6646505376344086 0.741179435483871 0.6622983870967742 0.7376512096774194 0.6619623655913979 0.7341229838709677 0.6653225806451614 0.7326108870967742 0.6706989247311829 0.7321068548387096 0.6770833333333334 0.7265625 0.6814516129032259 0.7230342741935485 0.6858198924731184 0.7220262096774194 0.688508064516129 0.7222782258064515 0.6935483870967742 0.7250504032258065 0.6992607526881721 0.7253024193548386 0.7032930107526882 0.7225302419354839 0.7110215053763441 0.7205141129032258 0.7133736559139785 0.7192540322580646 0.7170698924731184 0.7162298387096775 0.7345430107526882 0.7159778225806451 0.7385752688172043 0.7172379032258065 0.7419354838709679
2 0.0047883064516129024 0.6320564516129032 0.01965725806451613 0.6310483870967742 0.023185483870967742 0.6300403225806451 0.02394153225806452 0.6276881720430109 0.022681451612903226 0.623991935483871 0.017641129032258066 0.6196236559139785 0.01688508064516129 0.6118951612903226 0.015372983870967742 0.6088709677419355 0.008820564516129033 0.6092069892473119 0.004284274193548387 0.6159274193548389 0.0030241935483870967 0.6206317204301075 0.0027721774193548384 0.6303763440860215 0.0047883064516129024 0.6320564516129032
2 0.7101814516129032 0.9724462365591399 0.7164818548387096 0.9751344086021506 0.7179939516129032 0.9768145161290323 0.7202620967741935 0.9879032258064517 0.7237903225806451 0.9848790322580646 0.7305947580645161 0.9677419354838711 0.7379032258064515 0.9674059139784946 0.7419354838709677 0.9707661290322581 0.7444556451612904 0.9751344086021506 0.7482358870967742 0.9734543010752689 0.7497479838709677 0.9690860215053765 0.748991935483871 0.9596774193548389 0.7482358870967742 0.9563172043010754 0.7459677419354839 0.9536290322580646 0.7442036290322581 0.9495967741935485 0.7447076612903225 0.9294354838709679 0.7439516129032258 0.9176747311827957 0.7421875 0.9102822580645161 0.7379032258064515 0.9035618279569894 0.7278225806451614 0.8968413978494624 0.7222782258064515 0.895497311827957 0.7157258064516129 0.8968413978494624 0.7127016129032258 0.8995295698924731 0.7096774193548386 0.9042338709677421 0.7064012096774194 0.9146505376344087 0.7056451612903225 0.9213709677419355 0.7043850806451614 0.9627016129032259 0.7101814516129032 0.9724462365591399
2 0.16280241935483872 0.6155913978494624 0.17338709677419356 0.6182795698924731 0.17867943548387097 0.6182795698924731 0.18397177419354838 0.6125672043010753 0.18422379032258063 0.6102150537634409 0.18296370967741937 0.6081989247311829 0.17338709677419356 0.6031586021505376 0.16834677419354838 0.5940860215053765 0.16330645161290322 0.5961021505376345 0.16103830645161288 0.6088709677419355 0.16078629032258063 0.6129032258064517 0.16280241935483872 0.6155913978494624
2 0.37247983870967744 0.49428763440860224 0.3722278225806452 0.497983870967742 0.37323588709677424 0.5000000000000001 0.37676411290322576 0.5006720430107527 0.3797883064516129 0.4993279569892473 0.38432459677419356 0.49428763440860224 0.3858366935483871 0.48387096774193555 0.3833165322580645 0.4791666666666667 0.3823084677419355 0.47412634408602156 0.3800403225806452 0.46975806451612906 0.37651209677419356 0.47110215053763443 0.37424395161290325 0.4778225806451613 0.3704637096774193 0.48454301075268824 0.36970766129032256 0.4875672043010753 0.37247983870967744 0.49428763440860224
2 0.3858366935483871 0.48051075268817206 0.3860887096774193 0.49395161290322587 0.3873487903225807 0.49495967741935487 0.3949092741935484 0.4946236559139785 0.39717741935483875 0.4932795698924732 0.3979334677419355 0.49159946236559143 0.39742943548387094 0.4801747311827957 0.3946572580645161 0.4737903225806452 0.3954133064516129 0.4670698924731183 0.3941532258064516 0.46538978494623656 0.39163306451612906 0.46538978494623656 0.38961693548387094 0.4674059139784947 0.38860887096774194 0.47446236559139787 0.3858366935483871 0.48051075268817206
2 0.12046370967741936 0.6176075268817205 0.12298387096774194 0.6199596774193549 0.12852822580645162 0.6186155913978495 0.13709677419354838 0.6182795698924731 0.14163306451612903 0.614247311827957 0.15171370967741937 0.6152553763440861 0.15322580645161288 0.613239247311828 0.1509576612903226 0.6092069892473119 0.13709677419354838 0.6041666666666666 0.13356854838709678 0.5971102150537635 0.12903225806451613 0.5964381720430109 0.12298387096774194 0.5974462365591399 0.12121975806451613 0.5984543010752689 0.11970766129032258 0.6018145161290323 0.11970766129032258 0.6155913978494624 0.12046370967741936 0.6176075268817205
2 0.23765120967741937 0.6078629032258065 0.24117943548387097 0.6088709677419355 0.24873991935483872 0.6088709677419355 0.25201612903225806 0.6068548387096775 0.2517641129032258 0.6011424731182795 0.2447076612903226 0.5863575268817205 0.23991935483870966 0.5877016129032259 0.23790322580645162 0.5910618279569892 0.23739919354838712 0.59375 0.23664314516129034 0.6034946236559141 0.23765120967741937 0.6078629032258065
2 0.6759072580645161 0.6139112903225807 0.6766633064516129 0.6196236559139785 0.678679435483871 0.6236559139784946 0.6827116935483871 0.6233198924731184 0.6960685483870968 0.626008064516129 0.6973286290322581 0.6125672043010753 0.6985887096774194 0.6105510752688171 0.7023689516129032 0.6088709677419355 0.7033770161290323 0.6065188172043011 0.7028729838709677 0.6021505376344086 0.7013608870967742 0.5991263440860215 0.6930443548387096 0.5890456989247312 0.6915322580645161 0.5856854838709677 0.6907762096774194 0.5772849462365591 0.6895161290322581 0.5756048387096775 0.6872479838709677 0.5749327956989247 0.6852318548387096 0.5749327956989247 0.6819556451612904 0.5776209677419355 0.6809475806451614 0.580981182795699 0.6817036290322581 0.5883736559139785 0.6784274193548386 0.5910618279569892 0.6738911290322581 0.601478494623656 0.6738911290322581 0.6092069892473119 0.6759072580645161 0.6139112903225807
2 0.7522681451612904 0.963709677419355 0.7565524193548386 0.975470430107527 0.7575604838709677 0.9838709677419355 0.7575604838709677 0.9946236559139785 0.7580645161290323 0.9963037634408602 0.7603326612903225 0.9983198924731184 0.7603326612903225 0.9996639784946237 0.7752016129032258 0.9996639784946237 0.7752016129032258 0.9983198924731184 0.7784778225806451 0.9956317204301075 0.7807459677419355 0.9912634408602151 0.7850302419354839 0.9865591397849464 0.7898185483870968 0.9845430107526882 0.8009072580645161 0.976478494623656 0.8039314516129032 0.9707661290322581 0.8077116935483871 0.955981182795699 0.8089717741935485 0.9475806451612904 0.8089717741935485 0.938508064516129 0.8072076612903225 0.9270833333333334 0.8054435483870968 0.9217069892473119 0.8016633064516129 0.9163306451612904 0.7993951612903225 0.9112903225806451 0.7991431451612904 0.893481182795699 0.7961189516129032 0.8867607526881721 0.7898185483870968 0.882728494623656 0.7875504032258065 0.883736559139785 0.7847782258064515 0.8867607526881721 0.7827620967741935 0.8914650537634409 0.7815020161290323 0.8988575268817205 0.7782258064516129 0.9079301075268817 0.7779737903225806 0.9153225806451614 0.7789818548387096 0.9186827956989247 0.7779737903225806 0.9217069892473119 0.7752016129032258 0.9240591397849464 0.7686491935483871 0.9338037634408602 0.7618447580645161 0.9368279569892474 0.7598286290322581 0.9388440860215055 0.7598286290322581 0.9425403225806451 0.7618447580645161 0.9445564516129032 0.7759576612903225 0.9425403225806451 0.7782258064516129 0.9459005376344087 0.7774697580645161 0.9482526881720431 0.7762096774193549 0.9495967741935485 0.7686491935483871 0.9492607526881721 0.7593245967741935 0.9519489247311829 0.7535282258064515 0.9563172043010754 0.7522681451612904 0.9600134408602151 0.7522681451612904 0.963709677419355
2 0.33845766129032256 0.5030241935483871 0.3482862903225807 0.5026881720430109 0.35332661290322576 0.5013440860215054 0.35357862903225806 0.497983870967742 0.35231854838709675 0.4922715053763441 0.3480342741935484 0.48420698924731187 0.3470262096774193 0.4771505376344087 0.34551411290322576 0.47479838709677424 0.34198588709677424 0.47513440860215056 0.3414818548387097 0.4761424731182796 0.3409778225806452 0.48420698924731187 0.33770161290322576 0.49092741935483875 0.33744959677419356 0.5016801075268817 0.33845766129032256 0.5030241935483871
2 0.19984879032258063 0.6092069892473119 0.20161290322580644 0.6105510752688171 0.21547379032258063 0.6092069892473119 0.21875 0.6055107526881721 0.21875 0.6018145161290323 0.21774193548387097 0.5997983870967742 0.20992943548387097 0.5924059139784946 0.20287298387096775 0.5913978494623656 0.2006048387096774 0.5934139784946237 0.19934475806451615 0.5971102150537635 0.19909274193548387 0.6061827956989247 0.19984879032258063 0.6092069892473119
2 0.046370967741935484 0.6280241935483871 0.06779233870967742 0.625 0.07232862903225806 0.6233198924731184 0.07308467741935484 0.6209677419354839 0.07308467741935484 0.6162634408602151 0.07106854838709678 0.6102150537634409 0.06653225806451613 0.6169354838709679 0.06401209677419355 0.6186155913978495 0.06149193548387097 0.6172715053763441 0.060735887096774195 0.6159274193548389 0.06149193548387097 0.6051747311827957 0.06048387096774194 0.6034946236559141 0.05745967741935484 0.6028225806451614 0.05015120967741935 0.6051747311827957 0.04611895161290322 0.6112231182795699 0.04410282258064516 0.6172715053763441 0.043850806451612906 0.626008064516129 0.046370967741935484 0.6280241935483871
2 0.3717237903225807 0.9388440860215055 0.3717237903225807 0.9428763440860216 0.37323588709677424 0.9482526881720431 0.37651209677419356 0.9549731182795699 0.3800403225806452 0.956989247311828 0.390625 0.9586693548387097 0.3989415322580645 0.9536290322580646 0.4027217741935484 0.9495967741935485 0.40776209677419356 0.9358198924731184 0.40877016129032256 0.913978494623656 0.40599798387096775 0.9086021505376345 0.39944556451612906 0.9018817204301075 0.39717741935483875 0.8975134408602151 0.3986895161290323 0.8860887096774194 0.3984375 0.8807123655913979 0.39717741935483875 0.8786962365591399 0.3939012096774193 0.8766801075268817 0.3901209677419355 0.8770161290322581 0.3860887096774193 0.8793682795698926 0.38356854838709675 0.8823924731182797 0.38256048387096775 0.8867607526881721 0.38205645161290325 0.8965053763440861 0.3795362903225807 0.9008736559139785 0.37752016129032256 0.9099462365591399 0.3722278225806452 0.9180107526881721 0.37348790322580644 0.9290994623655914 0.3717237903225807 0.9388440860215055
2 0.6774193548387096 0.49731182795698925 0.680695564516129 0.5016801075268817 0.6817036290322581 0.5050403225806451 0.6811995967741935 0.5117607526881721 0.6819556451612904 0.5127688172043011 0.6832157258064515 0.5117607526881721 0.6844758064516129 0.5047043010752689 0.6900201612903225 0.5047043010752689 0.6897681451612904 0.5104166666666667 0.6915322580645161 0.5238575268817205 0.6932963709677419 0.5265456989247312 0.6968245967741935 0.5265456989247312 0.6978326612903225 0.5235215053763441 0.6975806451612904 0.5134408602150538 0.6960685483870968 0.5090725806451614 0.6938004032258065 0.5070564516129032 0.6932963709677419 0.5043682795698925 0.6950604838709677 0.5013440860215054 0.6993447580645161 0.49899193548387105 0.6995967741935485 0.49731182795698925 0.6927923387096775 0.48689516129032256 0.6922883064516129 0.47748655913978494 0.6892641129032258 0.47580645161290325 0.6859879032258065 0.4771505376344087 0.6842237903225806 0.48555107526881724 0.678679435483871 0.49193548387096775 0.6774193548387096 0.4946236559139785 0.6774193548387096 0.49731182795698925
2 0.6590221774193549 0.6592741935483871 0.6587701612903225 0.6683467741935485 0.6600302419354839 0.6713709677419355 0.6680947580645161 0.6710349462365592 0.6716229838709677 0.6673387096774194 0.6761592741935485 0.6659946236559141 0.6779233870967742 0.6673387096774194 0.6789314516129032 0.6720430107526882 0.6791834677419355 0.6696908602150538 0.6781754032258065 0.6680107526881721 0.6794354838709677 0.6676747311827957 0.6796875 0.664986559139785 0.6827116935483871 0.6616263440860216 0.6847278225806451 0.6542338709677419 0.6804435483870968 0.6485215053763441 0.6769153225806451 0.6404569892473119 0.6771673387096775 0.632728494623656 0.6751512096774194 0.6263440860215055 0.6723790322580646 0.625 0.6673387096774194 0.626008064516129 0.6648185483870968 0.6297043010752689 0.6628024193548386 0.6360887096774194 0.6580141129032258 0.6448252688172043 0.6577620967741935 0.6518817204301075 0.6590221774193549 0.6592741935483871
2 0.719758064516129 0.6263440860215055 0.7192540322580646 0.6300403225806451 0.7202620967741935 0.633736559139785 0.7237903225806451 0.6360887096774194 0.7247983870967742 0.6354166666666666 0.7260584677419355 0.6334005376344086 0.7260584677419355 0.6263440860215055 0.7273185483870968 0.6236559139784946 0.7305947580645161 0.6219758064516129 0.7338709677419355 0.6229838709677419 0.7363911290322581 0.626008064516129 0.7379032258064515 0.6381048387096775 0.741179435483871 0.6421370967741936 0.7419354838709677 0.6300403225806451 0.7399193548387096 0.6196236559139785 0.7406754032258065 0.6152553763440861 0.7409274193548386 0.5910618279569892 0.7396673387096775 0.5813172043010754 0.7384072580645161 0.5779569892473119 0.734375 0.573252688172043 0.7308467741935485 0.5725806451612904 0.7290826612903225 0.5735887096774194 0.727570564516129 0.5779569892473119 0.727570564516129 0.5846774193548387 0.7268145161290323 0.5866935483870969 0.7247983870967742 0.5897177419354839 0.7195060483870968 0.5944220430107527 0.7182459677419355 0.5977822580645161 0.7190020161290323 0.6223118279569894 0.719758064516129 0.6263440860215055
2 0.6597782258064515 0.7019489247311829 0.6620463709677419 0.7204301075268817 0.6607862903225806 0.7244623655913979 0.663054435483871 0.727486559139785 0.6658266129032258 0.7288306451612904 0.671875 0.7288306451612904 0.6804435483870968 0.7224462365591399 0.6837197580645161 0.7167338709677419 0.6854838709677419 0.707997311827957 0.6877520161290323 0.705981182795699 0.6938004032258065 0.7043010752688171 0.6950604838709677 0.7002688172043011 0.6938004032258065 0.6948924731182795 0.6917842741935485 0.6922043010752689 0.6804435483870968 0.6854838709677419 0.6817036290322581 0.6784274193548389 0.6814516129032258 0.6730510752688171 0.6804435483870968 0.6683467741935485 0.6779233870967742 0.6656586021505376 0.6741431451612904 0.6653225806451614 0.6691028225806451 0.6683467741935485 0.6678427419354839 0.6740591397849462 0.6678427419354839 0.6821236559139785 0.6633064516129032 0.6854838709677419 0.6610383064516129 0.6908602150537635 0.6597782258064515 0.6959005376344086 0.6597782258064515 0.7019489247311829
2 0.7373991935483871 0.662970430107527 0.741179435483871 0.6633064516129032 0.7452116935483871 0.6535618279569894 0.7469758064516129 0.6515456989247312 0.7487399193548386 0.6512096774193549 0.7580645161290323 0.6528897849462366 0.7595766129032258 0.6542338709677419 0.7620967741935485 0.6606182795698926 0.7626008064516129 0.6592741935483871 0.764616935483871 0.6468413978494624 0.7636088709677419 0.6370967741935485 0.7671370967741935 0.6330645161290323 0.766633064516129 0.6226478494623656 0.765625 0.6199596774193549 0.7623487903225806 0.6192876344086022 0.7595766129032258 0.6172715053763441 0.7585685483870968 0.6081989247311829 0.7552923387096775 0.602486559139785 0.7515120967741935 0.602486559139785 0.7479838709677419 0.6065188172043011 0.7469758064516129 0.6186155913978495 0.7444556451612904 0.6236559139784946 0.743195564516129 0.6293682795698926 0.7421875 0.6428091397849462 0.7376512096774194 0.6528897849462366 0.7363911290322581 0.6579301075268817 0.7361391129032258 0.6612903225806451 0.7373991935483871 0.662970430107527
2 0.6738911290322581 0.737231182795699 0.6751512096774194 0.738239247311828 0.6759072580645161 0.7375672043010753 0.6751512096774194 0.7365591397849462 0.6716229838709677 0.7375672043010753 0.6738911290322581 0.737231182795699
2 0.6801915322580646 0.7305107526881721 0.680695564516129 0.7331989247311829 0.6801915322580646 0.7479838709677419 0.6809475806451614 0.7520161290322581 0.680695564516129 0.758736559139785 0.6781754032258065 0.7647849462365592 0.6779233870967742 0.7691532258064517 0.6817036290322581 0.7735215053763441 0.6857358870967742 0.7758736559139785 0.6932963709677419 0.7792338709677419 0.6993447580645161 0.7788978494623656 0.7001008064516129 0.7799059139784946 0.7008568548387096 0.7825940860215055 0.7001008064516129 0.7859543010752689 0.6958165322580646 0.7960349462365592 0.6968245967741935 0.8000672043010753 0.703125 0.801747311827957 0.7104334677419355 0.8014112903225807 0.7114415322580646 0.8000672043010753 0.7109375 0.7970430107526882 0.7086693548387096 0.7926747311827957 0.7101814516129032 0.7869623655913979 0.709929435483871 0.7758736559139785 0.7106854838709677 0.7688172043010753 0.7036290322580646 0.7620967741935485 0.704133064516129 0.7584005376344086 0.7033770161290323 0.7550403225806451 0.6988407258064515 0.7516801075268817 0.6983366935483871 0.7436155913978495 0.6965725806451614 0.7348790322580646 0.6970766129032258 0.7308467741935485 0.7013608870967742 0.7271505376344086 0.7013608870967742 0.7170698924731184 0.7001008064516129 0.7120295698924731 0.6955645161290323 0.7053091397849462 0.688508064516129 0.7049731182795699 0.6862399193548386 0.705981182795699 0.6834677419354839 0.7096774193548389 0.6829637096774194 0.7174059139784946 0.6784274193548386 0.7237903225806451 0.6776713709677419 0.7261424731182795 0.6774193548387096 0.7271505376344086 0.6801915322580646 0.7305107526881721
2 0.5904737903225806 0.6925403225806451 0.592741935483871 0.696236559139785 0.59375 0.7083333333333334 0.5987903225806451 0.713709677419355 0.6076108870967742 0.7194220430107527 0.6116431451612904 0.726478494623656 0.6123991935483871 0.7436155913978495 0.6108870967741935 0.7486559139784946 0.6108870967741935 0.7516801075268817 0.6126512096774194 0.7533602150537635 0.6199596774193549 0.7533602150537635 0.6217237903225806 0.7523521505376345 0.6224798387096775 0.7513440860215055 0.6219758064516129 0.7486559139784946 0.6197076612903225 0.7452956989247312 0.6207157258064515 0.7315188172043011 0.6204637096774194 0.7200940860215055 0.6197076612903225 0.7170698924731184 0.6149193548387096 0.7076612903225807 0.6139112903225806 0.7026209677419355 0.6156754032258065 0.6995967741935485 0.6232358870967742 0.696236559139785 0.6277721774193549 0.6925403225806451 0.6282762096774194 0.6891801075268817 0.6267641129032258 0.6875 0.6229838709677419 0.6871639784946237 0.6197076612903225 0.6901881720430109 0.6169354838709677 0.6878360215053765 0.6149193548387096 0.6817876344086022 0.6116431451612904 0.6790994623655914 0.6088709677419355 0.6750672043010753 0.6101310483870968 0.6693548387096775 0.610383064516129 0.6626344086021505 0.609375 0.6586021505376345 0.6060987903225806 0.6559139784946237 0.602570564516129 0.6559139784946237 0.5997983870967742 0.6579301075268817 0.5985383064516129 0.6612903225806451 0.5977822580645161 0.6713709677419355 0.5917338709677419 0.6774193548387097 0.5904737903225806 0.6821236559139785 0.5899697580645161 0.6891801075268817 0.5904737903225806 0.6925403225806451
2 0.5640120967741935 0.7405913978494624 0.5766129032258065 0.7456317204301075 0.5793850806451613 0.7479838709677419 0.5826612903225806 0.7530241935483871 0.5836693548387097 0.7594086021505376 0.5811491935483871 0.7758736559139785 0.584929435483871 0.7862903225806451 0.5846774193548387 0.7967069892473119 0.5882056451612903 0.7990591397849464 0.592741935483871 0.7993951612903226 0.5945060483870968 0.7963709677419355 0.5912298387096774 0.7862903225806451 0.5922379032258065 0.7836021505376345 0.5919858870967742 0.7748655913978495 0.5952620967741935 0.7668010752688174 0.5960181451612904 0.7620967741935485 0.5952620967741935 0.7584005376344086 0.5982862903225806 0.7513440860215055 0.5985383064516129 0.7476478494623656 0.5952620967741935 0.7415994623655914 0.5897177419354839 0.7368951612903226 0.5864415322580645 0.7328629032258065 0.5854334677419355 0.7301747311827957 0.5824092741935484 0.7271505376344086 0.5814012096774194 0.7244623655913979 0.5814012096774194 0.7211021505376345 0.5826612903225806 0.7174059139784946 0.5826612903225806 0.7096774193548389 0.5814012096774194 0.705981182795699 0.5776209677419355 0.7029569892473119 0.5743447580645161 0.7029569892473119 0.5715725806451613 0.7049731182795699 0.5695564516129032 0.7100134408602151 0.5690524193548387 0.7207661290322581 0.5640120967741935 0.7278225806451614 0.5632560483870968 0.7342069892473119 0.5640120967741935 0.7405913978494624
2 0.5955141129032258 0.9915994623655914 0.5982862903225806 0.9963037634408602 0.6020665322580646 0.9976478494623656 0.602570564516129 0.9996639784946237 0.6486895161290323 0.9996639784946237 0.6502016129032258 0.994959677419355 0.6504536290322581 0.9842069892473119 0.6471774193548386 0.9795026881720431 0.6444052419354839 0.9781586021505377 0.640625 0.9788306451612904 0.6386088709677419 0.976478494623656 0.6373487903225806 0.9741263440860216 0.6370967741935485 0.9680779569892474 0.6343245967741935 0.9616935483870969 0.6313004032258065 0.9495967741935485 0.6262600806451614 0.9418682795698926 0.6234879032258065 0.9401881720430109 0.6194556451612904 0.9405241935483871 0.616179435483871 0.9428763440860216 0.6139112903225806 0.946236559139785 0.6121471774193549 0.9509408602150538 0.6098790322580646 0.9630376344086022 0.610383064516129 0.9670698924731184 0.6076108870967742 0.9714381720430109 0.6058467741935485 0.9731182795698926 0.6035786290322581 0.969758064516129 0.5982862903225806 0.9694220430107527 0.5965221774193549 0.9704301075268817 0.5955141129032258 0.9744623655913979 0.594758064516129 0.9838709677419355 0.5955141129032258 0.9915994623655914
2 0.578125 0.3958333333333333 0.5811491935483871 0.3938172043010753 0.5821572580645161 0.3911290322580645 0.5841733870967742 0.37130376344086025 0.5814012096774194 0.3602150537634409 0.578125 0.3575268817204301 0.5763608870967742 0.36055107526881724 0.5745967741935484 0.3672715053763441 0.5766129032258065 0.39045698924731187 0.578125 0.3958333333333333
2 0.6960685483870968 0.6498655913978495 0.6973286290322581 0.6522177419354839 0.6968245967741935 0.6612903225806451 0.6975806451612904 0.6646505376344086 0.6993447580645161 0.6666666666666666 0.709929435483871 0.6690188172043011 0.7121975806451614 0.6713709677419355 0.7144657258064515 0.6790994623655914 0.7164818548387096 0.696236559139785 0.7169858870967742 0.6972446236559141 0.7202620967741935 0.6979166666666666 0.7212701612903225 0.696236559139785 0.7212701612903225 0.6918682795698926 0.7222782258064515 0.6878360215053765 0.7217741935483871 0.6750672043010753 0.7205141129032258 0.6683467741935485 0.717741935483871 0.6626344086021505 0.7174899193548386 0.6545698924731184 0.7195060483870968 0.6518817204301075 0.7247983870967742 0.6515456989247312 0.7270665322580646 0.6475134408602151 0.7268145161290323 0.6441532258064517 0.7152217741935485 0.6310483870967742 0.7149697580645161 0.6226478494623656 0.7142137096774194 0.6199596774193549 0.7101814516129032 0.6172715053763441 0.7066532258064515 0.6176075268817205 0.7043850806451614 0.6196236559139785 0.7023689516129032 0.6290322580645161 0.6968245967741935 0.6334005376344086 0.6945564516129032 0.6367607526881721 0.6925403225806451 0.6421370967741936 0.6925403225806451 0.6495295698924731 0.6960685483870968 0.6498655913978495
2 0.7116935483870968 0.9996639784946237 0.7132056451612904 0.994959677419355 0.7134576612903225 0.9909274193548389 0.7121975806451614 0.9879032258064517 0.7106854838709677 0.9737903225806451 0.703125 0.9630376344086022 0.6965725806451614 0.9616935483870969 0.6905241935483871 0.9627016129032259 0.6880040322580646 0.9663978494623656 0.6875 0.9842069892473119 0.6764112903225806 0.9902553763440861 0.6741431451612904 0.9932795698924731 0.6738911290322581 0.9996639784946237 0.7116935483870968 0.9996639784946237
4 0.8006552419354839 0.9996639784946237 0.8004032258064515 0.9942876344086022 0.7991431451612904 0.9905913978494624 0.7983870967741935 0.9838709677419355 0.796875 0.9808467741935485 0.7935987903225806 0.9842069892473119 0.7920866935483871 0.9919354838709679 0.7925907258064515 0.9996639784946237 0.8006552419354839 0.9996639784946237
4 0.6628024193548386 0.8454301075268817 0.6648185483870968 0.8467741935483871 0.6696068548387096 0.8474462365591399 0.6711189516129032 0.8518145161290323 0.6703629032258065 0.8672715053763441 0.6706149193548386 0.8844086021505376 0.6685987903225806 0.9089381720430109 0.6691028225806451 0.914986559139785 0.6680947580645161 0.925739247311828 0.6680947580645161 0.946236559139785 0.6663306451612904 0.9566532258064517 0.6663306451612904 0.9674059139784946 0.6648185483870968 0.9711021505376345 0.6640625 0.9996639784946237 0.6721270161290323 0.9996639784946237 0.6743951612903225 0.9932795698924731 0.6764112903225806 0.9902553763440861 0.6819556451612904 0.9862231182795699 0.6872479838709677 0.9842069892473119 0.6867439516129032 0.9781586021505377 0.6854838709677419 0.9737903225806451 0.6857358870967742 0.9700940860215055 0.6900201612903225 0.9620295698924731 0.7036290322580646 0.9603494623655914 0.7048891129032258 0.9506048387096775 0.7058971774193549 0.9180107526881721 0.7086693548387096 0.9065860215053765 0.7132056451612904 0.8991935483870969 0.7167338709677419 0.8961693548387097 0.7237903225806451 0.895497311827957 0.7313508064516129 0.8985215053763441 0.7379032258064515 0.9028897849462366 0.7424395161290323 0.9096102150537635 0.7436995967741935 0.9143145161290323 0.7452116935483871 0.9297715053763441 0.7452116935483871 0.9489247311827957 0.7482358870967742 0.9553091397849464 0.7515120967741935 0.9590053763440861 0.7540322580645161 0.9543010752688174 0.7585685483870968 0.9516129032258065 0.7620967741935485 0.9502688172043011 0.7736895161290323 0.9499327956989247 0.7769657258064515 0.9479166666666666 0.7774697580645161 0.9459005376344087 0.7759576612903225 0.9435483870967742 0.7618447580645161 0.9448924731182797 0.7590725806451614 0.9425403225806451 0.7593245967741935 0.9391801075268817 0.7615927419354839 0.9351478494623656 0.765625 0.9341397849462366 0.7691532258064515 0.9317876344086022 0.7741935483870968 0.9250672043010754 0.7774697580645161 0.9183467741935485 0.7769657258064515 0.9106182795698926 0.7777217741935485 0.90625 0.7804939516129032 0.8995295698924731 0.7837701612903225 0.8864247311827957 0.7878024193548386 0.8800403225806451 0.7855342741935485 0.875 0.7855342741935485 0.8662634408602151 0.7888104838709677 0.8645833333333334 0.7966229838709677 0.8652553763440861 0.7993951612903225 0.8629032258064517 0.7998991935483871 0.8592069892473119 0.7991431451612904 0.8555107526881721 0.796875 0.851478494623656 0.7898185483870968 0.8481182795698926 0.7852822580645161 0.8481182795698926 0.7827620967741935 0.8461021505376345 0.7764616935483871 0.8242607526881721 0.7731854838709677 0.8172043010752689 0.7552923387096775 0.8101478494623656 0.7331149193548386 0.8051075268817205 0.7137096774193549 0.8027553763440861 0.6832157258064515 0.8037634408602151 0.6809475806451614 0.8047715053763441 0.6779233870967742 0.808467741935484 0.6723790322580646 0.8279569892473119 0.6701108870967742 0.8303091397849464 0.6643145161290323 0.832997311827957 0.6617943548387096 0.8380376344086022 0.6615423387096775 0.8424059139784946 0.6628024193548386 0.8454301075268817
5 0.03578629032258064 0.8276209677419355 0.02595766129032258 0.8336693548387097 0.02242943548387097 0.8333333333333334 0.016129032258064516 0.8353494623655914 0.009072580645161291 0.8383736559139785 0.0017641129032258064 0.8434139784946237 0 0.8434139784946237 0 0.9825268817204302 0.011340725806451613 0.9791666666666669 0.015877016129032258 0.9761424731182797 0.020161290322580645 0.9714381720430109 0.02444556451612903 0.963709677419355 0.029233870967741934 0.9573252688172045 0.03528225806451613 0.9573252688172045 0.05191532258064516 0.9519489247311829 0.07434475806451613 0.9479166666666666 0.09526209677419356 0.9411962365591399 0.10534274193548387 0.9401881720430109 0.14742943548387097 0.9304435483870969 0.16129032258064516 0.9284274193548389 0.16431451612903225 0.9270833333333334 0.16809475806451615 0.9233870967741936 0.17515120967741937 0.932459677419355 0.17943548387096775 0.9358198924731184 0.18674395161290322 0.9381720430107527 0.19203629032258063 0.9381720430107527 0.19758064516129034 0.9364919354838711 0.20362903225806453 0.9327956989247312 0.20791330645161288 0.9287634408602151 0.21068548387096775 0.9250672043010754 0.21421370967741937 0.9170026881720431 0.21723790322580644 0.9136424731182797 0.22379032258064516 0.9096102150537635 0.24243951612903225 0.9015456989247312 0.2482358870967742 0.8975134408602151 0.25277217741935487 0.8901209677419355 0.25504032258064513 0.883736559139785 0.2573084677419355 0.8501344086021506 0.2565524193548387 0.8353494623655914 0.2540322580645161 0.8249327956989247 0.24848790322580644 0.8128360215053765 0.24495967741935484 0.7980510752688174 0.24269153225806453 0.7933467741935485 0.2404233870967742 0.7916666666666666 0.23462701612903225 0.7906586021505376 0.22731854838709678 0.7909946236559141 0.22026209677419356 0.7940188172043011 0.21244959677419356 0.7906586021505376 0.171875 0.78125 0.14919354838709678 0.782258064516129 0.1305443548387097 0.7849462365591399 0.1267641129032258 0.7846102150537635 0.12298387096774194 0.7815860215053765 0.11391129032258064 0.788978494623656 0.0871975806451613 0.7956989247311829 0.07736895161290322 0.8020833333333334 0.06703629032258064 0.8057795698924731 0.04032258064516129 0.8259408602150538 0.03578629032258064 0.8276209677419355
5 0.6882560483870968 0.3686155913978495 0.6902721774193549 0.3682795698924731 0.6925403225806451 0.3662634408602151 0.6960685483870968 0.36592741935483875 0.703125 0.36592741935483875 0.7096774193548386 0.3672715053763441 0.7101814516129032 0.36659946236559143 0.709929435483871 0.36122311827956993 0.7084173387096775 0.35483870967741943 0.7064012096774194 0.3504704301075269 0.703125 0.3484543010752688 0.6958165322580646 0.3481182795698925 0.6892641129032258 0.3504704301075269 0.6867439516129032 0.35584677419354843 0.686491935483871 0.3662634408602151 0.6882560483870968 0.3686155913978495
0 0 0.5372983870967742 0 0.6135752688172043 0.0022681451612903227 0.6145833333333334 0.003276209677419355 0.6186155913978495 0.003276209677419355 0.6300403225806451 0.0017641129032258064 0.6334005376344086 0.0017641129032258064 0.6374327956989247 0 0.6377688172043011 0 0.674731182795699 0.0015120967741935483 0.674731182795699 0.0020161290322580645 0.675739247311828 0.0017641129032258064 0.682459677419355 0.0030241935483870967 0.6858198924731184 0.0015120967741935483 0.6878360215053765 0 0.6878360215053765 0 0.6948924731182795 0.0047883064516129024 0.6969086021505376 0.02242943548387097 0.6979166666666666 0.04662298387096774 0.6965725806451614 0.05367943548387097 0.695228494623656 0.0793850806451613 0.6938844086021505 0.10383064516129031 0.6911962365591399 0.1171875 0.688508064516129 0.13709677419354838 0.6875 0.14087701612903225 0.6858198924731184 0.14390120967741934 0.6881720430107527 0.14919354838709678 0.6965725806451614 0.1544858870967742 0.7016129032258065 0.15977822580645162 0.7036290322580646 0.16759072580645162 0.7036290322580646 0.1771673387096774 0.7012768817204302 0.1822076612903226 0.6985887096774194 0.18649193548387097 0.6928763440860216 0.19228830645161288 0.6804435483870969 0.1953125 0.6784274193548389 0.20035282258064516 0.6790994623655914 0.20766129032258063 0.6774193548387097 0.21673387096774194 0.6770833333333334 0.24596774193548387 0.6713709677419355 0.26486895161290325 0.6696908602150538 0.29939516129032256 0.663978494623656 0.3198084677419355 0.662970430107527 0.34551411290322576 0.6579301075268817 0.38986895161290325 0.6522177419354839 0.3939012096774193 0.6525537634408602 0.39768145161290325 0.6582661290322581 0.40423387096774194 0.6633064516129032 0.4183467741935484 0.6633064516129032 0.42313508064516125 0.6612903225806451 0.42943548387096775 0.655241935483871 0.43220766129032256 0.6505376344086022 0.43548387096774194 0.6418010752688171 0.4425403225806452 0.645497311827957 0.4564012096774193 0.6424731182795699 0.46295362903225806 0.6391129032258065 0.49067540322580644 0.6303763440860215 0.4924395161290323 0.6273521505376345 0.49319556451612906 0.6233198924731184 0.49193548387096775 0.6159274193548389 0.4921875 0.5987903225806451 0.4894153225806452 0.5796370967741936 0.4881552419354839 0.5534274193548387 0.48689516129032256 0.5473790322580646 0.4866431451612903 0.5339381720430109 0.4873991935483871 0.5258736559139785 0.48563508064516125 0.5188172043010754 0.4810987903225807 0.5084005376344086 0.47631048387096775 0.5060483870967742 0.46673387096774194 0.49899193548387105 0.4611895161290323 0.49731182795698925 0.4221270161290323 0.4983198924731183 0.4183467741935484 0.5006720430107527 0.41582661290322576 0.5006720430107527 0.40549395161290325 0.4946236559139785 0.4017137096774193 0.4946236559139785 0.3870967741935484 0.49697580645161293 0.37676411290322576 0.5026881720430109 0.36869959677419356 0.5023521505376345 0.35231854838709675 0.5043682795698925 0.32207661290322576 0.5050403225806451 0.29007056451612906 0.5084005376344086 0.28200604838709675 0.5080645161290323 0.28049395161290325 0.508736559139785 0.2774697580645161 0.5134408602150538 0.27595766129032256 0.519489247311828 0.27066532258064513 0.5144489247311829 0.2689012096774194 0.5080645161290323 0.26587701612903225 0.5060483870967742 0.2618447580645161 0.5073924731182796 0.25856854838709675 0.5057123655913979 0.2555443548387097 0.5070564516129032 0.24420362903225806 0.5077284946236559 0.24092741935483872 0.5100806451612904 0.23109879032258063 0.5124327956989247 0.2134576612903226 0.5131048387096775 0.18321572580645162 0.5178091397849462 0.14994959677419356 0.5181451612903226 0.12424395161290322 0.5215053763440861 0.11995967741935483 0.5191532258064516 0.11617943548387097 0.5191532258064516 0.11290322580645161 0.5171370967741935 0.09173387096774194 0.5181451612903226 0.08492943548387097 0.520497311827957 0.08089717741935483 0.5238575268817205 0.07711693548387097 0.5248655913978495 0.013608870967741936 0.530241935483871 0.009072580645161291 0.5312500000000001 0.004284274193548387 0.5339381720430109 0.0015120967741935483 0.5372983870967742 0 0.5372983870967742
0 0.5131048387096774 0.4539650537634409 0.5123487903225806 0.4616935483870968 0.5085685483870968 0.46370967741935487 0.5085685483870968 0.46975806451612906 0.5113407258064516 0.47412634408602156 0.5083165322580645 0.4831989247311828 0.5083165322580645 0.49395161290322587 0.5093245967741935 0.5016801075268817 0.5120967741935484 0.5120967741935485 0.5158770161290323 0.519489247311828 0.5189012096774194 0.5309139784946237 0.5262096774193549 0.5430107526881721 0.5309979838709677 0.5574596774193549 0.5342741935483871 0.5628360215053764 0.5398185483870968 0.5759408602150538 0.5430947580645161 0.5803091397849462 0.5446068548387097 0.5890456989247312 0.5451108870967742 0.5984543010752689 0.5471270161290323 0.6051747311827957 0.5514112903225806 0.6088709677419355 0.5534274193548387 0.6125672043010753 0.5617439516129032 0.6226478494623656 0.5710685483870968 0.6391129032258065 0.5743447580645161 0.6428091397849462 0.5773689516129032 0.6441532258064517 0.5892137096774194 0.644489247311828 0.5917338709677419 0.643481182795699 0.6058467741935485 0.6428091397849462 0.6184475806451614 0.6391129032258065 0.6340725806451614 0.6387768817204302 0.6466733870967742 0.6367607526881721 0.6544858870967742 0.6370967741935485 0.6615423387096775 0.6310483870967742 0.6640625 0.6256720430107527 0.665070564516129 0.6209677419354839 0.6643145161290323 0.6159274193548389 0.6653225806451614 0.6092069892473119 0.6645665322580646 0.601478494623656 0.6655745967741935 0.5954301075268817 0.6645665322580646 0.5749327956989247 0.6653225806451614 0.5530913978494625 0.665070564516129 0.5433467741935485 0.6633064516129032 0.5379704301075269 0.6633064516129032 0.5181451612903226 0.6648185483870968 0.5124327956989247 0.6645665322580646 0.497983870967742 0.663054435483871 0.4912634408602151 0.6635584677419355 0.48420698924731187 0.6600302419354839 0.47412634408602156 0.6580141129032258 0.4714381720430108 0.649445564516129 0.4640456989247312 0.6378528225806451 0.45732526881720437 0.6285282258064515 0.44926075268817206 0.625 0.44758064516129037 0.6199596774193549 0.4415322580645161 0.6129032258064515 0.4351478494623656 0.6081149193548386 0.43245967741935487 0.579133064516129 0.40658602150537637 0.5677923387096774 0.3998655913978495 0.5388104838709677 0.39885752688172044 0.5219254032258065 0.4008736559139785 0.5168850806451613 0.40255376344086025 0.5148689516129032 0.404233870967742 0.5136088709677419 0.40759408602150543 0.5138608870967742 0.41162634408602156 0.5103326612903226 0.43145161290322587 0.5105846774193549 0.43783602150537637 0.5131048387096774 0.4539650537634409
3 0.5531754032258065 0.7866263440860216 0.5524193548387097 0.788978494623656 0.5501512096774194 0.7909946236559141 0.5491431451612903 0.7933467741935485 0.5476310483870968 0.8000672043010753 0.547883064516129 0.8034274193548389 0.5534274193548387 0.8088037634408602 0.553679435483871 0.8188844086021506 0.5554435483870968 0.8242607526881721 0.5574596774193549 0.8266129032258065 0.5609879032258065 0.8272849462365592 0.5645161290322581 0.8242607526881721 0.5705645161290323 0.813508064516129 0.5778729838709677 0.8104838709677419 0.584929435483871 0.8027553763440861 0.5882056451612903 0.8010752688172043 0.5882056451612903 0.799731182795699 0.5902217741935484 0.800739247311828 0.5909778225806451 0.799731182795699 0.5922379032258065 0.8000672043010753 0.5934979838709677 0.7923387096774194 0.5952620967741935 0.7926747311827957 0.6023185483870968 0.7815860215053765 0.6038306451612904 0.769489247311828 0.6028225806451614 0.7520161290322581 0.6018145161290323 0.75 0.5985383064516129 0.748991935483871 0.5960181451612904 0.7557123655913979 0.59375 0.7590725806451614 0.5934979838709677 0.7657930107526882 0.5907258064516129 0.7745295698924731 0.5879536290322581 0.7745295698924731 0.5864415322580645 0.7728494623655914 0.5851814516129032 0.7688172043010753 0.5831653225806451 0.7657930107526882 0.5829133064516129 0.7620967741935485 0.5814012096774194 0.7607526881720431 0.5786290322580645 0.7647849462365592 0.5745967741935484 0.768481182795699 0.571320564516129 0.7688172043010753 0.5698084677419355 0.7715053763440861 0.5680443548387097 0.7725134408602151 0.5637600806451613 0.7721774193548389 0.5609879032258065 0.777217741935484 0.5579637096774194 0.776209677419355 0.5572076612903226 0.7725134408602151 0.553679435483871 0.7731854838709679 0.5504032258064516 0.7755376344086022 0.5526713709677419 0.78125 0.5531754032258065 0.7866263440860216
3 0.5995463709677419 0.7442876344086022 0.5987903225806451 0.7432795698924731 0.5982862903225806 0.7439516129032259 0.5990423387096775 0.7473118279569894 0.5995463709677419 0.7442876344086022
3 0.7225302419354839 0.7513440860215055 0.7247983870967742 0.7543682795698926 0.7273185483870968 0.7647849462365592 0.7308467741935485 0.7607526881720431 0.7318548387096775 0.7553763440860216 0.7328629032258065 0.7540322580645161 0.7391633064516129 0.7516801075268817 0.7424395161290323 0.7479838709677419 0.7439516129032258 0.7379032258064517 0.7444556451612904 0.7204301075268817 0.7434475806451614 0.7167338709677419 0.7326108870967742 0.7150537634408602 0.727570564516129 0.7123655913978495 0.7245463709677419 0.7143817204301075 0.7230342741935485 0.7194220430107527 0.719758064516129 0.744959677419355 0.7225302419354839 0.7513440860215055
3 0.6776713709677419 0.632728494623656 0.6771673387096775 0.6404569892473119 0.6817036290322581 0.6515456989247312 0.6839717741935485 0.6545698924731184 0.6844758064516129 0.6579301075268817 0.6834677419354839 0.6599462365591399 0.6814516129032258 0.6612903225806451 0.6804435483870968 0.6646505376344086 0.6817036290322581 0.6656586021505376 0.6822076612903225 0.6676747311827957 0.6832157258064515 0.6633064516129032 0.6882560483870968 0.6579301075268817 0.6905241935483871 0.6538978494623656 0.6932963709677419 0.6381048387096775 0.6968245967741935 0.6310483870967742 0.6970766129032258 0.6266801075268817 0.6960685483870968 0.6223118279569894 0.678679435483871 0.6202956989247312 0.6769153225806451 0.6236559139784946 0.6764112903225806 0.6270161290322581 0.6776713709677419 0.632728494623656
3 0.7452116935483871 0.6680107526881721 0.7452116935483871 0.6750672043010753 0.7442036290322581 0.6787634408602151 0.7454637096774194 0.6814516129032259 0.7497479838709677 0.6851478494623656 0.7515120967741935 0.688508064516129 0.7550403225806451 0.6878360215053765 0.7610887096774194 0.6821236559139785 0.7628528225806451 0.6787634408602151 0.7618447580645161 0.6549059139784946 0.7585685483870968 0.6515456989247312 0.7497479838709677 0.6512096774193549 0.7449596774193549 0.6515456989247312 0.7439516129032258 0.6545698924731184 0.743195564516129 0.6622983870967742 0.7452116935483871 0.6680107526881721
3 0.39768145161290325 0.9996639784946237 0.39969758064516125 0.9902553763440861 0.4014616935483871 0.9858870967741936 0.40448588709677424 0.9831989247311829 0.40801411290322576 0.9825268817204302 0.4140625 0.9737903225806451 0.4110383064516129 0.9727822580645161 0.4039818548387097 0.9731182795698926 0.4022177419354839 0.9711021505376345 0.4032258064516129 0.9553091397849464 0.40095766129032256 0.9519489247311829 0.3939012096774193 0.9556451612903226 0.37701612903225806 0.955981182795699 0.3727318548387097 0.976478494623656 0.3727318548387097 0.9996639784946237 0.39768145161290325 0.9996639784946237
3 0.42036290322580644 0.8881048387096775 0.4334677419354839 0.8911290322580646 0.43548387096774194 0.8938172043010754 0.4337197580645161 0.8991935483870969 0.42086693548387094 0.9015456989247312 0.41507056451612906 0.9038978494623656 0.41255040322580644 0.9079301075268817 0.4100302419354839 0.9186827956989247 0.4092741935483871 0.926747311827957 0.4100302419354839 0.9321236559139785 0.4112903225806452 0.9351478494623656 0.4188508064516129 0.9301075268817205 0.4221270161290323 0.932459677419355 0.4248991935483871 0.9391801075268817 0.42867943548387094 0.9435483870967742 0.4324596774193548 0.9364919354838711 0.43548387096774194 0.925739247311828 0.43674395161290325 0.9180107526881721 0.4375 0.903225806451613 0.43674395161290325 0.8985215053763441 0.4352318548387097 0.8975134408602151 0.4352318548387097 0.8965053763440861 0.4369959677419355 0.8938172043010754 0.4369959677419355 0.8904569892473119 0.4352318548387097 0.8894489247311829 0.4319556451612903 0.8847446236559141 0.4254032258064516 0.8793682795698926 0.42162298387096775 0.8776881720430109 0.4180947580645161 0.8773521505376345 0.41255040322580644 0.8800403225806451 0.4145665322580645 0.883736559139785 0.42036290322580644 0.8881048387096775
3 0.5040322580645161 0.6055107526881721 0.5078125 0.6075268817204302 0.5110887096774194 0.6115591397849462 0.5138608870967742 0.6199596774193549 0.5158770161290323 0.6229838709677419 0.5186491935483871 0.623991935483871 0.5209173387096774 0.6229838709677419 0.522429435483871 0.6209677419354839 0.5246975806451613 0.6098790322580646 0.524445564516129 0.5984543010752689 0.5229334677419355 0.5897177419354839 0.522429435483871 0.5776209677419355 0.5201612903225806 0.5745967741935485 0.5186491935483871 0.5745967741935485 0.5161290322580645 0.5782930107526882 0.5093245967741935 0.5806451612903226 0.5052923387096774 0.5833333333333334 0.5025201612903226 0.5883736559139785 0.5015120967741935 0.6021505376344086 0.5040322580645161 0.6055107526881721
3 0.49395161290322576 0.5954301075268817 0.49798387096774194 0.5991263440860215 0.501008064516129 0.5991263440860215 0.5 0.5957661290322581 0.49974798387096775 0.5816532258064516 0.5015120967741935 0.5793010752688172 0.5060483870967742 0.5793010752688172 0.5070564516129032 0.5776209677419355 0.5075604838709677 0.5719086021505377 0.5065524193548387 0.559475806451613 0.5052923387096774 0.5577956989247312 0.5030241935483871 0.5577956989247312 0.4959677419354839 0.5601478494623656 0.49344758064516125 0.571236559139785 0.49193548387096775 0.5742607526881721 0.49143145161290325 0.5796370967741936 0.49395161290322576 0.5954301075268817
3 0.6575100806451614 0.7617607526881721 0.6544858870967742 0.7691532258064517 0.6544858870967742 0.7738575268817205 0.6570060483870968 0.7829301075268817 0.6547379032258065 0.7872983870967742 0.6507056451612904 0.789986559139785 0.6486895161290323 0.7970430107526882 0.6544858870967742 0.8145161290322581 0.6580141129032258 0.8198924731182797 0.6625504032258065 0.8219086021505376 0.6673387096774194 0.821236559139785 0.670866935483871 0.8158602150537635 0.6756552419354839 0.8125 0.6771673387096775 0.8077956989247312 0.6796875 0.8044354838709679 0.6950604838709677 0.8000672043010753 0.7001008064516129 0.7856182795698926 0.7008568548387096 0.7795698924731184 0.6995967741935485 0.7782258064516129 0.6925403225806451 0.7782258064516129 0.6827116935483871 0.7745295698924731 0.6789314516129032 0.7708333333333334 0.6713709677419355 0.7664650537634409 0.6670866935483871 0.7604166666666666 0.6660786290322581 0.7557123655913979 0.6658266129032258 0.7439516129032259 0.6688508064516129 0.738239247311828 0.6698588709677419 0.7338709677419355 0.6680947580645161 0.7328629032258065 0.6610383064516129 0.7325268817204302 0.6580141129032258 0.7308467741935485 0.6575100806451614 0.7422715053763441 0.6582661290322581 0.7446236559139785 0.6544858870967742 0.751008064516129 0.6544858870967742 0.7573924731182795 0.6575100806451614 0.7617607526881721
3 0.6983366935483871 0.7415994623655914 0.6990927419354839 0.7516801075268817 0.7038810483870968 0.7550403225806451 0.7046370967741935 0.7624327956989247 0.7106854838709677 0.7688172043010753 0.7094254032258065 0.7792338709677419 0.7109375 0.7933467741935485 0.7132056451612904 0.7956989247311829 0.7190020161290323 0.7956989247311829 0.7240423387096775 0.7943548387096775 0.7273185483870968 0.7920026881720431 0.7308467741935485 0.7862903225806451 0.7308467741935485 0.7775537634408602 0.7280745967741935 0.7691532258064517 0.7283266129032258 0.7620967741935485 0.7250504032258065 0.7540322580645161 0.7222782258064515 0.7496639784946237 0.7157258064516129 0.7439516129032259 0.7134576612903225 0.7395833333333334 0.7046370967741935 0.7345430107526882 0.7028729838709677 0.7298387096774194 0.6960685483870968 0.7328629032258065 0.6960685483870968 0.7375672043010753 0.6983366935483871 0.7415994623655914
3 0.4720262096774193 0.7331989247311829 0.47001008064516125 0.7342069892473119 0.47127016129032256 0.7379032258064517 0.4692540322580645 0.739247311827957 0.46698588709677424 0.7432795698924731 0.46698588709677424 0.7486559139784946 0.4722782258064516 0.7547043010752689 0.4717741935483871 0.7600806451612904 0.4725302419354839 0.7654569892473119 0.4742943548387097 0.7691532258064517 0.4770665322580645 0.7711693548387097 0.4808467741935484 0.7701612903225807 0.48689516129032256 0.7617607526881721 0.4952116935483871 0.7563844086021506 0.5005040322580645 0.7493279569892474 0.5057963709677419 0.7446236559139785 0.5057963709677419 0.7379032258064517 0.5005040322580645 0.7284946236559141 0.49873991935483875 0.7241263440860216 0.49798387096774194 0.7190860215053765 0.4803427419354839 0.7150537634408602 0.4722782258064516 0.719758064516129 0.47076612903225806 0.7237903225806451 0.4732862903225807 0.7308467741935485 0.4720262096774193 0.7331989247311829
3 0.5032762096774194 0.7113575268817205 0.5063004032258065 0.7157258064516129 0.5118447580645161 0.7298387096774194 0.5133568548387097 0.7234543010752689 0.5126008064516129 0.7063172043010753 0.5141129032258065 0.6999327956989247 0.5141129032258065 0.696236559139785 0.5118447580645161 0.6938844086021505 0.5108366935483871 0.694220430107527 0.508820564516129 0.6972446236559141 0.5040322580645161 0.6992607526881721 0.5012600806451613 0.7029569892473119 0.501008064516129 0.7053091397849462 0.5007560483870968 0.7100134408602151 0.5032762096774194 0.7113575268817205
3 0.5085685483870968 0.6891801075268817 0.5085685483870968 0.6905241935483871 0.5100806451612903 0.6871639784946237 0.5131048387096774 0.6854838709677419 0.5141129032258065 0.6821236559139785 0.5115927419354839 0.6811155913978495 0.5065524193548387 0.6854838709677419 0.5065524193548387 0.6881720430107527 0.5085685483870968 0.6891801075268817
3 0.6938004032258065 0.688508064516129 0.6938004032258065 0.6928763440860216 0.6953125 0.6972446236559141 0.6960685483870968 0.7029569892473119 0.6993447580645161 0.7086693548387097 0.7033770161290323 0.7110215053763441 0.704133064516129 0.7100134408602151 0.704133064516129 0.7063172043010753 0.7064012096774194 0.7016129032258065 0.7137096774193549 0.6992607526881721 0.71875 0.6925403225806451 0.7157258064516129 0.6891801075268817 0.7147177419354839 0.6754032258064517 0.7134576612903225 0.6713709677419355 0.7111895161290323 0.6680107526881721 0.6995967741935485 0.663978494623656 0.6960685483870968 0.663978494623656 0.6970766129032258 0.6740591397849462 0.6938004032258065 0.688508064516129
3 0.6507056451612904 0.7036290322580646 0.6539818548387096 0.7076612903225807 0.6534778225806451 0.7133736559139785 0.6542338709677419 0.7200940860215055 0.6549899193548386 0.7217741935483871 0.6577620967741935 0.7234543010752689 0.6605342741935485 0.7214381720430109 0.6617943548387096 0.71875 0.6617943548387096 0.7093413978494624 0.6597782258064515 0.7002688172043011 0.6600302419354839 0.696236559139785 0.6640625 0.6854838709677419 0.6680947580645161 0.6821236559139785 0.6673387096774194 0.6720430107526882 0.6615423387096775 0.6700268817204302 0.6577620967741935 0.6700268817204302 0.6537298387096775 0.6784274193548389 0.6532258064516129 0.6831317204301075 0.6509576612903225 0.6871639784946237 0.6504536290322581 0.6915322580645161 0.6502016129032258 0.7012768817204302 0.6507056451612904 0.7036290322580646
3 0.8422379032258065 0.5571236559139785 0.8434979838709677 0.5638440860215054 0.8429939516129032 0.5745967741935485 0.8480342741935485 0.5769489247311829 0.852570564516129 0.5766129032258065 0.8558467741935485 0.5729166666666667 0.8573588709677419 0.5645161290322581 0.8608870967741935 0.560483870967742 0.8606350806451614 0.5571236559139785 0.858366935483871 0.5514112903225806 0.8576108870967742 0.5467069892473119 0.8563508064516129 0.5453629032258065 0.8462701612903225 0.5436827956989247 0.8434979838709677 0.5446908602150538 0.8419858870967742 0.5467069892473119 0.8422379032258065 0.5571236559139785
3 0.5884576612903226 0.7352150537634409 0.6038306451612904 0.7442876344086022 0.6020665322580646 0.7463037634408602 0.6023185483870968 0.7493279569892474 0.6050907258064515 0.7479838709677419 0.6060987903225806 0.745967741935484 0.6096270161290323 0.7456317204301075 0.6111391129032258 0.7439516129032259 0.6121471774193549 0.7409274193548389 0.6123991935483871 0.7325268817204302 0.6113911290322581 0.7234543010752689 0.609375 0.719758064516129 0.6003024193548386 0.7143817204301075 0.5960181451612904 0.7100134408602151 0.5922379032258065 0.7083333333333334 0.5851814516129032 0.7093413978494624 0.5836693548387097 0.7110215053763441 0.5834173387096774 0.7237903225806451 0.5884576612903226 0.7352150537634409
3 0.6156754032258065 0.6861559139784946 0.6164314516129032 0.6901881720430109 0.6202116935483871 0.6905241935483871 0.6232358870967742 0.6878360215053765 0.6255040322580646 0.6875 0.6287802419354839 0.6891801075268817 0.6280241935483871 0.6928763440860216 0.6244959677419355 0.694220430107527 0.6199596774193549 0.6979166666666666 0.6156754032258065 0.6969086021505376 0.6118951612903225 0.6992607526881721 0.6126512096774194 0.706989247311828 0.6144153225806451 0.7096774193548389 0.6171875 0.7116935483870969 0.6189516129032258 0.7157258064516129 0.6204637096774194 0.7207661290322581 0.6209677419354839 0.7328629032258065 0.6232358870967742 0.7352150537634409 0.6272681451612904 0.7315188172043011 0.6302923387096775 0.7258064516129032 0.631804435483871 0.707997311827957 0.6307963709677419 0.6932123655913979 0.631804435483871 0.6851478494623656 0.6307963709677419 0.6817876344086022 0.6275201612903225 0.6801075268817205 0.6227318548387096 0.675739247311828 0.6199596774193549 0.6743951612903226 0.616179435483871 0.674731182795699 0.6166834677419355 0.6787634408602151 0.6156754032258065 0.6861559139784946
3 0.6811995967741935 0.5359543010752689 0.6822076612903225 0.5436827956989247 0.6857358870967742 0.5430107526881721 0.6912802419354839 0.5312500000000001 0.6930443548387096 0.529233870967742 0.6922883064516129 0.5117607526881721 0.6822076612903225 0.509744623655914 0.6791834677419355 0.5120967741935485 0.678679435483871 0.5137768817204301 0.678679435483871 0.5272177419354839 0.6811995967741935 0.5359543010752689
3 0.7263104838709677 0.6418010752688171 0.7283266129032258 0.657258064516129 0.7313508064516129 0.6599462365591399 0.7338709677419355 0.6575940860215055 0.7404233870967742 0.6438172043010753 0.7391633064516129 0.6364247311827957 0.7391633064516129 0.6293682795698926 0.7416834677419355 0.6229838709677419 0.7414314516129032 0.6196236559139785 0.741179435483871 0.6189516129032259 0.7373991935483871 0.6206317204301075 0.7308467741935485 0.6213037634408602 0.725554435483871 0.6189516129032259 0.7217741935483871 0.6199596774193549 0.7217741935483871 0.6364247311827957 0.7263104838709677 0.6418010752688171
3 0.6335685483870968 0.9758064516129032 0.6370967741935485 0.976478494623656 0.6403729838709677 0.9731182795698926 0.6439012096774194 0.9714381720430109 0.6507056451612904 0.9734543010752689 0.6539818548387096 0.9721102150537635 0.6582661290322581 0.9667338709677421 0.6549899193548386 0.9623655913978495 0.6514616935483871 0.9613575268817205 0.6479334677419355 0.9616935483870969 0.6439012096774194 0.964717741935484 0.6401209677419355 0.965725806451613 0.6386088709677419 0.9643817204301075 0.6370967741935485 0.9596774193548389 0.6343245967741935 0.957997311827957 0.6335685483870968 0.9563172043010754 0.6328125 0.9670698924731184 0.6313004032258065 0.9704301075268817 0.6313004032258065 0.9741263440860216 0.6335685483870968 0.9758064516129032
3 0.5922379032258065 0.9573252688172045 0.5955141129032258 0.9603494623655914 0.6010584677419355 0.9623655913978495 0.6086189516129032 0.9711021505376345 0.6134072580645161 0.9721102150537635 0.6154233870967742 0.9704301075268817 0.6129032258064515 0.9680779569892474 0.6098790322580646 0.9627016129032259 0.6048387096774194 0.9593413978494624 0.6013104838709677 0.9526209677419355 0.5990423387096775 0.9502688172043011 0.5945060483870968 0.9495967741935485 0.5909778225806451 0.9516129032258065 0.5902217741935484 0.9529569892473119 0.5922379032258065 0.9573252688172045