8 0.18359375 0.5289351851851852 0.1853298611111111 0.5405092592592593 0.185546875 0.5477430555555556 0.1870659722222222 0.5512152777777778 0.1890190972222222 0.5523726851851852 0.20703125 0.5541087962962963 0.23155381944444445 0.5529513888888888 0.23763020833333334 0.5512152777777778 0.24500868055555555 0.5523726851851852 0.2484809027777778 0.5486111111111112 0.2497829861111111 0.5390625 0.2510850694444444 0.5364583333333334 0.2578125 0.5306712962962963 0.2658420138888889 0.5254629629629629 0.2688802083333333 0.5211226851851852 0.2712673611111111 0.5144675925925926 0.2725694444444444 0.5133101851851852 0.2764756944444444 0.5060763888888888 0.2771267361111111 0.5008680555555556 0.2747395833333333 0.4765625 0.2736545138888889 0.47337962962962965 0.2686631944444444 0.4693287037037037 0.2660590277777778 0.46585648148148145 0.2619357638888889 0.4632523148148148 0.2593315972222222 0.4626736111111111 0.2378472222222222 0.4626736111111111 0.2309027777777778 0.4635416666666667 0.2243923611111111 0.46556712962962965 0.20985243055555555 0.47366898148148145 0.2085503472222222 0.4754050925925926 0.2009548611111111 0.48061342592592593 0.197265625 0.48408564814814814 0.19618055555555555 0.48640046296296297 0.18858506944444445 0.4913194444444444 0.1859809027777778 0.4945023148148148 0.18489583333333334 0.49710648148148145 0.18359375 0.5098379629629629 0.18294270833333334 0.5188078703703703 0.18359375 0.5289351851851852
1 0.3572048611111111 0.40943287037037035 0.3658854166666667 0.40914351851851855 0.3687065972222222 0.40827546296296297 0.3786892361111111 0.4085648148148148 0.3819444444444444 0.41001157407407407 0.3871527777777778 0.4157986111111111 0.3899739583333333 0.4152199074074074 0.3940972222222222 0.41203703703703703 0.3956163194444444 0.40943287037037035 0.3962673611111111 0.40653935185185186 0.3960503472222222 0.39525462962962965 0.3953993055555556 0.3929398148148148 0.3930121527777778 0.3894675925925926 0.3891059027777778 0.38657407407407407 0.3836805555555556 0.38483796296296297 0.3728298611111111 0.3854166666666667 0.3628472222222222 0.3900462962962963 0.3587239583333333 0.3958333333333333 0.3563368055555556 0.40422453703703703 0.3561197916666667 0.40827546296296297 0.3572048611111111 0.40943287037037035
1 0.3776041666666667 0.3628472222222222 0.3797743055555556 0.3648726851851852 0.3897569444444444 0.36226851851851855 0.3919270833333333 0.35908564814814814 0.3908420138888889 0.3538773148148148 0.3882378472222222 0.3515625 0.380859375 0.3509837962962963 0.3786892361111111 0.3515625 0.3778211805555556 0.3532986111111111 0.376953125 0.3602430555555556 0.3776041666666667 0.3628472222222222
1 0.373046875 0.3810763888888889 0.3741319444444444 0.3839699074074074 0.3765190972222222 0.38570601851851855 0.3836805555555556 0.38570601851851855 0.3869357638888889 0.38744212962962965 0.3930121527777778 0.39380787037037035 0.3962673611111111 0.40133101851851855 0.3975694444444444 0.40248842592592593 0.3982204861111111 0.39467592592592593 0.3977864583333333 0.3851273148148148 0.3953993055555556 0.375 0.3930121527777778 0.37008101851851855 0.3927951388888889 0.3660300925925926 0.3943142361111111 0.3628472222222222 0.3940972222222222 0.3616898148148148 0.390625 0.3616898148148148 0.3891059027777778 0.3628472222222222 0.3802083333333333 0.3654513888888889 0.3767361111111111 0.36863425925925924 0.3745659722222222 0.3723958333333333 0.373046875 0.37644675925925924 0.373046875 0.3810763888888889
1 0.2632378472222222 0.5636574074074074 0.2651909722222222 0.5662615740740741 0.2697482638888889 0.5662615740740741 0.2816840277777778 0.5636574074074074 0.3014322916666667 0.5627893518518519 0.3033854166666667 0.5619212962962963 0.3109809027777778 0.5619212962962963 0.3177083333333333 0.5607638888888888 0.3213975694444444 0.5575810185185185 0.3235677083333333 0.5486111111111112 0.3255208333333333 0.5442708333333334 0.330078125 0.5379050925925926 0.3385416666666667 0.5298032407407407 0.3402777777777778 0.5167824074074074 0.3385416666666667 0.5023148148148148 0.3352864583333333 0.49855324074074076 0.328125 0.49681712962962965 0.3211805555555556 0.49363425925925924 0.3003472222222222 0.4933449074074074 0.2860243055555556 0.4973958333333333 0.2827690972222222 0.5 0.2788628472222222 0.5049189814814815 0.2725694444444444 0.515625 0.2701822916666667 0.5225694444444444 0.2630208333333333 0.5361689814814815 0.2621527777777778 0.5416666666666666 0.26171875 0.5552662037037037 0.2632378472222222 0.5636574074074074
1 0.154296875 0.6782407407407407 0.1577690972222222 0.6802662037037037 0.1655815972222222 0.6808449074074074 0.17513020833333334 0.6782407407407407 0.19661458333333334 0.6773726851851852 0.19921875 0.6759259259259259 0.2092013888888889 0.6762152777777778 0.2150607638888889 0.6747685185185185 0.2265625 0.6689814814814815 0.2309027777777778 0.6681134259259259 0.2341579861111111 0.6695601851851852 0.2365451388888889 0.6675347222222222 0.2384982638888889 0.6643518518518519 0.2417534722222222 0.6504629629629629 0.24544270833333334 0.6446759259259259 0.24869791666666666 0.6412037037037037 0.2534722222222222 0.6325231481481481 0.26171875 0.6221064814814815 0.2669270833333333 0.6186342592592593 0.2697482638888889 0.6177662037037037 0.2725694444444444 0.6148726851851852 0.2740885416666667 0.6096643518518519 0.2747395833333333 0.5983796296296297 0.2743055555555556 0.5911458333333334 0.2723524305555556 0.5821759259259259 0.2703993055555556 0.5772569444444444 0.2688802083333333 0.5755208333333334 0.2658420138888889 0.5740740740740741 0.25 0.5740740740740741 0.2341579861111111 0.5717592592592593 0.216796875 0.5729166666666666 0.19618055555555555 0.5775462962962963 0.185546875 0.5870949074074074 0.17447916666666666 0.6015625 0.16796875 0.6119791666666666 0.16297743055555555 0.6252893518518519 0.1519097222222222 0.6429398148148148 0.15234375 0.6715856481481481 0.154296875 0.6782407407407407
5 0.302734375 0.4927662037037037 0.3207465277777778 0.4933449074074074 0.3289930555555556 0.4976851851851852 0.3361545138888889 0.4991319444444444 0.3415798611111111 0.5054976851851852 0.3424479166666667 0.5054976851851852 0.3478732638888889 0.5011574074074074 0.3502604166666667 0.4933449074074074 0.3515625 0.4913194444444444 0.3532986111111111 0.48929398148148145 0.3559027777777778 0.48813657407407407 0.3569878472222222 0.4861111111111111 0.3595920138888889 0.48466435185185186 0.3621961805555556 0.47280092592592593 0.3617621527777778 0.4635416666666667 0.3595920138888889 0.45717592592592593 0.3576388888888889 0.45515046296296297 0.3550347222222222 0.4542824074074074 0.3500434027777778 0.4505208333333333 0.3213975694444444 0.4505208333333333 0.3157552083333333 0.453125 0.3125 0.4565972222222222 0.310546875 0.4603587962962963 0.3092447916666667 0.4664351851851852 0.306640625 0.4713541666666667 0.3059895833333333 0.4754050925925926 0.302734375 0.48061342592592593 0.3016493055555556 0.48408564814814814 0.3012152777777778 0.48842592592592593 0.302734375 0.4927662037037037
5 0.3936631944444444 0.3732638888888889 0.3951822916666667 0.3758680555555556 0.3971354166666667 0.3836805555555556 0.3984375 0.38599537037037035 0.4001736111111111 0.3871527777777778 0.4047309027777778 0.38686342592592593 0.4088541666666667 0.38773148148148145 0.4114583333333333 0.3871527777777778 0.4151475694444444 0.3836805555555556 0.4175347222222222 0.37702546296296297 0.4177517361111111 0.3732638888888889 0.4162326388888889 0.36689814814814814 0.4129774305555556 0.36140046296296297 0.4077690972222222 0.35734953703703703 0.396484375 0.359375 0.3940972222222222 0.3619791666666667 0.3932291666666667 0.3645833333333333 0.3930121527777778 0.37037037037037035 0.3936631944444444 0.3732638888888889
1 0.3452690972222222 0.4464699074074074 0.3489583333333333 0.4476273148148148 0.3524305555555556 0.4513888888888889 0.3713107638888889 0.45167824074074076 0.3739149305555556 0.4522569444444444 0.3773871527777778 0.4548611111111111 0.3802083333333333 0.4554398148148148 0.3832465277777778 0.4479166666666667 0.3856336805555556 0.4447337962962963 0.3908420138888889 0.44068287037037035 0.3914930555555556 0.4386574074074074 0.3917100694444444 0.4288194444444444 0.3908420138888889 0.4212962962962963 0.3893229166666667 0.4184027777777778 0.3830295138888889 0.41087962962962965 0.3780381944444444 0.4088541666666667 0.3552517361111111 0.4097222222222222 0.3487413194444444 0.4163773148148148 0.3454861111111111 0.4253472222222222 0.3448350694444444 0.43287037037037035 0.3452690972222222 0.4464699074074074
5 0.2868923611111111 0.4351851851851852 0.2901475694444444 0.43778935185185186 0.2951388888888889 0.4392361111111111 0.30078125 0.4435763888888889 0.3051215277777778 0.44502314814814814 0.3072916666666667 0.44675925925925924 0.3179253472222222 0.44675925925925924 0.3213975694444444 0.44560185185185186 0.3274739583333333 0.43721064814814814 0.3322482638888889 0.43258101851851855 0.3344184027777778 0.4288194444444444 0.3350694444444444 0.4201388888888889 0.3342013888888889 0.4166666666666667 0.3328993055555556 0.4149305555555556 0.3216145833333333 0.4079861111111111 0.3033854166666667 0.40769675925925924 0.3001302083333333 0.4085648148148148 0.296875 0.41087962962962965 0.29296875 0.4152199074074074 0.287109375 0.4288194444444444 0.2864583333333333 0.4314236111111111 0.2868923611111111 0.4351851851851852
1 0.2513020833333333 0.46122685185185186 0.2601996527777778 0.4618055555555556 0.2669270833333333 0.46556712962962965 0.2745225694444444 0.4739583333333333 0.275390625 0.4765625 0.2751736111111111 0.4849537037037037 0.2762586805555556 0.48726851851851855 0.2799479166666667 0.4898726851851852 0.28515625 0.4910300925925926 0.2903645833333333 0.4910300925925926 0.2931857638888889 0.48929398148148145 0.2983940972222222 0.48148148148148145 0.3009982638888889 0.47945601851851855 0.3049045138888889 0.47280092592592593 0.3055555555555556 0.46875 0.3075086805555556 0.46498842592592593 0.3092447916666667 0.45688657407407407 0.3090277777777778 0.453125 0.3075086805555556 0.44936342592592593 0.3038194444444444 0.4453125 0.2953559027777778 0.4401041666666667 0.2888454861111111 0.4375 0.2803819444444444 0.4366319444444444 0.2710503472222222 0.4375 0.2621527777777778 0.4401041666666667 0.2582465277777778 0.4427083333333333 0.25390625 0.4470486111111111 0.2497829861111111 0.45515046296296297 0.24934895833333334 0.45949074074074076 0.2513020833333333 0.46122685185185186
1 0.4375 0.38310185185185186 0.4392361111111111 0.3833912037037037 0.4459635416666667 0.3810763888888889 0.4483506944444444 0.3810763888888889 0.4526909722222222 0.38252314814814814 0.4563802083333333 0.38570601851851855 0.4596354166666667 0.3871527777777778 0.4637586805555556 0.38686342592592593 0.4661458333333333 0.3741319444444444 0.4650607638888889 0.3637152777777778 0.4633246527777778 0.359375 0.4592013888888889 0.3559027777777778 0.4522569444444444 0.3524305555555556 0.4490017361111111 0.3524305555555556 0.4429253472222222 0.3541666666666667 0.4392361111111111 0.35908564814814814 0.4368489583333333 0.3689236111111111 0.4366319444444444 0.3773148148148148 0.4375 0.38310185185185186
5 0.4077690972222222 0.3587962962962963 0.4112413194444444 0.3599537037037037 0.4131944444444444 0.3619791666666667 0.4164496527777778 0.3680555555555556 0.4184027777777778 0.3744212962962963 0.4240451388888889 0.3732638888888889 0.4299045138888889 0.3663194444444444 0.4309895833333333 0.3628472222222222 0.4307725694444444 0.3559027777777778 0.4299045138888889 0.3515625 0.4281684027777778 0.3489583333333333 0.4220920138888889 0.34519675925925924 0.4129774305555556 0.3463541666666667 0.4090711805555556 0.34866898148148145 0.40625 0.3524305555555556 0.4060329861111111 0.35619212962962965 0.4077690972222222 0.3587962962962963
1 0.4288194444444444 0.41811342592592593 0.4351128472222222 0.41608796296296297 0.4431423611111111 0.41550925925925924 0.4461805555555556 0.41435185185185186 0.4500868055555556 0.4146412037037037 0.4526909722222222 0.41608796296296297 0.4565972222222222 0.4157986111111111 0.4576822916666667 0.4146412037037037 0.4611545138888889 0.4045138888888889 0.4618055555555556 0.39207175925925924 0.4613715277777778 0.3880208333333333 0.4596354166666667 0.3851273148148148 0.4546440972222222 0.3839699074074074 0.4494357638888889 0.38136574074074076 0.4392361111111111 0.3810763888888889 0.4353298611111111 0.3828125 0.4309895833333333 0.3871527777777778 0.4288194444444444 0.3932291666666667 0.4270833333333333 0.40335648148148145 0.4268663194444444 0.4117476851851852 0.4288194444444444 0.41811342592592593
1 0.4576822916666667 0.3550347222222222 0.4639756944444444 0.35908564814814814 0.4657118055555556 0.3689236111111111 0.4657118055555556 0.37355324074074076 0.4665798611111111 0.3767361111111111 0.4672309027777778 0.3767361111111111 0.46875 0.3738425925925926 0.4709201388888889 0.37210648148148145 0.4730902777777778 0.3663194444444444 0.4730902777777778 0.3559027777777778 0.4711371527777778 0.3515625 0.4670138888888889 0.3463541666666667 0.4578993055555556 0.3460648148148148 0.4526909722222222 0.3489583333333333 0.4509548611111111 0.3524305555555556 0.4576822916666667 0.3550347222222222
2 0.9652777777777778 0.4756944444444444 0.9672309027777778 0.48408564814814814 0.9661458333333334 0.4945023148148148 0.9702690972222222 0.49797453703703703 0.9722222222222222 0.4866898148148148 0.9756944444444444 0.4756944444444444 0.9809027777777778 0.4782986111111111 0.9813368055555556 0.4774305555555556 0.98046875 0.47800925925925924 0.9796006944444444 0.4759837962962963 0.9815538194444444 0.4748263888888889 0.9819878472222222 0.4600694444444444 0.9806857638888888 0.4557291666666667 0.9791666666666666 0.45341435185185186 0.9787326388888888 0.44733796296296297 0.9774305555555556 0.4435763888888889 0.9739583333333334 0.4427083333333333 0.97265625 0.4441550925925926 0.9694010416666666 0.4508101851851852 0.9665798611111112 0.453125 0.9626736111111112 0.46296296296296297 0.9624565972222222 0.47077546296296297 0.9652777777777778 0.4756944444444444
2 0.8370225694444444 0.41695601851851855 0.8420138888888888 0.4163773148148148 0.8433159722222222 0.4149305555555556 0.8430989583333334 0.4010416666666667 0.8450520833333334 0.39438657407407407 0.8444010416666666 0.3845486111111111 0.8422309027777778 0.37962962962962965 0.8385416666666666 0.3755787037037037 0.8374565972222222 0.3767361111111111 0.8346354166666666 0.38483796296296297 0.8350694444444444 0.4157986111111111 0.8370225694444444 0.41695601851851855
0 0.5505642361111112 0.3214699074074074 0.5551215277777778 0.3226273148148148 0.5579427083333334 0.32436342592592593 0.5657552083333334 0.3258101851851852 0.5705295138888888 0.32436342592592593 0.5746527777777778 0.31539351851851855 0.5740017361111112 0.3038194444444444 0.5750868055555556 0.296875 0.5772569444444444 0.29484953703703703 0.5883246527777778 0.29195601851851855 0.5891927083333334 0.2896412037037037 0.5883246527777778 0.2864583333333333 0.5865885416666666 0.2855902777777778 0.5746527777777778 0.2847222222222222 0.546875 0.28761574074074076 0.5416666666666666 0.2902199074074074 0.5407986111111112 0.29224537037037035 0.541015625 0.3211805555555556 0.5505642361111112 0.3214699074074074
0 0.4858940972222222 0.3098958333333333 0.486328125 0.3211805555555556 0.4876302083333333 0.3246527777777778 0.4911024305555556 0.32667824074074076 0.5026041666666666 0.3269675925925926 0.5086805555555556 0.32957175925925924 0.5128038194444444 0.32957175925925924 0.5190972222222222 0.3246527777777778 0.5329861111111112 0.3246527777777778 0.5399305555555556 0.3220486111111111 0.5512152777777778 0.32175925925925924 0.5635850694444444 0.32494212962962965 0.5692274305555556 0.3246527777777778 0.5724826388888888 0.32060185185185186 0.5729166666666666 0.31741898148148145 0.5744357638888888 0.31452546296296297 0.5744357638888888 0.3003472222222222 0.5755208333333334 0.29658564814814814 0.5815972222222222 0.29195601851851855 0.5870225694444444 0.29224537037037035 0.5885416666666666 0.2913773148148148 0.5889756944444444 0.2899305555555556 0.5874565972222222 0.2864583333333333 0.5863715277777778 0.28587962962962965 0.5746527777777778 0.28530092592592593 0.5638020833333334 0.28616898148148145 0.5611979166666666 0.2873263888888889 0.5466579861111112 0.28761574074074076 0.5405815972222222 0.2890625 0.525390625 0.2896412037037037 0.5203993055555556 0.2907986111111111 0.5084635416666666 0.2907986111111111 0.5054253472222222 0.28877314814814814 0.5010850694444444 0.2902199074074074 0.4995659722222222 0.28935185185185186 0.4989149305555556 0.2829861111111111 0.498046875 0.2821180555555556 0.4976128472222222 0.2829861111111111 0.4989149305555556 0.2847222222222222 0.4976128472222222 0.28501157407407407 0.4978298611111111 0.2868440393518518 0.4986979166666667 0.2867476851851852 0.4989149305555556 0.2879050925925926 0.4978298611111111 0.28838744212962963 0.4978298611111111 0.2899305555555556 0.4958767361111111 0.29224537037037035 0.4908854166666667 0.2934027777777778 0.4876302083333333 0.296875 0.4867621527777778 0.30758101851851855 0.4858940972222222 0.3098958333333333
0 0.5857204861111112 0.3420138888888889 0.5859375 0.37008101851851855 0.5872395833333334 0.38425925925925924 0.58984375 0.3972800925925926 0.5928819444444444 0.4050925925925926 0.59375 0.4117476851851852 0.5954861111111112 0.4175347222222222 0.5985243055555556 0.41869212962962965 0.6011284722222222 0.41782407407407407 0.6126302083333334 0.41811342592592593 0.615234375 0.4201388888888889 0.6189236111111112 0.4212962962962963 0.6236979166666666 0.4210069444444444 0.6265190972222222 0.41984953703703703 0.6336805555555556 0.4207175925925926 0.6410590277777778 0.4184027777777778 0.6427951388888888 0.4149305555555556 0.6432291666666666 0.41116898148148145 0.6443142361111112 0.3761574074074074 0.6432291666666666 0.36689814814814814 0.6434461805555556 0.3587962962962963 0.6408420138888888 0.3515625 0.6345486111111112 0.34403935185185186 0.6232638888888888 0.32667824074074076 0.6197916666666666 0.3246527777777778 0.5972222222222222 0.32523148148148145 0.5904947916666666 0.32436342592592593 0.5874565972222222 0.3255208333333333 0.5855034722222222 0.32783564814814814 0.5848524305555556 0.3298611111111111 0.5846354166666666 0.33564814814814814 0.5857204861111112 0.3420138888888889
0 0.3044704861111111 0.4007523148148148 0.3038194444444444 0.4045138888888889 0.3046875 0.4056712962962963 0.3062065972222222 0.4068287037037037 0.3096788194444444 0.4074074074074074 0.3213975694444444 0.4071180555555556 0.3266059027777778 0.41001157407407407 0.3279079861111111 0.4117476851851852 0.3333333333333333 0.41377314814814814 0.3350694444444444 0.41550925925925924 0.3454861111111111 0.41724537037037035 0.3517795138888889 0.4117476851851852 0.3532986111111111 0.4088541666666667 0.3546006944444444 0.4079861111111111 0.3572048611111111 0.3984375 0.361328125 0.3914930555555556 0.3650173611111111 0.38773148148148145 0.3676215277777778 0.3871527777777778 0.3726128472222222 0.3836805555555556 0.3736979166666667 0.3732638888888889 0.3778211805555556 0.36516203703703703 0.3780381944444444 0.3515625 0.3815104166666667 0.34664351851851855 0.3825954861111111 0.3420138888888889 0.3823784722222222 0.3350694444444444 0.3806423611111111 0.3315972222222222 0.3582899305555556 0.3307291666666667 0.349609375 0.33188657407407407 0.3413628472222222 0.3347800925925926 0.3315972222222222 0.33564814814814814 0.3240017361111111 0.3382523148148148 0.3190104166666667 0.3411458333333333 0.314453125 0.34519675925925924 0.3133680555555556 0.35300925925925924 0.3114149305555556 0.35532407407407407 0.3059895833333333 0.35908564814814814 0.3036024305555556 0.3619791666666667 0.302734375 0.3645833333333333 0.302734375 0.3819444444444444 0.3044704861111111 0.4007523148148148
0 0.57421875 0.32349537037037035 0.576171875 0.32841435185185186 0.578125 0.3298611111111111 0.5844184027777778 0.32957175925925924 0.587890625 0.32523148148148145 0.5909288194444444 0.3237847222222222 0.5989583333333334 0.32523148148148145 0.6087239583333334 0.3237847222222222 0.6143663194444444 0.32407407407407407 0.6234809027777778 0.32667824074074076 0.6317274305555556 0.3258101851851852 0.6336805555555556 0.32494212962962965 0.6354166666666666 0.3214699074074074 0.6345486111111112 0.3070023148148148 0.6349826388888888 0.2934027777777778 0.6338975694444444 0.2890625 0.6321614583333334 0.2879050925925926 0.6169704861111112 0.28761574074074076 0.6013454861111112 0.2890625 0.5959201388888888 0.2913773148148148 0.591796875 0.2916666666666667 0.5850694444444444 0.29484953703703703 0.578125 0.29542824074074076 0.5759548611111112 0.29658564814814814 0.5750868055555556 0.29890046296296297 0.57421875 0.3029513888888889 0.57421875 0.32349537037037035
0 0.57421875 0.32175925925925924 0.5753038194444444 0.3258101851851852 0.5770399305555556 0.3289930555555556 0.578125 0.3298611111111111 0.5818142361111112 0.33015046296296297 0.5850694444444444 0.32841435185185186 0.5870225694444444 0.32494212962962965 0.5904947916666666 0.3226273148148148 0.59765625 0.3237847222222222 0.6174045138888888 0.32320601851851855 0.6234809027777778 0.3258101851851852 0.6302083333333334 0.32667824074074076 0.6343315972222222 0.32494212962962965 0.6623263888888888 0.3214699074074074 0.6638454861111112 0.32002314814814814 0.6688368055555556 0.3179976851851852 0.6703559027777778 0.30092592592592593 0.6703559027777778 0.29282407407407407 0.6692708333333334 0.2864583333333333 0.6681857638888888 0.28501157407407407 0.6399739583333334 0.2855902777777778 0.6013454861111112 0.2890625 0.5933159722222222 0.2916666666666667 0.5863715277777778 0.29108796296296297 0.5833333333333334 0.29369212962962965 0.5779079861111112 0.2942708333333333 0.5755208333333334 0.296875 0.5748697916666666 0.2991898148148148 0.57421875 0.3038194444444444 0.57421875 0.32175925925925924
0 0.4856770833333333 0.3107638888888889 0.4858940972222222 0.3197337962962963 0.4869791666666667 0.32436342592592593 0.4898003472222222 0.3263888888888889 0.5028211805555556 0.3269675925925926 0.5082465277777778 0.32957175925925924 0.5125868055555556 0.3298611111111111 0.5145399305555556 0.3289930555555556 0.5188802083333334 0.3246527777777778 0.5340711805555556 0.3246527777777778 0.5412326388888888 0.3211805555555556 0.5405815972222222 0.3098958333333333 0.5407986111111112 0.29542824074074076 0.5414496527777778 0.2934027777777778 0.5373263888888888 0.2902199074074074 0.5251736111111112 0.2899305555555556 0.5227864583333334 0.2907986111111111 0.5047743055555556 0.2913773148148148 0.5026041666666666 0.2925347222222222 0.494140625 0.29282407407407407 0.490234375 0.29369212962962965 0.4876302083333333 0.29658564814814814 0.4874131944444444 0.2980324074074074 0.4867621527777778 0.30787037037037035 0.4856770833333333 0.3107638888888889
0 0.6351996527777778 0.29282407407407407 0.6351996527777778 0.29658564814814814 0.6345486111111112 0.3081597222222222 0.6356336805555556 0.32175925925925924 0.63671875 0.32436342592592593 0.6564670138888888 0.32349537037037035 0.6664496527777778 0.32060185185185186 0.6690538194444444 0.3185763888888889 0.6701388888888888 0.3142361111111111 0.6697048611111112 0.30671296296296297 0.6705729166666666 0.30150462962962965 0.6707899305555556 0.29311342592592593 0.6701388888888888 0.2873263888888889 0.6688368055555556 0.28501157407407407 0.6501736111111112 0.2847222222222222 0.6371527777777778 0.28587962962962965 0.6354166666666666 0.2864583333333333 0.634765625 0.28761574074074076 0.6343315972222222 0.29050925925925924 0.6351996527777778 0.29282407407407407
3 0.4600694444444444 0.3449074074074074 0.4635416666666667 0.3460648148148148 0.4659288194444444 0.3454861111111111 0.4670138888888889 0.3425925925925926 0.4670138888888889 0.3347800925925926 0.4635416666666667 0.3272569444444444 0.4600694444444444 0.33015046296296297 0.458984375 0.33449074074074076 0.4587673611111111 0.34230324074074076 0.4600694444444444 0.3449074074074074
3 0.9016927083333334 0.5225694444444444 0.9010416666666666 0.5245949074074074 0.9010416666666666 0.5326967592592593 0.9047309027777778 0.5364583333333334 0.90625 0.5434027777777778 0.9079861111111112 0.5462962962962963 0.9116753472222222 0.5483217592592593 0.9153645833333334 0.5471643518518519 0.9184027777777778 0.5425347222222222 0.9223090277777778 0.5425347222222222 0.9259982638888888 0.5439814814814815 0.9288194444444444 0.5462962962962963 0.9340277777777778 0.5480324074074074 0.94140625 0.5541087962962963 0.9544270833333334 0.5593171296296297 0.9639756944444444 0.5711805555555556 0.9661458333333334 0.5720486111111112 0.9704861111111112 0.5720486111111112 0.9713541666666666 0.5711805555555556 0.9722222222222222 0.5662615740740741 0.9717881944444444 0.5561342592592593 0.9724392361111112 0.5538194444444444 0.9748263888888888 0.5509259259259259 0.9761284722222222 0.5471643518518519 0.9780815972222222 0.5370370370370371 0.9782986111111112 0.5321180555555556 0.9763454861111112 0.5245949074074074 0.9748263888888888 0.5083912037037037 0.9704861111111112 0.5 0.9670138888888888 0.49594907407407407 0.9618055555555556 0.4927662037037037 0.9592013888888888 0.48929398148148145 0.94921875 0.48234953703703703 0.9474826388888888 0.48032407407407407 0.943359375 0.4782986111111111 0.9322916666666666 0.47019675925925924 0.9288194444444444 0.4693287037037037 0.9188368055555556 0.47019675925925924 0.9075520833333334 0.4730902777777778 0.9034288194444444 0.4765625 0.9012586805555556 0.5063657407407407 0.9010416666666666 0.5190972222222222 0.9016927083333334 0.5225694444444444
3 0.6640625 0.3917824074074074 0.6657986111111112 0.39351851851851855 0.6688368055555556 0.3940972222222222 0.6710069444444444 0.3917824074074074 0.6720920138888888 0.38686342592592593 0.6729600694444444 0.3767361111111111 0.6720920138888888 0.3683449074074074 0.6684027777777778 0.3637152777777778 0.6649305555555556 0.36342592592592593 0.6614583333333334 0.3663194444444444 0.6614583333333334 0.38599537037037035 0.6640625 0.3917824074074074
3 0.98046875 0.5489004629629629 0.9793836805555556 0.5723379629629629 0.9782986111111112 0.5775462962962963 0.9782986111111112 0.5815972222222222 0.9802517361111112 0.5850694444444444 0.9802517361111112 0.5876736111111112 0.9765625 0.5943287037037037 0.9759114583333334 0.5995370370370371 0.9774305555555556 0.6027199074074074 0.9813368055555556 0.6038773148148148 0.982421875 0.6096643518518519 0.984375 0.6128472222222222 0.9869791666666666 0.6148726851851852 0.9913194444444444 0.6174768518518519 0.9945746527777778 0.6180555555555556 0.9997829861111112 0.6168981481481481 0.9997829861111112 0.5231481481481481 0.9939236111111112 0.5231481481481481 0.9861111111111112 0.5257523148148148 0.982421875 0.5298032407407407 0.9811197916666666 0.5364583333333334 0.9822048611111112 0.5436921296296297 0.98046875 0.5489004629629629
3 0.4780815972222222 0.3414351851851852 0.4802517361111111 0.3428819444444444 0.4828559027777778 0.34230324074074076 0.4841579861111111 0.3394097222222222 0.4841579861111111 0.33449074074074076 0.4830729166666667 0.3304398148148148 0.4811197916666667 0.32783564814814814 0.4802517361111111 0.32783564814814814 0.4778645833333333 0.3292824074074074 0.4772135416666667 0.3307291666666667 0.4769965277777778 0.3350694444444444 0.4780815972222222 0.3414351851851852