8 0.3857638888888889 0.3805555555555556 0.38697916666666665 0.38148148148148153 0.39340277777777777 0.38209876543209875 0.3951388888888889 0.38179012345679014 0.3961805555555556 0.3805555555555556 0.3963541666666667 0.3694444444444444 0.3956597222222222 0.36604938271604937 0.39444444444444443 0.36419753086419754 0.3878472222222222 0.36419753086419754 0.3862847222222222 0.3669753086419753 0.3857638888888889 0.370679012345679 0.3850694444444444 0.3768518518518519 0.3857638888888889 0.3805555555555556
1 0.3628472222222222 0.49290123456790125 0.3802083333333333 0.49320987654320986 0.3814236111111111 0.4947530864197531 0.38437499999999997 0.49537037037037035 0.38559027777777777 0.4947530864197531 0.38663194444444443 0.4925925925925925 0.3890625 0.483641975308642 0.3888888888888889 0.4700617283950617 0.3871527777777778 0.46512345679012346 0.3840277777777778 0.4589506172839506 0.37829861111111107 0.4561728395061728 0.3723958333333333 0.4561728395061728 0.3685763888888889 0.4583333333333333 0.3664930555555555 0.46234567901234563 0.3645833333333333 0.4691358024691358 0.3628472222222222 0.4719135802469136 0.3623263888888889 0.47530864197530864 0.36215277777777777 0.49104938271604937 0.3628472222222222 0.49290123456790125
1 0.13697916666666665 0.3728395061728395 0.13697916666666665 0.37777777777777777 0.13854166666666665 0.38364197530864197 0.14027777777777775 0.38580246913580246 0.14184027777777777 0.38580246913580246 0.14704861111111112 0.38179012345679014 0.1487847222222222 0.38209876543209875 0.15243055555555554 0.3848765432098765 0.15868055555555555 0.3851851851851852 0.16024305555555554 0.38364197530864197 0.15989583333333335 0.37438271604938267 0.15815972222222222 0.370679012345679 0.15434027777777778 0.3694444444444444 0.1512152777777778 0.37654320987654316 0.14947916666666666 0.37654320987654316 0.1472222222222222 0.3756172839506173 0.14427083333333332 0.36851851851851847 0.13993055555555556 0.3694444444444444 0.13836805555555556 0.37222222222222223 0.13697916666666665 0.3728395061728395
1 0.4873263888888889 0.38425925925925924 0.4878472222222222 0.3861111111111111 0.4916666666666667 0.3873456790123457 0.49618055555555557 0.38580246913580246 0.4977430555555556 0.38395061728395063 0.4970486111111111 0.38024691358024687 0.4947916666666667 0.37592592592592594 0.4913194444444444 0.3746913580246914 0.4878472222222222 0.37592592592592594 0.4873263888888889 0.37654320987654316 0.4873263888888889 0.38425925925925924
1 0.5305555555555556 0.3895061728395061 0.5317708333333333 0.39351851851851855 0.5329861111111112 0.39537037037037037 0.5359375 0.396604938271605 0.5380208333333333 0.39537037037037037 0.5397569444444444 0.3910493827160494 0.5399305555555556 0.38209876543209875 0.5387152777777777 0.3774691358024691 0.5364583333333334 0.37592592592592594 0.5329861111111112 0.37654320987654316 0.53125 0.3811728395061728 0.5305555555555556 0.38395061728395063 0.5305555555555556 0.3895061728395061
1 0.26197916666666665 0.3604938271604938 0.26944444444444443 0.3592592592592592 0.2737847222222222 0.3558641975308642 0.2737847222222222 0.35216049382716047 0.27291666666666664 0.3490740740740741 0.2692708333333333 0.34598765432098766 0.26545138888888886 0.3450617283950617 0.2626736111111111 0.34969135802469137 0.26076388888888885 0.35123456790123453 0.2604166666666667 0.3558641975308642 0.26197916666666665 0.3604938271604938
1 0.4001736111111111 0.38580246913580246 0.40781249999999997 0.38580246913580246 0.4088541666666667 0.38364197530864197 0.4081597222222222 0.37592592592592594 0.4065972222222222 0.3728395061728395 0.4005208333333333 0.3728395061728395 0.3984375 0.37654320987654316 0.39826388888888886 0.38364197530864197 0.4001736111111111 0.38580246913580246
1 0.33402777777777776 0.3654320987654321 0.33749999999999997 0.3669753086419753 0.3407986111111111 0.3666666666666667 0.3411458333333333 0.36574074074074076 0.3409722222222222 0.35555555555555557 0.3395833333333333 0.353395061728395 0.3381944444444444 0.3530864197530864 0.3352430555555555 0.35462962962962963 0.3335069444444444 0.3589506172839506 0.3328125 0.3626543209876543 0.33402777777777776 0.3654320987654321
1 0.5189236111111111 0.3688271604938272 0.5241319444444444 0.3688271604938272 0.5253472222222222 0.36790123456790125 0.5260416666666666 0.36604938271604937 0.5253472222222222 0.3611111111111111 0.5243055555555556 0.3589506172839506 0.5230902777777777 0.35833333333333334 0.5189236111111111 0.3589506172839506 0.5178819444444445 0.3626543209876543 0.5177083333333333 0.3666666666666667 0.5189236111111111 0.3688271604938272
1 0.08159722222222222 0.396604938271605 0.08541666666666667 0.39598765432098765 0.09322916666666667 0.3969135802469136 0.10243055555555555 0.39567901234567904 0.10277777777777777 0.39444444444444443 0.10243055555555555 0.3867283950617284 0.0998263888888889 0.38240740740740736 0.09739583333333332 0.38024691358024687 0.09045138888888887 0.3768518518518519 0.0876736111111111 0.3768518518518519 0.08506944444444445 0.37808641975308643 0.08159722222222222 0.38395061728395063 0.08090277777777777 0.38641975308641974 0.08038194444444445 0.39166666666666666 0.08159722222222222 0.396604938271605
1 0.27760416666666665 0.3558641975308642 0.2788194444444444 0.35648148148148145 0.2864583333333333 0.35648148148148145 0.2873263888888889 0.3558641975308642 0.28802083333333334 0.3527777777777778 0.28680555555555554 0.3472222222222222 0.284375 0.3450617283950617 0.2800347222222222 0.3450617283950617 0.2788194444444444 0.34598765432098766 0.27743055555555557 0.3490740740740741 0.2769097222222222 0.3527777777777778 0.27760416666666665 0.3558641975308642
1 0.41041666666666665 0.4030864197530864 0.4126736111111111 0.4049382716049383 0.4197916666666667 0.4052469135802469 0.4215277777777778 0.4030864197530864 0.4220486111111111 0.4009259259259259 0.4213541666666667 0.3925925925925926 0.4203125 0.3888888888888889 0.4185763888888889 0.38641975308641974 0.4145833333333333 0.3854938271604938 0.4126736111111111 0.3867283950617284 0.4109375 0.38981481481481484 0.41006944444444443 0.39413580246913577 0.40954861111111107 0.4012345679012346 0.41041666666666665 0.4030864197530864
1 0.22100694444444444 0.3632716049382716 0.22170138888888888 0.3666666666666667 0.2251736111111111 0.36820987654320986 0.22847222222222222 0.36820987654320986 0.23038194444444443 0.3666666666666667 0.23020833333333335 0.362962962962963 0.22777777777777775 0.3567901234567901 0.22430555555555554 0.35432098765432096 0.2215277777777778 0.35555555555555557 0.22100694444444444 0.3574074074074074 0.22100694444444444 0.3632716049382716
1 0.8272569444444444 0.6601851851851852 0.8277777777777777 0.6645061728395062 0.8269097222222221 0.6700617283950616 0.8279513888888889 0.686111111111111 0.8291666666666666 0.6925925925925925 0.8307291666666666 0.696604938271605 0.8314236111111112 0.6978395061728394 0.834548611111111 0.6993827160493827 0.8366319444444444 0.6987654320987654 0.8385416666666666 0.696604938271605 0.8420138888888888 0.6981481481481482 0.8506944444444444 0.7074074074074075 0.8527777777777777 0.7086419753086419 0.8597222222222222 0.7169753086419753 0.864236111111111 0.7197530864197531 0.8652777777777778 0.7231481481481481 0.8659722222222221 0.7324074074074074 0.8699652777777778 0.7404320987654321 0.8734375 0.7425925925925926 0.8763888888888888 0.7404320987654321 0.8802083333333334 0.7345679012345678 0.8821180555555556 0.7354938271604938 0.9046875 0.7358024691358025 0.9065972222222222 0.733641975308642 0.9083333333333333 0.7330246913580247 0.9123263888888888 0.733641975308642 0.9157986111111112 0.7395061728395061 0.918923611111111 0.7407407407407407 0.9237847222222222 0.7345679012345678 0.9255208333333333 0.7308641975308642 0.9255208333333333 0.7219135802469135 0.9246527777777778 0.717283950617284 0.9243055555555556 0.7108024691358025 0.9237847222222222 0.7070987654320987 0.9215277777777777 0.6996913580246913 0.918923611111111 0.6953703703703703 0.9133680555555556 0.6895061728395062 0.9090277777777778 0.682716049382716 0.9093749999999999 0.675 0.9067708333333333 0.6734567901234568 0.9043402777777778 0.6706790123456791 0.8937499999999999 0.6512345679012346 0.8878472222222222 0.6438271604938272 0.8845486111111112 0.641358024691358 0.8800347222222222 0.6342592592592593 0.873611111111111 0.6317901234567901 0.8697916666666666 0.6268518518518519 0.865625 0.625 0.8619791666666666 0.625 0.8571180555555555 0.6228395061728395 0.85 0.6216049382716049 0.8411458333333334 0.6216049382716049 0.8369791666666666 0.6228395061728395 0.8335069444444444 0.6265432098765432 0.828125 0.6385802469135803 0.8277777777777777 0.6422839506172839 0.8262152777777778 0.6478395061728395 0.8262152777777778 0.657716049382716 0.8272569444444444 0.6601851851851852
5 0.29843749999999997 0.5262345679012346 0.29791666666666666 0.5367283950617284 0.30017361111111107 0.5391975308641975 0.3211805555555556 0.5388888888888889 0.3251736111111111 0.5407407407407407 0.3263888888888889 0.5398148148148147 0.3277777777777778 0.5367283950617284 0.3284722222222222 0.5308641975308642 0.3317708333333333 0.5259259259259259 0.3336805555555556 0.516358024691358 0.3331597222222222 0.5061728395061729 0.3317708333333333 0.5015432098765432 0.3282986111111111 0.49660493827160496 0.3239583333333333 0.4944444444444444 0.3111111111111111 0.4944444444444444 0.3076388888888889 0.49938271604938267 0.3048611111111111 0.5070987654320988 0.303125 0.5089506172839506 0.3003472222222222 0.5092592592592593 0.29965277777777777 0.5117283950617284 0.3003472222222222 0.5172839506172839 0.29843749999999997 0.5262345679012346
1 0.5539930555555556 0.5537037037037037 0.5546875 0.5549382716049382 0.5592013888888888 0.5558641975308641 0.5644097222222222 0.5546296296296296 0.5664930555555555 0.5518518518518518 0.5727430555555555 0.5481481481481482 0.5730902777777778 0.5472222222222223 0.5734374999999999 0.5358024691358024 0.5718749999999999 0.528395061728395 0.5722222222222222 0.5219135802469136 0.5710069444444444 0.5191358024691358 0.568923611111111 0.5179012345679012 0.5673611111111111 0.5126543209876543 0.5644097222222222 0.5083333333333333 0.5609375 0.5070987654320988 0.5567708333333333 0.5070987654320988 0.5557291666666666 0.5080246913580247 0.5543402777777777 0.5117283950617284 0.5539930555555556 0.5228395061728395 0.5534722222222223 0.5253086419753087 0.5534722222222223 0.5481481481481482 0.5539930555555556 0.5537037037037037
1 0.21562499999999998 0.4246913580246914 0.2159722222222222 0.4364197530864197 0.21684027777777778 0.4391975308641975 0.22430555555555554 0.4382716049382716 0.2263888888888889 0.4364197530864197 0.2296875 0.4361111111111111 0.2314236111111111 0.43487654320987656 0.2315972222222222 0.425 0.23038194444444443 0.4197530864197531 0.22899305555555555 0.4175925925925926 0.2230902777777778 0.41450617283950614 0.21631944444444445 0.41512345679012347 0.21562499999999998 0.4175925925925926 0.21562499999999998 0.4246913580246914
1 0.6366319444444444 0.7882716049382715 0.6369791666666667 0.8040123456790123 0.640625 0.811111111111111 0.6442708333333333 0.8126543209876543 0.6458333333333334 0.8151234567901234 0.6475694444444444 0.820679012345679 0.6498263888888888 0.8243827160493827 0.6512152777777778 0.8314814814814815 0.6522569444444444 0.8330246913580247 0.6536458333333334 0.8379629629629629 0.6571180555555556 0.8429012345679012 0.6578125 0.8478395061728394 0.6579861111111112 0.8595679012345678 0.6604166666666667 0.8700617283950618 0.6640625 0.8762345679012346 0.6692708333333334 0.8756172839506172 0.6829861111111112 0.879320987654321 0.6894097222222222 0.879320987654321 0.6991319444444444 0.8814814814814815 0.7135416666666666 0.8814814814814815 0.7189236111111111 0.8805555555555555 0.7211805555555556 0.879320987654321 0.7223958333333333 0.8771604938271605 0.7237847222222222 0.8635802469135803 0.7237847222222222 0.8487654320987654 0.7227430555555555 0.8447530864197531 0.7223958333333333 0.8373456790123457 0.7206597222222222 0.8265432098765432 0.7145833333333333 0.8046296296296297 0.7149305555555555 0.8018518518518518 0.7170138888888888 0.7993827160493827 0.7177083333333334 0.796604938271605 0.7171875 0.7925925925925925 0.7137152777777778 0.7895061728395062 0.7118055555555556 0.7888888888888889 0.7088541666666666 0.7842592592592593 0.7067708333333333 0.7756172839506172 0.7046875 0.7716049382716049 0.7038194444444444 0.7675925925925926 0.7005208333333334 0.7601851851851852 0.6996527777777778 0.7567901234567901 0.693923611111111 0.7459876543209876 0.6927083333333334 0.741358024691358 0.6899305555555556 0.7361111111111112 0.6875 0.7333333333333334 0.684548611111111 0.7271604938271605 0.6831597222222222 0.725925925925926 0.6803819444444444 0.7209876543209875 0.6744791666666666 0.7166666666666667 0.6696180555555555 0.7157407407407407 0.654861111111111 0.7157407407407407 0.6475694444444444 0.7175925925925926 0.640625 0.729320987654321 0.6381944444444444 0.7385802469135803 0.6380208333333334 0.7469135802469137 0.6357638888888888 0.7638888888888888 0.6355902777777778 0.779320987654321 0.6366319444444444 0.7882716049382715
1 0.684375 0.5459876543209877 0.6855902777777778 0.5475308641975308 0.6888888888888888 0.5459876543209877 0.6930555555555555 0.5475308641975308 0.6949652777777777 0.5499999999999999 0.6958333333333333 0.5537037037037037 0.6994791666666667 0.5601851851851852 0.7010416666666666 0.5598765432098766 0.7059027777777778 0.5558641975308641 0.7152777777777778 0.5558641975308641 0.7171875 0.5561728395061728 0.7204861111111112 0.5614197530864198 0.7244791666666666 0.562037037037037 0.7260416666666666 0.5604938271604938 0.7272569444444444 0.5570987654320988 0.7277777777777777 0.5546296296296296 0.728125 0.5395061728395062 0.7274305555555556 0.5348765432098765 0.725173611111111 0.5311728395061729 0.7239583333333334 0.5271604938271605 0.7237847222222222 0.5231481481481481 0.7182291666666666 0.5138888888888888 0.7100694444444444 0.5052469135802469 0.7008680555555555 0.5009259259259259 0.6897569444444444 0.5009259259259259 0.6859375 0.5049382716049382 0.6824652777777778 0.5157407407407407 0.6822916666666666 0.5185185185185185 0.6822916666666666 0.5401234567901235 0.684375 0.5459876543209877
1 0.2604166666666667 0.3771604938271605 0.26197916666666665 0.37839506172839504 0.26944444444444443 0.37839506172839504 0.27239583333333334 0.3774691358024691 0.2737847222222222 0.37407407407407406 0.2736111111111111 0.370679012345679 0.271875 0.366358024691358 0.2699652777777778 0.3638888888888889 0.26718749999999997 0.36203703703703705 0.2647569444444444 0.36203703703703705 0.26180555555555557 0.3638888888888889 0.2595486111111111 0.36851851851851847 0.25885416666666666 0.37407407407407406 0.2604166666666667 0.3771604938271605
1 0.31059027777777776 0.3851851851851852 0.3177083333333333 0.3861111111111111 0.3185763888888889 0.3848765432098765 0.3189236111111111 0.3756172839506173 0.3180555555555556 0.37037037037037035 0.3128472222222222 0.37037037037037035 0.3100694444444444 0.3728395061728395 0.309375 0.3808641975308642 0.31059027777777776 0.3851851851851852
8 0.4067708333333333 0.35833333333333334 0.4119791666666667 0.3592592592592592 0.4137152777777778 0.35833333333333334 0.4144097222222222 0.35648148148148145 0.4142361111111111 0.3490740740740741 0.4118055555555556 0.34660493827160493 0.4076388888888889 0.3472222222222222 0.40607638888888886 0.3490740740740741 0.4050347222222222 0.35216049382716047 0.4048611111111111 0.35617283950617284 0.4067708333333333 0.35833333333333334
1 0.5081597222222223 0.4388888888888889 0.5081597222222223 0.4472222222222222 0.5086805555555556 0.45 0.5118055555555555 0.45123456790123456 0.5157986111111111 0.45123456790123456 0.5168402777777777 0.4503086419753086 0.5175347222222222 0.44814814814814813 0.5182291666666666 0.4351851851851852 0.5208333333333334 0.42592592592592593 0.5199652777777778 0.4225308641975309 0.5163194444444444 0.4197530864197531 0.5147569444444444 0.4197530864197531 0.5104166666666666 0.42407407407407405 0.5076388888888889 0.4314814814814815 0.5071180555555556 0.4354938271604938 0.5081597222222223 0.4388888888888889
1 0.5022569444444445 0.4351851851851852 0.5034722222222222 0.4361111111111111 0.50625 0.4361111111111111 0.5072916666666667 0.4351851851851852 0.5105902777777778 0.425 0.5138888888888888 0.42098765432098767 0.5151041666666667 0.41820987654320985 0.5145833333333333 0.41450617283950614 0.5130208333333334 0.4111111111111111 0.5100694444444445 0.40956790123456793 0.5086805555555556 0.40771604938271605 0.5029513888888889 0.41234567901234565 0.5015624999999999 0.4166666666666667 0.5015624999999999 0.4333333333333333 0.5022569444444445 0.4351851851851852
1 0.4206597222222222 0.3604938271604938 0.42517361111111107 0.3614197530864197 0.42586805555555557 0.35956790123456794 0.42569444444444443 0.353395061728395 0.425 0.35185185185185186 0.4211805555555555 0.35216049382716047 0.4197916666666667 0.35617283950617284 0.4194444444444444 0.3592592592592592 0.4206597222222222 0.3604938271604938
1 0.6440972222222222 0.6608024691358024 0.647048611111111 0.6651234567901234 0.6496527777777777 0.6663580246913581 0.653125 0.6706790123456791 0.6565972222222222 0.6780864197530865 0.6579861111111112 0.6873456790123457 0.6609375 0.6925925925925925 0.6637152777777777 0.6938271604938272 0.6902777777777778 0.6941358024691359 0.6940972222222221 0.695679012345679 0.6998263888888888 0.6959876543209877 0.7032986111111111 0.6935185185185185 0.7038194444444444 0.6919753086419753 0.7055555555555556 0.6796296296296297 0.7052083333333333 0.674074074074074 0.7026041666666666 0.6589506172839507 0.6996527777777778 0.65 0.6980902777777778 0.6475308641975309 0.6980902777777778 0.6441358024691358 0.6989583333333333 0.6407407407407407 0.6940972222222221 0.6361111111111112 0.6907986111111112 0.628395061728395 0.6894097222222222 0.6225308641975309 0.6873263888888889 0.6191358024691357 0.6864583333333334 0.616358024691358 0.6809027777777777 0.6089506172839506 0.678125 0.6067901234567901 0.6666666666666666 0.6046296296296296 0.6543402777777778 0.6046296296296296 0.6512152777777778 0.6074074074074074 0.6463541666666666 0.616358024691358 0.6440972222222222 0.6259259259259259 0.6435763888888888 0.6320987654320988 0.6428819444444444 0.649074074074074 0.6440972222222222 0.6608024691358024
1 0.5630208333333333 0.595679012345679 0.5659722222222222 0.6012345679012346 0.5677083333333334 0.6080246913580247 0.5711805555555556 0.6145061728395061 0.5748263888888888 0.6145061728395061 0.5779513888888889 0.6108024691358025 0.5815972222222222 0.6101851851851853 0.5927083333333334 0.6104938271604938 0.5954861111111112 0.6123456790123456 0.5987847222222222 0.6123456790123456 0.6005208333333334 0.6083333333333334 0.6006944444444444 0.5950617283950618 0.5993055555555555 0.587037037037037 0.5975694444444444 0.5824074074074074 0.5975694444444444 0.5777777777777777 0.5987847222222222 0.5759259259259258 0.5989583333333334 0.5740740740740741 0.5958333333333333 0.5697530864197531 0.5921875 0.558641975308642 0.5885416666666666 0.553395061728395 0.5842013888888888 0.5509259259259259 0.5758680555555555 0.5499999999999999 0.5715277777777777 0.5518518518518518 0.5677083333333334 0.5518518518518518 0.5664930555555555 0.553395061728395 0.5651041666666666 0.5598765432098766 0.5642361111111112 0.5614197530864198 0.5628472222222222 0.571604938271605 0.561111111111111 0.5768518518518518 0.5609375 0.587037037037037 0.5630208333333333 0.595679012345679
1 0.4890625 0.39969135802469136 0.4913194444444444 0.40185185185185185 0.4979166666666667 0.3987654320987654 0.4994791666666667 0.39598765432098765 0.4996527777777778 0.38981481481481484 0.4977430555555556 0.3854938271604938 0.49496527777777777 0.38425925925925924 0.4909722222222222 0.3854938271604938 0.4897569444444444 0.38641975308641974 0.48854166666666665 0.38981481481481484 0.48854166666666665 0.3975308641975308 0.4890625 0.39969135802469136
1 0.4913194444444444 0.3969135802469136 0.4914930555555555 0.40617283950617283 0.4939236111111111 0.41358024691358025 0.49496527777777777 0.4148148148148148 0.49809027777777776 0.4126543209876543 0.5020833333333333 0.412962962962963 0.5072916666666667 0.4083333333333333 0.5076388888888889 0.40432098765432095 0.5064236111111111 0.4006172839506173 0.5048611111111111 0.39845679012345675 0.49809027777777776 0.3950617283950617 0.4947916666666667 0.39814814814814814 0.4913194444444444 0.3969135802469136
1 0.4956597222222222 0.3697530864197531 0.5001736111111111 0.37006172839506174 0.5019097222222222 0.36759259259259264 0.5020833333333333 0.36203703703703705 0.5006944444444444 0.35987654320987655 0.4979166666666667 0.3589506172839506 0.4944444444444444 0.3626543209876543 0.4942708333333333 0.3666666666666667 0.4956597222222222 0.3697530864197531
1 0.28229166666666666 0.3771604938271605 0.2829861111111111 0.3805555555555556 0.28593749999999996 0.38179012345679014 0.2899305555555556 0.3808641975308642 0.2934027777777778 0.38148148148148153 0.2953125 0.3805555555555556 0.2954861111111111 0.37006172839506174 0.29461805555555554 0.36604938271604937 0.2904513888888889 0.36419753086419754 0.2864583333333333 0.3638888888888889 0.28281249999999997 0.3669753086419753 0.28229166666666666 0.3691358024691358 0.28229166666666666 0.3771604938271605
0 0.042013888888888885 0.36759259259259264 0.043229166666666666 0.3891975308641975 0.044270833333333336 0.39012345679012345 0.05086805555555555 0.39012345679012345 0.05381944444444445 0.39228395061728394 0.06510416666666667 0.39228395061728394 0.0782986111111111 0.39012345679012345 0.08072916666666667 0.3873456790123457 0.0845486111111111 0.3787037037037037 0.09079861111111111 0.37407407407407406 0.09218749999999999 0.37037037037037035 0.09288194444444445 0.36604938271604937 0.09270833333333332 0.3589506172839506 0.08576388888888888 0.3574074074074074 0.08194444444444444 0.35555555555555557 0.06770833333333333 0.3552469135802469 0.06111111111111111 0.3574074074074074 0.04357638888888889 0.3589506172839506 0.042534722222222224 0.3604938271604938 0.042013888888888885 0.36203703703703705 0.042013888888888885 0.36759259259259264
0 0.5039930555555555 0.379320987654321 0.5135416666666667 0.379320987654321 0.5151041666666667 0.37623456790123455 0.5157986111111111 0.36203703703703705 0.5145833333333333 0.358641975308642 0.5121527777777778 0.35648148148148145 0.5050347222222222 0.35771604938271606 0.5034722222222222 0.3604938271604938 0.5034722222222222 0.3669753086419753 0.5029513888888889 0.36851851851851847 0.5029513888888889 0.3774691358024691 0.5039930555555555 0.379320987654321
6 0.4276041666666667 0.39444444444444443 0.4282986111111111 0.4117283950617284 0.4425347222222222 0.412962962962963 0.4435763888888889 0.408641975308642 0.4444444444444444 0.39444444444444443 0.4439236111111111 0.37962962962962965 0.4447916666666667 0.3626543209876543 0.4427083333333333 0.3589506172839506 0.4300347222222222 0.358641975308642 0.4288194444444444 0.3589506172839506 0.42777777777777776 0.3611111111111111 0.428125 0.3805555555555556 0.4276041666666667 0.39444444444444443
6 0.42463732638888885 0.363474074074074 0.42490190972222225 0.36573179012345675 0.42490190972222225 0.3675191358024691 0.42479600694444436 0.3695888888888889 0.4288194444444444 0.37222222222222223 0.4298611111111111 0.37006172839506174 0.4293402777777778 0.3666666666666667 0.42951388888888886 0.362962962962963 0.4314236111111111 0.35956790123456794 0.4340277777777778 0.35802469135802467 0.4352430555555556 0.35617283950617284 0.4357638888888889 0.35370370370370374 0.4358486111111111 0.34409506172839505 0.43336319444444443 0.34428333333333333 0.4312477430555556 0.3437188271604938 0.42807482638888883 0.34343672839506173 0.42604166666666665 0.3447530864197531 0.4248263888888889 0.35 0.42465277777777777 0.35617283950617284 0.42463732638888885 0.363474074074074
6 0.05520833333333333 0.4876543209876543 0.056076388888888884 0.49074074074074076 0.05520833333333333 0.495679012345679 0.05503472222222222 0.5089506172839506 0.056944444444444436 0.5114197530864197 0.06145833333333334 0.5123456790123457 0.0642361111111111 0.516358024691358 0.06631944444444444 0.5172839506172839 0.06770833333333333 0.5175925925925926 0.07413194444444444 0.5145061728395062 0.08437499999999999 0.5123456790123457 0.08541666666666667 0.5123456790123457 0.0875 0.5160493827160494 0.08993055555555556 0.5160493827160494 0.0920138888888889 0.5141975308641975 0.09409722222222222 0.5083333333333333 0.0951388888888889 0.5070987654320988 0.09861111111111111 0.5064814814814814 0.10451388888888889 0.5033950617283951 0.10781249999999999 0.5037037037037037 0.10920138888888888 0.5049382716049382 0.11302083333333332 0.5046296296296297 0.1154513888888889 0.49506172839506174 0.11493055555555555 0.48456790123456794 0.11302083333333332 0.47962962962962963 0.1095486111111111 0.47530864197530864 0.10086805555555554 0.4697530864197531 0.09947916666666667 0.46728395061728395 0.09861111111111111 0.45987654320987653 0.09739583333333332 0.4558641975308642 0.0953125 0.4527777777777778 0.09340277777777778 0.45185185185185184 0.08072916666666667 0.45185185185185184 0.071875 0.45462962962962966 0.058854166666666666 0.4561728395061728 0.057291666666666664 0.45709876543209876 0.05572916666666666 0.45987654320987653 0.05520833333333333 0.46820987654320984 0.0546875 0.4697530864197531 0.0546875 0.4808641975308642 0.05520833333333333 0.4876543209876543
6 0.8512152777777777 0.7888888888888889 0.8515625 0.796604938271605 0.8526041666666666 0.7984567901234568 0.8605902777777777 0.7987654320987654 0.864236111111111 0.8018518518518518 0.865625 0.8055555555555556 0.865625 0.807716049382716 0.859375 0.8194444444444444 0.857986111111111 0.8246913580246913 0.8578125 0.8280864197530865 0.8592013888888889 0.8293209876543209 0.8631944444444444 0.8296296296296296 0.8645833333333334 0.8311728395061728 0.8659722222222221 0.850925925925926 0.8671875 0.8558641975308642 0.8694444444444444 0.8601851851851853 0.8708333333333333 0.8608024691358025 0.8730902777777778 0.8645061728395061 0.8767361111111112 0.8666666666666666 0.8805555555555555 0.8666666666666666 0.8871527777777778 0.8632716049382716 0.8925347222222222 0.8561728395061728 0.8939236111111112 0.8521604938271605 0.8993055555555556 0.8552469135802468 0.9017361111111112 0.8589506172839506 0.9041666666666666 0.8660493827160494 0.9055555555555556 0.8765432098765432 0.9065972222222222 0.8796296296296297 0.9079861111111112 0.8817901234567901 0.9152777777777777 0.8839506172839506 0.9170138888888888 0.8867283950617284 0.9180555555555555 0.8978395061728395 0.9190972222222222 0.9006172839506172 0.9194444444444444 0.9064814814814816 0.921875 0.9160493827160494 0.9227430555555556 0.917283950617284 0.9248263888888888 0.9253086419753087 0.9262152777777778 0.9268518518518518 0.9272569444444444 0.9296296296296297 0.9317708333333333 0.9348765432098766 0.9342013888888888 0.936111111111111 0.9369791666666666 0.936111111111111 0.9414930555555555 0.932716049382716 0.9449652777777777 0.9280864197530865 0.9473958333333333 0.9277777777777778 0.9496527777777778 0.9280864197530865 0.9541666666666666 0.9370370370370371 0.9560763888888888 0.9395061728395062 0.9597222222222221 0.9413580246913581 0.9828125 0.9441358024691359 0.9998263888888889 0.9435185185185185 0.9998263888888889 0.7913580246913581 0.9984375 0.7913580246913581 0.9953124999999999 0.7882716049382715 0.9859375 0.7836419753086419 0.9852430555555556 0.7811728395061728 0.9859375 0.7768518518518519 0.9857638888888888 0.7688271604938272 0.9845486111111111 0.7648148148148147 0.9798611111111112 0.7617283950617284 0.9774305555555556 0.7614197530864197 0.9708333333333333 0.7638888888888888 0.9461805555555556 0.7638888888888888 0.9383680555555556 0.7654320987654322 0.9322916666666666 0.7654320987654322 0.928298611111111 0.7632716049382716 0.9178819444444444 0.7524691358024691 0.9168402777777778 0.7496913580246913 0.9166666666666666 0.7435185185185185 0.9159722222222222 0.7410493827160494 0.9135416666666666 0.7361111111111112 0.9114583333333334 0.733641975308642 0.9083333333333333 0.7339506172839506 0.9060763888888889 0.7361111111111112 0.9027777777777778 0.7429012345679012 0.9010416666666666 0.7444444444444445 0.8796875 0.7444444444444445 0.8704861111111112 0.7462962962962962 0.859375 0.7453703703703703 0.8567708333333334 0.7410493827160494 0.8552083333333333 0.7358024691358025 0.8520833333333333 0.7339506172839506 0.8503472222222221 0.7385802469135803 0.8489583333333334 0.7515432098765432 0.8482638888888888 0.7762345679012346 0.8512152777777777 0.7888888888888889
6 0.21319444444444444 0.7441358024691357 0.2152777777777778 0.7453703703703703 0.21684027777777778 0.7478395061728395 0.21684027777777778 0.7524691358024691 0.21840277777777775 0.7527777777777778 0.21961805555555555 0.7555555555555555 0.22118055555555555 0.7567901234567901 0.22256944444444443 0.7592592592592593 0.2237847222222222 0.7645061728395062 0.22395833333333334 0.8024691358024691 0.22343749999999998 0.8080246913580247 0.22395833333333334 0.8114197530864197 0.2232638888888889 0.821604938271605 0.22170138888888888 0.8265432098765432 0.2215277777777778 0.8358024691358025 0.2222222222222222 0.8444444444444444 0.2222222222222222 0.8632716049382716 0.22395833333333334 0.8679012345679012 0.23958333333333334 0.8697530864197531 0.26163194444444443 0.8679012345679012 0.28628472222222223 0.8679012345679012 0.2973958333333333 0.8657407407407407 0.3017361111111111 0.8657407407407407 0.30277777777777776 0.8666666666666666 0.3072916666666667 0.8666666666666666 0.3083333333333333 0.8657407407407407 0.3102430555555556 0.8632716049382716 0.3126736111111111 0.8580246913580247 0.31527777777777777 0.8438271604938271 0.3175347222222222 0.8354938271604938 0.3177083333333333 0.8135802469135802 0.32013888888888886 0.799074074074074 0.3222222222222222 0.7941358024691358 0.3239583333333333 0.7858024691358024 0.32430555555555557 0.7774691358024691 0.325 0.7759259259259259 0.33194444444444443 0.7759259259259259 0.3385416666666667 0.7725308641975309 0.3407986111111111 0.7682098765432099 0.3420138888888889 0.7632716049382716 0.3423611111111111 0.7546296296296297 0.3442708333333333 0.7503086419753087 0.3463541666666667 0.7481481481481481 0.3473958333333333 0.7441358024691357 0.3493055555555556 0.7240740740740741 0.3505208333333333 0.7194444444444444 0.3517361111111111 0.7104938271604938 0.3517361111111111 0.6962962962962963 0.3510416666666667 0.6895061728395062 0.3494791666666667 0.682716049382716 0.3494791666666667 0.6777777777777778 0.35138888888888886 0.6685185185185185 0.3527777777777778 0.6651234567901234 0.3552083333333333 0.6518518518518519 0.35486111111111107 0.6089506172839506 0.35538194444444443 0.6049382716049382 0.35538194444444443 0.5950617283950618 0.3546875 0.5904320987654321 0.3539930555555555 0.5885802469135802 0.3529513888888889 0.5879629629629629 0.3425347222222222 0.5879629629629629 0.3284722222222222 0.5864197530864198 0.2890625 0.5864197530864198 0.28593749999999996 0.5882716049382716 0.28229166666666666 0.5938271604938271 0.2770833333333333 0.6040123456790124 0.2682291666666667 0.6160493827160494 0.26684027777777775 0.6191358024691357 0.2517361111111111 0.6419753086419753 0.24895833333333334 0.6478395061728395 0.24635416666666665 0.6503086419753087 0.24184027777777775 0.6580246913580247 0.23906249999999998 0.6654320987654321 0.23697916666666666 0.6765432098765432 0.23541666666666666 0.6805555555555556 0.234375 0.6867283950617284 0.23350694444444445 0.6987654320987654 0.23229166666666665 0.7043209876543209 0.23038194444444443 0.7095679012345678 0.2269097222222222 0.716358024691358 0.2237847222222222 0.7185185185185184 0.2173611111111111 0.7209876543209875 0.2152777777777778 0.725 0.21354166666666666 0.7262345679012346 0.2125 0.7296296296296296 0.2125 0.7410493827160494 0.21319444444444444 0.7441358024691357
6 0.5826388888888888 0.4271604938271605 0.5828125 0.43425925925925923 0.5847222222222223 0.4382716049382716 0.5887152777777778 0.43765432098765433 0.5909722222222222 0.44012345679012344 0.5925347222222223 0.4447530864197531 0.5956597222222222 0.4450617283950617 0.5989583333333334 0.4435185185185185 0.6041666666666666 0.4435185185185185 0.606423611111111 0.4441358024691358 0.6078125 0.44660493827160497 0.6105902777777777 0.44660493827160497 0.6118055555555556 0.441358024691358 0.6121527777777778 0.4314814814814815 0.6114583333333333 0.4280864197530864 0.6100694444444444 0.42623456790123454 0.6026041666666666 0.4256172839506173 0.5996527777777778 0.4225308641975309 0.5982638888888888 0.41851851851851857 0.5956597222222222 0.4166666666666667 0.5876736111111112 0.4154320987654321 0.5840277777777777 0.416358024691358 0.5821180555555555 0.41851851851851857 0.5819444444444444 0.42314814814814816 0.5826388888888888 0.4271604938271605
6 0.023263888888888886 0.4561728395061728 0.024479166666666666 0.4759259259259259 0.024305555555555556 0.4808641975308642 0.023263888888888886 0.48518518518518516 0.0234375 0.4876543209876543 0.024826388888888887 0.49074074074074076 0.024826388888888887 0.4947530864197531 0.028125 0.49907407407407406 0.03263888888888889 0.5027777777777778 0.0375 0.5033950617283951 0.05173611111111111 0.5024691358024691 0.05364583333333334 0.5015432098765432 0.05486111111111111 0.4972222222222222 0.05538194444444445 0.4925925925925925 0.05486111111111111 0.4700617283950617 0.05555555555555555 0.4611111111111111 0.056944444444444436 0.4580246913580247 0.06059027777777778 0.4555555555555556 0.06510416666666667 0.45462962962962966 0.08020833333333333 0.4521604938271605 0.09218749999999999 0.45154320987654323 0.09652777777777777 0.4561728395061728 0.09756944444444444 0.45925925925925926 0.09791666666666667 0.46481481481481485 0.09895833333333333 0.4691358024691358 0.10138888888888888 0.47129629629629627 0.10711805555555555 0.47345679012345676 0.10885416666666667 0.4725308641975308 0.10972222222222222 0.47067901234567905 0.10850694444444445 0.44537037037037036 0.10920138888888888 0.4416666666666667 0.11128472222222222 0.4361111111111111 0.11128472222222222 0.433641975308642 0.11059027777777777 0.4314814814814815 0.10277777777777777 0.42376543209876544 0.08472222222222223 0.42376543209876544 0.0782986111111111 0.42037037037037034 0.0703125 0.4197530864197531 0.06493055555555556 0.4212962962962963 0.05642361111111111 0.42191358024691356 0.05295138888888889 0.42345679012345677 0.044444444444444446 0.425 0.041493055555555554 0.42685185185185187 0.03333333333333333 0.429320987654321 0.029340277777777774 0.43209876543209874 0.02829861111111111 0.43425925925925923 0.025694444444444443 0.4367283950617284 0.0234375 0.4422839506172839 0.022569444444444444 0.4472222222222222 0.022222222222222223 0.4530864197530864 0.023263888888888886 0.4561728395061728
6 0.5158737847222222 0.46820987654320984 0.5165682291666667 0.475 0.5177835069444444 0.4787037037037037 0.5216029513888889 0.47901234567901235 0.5243807291666667 0.47716049382716047 0.5321932291666667 0.4802469135802469 0.5353182291666667 0.4799382716049383 0.5361862847222222 0.4787037037037037 0.5372279513888889 0.4743827160493827 0.5384432291666666 0.45925925925925926 0.5367071180555555 0.4503086419753086 0.5365335069444443 0.43425925925925923 0.536012673611111 0.43209876543209874 0.5318460069444444 0.429320987654321 0.5221237847222222 0.4277777777777778 0.5207348958333333 0.42839506172839503 0.5183043402777778 0.4314814814814815 0.5177835069444444 0.4333333333333333 0.5169154513888888 0.4450617283950617 0.5169154513888888 0.45771604938271604 0.5158737847222222 0.46820987654320984
6 0.3737847222222222 0.42314814814814816 0.3805555555555556 0.42345679012345677 0.3836805555555556 0.4246913580246914 0.3871527777777778 0.42345679012345677 0.3883680555555556 0.42006172839506173 0.3885416666666667 0.4175925925925926 0.3901041666666667 0.4138888888888889 0.3907986111111111 0.40956790123456793 0.3907986111111111 0.3969135802469136 0.3888888888888889 0.3950617283950617 0.3847222222222222 0.39413580246913577 0.37656249999999997 0.39413580246913577 0.37482638888888886 0.3969135802469136 0.3734375 0.4046296296296297 0.3734375 0.408641975308642 0.3725694444444444 0.4141975308641975 0.3725694444444444 0.4212962962962963 0.3737847222222222 0.42314814814814816
3 0.4461805555555556 0.4925925925925925 0.4496527777777778 0.4938271604938272 0.4505208333333333 0.48919753086419754 0.4513888888888889 0.4876543209876543 0.4517361111111111 0.4774691358024691 0.4513888888888889 0.4759259259259259 0.4498263888888889 0.4740740740740741 0.4461805555555556 0.4737654320987654 0.4458333333333333 0.4759259259259259 0.4456597222222222 0.48456790123456794 0.4461805555555556 0.4925925925925925
3 0.17881944444444445 0.38148148148148153 0.18107638888888888 0.3805555555555556 0.18159722222222222 0.37592592592592594 0.18038194444444444 0.36851851851851847 0.1784722222222222 0.3672839506172839 0.17708333333333334 0.3694444444444444 0.17725694444444445 0.37993827160493826 0.17881944444444445 0.38148148148148153
3 0.6751736111111112 0.46296296296296297 0.6788194444444444 0.4638888888888889 0.6821180555555556 0.4611111111111111 0.684548611111111 0.45679012345679015 0.6859375 0.4530864197530864 0.6857638888888888 0.44814814814814813 0.6824652777777778 0.44598765432098764 0.678298611111111 0.4462962962962963 0.6753472222222222 0.4493827160493827 0.6746527777777778 0.4558641975308642 0.6744791666666666 0.46049382716049386 0.6751736111111112 0.46296296296296297
3 0.2583333333333333 0.38796296296296295 0.2611111111111111 0.38796296296296295 0.2621527777777778 0.387037037037037 0.2621527777777778 0.3768518518518519 0.2586805555555556 0.375 0.2586805555555556 0.3774691358024691 0.2578125 0.3808641975308642 0.25763888888888886 0.3851851851851852 0.2583333333333333 0.38796296296296295
3 0.625 0.4947530864197531 0.6265625 0.4975308641975309 0.6300347222222222 0.49691358024691357 0.6317708333333334 0.48456790123456794 0.6319444444444444 0.47716049382716047 0.6305555555555555 0.475 0.6263888888888888 0.47530864197530864 0.6248263888888889 0.4774691358024691 0.6243055555555556 0.4802469135802469 0.6241319444444444 0.48858024691358026 0.625 0.4947530864197531
3 0.6597222222222222 0.4876543209876543 0.6612847222222222 0.4895061728395062 0.6652777777777777 0.4904320987654321 0.6664930555555556 0.4876543209876543 0.6673611111111112 0.4808641975308642 0.6671874999999999 0.4740740740740741 0.6664930555555556 0.4719135802469136 0.6649305555555556 0.4700617283950617 0.6612847222222222 0.4700617283950617 0.6597222222222222 0.4728395061728395 0.6590277777777778 0.47716049382716047 0.6590277777777778 0.4842592592592592 0.6597222222222222 0.4876543209876543