1 0.5591145833333333 0.4296296296296297 0.5609375000000001 0.43009259259259264 0.5619791666666667 0.42824074074074076 0.5617187499999999 0.413425925925926 0.5627604166666667 0.4074074074074074 0.5671875000000001 0.4032407407407408 0.5721354166666667 0.4018518518518519 0.5731770833333334 0.4 0.5708333333333333 0.3930555555555556 0.5666666666666667 0.3916666666666667 0.5572916666666666 0.39351851851851855 0.5552083333333333 0.40092592592592596 0.5570312500000001 0.42685185185185187 0.5591145833333333 0.4296296296296297
1 0.6078125 0.3574074074074074 0.6161458333333334 0.35787037037037045 0.6171875 0.35601851851851857 0.6153645833333334 0.3453703703703704 0.6127604166666667 0.3425925925925926 0.6078125 0.34351851851851856 0.6059895833333334 0.34953703703703703 0.6057291666666667 0.3555555555555556 0.6078125 0.3574074074074074
1 0.6416666666666666 0.3712962962962963 0.6536458333333334 0.3699074074074074 0.6546875 0.3694444444444445 0.65546875 0.3666666666666667 0.6510416666666666 0.35601851851851857 0.6479166666666667 0.35324074074074074 0.6421875 0.3546296296296297 0.6393229166666666 0.36203703703703705 0.6393229166666666 0.3685185185185186 0.6416666666666666 0.3712962962962963
1 0.45286458333333335 0.43472222222222223 0.4669270833333333 0.43333333333333335 0.46875 0.4324074074074074 0.4697916666666667 0.4296296296296297 0.4697916666666667 0.4115740740740741 0.4666666666666667 0.4055555555555556 0.4557291666666667 0.4069444444444445 0.4526041666666667 0.41111111111111115 0.4513020833333333 0.4171296296296297 0.4510416666666667 0.4291666666666667 0.45286458333333335 0.43472222222222223
1 0.5682291666666667 0.4986111111111111 0.5713541666666667 0.5 0.5809895833333334 0.4930555555555556 0.5859375 0.4930555555555556 0.59140625 0.49583333333333335 0.5934895833333333 0.4935185185185186 0.5945312500000001 0.48564814814814816 0.5921875000000001 0.4703703703703704 0.5888020833333334 0.4583333333333333 0.5856770833333333 0.4537037037037037 0.5747395833333333 0.45277777777777783 0.5697916666666667 0.45648148148148154 0.5674479166666667 0.45972222222222225 0.5661458333333333 0.4643518518518519 0.5653645833333334 0.47361111111111115 0.5682291666666667 0.4986111111111111
5 0.15052083333333335 0.8032407407407407 0.15208333333333335 0.813425925925926 0.15442708333333335 0.8185185185185185 0.1625 0.8212962962962963 0.16822916666666665 0.8254629629629631 0.17447916666666666 0.8231481481481482 0.20026041666666666 0.8212962962962963 0.20442708333333334 0.8175925925925926 0.20625000000000002 0.8125 0.20755208333333336 0.8032407407407407 0.21458333333333335 0.7939814814814815 0.22265625 0.7800925925925926 0.22578125000000002 0.7768518518518519 0.23072916666666665 0.775 0.234375 0.7717592592592594 0.2359375 0.7587962962962963 0.234375 0.738888888888889 0.2328125 0.7342592592592594 0.22994791666666667 0.7310185185185185 0.21979166666666666 0.7268518518518519 0.18541666666666667 0.725925925925926 0.17864583333333334 0.727314814814815 0.17500000000000002 0.7300925925925926 0.16796875 0.7407407407407407 0.16067708333333336 0.7578703703703704 0.15651041666666665 0.7703703703703704 0.15078125 0.7810185185185186 0.14973958333333334 0.7856481481481482 0.15052083333333335 0.8032407407407407
4 0.46328125000000003 0.39814814814814814 0.4653645833333333 0.39722222222222225 0.4666666666666667 0.39444444444444443 0.4666666666666667 0.38703703703703707 0.46328125000000003 0.37962962962962965 0.46067708333333335 0.37824074074074077 0.45625 0.3791666666666667 0.4526041666666667 0.3851851851851852 0.453125 0.39814814814814814 0.46328125000000003 0.39814814814814814
1 0.6244791666666667 0.8694444444444445 0.6255208333333334 0.8754629629629631 0.6286458333333333 0.9287037037037038 0.6302083333333334 0.9444444444444444 0.6335937500000001 0.963425925925926 0.64453125 0.963425925925926 0.6471354166666666 0.9615740740740741 0.66640625 0.9578703703703704 0.6747395833333334 0.9541666666666667 0.6960937500000001 0.950925925925926 0.7083333333333334 0.9458333333333334 0.7098958333333334 0.9439814814814815 0.7096354166666666 0.9356481481481482 0.7072916666666667 0.9166666666666666 0.7028645833333333 0.901388888888889 0.69921875 0.8773148148148148 0.69765625 0.8731481481481482 0.6963541666666666 0.863888888888889 0.6942708333333334 0.8564814814814815 0.6942708333333334 0.8527777777777779 0.6950520833333333 0.8513888888888889 0.7005208333333334 0.8486111111111112 0.70078125 0.8453703703703704 0.6994791666666667 0.8416666666666667 0.69140625 0.8393518518518519 0.6864583333333334 0.8296296296296297 0.6830729166666667 0.826851851851852 0.6583333333333334 0.8277777777777778 0.6393229166666666 0.8342592592592594 0.6294270833333334 0.8407407407407409 0.6260416666666666 0.8458333333333334 0.6247395833333333 0.8537037037037037 0.6223958333333334 0.8601851851851853 0.6223958333333334 0.8657407407407407 0.6244791666666667 0.8694444444444445
1 0.5499999999999999 0.38657407407407407 0.5539062499999999 0.387962962962963 0.5588541666666667 0.3805555555555556 0.5627604166666667 0.3773148148148148 0.5640625 0.3731481481481482 0.5606770833333333 0.3666666666666667 0.5565104166666667 0.36574074074074076 0.5505208333333333 0.3694444444444445 0.5494791666666666 0.3736111111111111 0.5492187500000001 0.3805555555555556 0.5499999999999999 0.38657407407407407
1 0.46796875 0.40370370370370373 0.4700520833333333 0.40601851851851856 0.4747395833333333 0.4046296296296297 0.47630208333333335 0.39722222222222225 0.47630208333333335 0.3893518518518519 0.4752604166666667 0.3824074074074075 0.47421875 0.3810185185185186 0.4703125 0.3805555555555556 0.46770833333333334 0.38703703703703707 0.46718750000000003 0.40092592592592596 0.46796875 0.40370370370370373
1 0.6955729166666667 0.4115740740740741 0.6994791666666667 0.4138888888888889 0.7125 0.4115740740740741 0.7153645833333334 0.4083333333333333 0.7151041666666667 0.4027777777777778 0.7122395833333334 0.39027777777777783 0.709375 0.38703703703703707 0.7026041666666667 0.38657407407407407 0.6986979166666667 0.387962962962963 0.6960937500000001 0.3907407407407408 0.69375 0.39722222222222225 0.6940104166666666 0.4083333333333333 0.6955729166666667 0.4115740740740741
8 0.3067708333333333 0.49259259259259264 0.30859375 0.4944444444444445 0.31145833333333334 0.4949074074074074 0.3140625 0.4930555555555556 0.3203125 0.4921296296296297 0.321875 0.48842592592592593 0.321875 0.47685185185185186 0.3203125 0.4708333333333333 0.31953125 0.46111111111111114 0.3184895833333333 0.45925925925925926 0.3158854166666667 0.45972222222222225 0.31328125 0.4625 0.3057291666666667 0.47731481481481486 0.3057291666666667 0.48842592592592593 0.3067708333333333 0.49259259259259264
8 0.32656250000000003 0.48564814814814816 0.32786458333333335 0.48935185185185187 0.33489583333333334 0.48842592592592593 0.3369791666666667 0.49120370370370375 0.3419270833333333 0.49120370370370375 0.35234375 0.48287037037037045 0.35234375 0.47175925925925927 0.3494791666666667 0.4574074074074075 0.3481770833333333 0.45509259259259266 0.3458333333333333 0.4537037037037037 0.3380208333333333 0.4541666666666667 0.3333333333333333 0.45601851851851855 0.3315104166666667 0.4583333333333333 0.32786458333333335 0.4587962962962963 0.3255208333333333 0.4615740740740741 0.32578125 0.47731481481481486 0.32656250000000003 0.48564814814814816
1 0.5570312500000001 0.39675925925925926 0.5604166666666667 0.39444444444444443 0.56640625 0.3930555555555556 0.5710937500000001 0.3949074074074075 0.5716145833333334 0.3893518518518519 0.5705729166666667 0.3837962962962963 0.5674479166666667 0.3791666666666667 0.5632812500000001 0.3773148148148148 0.5606770833333333 0.37824074074074077 0.5570312500000001 0.38287037037037036 0.5557291666666667 0.38657407407407407 0.5570312500000001 0.39675925925925926
1 0.5455729166666666 0.36250000000000004 0.5539062499999999 0.36342592592592593 0.5559895833333334 0.3592592592592593 0.5557291666666667 0.3509259259259259 0.5544270833333333 0.3453703703703704 0.5473958333333333 0.3449074074074074 0.54453125 0.350462962962963 0.5442708333333334 0.35833333333333334 0.5455729166666666 0.36250000000000004
1 0.5283854166666667 0.42824074074074076 0.5388020833333333 0.42638888888888893 0.5432291666666667 0.42824074074074076 0.5466145833333333 0.425462962962963 0.5466145833333333 0.4180555555555556 0.5450520833333333 0.4046296296296297 0.5437500000000001 0.39861111111111114 0.5421874999999999 0.39675925925925926 0.5354166666666667 0.3958333333333333 0.5296875000000001 0.3976851851851852 0.5276041666666667 0.40416666666666673 0.5270833333333333 0.41064814814814815 0.5268229166666667 0.425462962962963 0.5283854166666667 0.42824074074074076
8 0.5921875000000001 0.6361111111111112 0.59375 0.6402777777777778 0.59296875 0.6472222222222223 0.5942708333333334 0.6699074074074075 0.5945312500000001 0.6722222222222223 0.5966145833333334 0.675 0.5981770833333334 0.6814814814814816 0.5986979166666666 0.7194444444444444 0.6010416666666667 0.7263888888888889 0.6036458333333334 0.7277777777777779 0.6127604166666667 0.7268518518518519 0.6231770833333334 0.7226851851851853 0.63671875 0.7199074074074074 0.6432291666666666 0.7222222222222222 0.64765625 0.7222222222222222 0.65078125 0.7180555555555557 0.6515625 0.700925925925926 0.65 0.6717592592592593 0.6481770833333333 0.6574074074074074 0.6424479166666667 0.6337962962962963 0.6424479166666667 0.626388888888889 0.6447916666666667 0.6231481481481481 0.64375 0.6185185185185185 0.6403645833333333 0.6162037037037037 0.6372395833333334 0.6092592592592593 0.6348958333333334 0.6078703703703704 0.628125 0.6078703703703704 0.609375 0.611574074074074 0.5994791666666667 0.6162037037037037 0.5947916666666666 0.6268518518518519 0.5901041666666667 0.6300925925925925 0.58984375 0.6333333333333334 0.5921875000000001 0.6361111111111112
1 0.3138020833333333 0.5675925925925926 0.3174479166666667 0.5773148148148148 0.3208333333333333 0.5787037037037037 0.32786458333333335 0.5726851851851852 0.3315104166666667 0.5726851851851852 0.3346354166666667 0.5694444444444444 0.33880208333333334 0.5722222222222223 0.3416666666666667 0.575925925925926 0.3447916666666667 0.5745370370370371 0.3481770833333333 0.5625 0.3557291666666667 0.5587962962962963 0.35703125 0.5518518518518518 0.3559895833333333 0.5356481481481482 0.353125 0.5277777777777778 0.3450520833333333 0.5212962962962964 0.33177083333333335 0.5180555555555556 0.3244791666666667 0.5189814814814815 0.32109375 0.5212962962962964 0.31536458333333334 0.5361111111111112 0.3127604166666667 0.5472222222222223 0.3127604166666667 0.5620370370370371 0.3138020833333333 0.5675925925925926
4 0.5927083333333334 0.5990740740740741 0.5955729166666667 0.6004629629629631 0.5986979166666666 0.5967592592592593 0.6018229166666667 0.5953703703703703 0.6231770833333334 0.5912037037037037 0.6265625 0.5893518518518519 0.6283854166666667 0.5856481481481481 0.6286458333333333 0.5805555555555556 0.6270833333333334 0.5625 0.6213541666666667 0.5435185185185185 0.6216145833333334 0.5356481481481482 0.61328125 0.525 0.6088541666666667 0.5245370370370371 0.5945312500000001 0.5282407407407408 0.5903645833333333 0.5319444444444444 0.5848958333333334 0.5412037037037037 0.5848958333333334 0.5597222222222222 0.5927083333333334 0.5990740740740741
6 0.7268229166666667 0.41481481481481486 0.7268229166666667 0.4175925925925926 0.7359375 0.42870370370370375 0.7375 0.4416666666666667 0.7447916666666666 0.45972222222222225 0.7427083333333334 0.4740740740740741 0.7458333333333333 0.48888888888888893 0.7458333333333333 0.501388888888889 0.7468750000000001 0.5055555555555555 0.7481770833333334 0.5069444444444444 0.7546875000000001 0.5046296296296297 0.75625 0.5055555555555555 0.7619791666666667 0.5199074074074075 0.7690104166666667 0.5268518518518519 0.77265625 0.525925925925926 0.7768229166666667 0.5222222222222223 0.7895833333333334 0.5189814814814815 0.7932291666666667 0.5157407407407407 0.8002604166666667 0.5199074074074075 0.8036458333333334 0.5185185185185185 0.8046875 0.5166666666666667 0.8057291666666666 0.5106481481481482 0.80625 0.4976851851851852 0.8057291666666666 0.49120370370370375 0.8036458333333334 0.48333333333333334 0.7861979166666666 0.47314814814814815 0.7815104166666667 0.46898148148148155 0.7768229166666667 0.4620370370370371 0.76328125 0.45277777777777783 0.7619791666666667 0.42731481481481487 0.7604166666666666 0.4180555555555556 0.7583333333333334 0.39398148148148154 0.75390625 0.3930555555555556 0.7354166666666666 0.39537037037037037 0.7309895833333334 0.39722222222222225 0.7296875 0.40092592592592596 0.7294270833333334 0.4087962962962963 0.7268229166666667 0.41481481481481486
6 0.6815104166666667 0.4541666666666667 0.6828125 0.46111111111111114 0.6841145833333334 0.4740740740740741 0.68359375 0.49074074074074076 0.6856770833333334 0.5064814814814815 0.6885416666666666 0.5129629629629631 0.69296875 0.5138888888888888 0.6950520833333333 0.5166666666666667 0.6984375 0.5328703703703704 0.7028645833333333 0.538425925925926 0.7067708333333333 0.5402777777777777 0.7239583333333334 0.5310185185185186 0.74140625 0.5305555555555556 0.74453125 0.525925925925926 0.74609375 0.48750000000000004 0.7440104166666667 0.4777777777777778 0.7440104166666667 0.47314814814814815 0.7455729166666667 0.45972222222222225 0.7440104166666667 0.4574074074074075 0.7380208333333333 0.4398148148148148 0.7375 0.4319444444444445 0.7359375 0.425462962962963 0.73046875 0.4212962962962963 0.7255208333333334 0.42037037037037045 0.7203125 0.42314814814814816 0.7140625 0.4240740740740741 0.70625 0.42870370370370375 0.7010416666666667 0.42870370370370375 0.6890625 0.4319444444444445 0.6786458333333334 0.4416666666666667 0.67890625 0.44722222222222224 0.6815104166666667 0.4541666666666667
6 0.5625 0.43888888888888894 0.5640625 0.45509259259259266 0.5656249999999999 0.45787037037037037 0.56796875 0.4587962962962963 0.5716145833333334 0.4541666666666667 0.5848958333333334 0.450462962962963 0.5854166666666667 0.4449074074074075 0.5843750000000001 0.4393518518518519 0.5843750000000001 0.4199074074074074 0.5822916666666667 0.40416666666666673 0.5812499999999999 0.40231481481481485 0.5765625000000001 0.4013888888888889 0.5666666666666667 0.40370370370370373 0.5622395833333333 0.4078703703703704 0.5617187499999999 0.412962962962963 0.5625 0.43888888888888894
6 0.44140625 0.38333333333333336 0.4453125 0.38472222222222224 0.4518229166666667 0.38425925925925924 0.4546875 0.3805555555555556 0.4604166666666667 0.37638888888888894 0.4596354166666667 0.3689814814814815 0.4565104166666667 0.3652777777777778 0.45156250000000003 0.36574074074074076 0.44609375 0.36342592592592593 0.44036458333333334 0.36620370370370375 0.4385416666666667 0.37083333333333335 0.4385416666666667 0.3805555555555556 0.44140625 0.38333333333333336
7 0.7989583333333334 0.47731481481481486 0.8057291666666666 0.4847222222222222 0.8080729166666667 0.49537037037037035 0.8177083333333334 0.5060185185185185 0.8210937500000001 0.5143518518518518 0.83359375 0.5291666666666667 0.8419270833333334 0.5282407407407408 0.8486979166666666 0.5236111111111111 0.8528645833333334 0.5268518518518519 0.8591145833333333 0.5361111111111112 0.878125 0.5523148148148148 0.8799479166666666 0.5564814814814815 0.8817708333333334 0.5680555555555555 0.8838541666666666 0.5745370370370371 0.8869791666666667 0.5777777777777778 0.8932291666666666 0.5791666666666667 0.8973958333333334 0.5851851851851853 0.90078125 0.5879629629629629 0.9046875 0.5865740740740741 0.9119791666666667 0.5976851851851852 0.9151041666666666 0.5981481481481482 0.9213541666666667 0.5953703703703703 0.9260416666666667 0.5925925925925926 0.9322916666666666 0.5856481481481481 0.9440104166666666 0.5847222222222223 0.9471354166666667 0.5810185185185185 0.953125 0.5791666666666667 0.95625 0.5745370370370371 0.9565104166666667 0.5675925925925926 0.95546875 0.5606481481481482 0.9549479166666667 0.5458333333333334 0.9567708333333333 0.5365740740740741 0.9567708333333333 0.5324074074074074 0.9497395833333334 0.5194444444444445 0.9427083333333334 0.5111111111111112 0.9388020833333334 0.5106481481481482 0.9307291666666666 0.5037037037037038 0.9229166666666666 0.5 0.9171875 0.4949074074074074 0.9106770833333334 0.49259259259259264 0.9044270833333334 0.48842592592592593 0.89765625 0.4865740740740741 0.878125 0.47361111111111115 0.8692708333333334 0.4699074074074074 0.8591145833333333 0.46342592592592596 0.8523437500000001 0.4638888888888889 0.8471354166666667 0.46620370370370373 0.84296875 0.46620370370370373 0.8401041666666667 0.4643518518518519 0.8377604166666667 0.4587962962962963 0.8367187500000001 0.4532407407407408 0.8367187500000001 0.4476851851851852 0.8390625 0.4351851851851852 0.8388020833333334 0.42685185185185187 0.8369791666666666 0.41851851851851857 0.8361979166666667 0.4078703703703704 0.8348958333333334 0.40416666666666673 0.8119791666666667 0.4046296296296297 0.80390625 0.4074074074074074 0.8 0.41851851851851857 0.7981770833333334 0.42870370370370375 0.7979166666666666 0.4638888888888889 0.7989583333333334 0.47731481481481486
6 0.4393229166666667 0.3810185185185186 0.4432291666666667 0.3837962962962963 0.4502604166666667 0.38472222222222224 0.45625 0.3791666666666667 0.4625 0.37638888888888894 0.4611979166666667 0.3717592592592593 0.4614583333333333 0.3666666666666667 0.4661458333333333 0.3592592592592593 0.4635416666666667 0.35185185185185186 0.44895833333333335 0.3513888888888889 0.4427083333333333 0.35787037037037045 0.4390625 0.3680555555555556 0.4385416666666667 0.3791666666666667 0.4393229166666667 0.3810185185185186
6 0.4752604166666667 0.38703703703703707 0.47500000000000003 0.40092592592592596 0.4770833333333333 0.4115740740740741 0.4838541666666667 0.41250000000000003 0.4895833333333333 0.41111111111111115 0.4903645833333333 0.40648148148148155 0.4903645833333333 0.39027777777777783 0.4893229166666667 0.3791666666666667 0.4869791666666667 0.37638888888888894 0.4799479166666667 0.37638888888888894 0.47500000000000003 0.3805555555555556 0.47421875 0.38333333333333336 0.4752604166666667 0.38703703703703707
6 0.3966145833333333 0.6162037037037037 0.39739583333333334 0.6194444444444445 0.4145833333333333 0.625925925925926 0.4354166666666667 0.6212962962962963 0.4390625 0.6157407407407407 0.4458333333333333 0.5916666666666667 0.44609375 0.5620370370370371 0.4458333333333333 0.5606481481481482 0.4419270833333333 0.5583333333333333 0.4377604166666667 0.5537037037037037 0.4296875 0.5486111111111112 0.4263020833333333 0.5398148148148149 0.42161458333333335 0.5398148148148149 0.4153645833333333 0.549537037037037 0.4075520833333333 0.5569444444444445 0.40468750000000003 0.5615740740740741 0.3963541666666667 0.5824074074074075 0.3971354166666667 0.6083333333333334 0.3966145833333333 0.6162037037037037
6 0.46067708333333335 0.3777777777777778 0.4666666666666667 0.3851851851851852 0.4705729166666667 0.37962962962962965 0.4700520833333333 0.36481481481481487 0.465625 0.362962962962963 0.45989583333333334 0.36620370370370375 0.4596354166666667 0.375 0.46067708333333335 0.3777777777777778
6 0.7463541666666667 0.4805555555555556 0.7471354166666666 0.48333333333333334 0.7471354166666666 0.5023148148148148 0.7479166666666667 0.5041666666666667 0.7507812500000001 0.5050925925925926 0.7549479166666666 0.5023148148148148 0.7596354166666667 0.5129629629629631 0.7609375 0.5185185185185185 0.7674479166666667 0.525925925925926 0.7690104166666667 0.5273148148148148 0.7723958333333334 0.5263888888888889 0.7760416666666666 0.5226851851851853 0.7825520833333334 0.5199074074074075 0.7901041666666666 0.5189814814814815 0.7927083333333333 0.5162037037037037 0.8 0.5203703703703704 0.8036458333333334 0.5194444444444445 0.8052083333333334 0.5162037037037037 0.80625 0.4949074074074074 0.8041666666666667 0.48287037037037045 0.7888020833333333 0.475462962962963 0.7809895833333333 0.46851851851851856 0.7765625 0.4620370370370371 0.7658854166666667 0.45509259259259266 0.7614583333333333 0.4541666666666667 0.7546875000000001 0.4555555555555556 0.7468750000000001 0.45972222222222225 0.7471354166666666 0.4722222222222222 0.7463541666666667 0.4805555555555556
6 0.7263020833333333 0.41481481481481486 0.7263020833333333 0.4180555555555556 0.7294270833333334 0.4217592592592593 0.7333333333333334 0.4240740740740741 0.7361979166666667 0.42870370370370375 0.7377604166666667 0.44120370370370376 0.7442708333333334 0.45601851851851855 0.7481770833333334 0.45787037037037037 0.753125 0.4555555555555556 0.7598958333333334 0.45462962962962966 0.7622395833333334 0.45277777777777783 0.7627604166666666 0.4481481481481482 0.7619791666666667 0.4240740740740741 0.7583333333333334 0.39351851851851855 0.7346354166666667 0.3949074074074075 0.7309895833333334 0.3962962962962963 0.7296875 0.3995370370370371 0.7294270833333334 0.4078703703703704 0.7263020833333333 0.41481481481481486
3 0.13333333333333333 0.6472222222222223 0.13463541666666667 0.6481481481481481 0.14088541666666668 0.6476851851851853 0.14661458333333333 0.6421296296296297 0.15104166666666666 0.6407407407407407 0.15182291666666667 0.6375000000000001 0.15078125 0.626388888888889 0.14739583333333334 0.6208333333333333 0.13671875 0.6222222222222222 0.13359374999999998 0.6254629629629629 0.13177083333333334 0.6296296296296297 0.13255208333333335 0.6444444444444445 0.13333333333333333 0.6472222222222223
3 0.0609375 0.699537037037037 0.0609375 0.7032407407407407 0.05625 0.7037037037037037 0.054427083333333334 0.7064814814814815 0.054947916666666666 0.7111111111111112 0.05651041666666667 0.7129629629629629 0.059895833333333336 0.7129629629629629 0.062239583333333334 0.7152777777777778 0.07447916666666668 0.7148148148148148 0.07630208333333333 0.7041666666666666 0.07578125000000001 0.699537037037037 0.06979166666666667 0.6870370370370371 0.06406250000000001 0.6833333333333333 0.062239583333333334 0.6958333333333334 0.0609375 0.699537037037037
3 0.7984375 0.5740740740740741 0.8028645833333334 0.5763888888888888 0.8072916666666666 0.5847222222222223 0.8111979166666666 0.5861111111111111 0.8140625 0.5740740740740741 0.8119791666666667 0.549537037037037 0.8106770833333334 0.5472222222222223 0.8080729166666667 0.5486111111111112 0.8002604166666667 0.5472222222222223 0.7986979166666667 0.55 0.79921875 0.5675925925925926 0.7984375 0.5740740740740741
3 0.022395833333333334 0.7180555555555557 0.02395833333333333 0.7236111111111112 0.029427083333333333 0.7333333333333334 0.03307291666666667 0.7328703703703704 0.04348958333333334 0.7393518518518519 0.047135416666666666 0.738888888888889 0.047656250000000004 0.7222222222222222 0.04453125 0.7097222222222223 0.0390625 0.7083333333333334 0.03307291666666667 0.700925925925926 0.026302083333333334 0.6949074074074074 0.022135416666666668 0.6939814814814815 0.02057291666666667 0.6958333333333334 0.0203125 0.7013888888888888 0.022395833333333334 0.7180555555555557
3 0.08203125 0.675 0.08359375000000001 0.6787037037037037 0.08671875 0.6819444444444445 0.09348958333333333 0.6847222222222222 0.10260416666666668 0.6856481481481481 0.10494791666666667 0.6833333333333333 0.10572916666666668 0.6796296296296297 0.10494791666666667 0.6712962962962963 0.10260416666666668 0.6648148148148147 0.09895833333333333 0.6592592592592593 0.09531250000000001 0.6578703703703703 0.09140625000000001 0.6601851851851852 0.08697916666666668 0.6537037037037038 0.08489583333333334 0.6467592592592594 0.08151041666666667 0.6467592592592594 0.08098958333333334 0.6481481481481481 0.08072916666666667 0.6652777777777779 0.08203125 0.675
3 0.4330729166666667 0.45231481481481484 0.4348958333333333 0.45462962962962966 0.43723958333333335 0.4532407407407408 0.4385416666666667 0.44583333333333336 0.4375 0.43888888888888894 0.4354166666666667 0.43703703703703706 0.4322916666666667 0.4375 0.4307291666666667 0.4398148148148148 0.4307291666666667 0.4444444444444444 0.4330729166666667 0.45231481481481484
3 0.00390625 0.7481481481481482 0.008333333333333333 0.7518518518518519 0.01901041666666667 0.7527777777777779 0.024739583333333332 0.7555555555555556 0.028125 0.7546296296296297 0.029687500000000002 0.7523148148148148 0.030208333333333334 0.7375 0.02369791666666667 0.7231481481481482 0.022395833333333334 0.7217592592592593 0.01979166666666667 0.725925925925926 0.014322916666666666 0.7291666666666666 0.011979166666666666 0.7277777777777779 0.008072916666666667 0.7217592592592593 0.004947916666666667 0.7120370370370371 0.0026041666666666665 0.7125 0.0020833333333333333 0.7143518518518519 0.0026041666666666665 0.7425925925925926 0.00390625 0.7481481481481482
3 0.6053481770833332 0.3671638888888889 0.60873359375 0.3690157407407408 0.6092544270833332 0.3569787037037037 0.60717109375 0.3546638888888889 0.6050877604166666 0.35512685185185183 0.6045669270833334 0.3583675925925926 0.6053481770833332 0.3671638888888889
3 0.5161458333333333 0.48750000000000004 0.5190104166666667 0.49259259259259264 0.5205729166666667 0.4916666666666667 0.5218750000000001 0.487962962962963 0.5223958333333334 0.4699074074074074 0.5179687500000001 0.46851851851851856 0.5145833333333334 0.4703703703703704 0.5143229166666666 0.47361111111111115 0.5161458333333333 0.48750000000000004
3 0.06432291666666667 0.6898148148148148 0.06979166666666667 0.6916666666666667 0.07708333333333334 0.702314814814815 0.08411458333333333 0.7050925925925926 0.08645833333333333 0.7032407407407407 0.08750000000000001 0.6967592592592593 0.08645833333333333 0.6875 0.08255208333333333 0.6773148148148148 0.08151041666666667 0.6763888888888888 0.07552083333333333 0.6796296296296297 0.07161458333333333 0.6791666666666667 0.06588541666666667 0.6662037037037037 0.06406250000000001 0.6648148148148147 0.06276041666666667 0.6680555555555556 0.06276041666666667 0.6787037037037037 0.06432291666666667 0.6898148148148148
3 0.49114583333333334 0.3837962962962963 0.4921875 0.38333333333333336 0.4940104166666667 0.38009259259259265 0.49453125000000003 0.3736111111111111 0.49114583333333334 0.3689814814814815 0.4895833333333333 0.3726851851851852 0.4901041666666667 0.3805555555555556 0.49114583333333334 0.3837962962962963
3 0.09739583333333333 0.6583333333333334 0.10572916666666668 0.6675925925925926 0.109375 0.6666666666666666 0.11614583333333334 0.6726851851851853 0.11822916666666668 0.6703703703703704 0.12005208333333334 0.6620370370370371 0.11979166666666667 0.6532407407407407 0.11848958333333333 0.6504629629629629 0.11744791666666668 0.6439814814814815 0.10963541666666668 0.626388888888889 0.10885416666666667 0.626388888888889 0.10755208333333333 0.6300925925925925 0.10703125000000001 0.6402777777777778 0.10520833333333333 0.6425925925925926 0.10234375 0.6435185185185185 0.09869791666666668 0.6393518518518518 0.09531250000000001 0.638425925925926 0.09531250000000001 0.6527777777777778 0.09739583333333333 0.6583333333333334
2 0.49074074074074076 0.37037037037037035 0.4930555555555556 0.37037037037037035 0.4930555555555556 0.37962962962962965 0.49074074074074076 0.3819444444444444 0.49074074074074076 0.3726851851851852
2 0.5162037037037037 0.45601851851851855 0.5185185185185185 0.45601851851851855 0.5208333333333334 0.46064814814814814 0.5208333333333334 0.4722222222222222 0.5185185185185185 0.4699074074074074 0.5162037037037037 0.4722222222222222 0.5138888888888888 0.4699074074074074 0.5162037037037037 0.4583333333333333
2 0.6064814814814815 0.35648148148148145 0.6087962962962963 0.35648148148148145 0.6087962962962963 0.3680555555555556 0.6064814814814815 0.3680555555555556 0.6064814814814815 0.3587962962962963
2 0.43287037037037035 0.42824074074074076 0.4351851851851852 0.42824074074074076 0.4351851851851852 0.43287037037037035 0.4375 0.4351851851851852 0.4375 0.4444444444444444 0.4351851851851852 0.44907407407407407 0.4305555555555556 0.4398148148148148 0.43287037037037035 0.4305555555555556
2 0.3888888888888889 0.37037037037037035 0.39814814814814814 0.3888888888888889 0.3958333333333333 0.3912037037037037 0.39351851851851855 0.4027777777777778 0.38657407407407407 0.4027777777777778 0.38657407407407407 0.3726851851851852
2 0.38657407407407407 0.41435185185185186 0.3912037037037037 0.41435185185185186 0.3912037037037037 0.43287037037037035 0.3888888888888889 0.4351851851851852 0.38657407407407407 0.4351851851851852 0.38657407407407407 0.4166666666666667
2 0.40046296296296297 0.4097222222222222 0.4027777777777778 0.41203703703703703 0.4027777777777778 0.4305555555555556 0.40046296296296297 0.43287037037037035 0.3958333333333333 0.4305555555555556 0.39814814814814814 0.42592592592592593 0.39351851851851855 0.4166666666666667 0.39814814814814814 0.41203703703703703
2 0.8055555555555556 0.5277777777777778 0.8078703703703703 0.5277777777777778 0.8101851851851852 0.5324074074074074 0.8101851851851852 0.5509259259259259 0.8009259259259259 0.5671296296296297 0.8032407407407407 0.5694444444444444 0.8032407407407407 0.5740740740740741 0.7986111111111112 0.5740740740740741 0.7986111111111112 0.5694444444444444 0.8009259259259259 0.5671296296296297 0.8009259259259259 0.5625 0.7986111111111112 0.5601851851851852 0.7986111111111112 0.5416666666666666 0.8032407407407407 0.5370370370370371 0.8032407407407407 0.5324074074074074 0.8055555555555556 0.5300925925925926
2 0.43287037037037035 0.42824074074074076 0.4351851851851852 0.42824074074074076 0.4351851851851852 0.43287037037037035 0.4375 0.4351851851851852 0.4375 0.4398148148148148 0.4351851851851852 0.44212962962962965 0.4305555555555556 0.4375 0.43287037037037035 0.4305555555555556
2 0.8055555555555556 0.5277777777777778 0.8078703703703703 0.5277777777777778 0.8101851851851852 0.5324074074074074 0.8101851851851852 0.5486111111111112 0.8078703703703703 0.5509259259259259 0.8032407407407407 0.5509259259259259 0.7986111111111112 0.5462962962962963 0.8055555555555556 0.5300925925925926
2 0.5578703703703703 0.4074074074074074 0.5601851851851852 0.4074074074074074 0.5601851851851852 0.42824074074074076 0.5578703703703703 0.42824074074074076 0.5578703703703703 0.4097222222222222
2 0.6087962962962963 0.3449074074074074 0.6111111111111112 0.3449074074074074 0.6111111111111112 0.35648148148148145 0.6064814814814815 0.35648148148148145 0.6064814814814815 0.34953703703703703 0.6087962962962963 0.3472222222222222
2 0.4930555555555556 0.36574074074074076 0.49537037037037035 0.36574074074074076 0.49537037037037035 0.375 0.4930555555555556 0.375 0.4930555555555556 0.3680555555555556
2 0.22453703703703703 0.5648148148148148 0.22685185185185186 0.5671296296296297 0.22685185185185186 0.5763888888888888 0.22916666666666666 0.5787037037037037 0.22916666666666666 0.5972222222222222 0.22685185185185186 0.5995370370370371 0.2222222222222222 0.5972222222222222 0.2222222222222222 0.5671296296296297