4 0.6789930555555556 0.6083333333333334 0.6835069444444444 0.6141975308641975 0.6878472222222222 0.6265432098765432 0.6878472222222222 0.633641975308642 0.6871527777777777 0.6404320987654322 0.6855902777777778 0.6441358024691358 0.6854166666666666 0.6518518518518519 0.6859375 0.6537037037037037 0.6859375 0.6586419753086419 0.6866319444444444 0.6608024691358024 0.6868055555555556 0.66820987654321 0.6883680555555556 0.6746913580246913 0.6880208333333333 0.6808641975308641 0.6885416666666666 0.686111111111111 0.6897569444444444 0.6925925925925925 0.6914930555555555 0.6969135802469135 0.6979166666666666 0.7003086419753086 0.7005208333333334 0.7040123456790123 0.703125 0.717283950617284 0.7059027777777778 0.721604938271605 0.709548611111111 0.7246913580246913 0.7135416666666666 0.7246913580246913 0.715798611111111 0.7237654320987654 0.7180555555555556 0.720679012345679 0.7206597222222222 0.7191358024691359 0.732986111111111 0.725 0.7409722222222221 0.7311728395061728 0.7496527777777777 0.7358024691358025 0.7517361111111112 0.7382716049382716 0.7539930555555555 0.7388888888888888 0.7583333333333333 0.7425925925925926 0.7602430555555556 0.7432098765432099 0.764236111111111 0.75 0.765625 0.7555555555555555 0.7690972222222222 0.7611111111111112 0.7734375 0.7641975308641975 0.778298611111111 0.7641975308641975 0.7802083333333334 0.7629629629629631 0.7833333333333333 0.7580246913580246 0.7862847222222222 0.7564814814814815 0.7930555555555555 0.758641975308642 0.8086805555555555 0.7589506172839506 0.8138888888888888 0.7564814814814815 0.8152777777777778 0.7537037037037038 0.81875 0.7521604938271605 0.8215277777777777 0.7490740740740741 0.8222222222222222 0.7453703703703703 0.8222222222222222 0.7345679012345678 0.8211805555555556 0.7299382716049382 0.8210069444444444 0.7253086419753086 0.8185763888888888 0.7179012345679012 0.8121527777777777 0.7083333333333334 0.8041666666666666 0.7018518518518518 0.7956597222222221 0.6972222222222222 0.7927083333333333 0.6898148148148148 0.7885416666666666 0.682716049382716 0.7862847222222222 0.6759259259259259 0.7814236111111111 0.6688271604938272 0.7814236111111111 0.6620370370370371 0.7802083333333334 0.6527777777777778 0.7786458333333334 0.6481481481481481 0.7765624999999999 0.6376543209876543 0.7732638888888889 0.6305555555555555 0.7723958333333334 0.6234567901234568 0.7692708333333333 0.6160493827160494 0.7659722222222222 0.6138888888888888 0.7628472222222222 0.6138888888888888 0.759375 0.6120370370370369 0.756423611111111 0.6117283950617284 0.7526041666666666 0.6089506172839506 0.7475694444444444 0.6074074074074074 0.7458333333333333 0.6055555555555556 0.740798611111111 0.6040123456790124 0.7321180555555555 0.5990740740740741 0.7234375 0.596604938271605 0.7171875 0.5929012345679012 0.7137152777777778 0.592283950617284 0.6993055555555555 0.5929012345679012 0.6949652777777777 0.5944444444444444 0.6883680555555556 0.5950617283950618 0.6817708333333333 0.5981481481481481 0.6793402777777777 0.6024691358024691 0.6788194444444444 0.6046296296296296 0.6789930555555556 0.6083333333333334
6 0.26197916666666665 0.7367283950617284 0.26197916666666665 0.7416666666666666 0.26284722222222223 0.7450617283950618 0.26319444444444445 0.7515432098765432 0.2647569444444444 0.7549382716049382 0.2673611111111111 0.7641975308641975 0.2739583333333333 0.7756172839506172 0.2767361111111111 0.7830246913580247 0.27725694444444443 0.7851851851851852 0.2769097222222222 0.796604938271605 0.27760416666666665 0.8015432098765432 0.2791666666666667 0.807716049382716 0.28281249999999997 0.8141975308641975 0.2864583333333333 0.8145061728395062 0.2911458333333333 0.8104938271604938 0.29583333333333334 0.8098765432098766 0.3034722222222222 0.8070987654320988 0.3114583333333333 0.80679012345679 0.3185763888888889 0.8046296296296297 0.32135416666666666 0.8009259259259259 0.325 0.7987654320987654 0.3305555555555555 0.7981481481481482 0.3383680555555555 0.7950617283950616 0.3421875 0.7870370370370371 0.3427083333333333 0.7824074074074074 0.3427083333333333 0.7654320987654322 0.3420138888888889 0.7580246913580246 0.3407986111111111 0.7549382716049382 0.3409722222222222 0.7419753086419753 0.33993055555555557 0.7376543209876544 0.33923611111111107 0.7308641975308642 0.33923611111111107 0.7194444444444444 0.33871527777777777 0.717283950617284 0.3390625 0.6996913580246913 0.3380208333333333 0.6969135802469135 0.3378472222222222 0.692283950617284 0.3371527777777778 0.6895061728395062 0.3350694444444444 0.6858024691358025 0.3331597222222222 0.6851851851851852 0.3303819444444444 0.6820987654320988 0.3251736111111111 0.671604938271605 0.3206597222222222 0.6645061728395062 0.3161458333333333 0.6629629629629629 0.3076388888888889 0.6629629629629629 0.2977430555555556 0.6645061728395062 0.2881944444444444 0.6666666666666666 0.2798611111111111 0.6728395061728395 0.2756944444444444 0.6725308641975308 0.2734375 0.674074074074074 0.2720486111111111 0.6759259259259259 0.2710069444444444 0.6820987654320988 0.2713541666666667 0.6864197530864197 0.2708333333333333 0.6969135802469135 0.271875 0.7061728395061728 0.2713541666666667 0.7089506172839506 0.2704861111111111 0.7111111111111111 0.2642361111111111 0.7166666666666667 0.26284722222222223 0.721604938271605 0.2630208333333333 0.7311728395061728 0.26197916666666665 0.7367283950617284
1 0.7869791666666666 0.4703703703703703 0.7894097222222222 0.4719135802469136 0.7934027777777778 0.4719135802469136 0.8027777777777778 0.4743827160493827 0.8116319444444444 0.47469135802469137 0.8133680555555556 0.47345679012345676 0.8144097222222222 0.4691358024691358 0.8144097222222222 0.462037037037037 0.8137152777777777 0.45925925925925926 0.811111111111111 0.45709876543209876 0.8079861111111112 0.4561728395061728 0.7942708333333334 0.4561728395061728 0.7894097222222222 0.4583333333333333 0.7883680555555556 0.45925925925925926 0.7871527777777778 0.46234567901234563 0.7866319444444444 0.46512345679012346 0.7869791666666666 0.4703703703703703
1 0.29374999999999996 0.6052469135802468 0.2956597222222222 0.6092592592592593 0.2991319444444444 0.6138888888888888 0.3003472222222222 0.6179012345679012 0.3038194444444444 0.6234567901234568 0.3078125 0.6234567901234568 0.30850694444444443 0.6222222222222222 0.3097222222222222 0.6120370370370369 0.3137152777777778 0.6058641975308642 0.31649305555555557 0.5996913580246913 0.3177083333333333 0.5984567901234568 0.3222222222222222 0.5993827160493828 0.3251736111111111 0.5975308641975309 0.3284722222222222 0.5932098765432099 0.33142361111111107 0.5858024691358025 0.3307291666666667 0.5811728395061728 0.3258680555555556 0.5731481481481482 0.3222222222222222 0.5694444444444444 0.3189236111111111 0.5688271604938271 0.3072916666666667 0.5691358024691359 0.30277777777777776 0.5712962962962963 0.29965277777777777 0.5734567901234567 0.2980902777777778 0.5762345679012346 0.2961805555555555 0.5777777777777777 0.29305555555555557 0.5848765432098765 0.2925347222222222 0.5932098765432099 0.29374999999999996 0.6052469135802468
1 0.309375 0.8570987654320987 0.30746527777777777 0.8626543209876544 0.3064236111111111 0.8712962962962962 0.3069444444444444 0.8901234567901234 0.3081597222222222 0.9052469135802469 0.3100694444444444 0.9114197530864198 0.3126736111111111 0.9141975308641975 0.3159722222222222 0.9206790123456791 0.3194444444444444 0.932716049382716 0.3229166666666667 0.9385802469135802 0.325 0.95 0.32795138888888886 0.9561728395061728 0.32916666666666666 0.9799382716049382 0.32968749999999997 0.985185185185185 0.3307291666666667 0.987962962962963 0.3315972222222222 0.9938271604938271 0.3350694444444444 0.9929012345679012 0.33871527777777777 0.9932098765432099 0.34184027777777776 0.9959876543209876 0.3446180555555556 0.9969135802469137 0.36093749999999997 0.9959876543209876 0.3661458333333333 0.9947530864197531 0.3680555555555556 0.9932098765432099 0.3734375 0.9916666666666666 0.3776041666666667 0.9888888888888888 0.3805555555555556 0.9882716049382716 0.3871527777777778 0.985185185185185 0.38871527777777776 0.983641975308642 0.3980902777777778 0.9799382716049382 0.4057291666666667 0.9746913580246913 0.40902777777777777 0.9703703703703703 0.41006944444444443 0.9669753086419753 0.41024305555555557 0.9459876543209877 0.4088541666666667 0.9219135802469135 0.4065972222222222 0.9148148148148147 0.4057291666666667 0.9089506172839507 0.40243055555555557 0.899074074074074 0.4008680555555555 0.8904320987654322 0.3979166666666667 0.8833333333333334 0.3949652777777778 0.878395061728395 0.3942708333333333 0.875 0.3897569444444444 0.8645061728395061 0.3883680555555556 0.857716049382716 0.38437499999999997 0.85 0.3810763888888889 0.8385802469135802 0.3786458333333333 0.8342592592592593 0.37604166666666666 0.832716049382716 0.3732638888888889 0.8290123456790123 0.3697916666666667 0.8268518518518518 0.3597222222222222 0.8253086419753086 0.34184027777777776 0.8268518518518518 0.32447916666666665 0.8342592592592593 0.3234375 0.8358024691358025 0.3112847222222222 0.8438271604938271 0.3100694444444444 0.8450617283950618 0.30850694444444443 0.8487654320987654 0.30850694444444443 0.8521604938271605 0.309375 0.8570987654320987
5 0.14479166666666665 0.5611111111111111 0.14531249999999998 0.5641975308641975 0.14756944444444445 0.5685185185185185 0.15034722222222222 0.5641975308641975 0.1512152777777778 0.5608024691358025 0.15434027777777778 0.5558641975308641 0.16371527777777775 0.5530864197530865 0.16961805555555554 0.5524691358024691 0.17152777777777775 0.5506172839506173 0.1717013888888889 0.5447530864197531 0.17083333333333334 0.5404320987654321 0.1689236111111111 0.5373456790123456 0.16805555555555554 0.5370370370370371 0.16597222222222222 0.5330246913580247 0.1579861111111111 0.5317901234567901 0.15520833333333334 0.533641975308642 0.15069444444444444 0.5348765432098765 0.14930555555555555 0.5401234567901235 0.1472222222222222 0.5425925925925926 0.14531249999999998 0.5496913580246914 0.14479166666666665 0.553395061728395 0.14479166666666665 0.5611111111111111
1 0.1560763888888889 0.6012345679012346 0.15625 0.6092592592592593 0.1578125 0.6108024691358025 0.1690972222222222 0.6104938271604938 0.1736111111111111 0.6092592592592593 0.1857638888888889 0.6092592592592593 0.1876736111111111 0.6080246913580247 0.18871527777777775 0.6058641975308642 0.18871527777777775 0.5959876543209875 0.18663194444444445 0.5898148148148148 0.1857638888888889 0.5839506172839506 0.18489583333333334 0.582716049382716 0.18350694444444443 0.5777777777777777 0.17916666666666664 0.5740740740740741 0.1704861111111111 0.5746913580246913 0.16145833333333334 0.5768518518518518 0.16041666666666665 0.5777777777777777 0.15850694444444444 0.5820987654320988 0.1560763888888889 0.5929012345679012 0.15555555555555556 0.5993827160493828 0.1560763888888889 0.6012345679012346
1 0.65625 0.8185185185185185 0.6578125 0.8228395061728394 0.6593749999999999 0.8243827160493827 0.6609375 0.8280864197530865 0.6623263888888888 0.8287037037037037 0.6638888888888889 0.8311728395061728 0.6657986111111112 0.8447530864197531 0.6682291666666667 0.8527777777777777 0.6715277777777777 0.8561728395061728 0.6741319444444444 0.8570987654320987 0.676736111111111 0.8564814814814815 0.6795138888888889 0.8530864197530863 0.6828124999999999 0.8530864197530863 0.6894097222222222 0.8583333333333334 0.6958333333333333 0.8654320987654321 0.7013888888888888 0.8691358024691357 0.709375 0.878395061728395 0.7182291666666666 0.8851851851851852 0.7217013888888888 0.8901234567901234 0.7244791666666666 0.8916666666666666 0.7263888888888889 0.8941358024691358 0.7291666666666666 0.9015432098765431 0.7295138888888888 0.9049382716049382 0.732986111111111 0.9148148148148147 0.7373263888888888 0.9200617283950616 0.7409722222222221 0.921604938271605 0.7550347222222222 0.9203703703703704 0.7604166666666666 0.9222222222222222 0.7685763888888888 0.9234567901234568 0.7824652777777777 0.9231481481481482 0.7970486111111111 0.9169753086419753 0.8041666666666666 0.9086419753086419 0.8059027777777777 0.9049382716049382 0.8059027777777777 0.8941358024691358 0.8053819444444444 0.8904320987654322 0.8059027777777777 0.8787037037037038 0.8045138888888889 0.8722222222222222 0.8041666666666666 0.866358024691358 0.8013888888888888 0.857716049382716 0.7980902777777777 0.8521604938271605 0.7878472222222221 0.8401234567901235 0.7836805555555556 0.8333333333333334 0.7791666666666666 0.8296296296296296 0.7751736111111112 0.8240740740740741 0.7732638888888889 0.8185185185185185 0.7729166666666666 0.8108024691358025 0.7694444444444444 0.8101851851851852 0.7654513888888889 0.8070987654320988 0.7526041666666666 0.7891975308641975 0.7505208333333333 0.7879629629629629 0.7454861111111112 0.7817901234567901 0.7385416666666667 0.7771604938271606 0.7328125 0.7712962962962963 0.7243055555555555 0.7669753086419753 0.7135416666666666 0.7635802469135803 0.6956597222222222 0.7645061728395062 0.6921875 0.7654320987654322 0.6899305555555556 0.7638888888888888 0.6822916666666666 0.7632716049382716 0.6732638888888888 0.7648148148148147 0.6633680555555556 0.7691358024691358 0.6612847222222222 0.7712962962962963 0.6579861111111112 0.7774691358024691 0.6567708333333333 0.782716049382716 0.6565972222222222 0.7919753086419753 0.6555555555555556 0.8009259259259259 0.6555555555555556 0.8148148148148148 0.65625 0.8185185185185185
1 0.23124999999999998 0.6305555555555555 0.23229166666666665 0.6333333333333334 0.2342013888888889 0.6444444444444444 0.23819444444444443 0.6432098765432099 0.240625 0.6385802469135803 0.24444444444444444 0.6351851851851852 0.25104166666666666 0.6320987654320988 0.2595486111111111 0.6305555555555555 0.2659722222222222 0.6305555555555555 0.2699652777777778 0.628395061728395 0.271875 0.6271604938271605 0.27118055555555554 0.6228395061728395 0.27291666666666664 0.6203703703703703 0.27291666666666664 0.6160493827160494 0.2717013888888889 0.612962962962963 0.26961805555555557 0.6101851851851853 0.2670138888888889 0.5981481481481481 0.2630208333333333 0.5907407407407407 0.25902777777777775 0.5882716049382716 0.25156249999999997 0.5879629629629629 0.2486111111111111 0.5901234567901235 0.24305555555555555 0.5904320987654321 0.2378472222222222 0.5929012345679012 0.2361111111111111 0.5959876543209875 0.2347222222222222 0.6027777777777777 0.23194444444444445 0.6083333333333334 0.2315972222222222 0.6123456790123456 0.23072916666666665 0.6141975308641975 0.23055555555555554 0.6203703703703703 0.23124999999999998 0.6305555555555555
1 0.15104166666666666 0.5345679012345679 0.1548611111111111 0.5342592592592592 0.15763888888888888 0.532716049382716 0.16197916666666665 0.532716049382716 0.16649305555555555 0.5348765432098765 0.16701388888888888 0.5364197530864198 0.1690972222222222 0.5385802469135802 0.1720486111111111 0.5388888888888889 0.1722222222222222 0.5296296296296296 0.17152777777777775 0.5256172839506172 0.1706597222222222 0.5249999999999999 0.16961805555555554 0.5222222222222223 0.16545138888888888 0.5179012345679012 0.1623263888888889 0.5169753086419754 0.15381944444444445 0.5179012345679012 0.14947916666666666 0.5212962962962963 0.14704861111111112 0.5256172839506172 0.14687499999999998 0.5299382716049382 0.15104166666666666 0.5345679012345679
1 0.9157986111111112 0.8972222222222223 0.9154513888888888 0.9018518518518519 0.9121527777777778 0.9089506172839507 0.9121527777777778 0.9151234567901234 0.9133680555555556 0.9265432098765432 0.9145833333333333 0.93179012345679 0.9203125 0.9410493827160493 0.9217013888888889 0.9447530864197531 0.9246527777777778 0.9487654320987654 0.926736111111111 0.9503086419753086 0.9305555555555556 0.9561728395061728 0.9335069444444444 0.9645061728395062 0.9348958333333334 0.971604938271605 0.9392361111111112 0.9802469135802468 0.9427083333333334 0.9845679012345678 0.9494791666666667 0.9895061728395061 0.9557291666666666 0.9919753086419753 0.9583333333333334 0.9919753086419753 0.9600694444444444 0.9916666666666666 0.9637152777777778 0.9888888888888888 0.9737847222222222 0.9959876543209876 0.9793402777777778 0.9975308641975309 0.9803819444444444 0.9984567901234568 0.9803819444444444 0.9996913580246913 0.9961805555555555 0.9996913580246913 0.996875 0.9975308641975309 0.9998263888888889 0.9969135802469137 0.9998263888888889 0.8685185185185185 0.9697916666666666 0.8691358024691357 0.9659722222222222 0.866358024691358 0.9609375 0.8657407407407407 0.9562499999999999 0.8638888888888888 0.9446180555555556 0.8641975308641975 0.9355902777777778 0.8660493827160494 0.9289930555555556 0.8694444444444445 0.9241319444444444 0.8734567901234568 0.9206597222222221 0.8780864197530863 0.9194444444444444 0.8808641975308641 0.9178819444444444 0.8901234567901234 0.9157986111111112 0.8972222222222223
1 0.23541666666666666 0.6518518518518519 0.23732638888888888 0.6725308641975308 0.2388888888888889 0.6771604938271604 0.2409722222222222 0.6919753086419753 0.2421875 0.6969135802469135 0.24444444444444444 0.7012345679012346 0.24618055555555554 0.7021604938271605 0.2486111111111111 0.7024691358024691 0.2503472222222222 0.7012345679012346 0.25798611111111114 0.7 0.26249999999999996 0.6981481481481482 0.2692708333333333 0.6978395061728394 0.2704861111111111 0.6938271604938272 0.2708333333333333 0.6805555555555556 0.271875 0.6762345679012346 0.2760416666666667 0.6712962962962963 0.2831597222222222 0.6700617283950616 0.2845486111111111 0.6688271604938272 0.28628472222222223 0.6648148148148147 0.2864583333333333 0.6617283950617284 0.28524305555555557 0.6583333333333333 0.2848958333333333 0.6552469135802469 0.28368055555555555 0.6512345679012346 0.2809027777777778 0.6466049382716049 0.2795138888888889 0.6404320987654322 0.2770833333333333 0.6367283950617284 0.2751736111111111 0.6354938271604937 0.2725694444444444 0.6302469135802469 0.2498263888888889 0.6324074074074074 0.2484375 0.6339506172839506 0.2439236111111111 0.6354938271604937 0.2361111111111111 0.644753086419753 0.23541666666666666 0.6472222222222223 0.23541666666666666 0.6518518518518519
1 0.38090277777777776 0.7833333333333333 0.3836805555555556 0.7885802469135803 0.38680555555555557 0.7891975308641975 0.3897569444444444 0.7913580246913581 0.3998263888888889 0.8055555555555556 0.4029513888888889 0.8129629629629629 0.4050347222222222 0.8280864197530865 0.40781249999999997 0.8354938271604938 0.41041666666666665 0.8379629629629629 0.4119791666666667 0.8382716049382716 0.4149305555555556 0.8367283950617284 0.4166666666666667 0.8330246913580247 0.41822916666666665 0.8314814814814815 0.4263888888888889 0.8314814814814815 0.4331597222222222 0.8287037037037037 0.4456597222222222 0.825925925925926 0.45416666666666666 0.8222222222222222 0.4621527777777778 0.820679012345679 0.4635416666666667 0.8197530864197531 0.4670138888888889 0.8135802469135802 0.4677083333333333 0.8080246913580247 0.4670138888888889 0.8009259259259259 0.4671875 0.7873456790123456 0.4657986111111111 0.7756172839506172 0.46371527777777777 0.7716049382716049 0.4635416666666667 0.7700617283950618 0.45694444444444443 0.7589506172839506 0.4557291666666667 0.7552469135802469 0.45468749999999997 0.754320987654321 0.4526041666666667 0.7478395061728395 0.4473958333333333 0.7385802469135803 0.4467013888888889 0.7361111111111112 0.4388888888888889 0.7240740740740741 0.4347222222222222 0.7200617283950618 0.4232638888888889 0.7200617283950618 0.4201388888888889 0.721604938271605 0.4116319444444444 0.7231481481481481 0.3996527777777778 0.7290123456790124 0.3963541666666667 0.7296296296296296 0.3914930555555556 0.7333333333333334 0.38697916666666665 0.7339506172839506 0.3833333333333333 0.7361111111111112 0.3800347222222222 0.741358024691358 0.37916666666666665 0.7530864197530863 0.3796875 0.7774691358024691 0.38090277777777776 0.7833333333333333
1 0.15052083333333333 0.629320987654321 0.15225694444444443 0.6305555555555555 0.1534722222222222 0.6339506172839506 0.15312499999999998 0.6586419753086419 0.15381944444444445 0.6694444444444444 0.1546875 0.6734567901234568 0.15833333333333333 0.6737654320987654 0.1675347222222222 0.6703703703703704 0.1722222222222222 0.6700617283950616 0.18489583333333334 0.6663580246913581 0.18993055555555555 0.6660493827160494 0.19270833333333334 0.6617283950617284 0.19270833333333334 0.6459876543209876 0.1920138888888889 0.641358024691358 0.1923611111111111 0.6339506172839506 0.1918402777777778 0.6302469135802469 0.1902777777777778 0.6271604938271605 0.18993055555555555 0.6203703703703703 0.18836805555555555 0.6169753086419753 0.1876736111111111 0.6135802469135803 0.18645833333333334 0.6120370370370369 0.17708333333333334 0.6098765432098765 0.15850694444444444 0.6120370370370369 0.15729166666666666 0.612962962962963 0.15590277777777775 0.6179012345679012 0.15399305555555554 0.6212962962962962 0.15052083333333333 0.6228395061728395 0.14947916666666666 0.625 0.14930555555555555 0.6271604938271605 0.15052083333333333 0.629320987654321
1 0.1987847222222222 0.5364197530864198 0.19947916666666665 0.5441358024691358 0.20104166666666665 0.5472222222222223 0.20277777777777775 0.5487654320987654 0.20381944444444444 0.5484567901234568 0.20694444444444443 0.5429012345679012 0.20850694444444445 0.5385802469135802 0.2126736111111111 0.5333333333333333 0.2175347222222222 0.5314814814814814 0.22552083333333334 0.5311728395061729 0.2267361111111111 0.5302469135802469 0.22777777777777775 0.5271604938271605 0.22777777777777775 0.5200617283950617 0.22569444444444445 0.5160493827160494 0.2248263888888889 0.5126543209876543 0.2237847222222222 0.5117283950617284 0.21788194444444445 0.5101851851851852 0.20902777777777778 0.5101851851851852 0.2017361111111111 0.5117283950617284 0.19947916666666665 0.5138888888888888 0.1987847222222222 0.5219135802469136 0.1987847222222222 0.5364197530864198
1 0.24756944444444445 0.5333333333333333 0.25104166666666666 0.5376543209876543 0.2552083333333333 0.5391975308641975 0.25677083333333334 0.5385802469135802 0.25902777777777775 0.5358024691358024 0.2611111111111111 0.5308641975308642 0.26545138888888886 0.5240740740740741 0.2682291666666667 0.5219135802469136 0.2748263888888889 0.5194444444444445 0.2760416666666667 0.5182098765432099 0.2767361111111111 0.5145061728395062 0.2760416666666667 0.5114197530864197 0.2751736111111111 0.5111111111111111 0.271875 0.5049382716049382 0.2692708333333333 0.5018518518518518 0.26684027777777775 0.5009259259259259 0.25937499999999997 0.5009259259259259 0.2517361111111111 0.5037037037037037 0.24791666666666665 0.5114197530864197 0.24635416666666665 0.5169753086419754 0.24618055555555554 0.5268518518518518 0.24756944444444445 0.5333333333333333
1 0.18437499999999998 0.5049382716049382 0.1875 0.5108024691358024 0.1909722222222222 0.512962962962963 0.1956597222222222 0.512962962962963 0.19739583333333333 0.512037037037037 0.19895833333333335 0.5098765432098765 0.20052083333333334 0.49876543209876545 0.2019097222222222 0.4962962962962963 0.20381944444444444 0.4947530864197531 0.20555555555555555 0.4916666666666667 0.20555555555555555 0.4898148148148148 0.20451388888888888 0.4867283950617284 0.1996527777777778 0.4817901234567901 0.1892361111111111 0.4833333333333333 0.18680555555555556 0.48703703703703705 0.18437499999999998 0.49660493827160496 0.18385416666666665 0.4996913580246914 0.18437499999999998 0.5049382716049382
1 0.2048611111111111 0.5641975308641975 0.20607638888888888 0.5685185185185185 0.2097222222222222 0.5759259259259258 0.2125 0.5774691358024692 0.21354166666666666 0.5805555555555555 0.2142361111111111 0.5777777777777777 0.21927083333333333 0.5691358024691359 0.2232638888888889 0.5657407407407408 0.23645833333333333 0.562037037037037 0.23802083333333335 0.5604938271604938 0.23836805555555554 0.5580246913580247 0.23802083333333335 0.5521604938271605 0.2359375 0.5469135802469135 0.2309027777777778 0.5367283950617284 0.22725694444444444 0.532716049382716 0.21788194444444445 0.5324074074074074 0.2126736111111111 0.5339506172839505 0.2107638888888889 0.5358024691358024 0.20520833333333333 0.545679012345679 0.20416666666666666 0.549074074074074 0.20416666666666666 0.5580246913580247 0.2048611111111111 0.5641975308641975
1 0.21510416666666665 0.6030864197530863 0.2159722222222222 0.6046296296296296 0.21805555555555556 0.6132716049382716 0.2203125 0.6166666666666666 0.22256944444444443 0.6154320987654321 0.2253472222222222 0.6117283950617284 0.2309027777777778 0.6101851851851853 0.2347222222222222 0.6027777777777777 0.2359375 0.596604938271605 0.2378472222222222 0.5932098765432099 0.2439236111111111 0.5904320987654321 0.2486111111111111 0.5898148148148148 0.25121527777777775 0.5876543209876544 0.25156249999999997 0.5854938271604938 0.2508680555555556 0.5820987654320988 0.2467013888888889 0.5740740740740741 0.24461805555555555 0.5679012345679012 0.24166666666666664 0.5638888888888889 0.23819444444444443 0.5617283950617283 0.23246527777777778 0.5629629629629629 0.22170138888888888 0.567283950617284 0.21875 0.5703703703703704 0.21631944444444445 0.5746913580246913 0.2137152777777778 0.5848765432098765 0.21388888888888888 0.596604938271605 0.21510416666666665 0.6030864197530863
1 0.5847222222222223 0.6811728395061728 0.5876736111111112 0.6935185185185185 0.5892361111111111 0.696604938271605 0.5918402777777777 0.6990740740740741 0.5958333333333333 0.6987654320987654 0.5989583333333334 0.695679012345679 0.6024305555555556 0.6950617283950616 0.6105902777777777 0.7012345679012346 0.6128472222222222 0.7043209876543209 0.6163194444444444 0.7064814814814815 0.6180555555555556 0.7043209876543209 0.6199652777777778 0.6990740740740741 0.6227430555555555 0.696604938271605 0.6241319444444444 0.6938271604938272 0.6253472222222222 0.6864197530864197 0.6270833333333333 0.6805555555555556 0.6284722222222222 0.6790123456790123 0.6305555555555555 0.6787037037037037 0.6322916666666666 0.6802469135802469 0.6331597222222222 0.6824074074074075 0.6333333333333333 0.6907407407407407 0.6357638888888888 0.6990740740740741 0.6402777777777777 0.70679012345679 0.640625 0.7089506172839506 0.6430555555555556 0.7089506172839506 0.6453125 0.7101851851851853 0.6456597222222222 0.7126543209876544 0.646875 0.7141975308641975 0.6465277777777778 0.7203703703703703 0.6482638888888889 0.7225308641975309 0.6546875 0.7234567901234568 0.6592013888888888 0.7219135802469135 0.6717013888888889 0.7203703703703703 0.6756944444444444 0.7169753086419753 0.676736111111111 0.7148148148148148 0.6774305555555555 0.7111111111111111 0.678298611111111 0.6959876543209877 0.6779513888888888 0.6907407407407407 0.6763888888888888 0.6854938271604938 0.6722222222222222 0.678395061728395 0.6684027777777778 0.674074074074074 0.6644097222222222 0.6706790123456791 0.6607638888888888 0.6691358024691358 0.6593749999999999 0.6657407407407407 0.6595486111111112 0.657716049382716 0.6538194444444444 0.654320987654321 0.6437499999999999 0.6388888888888888 0.6352430555555556 0.6324074074074074 0.6258680555555556 0.6280864197530863 0.6154513888888888 0.625 0.6032986111111112 0.6259259259259259 0.5953125 0.6290123456790124 0.5887152777777778 0.6388888888888888 0.5852430555555556 0.6462962962962963 0.5847222222222223 0.6484567901234568 0.584375 0.6586419753086419 0.5840277777777777 0.6722222222222222 0.5847222222222223 0.6811728395061728
1 0.2578125 0.5385802469135802 0.2586805555555556 0.5404320987654321 0.2586805555555556 0.5438271604938272 0.2612847222222222 0.5546296296296296 0.26249999999999996 0.5570987654320988 0.2659722222222222 0.5604938271604938 0.26805555555555555 0.5580246913580247 0.26840277777777777 0.5506172839506173 0.2692708333333333 0.5493827160493827 0.27065972222222223 0.5435185185185185 0.2739583333333333 0.537962962962963 0.2788194444444444 0.5345679012345679 0.2869791666666667 0.5333333333333333 0.2894097222222222 0.529320987654321 0.28281249999999997 0.5212962962962963 0.2795138888888889 0.5191358024691358 0.2760416666666667 0.5191358024691358 0.27152777777777776 0.5200617283950617 0.2673611111111111 0.5222222222222223 0.2642361111111111 0.5256172839506172 0.26163194444444443 0.5305555555555556 0.2583333333333333 0.5345679012345679 0.25763888888888886 0.5361111111111111 0.2578125 0.5385802469135802
1 0.19947916666666665 0.5203703703703704 0.20364583333333333 0.5166666666666666 0.20555555555555555 0.5160493827160494 0.2076388888888889 0.5132716049382716 0.21302083333333333 0.5108024691358024 0.2203125 0.5114197530864197 0.2230902777777778 0.5135802469135803 0.22395833333333334 0.5154320987654321 0.2265625 0.516358024691358 0.228125 0.5160493827160494 0.2293402777777778 0.512962962962963 0.22795138888888888 0.5052469135802469 0.2230902777777778 0.4944444444444444 0.2175347222222222 0.48858024691358026 0.2171875 0.48703703703703705 0.21562499999999998 0.4854938271604938 0.2137152777777778 0.4817901234567901 0.21041666666666664 0.4802469135802469 0.20902777777777778 0.48055555555555557 0.2059027777777778 0.4839506172839506 0.20572916666666666 0.49074074074074076 0.20052083333333334 0.49876543209876545 0.19930555555555554 0.5037037037037037 0.1987847222222222 0.5166666666666666 0.19947916666666665 0.5203703703703704
1 0.14809027777777775 0.5916666666666667 0.14774305555555556 0.595679012345679 0.1484375 0.5993827160493828 0.15104166666666666 0.600925925925926 0.1532986111111111 0.5996913580246913 0.15520833333333334 0.5962962962962963 0.1565972222222222 0.5891975308641976 0.1607638888888889 0.5787037037037037 0.16510416666666666 0.5765432098765432 0.175 0.5750000000000001 0.1767361111111111 0.5737654320987654 0.1779513888888889 0.571604938271605 0.17430555555555555 0.5570987654320988 0.1720486111111111 0.5527777777777777 0.1685763888888889 0.5512345679012346 0.15416666666666665 0.5555555555555556 0.15260416666666665 0.5574074074074074 0.1472222222222222 0.5691358024691359 0.14687499999999998 0.5731481481481482 0.14809027777777775 0.5916666666666667
1 0.3112847222222222 0.6401234567901234 0.3138888888888889 0.6444444444444444 0.3185763888888889 0.6459876543209876 0.3234375 0.65 0.32413194444444443 0.6512345679012346 0.3256944444444444 0.6608024691358024 0.32795138888888886 0.6657407407407407 0.3317708333333333 0.6657407407407407 0.334375 0.6629629629629629 0.33749999999999997 0.6620370370370371 0.3529513888888889 0.6614197530864198 0.359375 0.6564814814814816 0.3642361111111111 0.6552469135802469 0.36701388888888886 0.6518518518518519 0.3690972222222222 0.6475308641975309 0.3696180555555555 0.6429012345679013 0.3684027777777778 0.6287037037037038 0.3663194444444444 0.6188271604938271 0.3661458333333333 0.6151234567901235 0.3645833333333333 0.6104938271604938 0.3630208333333333 0.6021604938271605 0.3612847222222222 0.5993827160493828 0.3588541666666667 0.5916666666666667 0.3559027777777778 0.5873456790123457 0.3529513888888889 0.5848765432098765 0.3498263888888889 0.5839506172839506 0.3440972222222222 0.5842592592592593 0.3380208333333333 0.5851851851851851 0.33229166666666665 0.5873456790123457 0.3293402777777778 0.5929012345679012 0.3251736111111111 0.5981481481481481 0.32013888888888886 0.5981481481481481 0.3177083333333333 0.5990740740740741 0.31406249999999997 0.6046296296296296 0.3126736111111111 0.6083333333333334 0.3100694444444444 0.6111111111111112 0.309375 0.6138888888888888 0.309375 0.6234567901234568 0.3112847222222222 0.6401234567901234
1 0.2690972222222222 0.5750000000000001 0.2743055555555556 0.5811728395061728 0.2751736111111111 0.5854938271604938 0.27638888888888885 0.5882716049382716 0.2786458333333333 0.5898148148148148 0.28107638888888886 0.5888888888888889 0.28541666666666665 0.5817901234567902 0.2890625 0.5793209876543209 0.2935763888888889 0.5793209876543209 0.2975694444444444 0.5759259259259258 0.3015625 0.5709876543209876 0.30624999999999997 0.5685185185185185 0.3078125 0.566358024691358 0.30798611111111107 0.5527777777777777 0.3072916666666667 0.5487654320987654 0.3029513888888889 0.5388888888888889 0.3005208333333333 0.5351851851851852 0.2970486111111111 0.532716049382716 0.2894097222222222 0.5324074074074074 0.2760416666666667 0.5361111111111111 0.2722222222222222 0.5401234567901235 0.27065972222222223 0.5472222222222223 0.2690972222222222 0.549074074074074 0.26840277777777777 0.5512345679012346 0.26840277777777777 0.5669753086419753 0.2690972222222222 0.5750000000000001
1 0.34375 0.6990740740740741 0.34531249999999997 0.7074074074074075 0.34774305555555557 0.7104938271604938 0.35 0.7111111111111111 0.3539930555555555 0.7141975308641975 0.3600694444444444 0.7219135802469135 0.36336805555555557 0.7317901234567901 0.3640625 0.7382716049382716 0.3657986111111111 0.7416666666666666 0.3696180555555555 0.7404320987654321 0.3729166666666667 0.7358024691358025 0.3746527777777778 0.7351851851851853 0.3762152777777778 0.7333333333333334 0.3779513888888889 0.729320987654321 0.3803819444444444 0.7268518518518519 0.39340277777777777 0.7246913580246913 0.3987847222222222 0.7225308641975309 0.4010416666666667 0.7225308641975309 0.40260416666666665 0.7243827160493828 0.4048611111111111 0.7246913580246913 0.4083333333333333 0.7225308641975309 0.409375 0.7191358024691359 0.41006944444444443 0.707716049382716 0.40781249999999997 0.6925925925925925 0.4074652777777778 0.6858024691358025 0.4048611111111111 0.68179012345679 0.4045138888888889 0.6793209876543209 0.39999999999999997 0.6709876543209877 0.3967013888888889 0.6623456790123456 0.3930555555555555 0.657716049382716 0.3880208333333333 0.6537037037037037 0.3842013888888889 0.6527777777777778 0.3737847222222222 0.6537037037037037 0.3720486111111111 0.6552469135802469 0.3659722222222222 0.6567901234567901 0.3586805555555555 0.6601851851851852 0.3529513888888889 0.6660493827160494 0.3503472222222222 0.667283950617284 0.3454861111111111 0.671604938271605 0.34375 0.6790123456790123 0.3434027777777778 0.6833333333333333 0.3430555555555555 0.6891975308641975 0.34375 0.6990740740740741
1 0.4704861111111111 0.8771604938271605 0.47204861111111107 0.8824074074074074 0.47291666666666665 0.9 0.4758680555555555 0.9092592592592593 0.4770833333333333 0.9114197530864198 0.48072916666666665 0.9148148148148147 0.4845486111111111 0.9148148148148147 0.4862847222222222 0.9163580246913581 0.49201388888888886 0.9237654320987654 0.4944444444444444 0.9287037037037037 0.4994791666666667 0.9354938271604938 0.5088541666666666 0.953395061728395 0.5144097222222223 0.9614197530864197 0.5164930555555556 0.9685185185185184 0.5173611111111112 0.9746913580246913 0.5196180555555555 0.9833333333333334 0.5227430555555556 0.9907407407407407 0.5251736111111112 0.9929012345679012 0.5298611111111111 0.9925925925925926 0.5329861111111112 0.9882716049382716 0.5369791666666667 0.9885802469135803 0.5432291666666667 0.9925925925925926 0.5538194444444444 0.9916666666666666 0.5569444444444445 0.9898148148148147 0.5644097222222222 0.9885802469135803 0.5762152777777777 0.9824074074074074 0.5836805555555555 0.9799382716049382 0.5928819444444444 0.9743827160493828 0.5961805555555556 0.971604938271605 0.5993055555555555 0.967283950617284 0.6022569444444444 0.9598765432098766 0.6027777777777777 0.9564814814814815 0.6027777777777777 0.9450617283950616 0.6010416666666666 0.9370370370370371 0.6017361111111111 0.928395061728395 0.6012152777777777 0.921604938271605 0.5998263888888888 0.9166666666666666 0.5970486111111112 0.9126543209876543 0.5968749999999999 0.9111111111111112 0.592361111111111 0.9027777777777778 0.5913194444444444 0.9021604938271606 0.5907986111111111 0.9003086419753087 0.5887152777777778 0.8975308641975309 0.5871527777777777 0.8929012345679013 0.5857638888888889 0.8910493827160494 0.5838541666666667 0.8854938271604937 0.5821180555555555 0.882716049382716 0.5817708333333333 0.8802469135802469 0.5796874999999999 0.8771604938271605 0.5782986111111111 0.8728395061728395 0.5755208333333334 0.8688271604938271 0.5715277777777777 0.8598765432098765 0.5701388888888889 0.858641975308642 0.5668402777777778 0.8524691358024691 0.5642361111111112 0.8496913580246913 0.5607638888888888 0.8438271604938271 0.5470486111111111 0.8287037037037037 0.5409722222222222 0.8256172839506173 0.5375 0.8256172839506173 0.5277777777777778 0.8277777777777778 0.521875 0.8268518518518518 0.5071180555555556 0.8277777777777778 0.49548611111111107 0.8311728395061728 0.4935763888888889 0.832716049382716 0.4878472222222222 0.8342592592592593 0.48420138888888886 0.8370370370370371 0.48072916666666665 0.8382716049382716 0.4765625 0.8416666666666667 0.47291666666666665 0.845679012345679 0.46979166666666666 0.8564814814814815 0.4692708333333333 0.8632716049382716 0.4704861111111111 0.8771604938271605
1 0.1472222222222222 0.7376543209876544 0.14756944444444445 0.7481481481481481 0.14930555555555555 0.7490740740740741 0.15208333333333335 0.7490740740740741 0.165625 0.7432098765432099 0.16961805555555554 0.7425925925925926 0.1717013888888889 0.7410493827160494 0.1857638888888889 0.7385802469135803 0.18958333333333333 0.7358024691358025 0.2001736111111111 0.7345679012345678 0.20277777777777775 0.7314814814814815 0.2029513888888889 0.7228395061728394 0.2017361111111111 0.717283950617284 0.20086805555555554 0.7055555555555556 0.1984375 0.6895061728395062 0.1996527777777778 0.6839506172839506 0.1998263888888889 0.678395061728395 0.19618055555555555 0.6790123456790123 0.19288194444444445 0.6780864197530865 0.19114583333333335 0.6706790123456791 0.1890625 0.6691358024691358 0.178125 0.6697530864197531 0.1668402777777778 0.6734567901234568 0.16145833333333334 0.674074074074074 0.15434027777777778 0.6771604938271604 0.15312499999999998 0.6802469135802469 0.15225694444444443 0.6864197530864197 0.1501736111111111 0.6895061728395062 0.15104166666666666 0.7012345679012346 0.1484375 0.7092592592592593 0.14774305555555556 0.7132716049382716 0.14774305555555556 0.7311728395061728 0.1472222222222222 0.7376543209876544
5 0.5178819444444445 0.6555555555555556 0.5178819444444445 0.6688271604938272 0.5185763888888889 0.6743827160493827 0.5196180555555555 0.6787037037037037 0.5248263888888889 0.6879629629629629 0.5267361111111111 0.696604938271605 0.5284722222222222 0.7 0.5302083333333333 0.700925925925926 0.5359375 0.6987654320987654 0.5677083333333334 0.6987654320987654 0.5710069444444444 0.6925925925925925 0.5715277777777777 0.6891975308641975 0.5717013888888889 0.678395061728395 0.5706597222222222 0.6743827160493827 0.5699652777777777 0.6675925925925925 0.5633680555555556 0.6512345679012346 0.5644097222222222 0.6487654320987654 0.5649305555555555 0.6438271604938272 0.5605902777777777 0.641358024691358 0.5562499999999999 0.6361111111111112 0.5494791666666666 0.6228395061728395 0.5463541666666666 0.6194444444444445 0.5380208333333333 0.6157407407407407 0.5329861111111112 0.616358024691358 0.5309027777777777 0.6179012345679012 0.5203125000000001 0.6185185185185185 0.5184027777777778 0.6194444444444445 0.5171874999999999 0.6222222222222222 0.5170138888888889 0.6453703703703704 0.5178819444444445 0.6555555555555556
2 0.22760416666666666 0.7404320987654321 0.2293402777777778 0.7425925925925926 0.2310763888888889 0.7432098765432099 0.2326388888888889 0.7410493827160494 0.23350694444444445 0.7348765432098765 0.2342013888888889 0.7333333333333334 0.2421875 0.729320987654321 0.2454861111111111 0.729320987654321 0.2484375 0.7308641975308642 0.24947916666666664 0.7287037037037037 0.24947916666666664 0.7271604938271605 0.2482638888888889 0.7240740740740741 0.2449652777777778 0.7200617283950618 0.2439236111111111 0.7197530864197531 0.2425347222222222 0.717283950617284 0.2425347222222222 0.7089506172839506 0.24166666666666664 0.7049382716049382 0.23732638888888888 0.7037037037037037 0.23541666666666666 0.7061728395061728 0.234375 0.7092592592592593 0.2347222222222222 0.717283950617284 0.23402777777777775 0.7197530864197531 0.22951388888888888 0.7271604938271605 0.22760416666666666 0.7345679012345678 0.22708333333333333 0.7367283950617284 0.22760416666666666 0.7404320987654321
2 0.1784722222222222 0.5256172839506172 0.17899305555555556 0.5320987654320988 0.18506944444444445 0.5354938271604939 0.18888888888888888 0.5345679012345679 0.18819444444444444 0.5231481481481481 0.1859375 0.5166666666666666 0.18194444444444444 0.5138888888888888 0.18020833333333333 0.5179012345679012 0.17934027777777775 0.5237654320987654 0.1784722222222222 0.5256172839506172
2 0.8626736111111112 0.6771604938271604 0.8623263888888888 0.6851851851851852 0.8628472222222222 0.6891975308641975 0.8640625 0.6929012345679012 0.8626736111111112 0.6941358024691359 0.859375 0.6910493827160493 0.8581597222222221 0.6981481481481482 0.8586805555555556 0.7052469135802469 0.8592013888888889 0.707716049382716 0.8663194444444444 0.707716049382716 0.8670138888888889 0.7104938271604938 0.8685763888888888 0.7117283950617284 0.8717013888888888 0.7117283950617284 0.8729166666666666 0.7101851851851853 0.8711805555555555 0.7074074074074075 0.8704861111111112 0.7024691358024691 0.872048611111111 0.6959876543209877 0.8723958333333334 0.6879629629629629 0.8732638888888888 0.6848765432098766 0.8744791666666666 0.657716049382716 0.8723958333333334 0.6512345679012346 0.8722222222222222 0.6438271604938272 0.8708333333333333 0.6407407407407407 0.8697916666666666 0.6395061728395062 0.8663194444444444 0.6388888888888888 0.8645833333333334 0.6407407407407407 0.8638888888888888 0.6438271604938272 0.8640625 0.6481481481481481 0.8623263888888888 0.6527777777777778 0.8614583333333333 0.657716049382716 0.8614583333333333 0.6657407407407407 0.8626736111111112 0.6771604938271604
2 0.8291666666666666 0.6626543209876543 0.8319444444444444 0.6725308641975308 0.8319444444444444 0.6895061728395062 0.8335069444444444 0.6925925925925925 0.8369791666666666 0.696604938271605 0.8402777777777778 0.696604938271605 0.8385416666666666 0.6879629629629629 0.8387152777777778 0.6762345679012346 0.8402777777777778 0.6626543209876543 0.840798611111111 0.6503086419753087 0.8399305555555555 0.644753086419753 0.8397569444444444 0.6388888888888888 0.8387152777777778 0.6358024691358025 0.8378472222222222 0.6265432098765432 0.834548611111111 0.625 0.8328125 0.6268518518518519 0.8315972222222222 0.6317901234567901 0.8309027777777778 0.6379629629629631 0.8298611111111112 0.6407407407407407 0.8291666666666666 0.6472222222222223 0.8286458333333333 0.657716049382716 0.8291666666666666 0.6626543209876543
2 0.2342013888888889 0.7666666666666666 0.2345486111111111 0.766358024691358 0.23402777777777775 0.7651234567901234 0.2345486111111111 0.7645061728395062 0.23402777777777775 0.7638888888888888 0.23368055555555556 0.7654320987654322 0.2342013888888889 0.7666666666666666
2 0.22743055555555555 0.7404320987654321 0.23055555555555554 0.7450617283950618 0.2315972222222222 0.7450617283950618 0.2315972222222222 0.7467592592592593 0.23038194444444443 0.7475308641975309 0.2315972222222222 0.7484567901234568 0.23177083333333334 0.7496913580246913 0.2300347222222222 0.7506172839506172 0.23072916666666665 0.7623456790123456 0.2315972222222222 0.7629629629629631 0.2329861111111111 0.762037037037037 0.23177083333333334 0.7444444444444445 0.23333333333333334 0.7407407407407407 0.2342013888888889 0.7345679012345678 0.2378472222222222 0.7314814814814815 0.24322916666666666 0.7299382716049382 0.24618055555555554 0.7302469135802468 0.2484375 0.7330246913580247 0.24965277777777775 0.7274691358024691 0.2482638888888889 0.7240740740740741 0.2425347222222222 0.717283950617284 0.2425347222222222 0.7092592592592593 0.24184027777777775 0.7055555555555556 0.24010416666666665 0.7040123456790123 0.23732638888888888 0.7037037037037037 0.23541666666666666 0.7061728395061728 0.234375 0.7092592592592593 0.2347222222222222 0.717283950617284 0.23402777777777775 0.7194444444444444 0.2293402777777778 0.7271604938271605 0.22864583333333333 0.7311728395061728 0.22708333333333333 0.7354938271604938 0.2269097222222222 0.7382716049382716 0.22743055555555555 0.7404320987654321
2 0.37309027777777776 0.5398148148148147 0.3755208333333333 0.5438271604938272 0.3769097222222222 0.5441358024691358 0.37777777777777777 0.5432098765432098 0.3786458333333333 0.5401234567901235 0.37829861111111107 0.5324074074074074 0.3793402777777778 0.5280864197530865 0.3798611111111111 0.5188271604938272 0.37829861111111107 0.5154320987654321 0.37656249999999997 0.5083333333333333 0.3734375 0.5095679012345679 0.371875 0.5148148148148148 0.37135416666666665 0.5231481481481481 0.37309027777777776 0.5398148148148147
2 0.3833333333333333 0.5429012345679012 0.38680555555555557 0.5419753086419753 0.39045138888888886 0.5376543209876543 0.3907986111111111 0.5324074074074074 0.3902777777777778 0.529320987654321 0.3895833333333333 0.5256172839506172 0.3871527777777778 0.5188271604938272 0.3833333333333333 0.5191358024691358 0.3814236111111111 0.5228395061728395 0.3814236111111111 0.5364197530864198 0.3833333333333333 0.5429012345679012
2 0.3989583333333333 0.5540123456790124 0.4001736111111111 0.557716049382716 0.4010416666666667 0.5583333333333333 0.4046875 0.5589506172839506 0.40781249999999997 0.5567901234567901 0.4114583333333333 0.5567901234567901 0.4119791666666667 0.5546296296296296 0.4118055555555556 0.5499999999999999 0.40954861111111107 0.5438271604938272 0.4088541666666667 0.5382716049382716 0.40781249999999997 0.5367283950617284 0.40434027777777776 0.5361111111111111 0.3998263888888889 0.5469135802469135 0.3989583333333333 0.5506172839506173 0.3989583333333333 0.5540123456790124
2 0.9053819444444444 0.6972222222222222 0.9053819444444444 0.7046296296296296 0.9038194444444444 0.7185185185185184 0.9043402777777778 0.7271604938271605 0.904861111111111 0.7287037037037037 0.9076388888888888 0.7308641975308642 0.9100694444444444 0.7290123456790124 0.9098958333333333 0.7253086419753086 0.9083333333333333 0.7225308641975309 0.9081597222222222 0.716358024691358 0.9090277777777778 0.7114197530864197 0.9102430555555555 0.7080246913580247 0.9118055555555555 0.7058641975308642 0.9151041666666666 0.7098765432098766 0.9163194444444444 0.7212962962962963 0.9178819444444444 0.7268518518518519 0.9182291666666667 0.7324074074074074 0.9197916666666666 0.7342592592592593 0.9251736111111112 0.7342592592592593 0.9249999999999999 0.7311728395061728 0.9217013888888889 0.7246913580246913 0.920486111111111 0.7151234567901235 0.9196180555555555 0.7052469135802469 0.9196180555555555 0.6895061728395062 0.9184027777777778 0.6793209876543209 0.9173611111111112 0.6765432098765432 0.9168402777777778 0.6725308641975308 0.9164930555555556 0.654320987654321 0.9152777777777777 0.6506172839506172 0.9112847222222222 0.6493827160493827 0.9097222222222222 0.6512345679012346 0.9085069444444444 0.6614197530864198 0.9050347222222221 0.6685185185185185 0.9038194444444444 0.6762345679012346 0.9036458333333334 0.686111111111111 0.9053819444444444 0.6972222222222222
2 0.8748263888888889 0.6580246913580247 0.875 0.6648148148148147 0.8770833333333333 0.6712962962962963 0.8779513888888888 0.68179012345679 0.8800347222222222 0.688888888888889 0.8807291666666666 0.6938271604938272 0.8796875 0.7030864197530865 0.8821180555555556 0.7052469135802469 0.8848958333333333 0.7052469135802469 0.8861111111111112 0.7037037037037037 0.8855902777777778 0.6950617283950616 0.8885416666666666 0.682716049382716 0.8878472222222222 0.6712962962962963 0.8888888888888888 0.6660493827160494 0.8885416666666666 0.6608024691358024 0.8895833333333334 0.654320987654321 0.8873263888888888 0.645679012345679 0.8871527777777778 0.6429012345679013 0.8861111111111112 0.6410493827160494 0.8847222222222222 0.6333333333333334 0.8826388888888889 0.6311728395061729 0.8800347222222222 0.6308641975308641 0.8791666666666667 0.6317901234567901 0.8784722222222222 0.6333333333333334 0.8788194444444444 0.6410493827160494 0.8758680555555556 0.6450617283950618 0.8743055555555556 0.6506172839506172 0.8741319444444444 0.654320987654321 0.8748263888888889 0.6580246913580247
2 0.5227430555555556 0.6123456790123456 0.5251736111111112 0.6166666666666666 0.5296875 0.6166666666666666 0.5310763888888889 0.6132716049382716 0.5310763888888889 0.608641975308642 0.5296875 0.6027777777777777 0.5295138888888888 0.5990740740740741 0.5319444444444444 0.5953703703703703 0.5329861111111112 0.592283950617284 0.5343749999999999 0.5910493827160495 0.5352430555555555 0.5851851851851851 0.5314236111111111 0.5746913580246913 0.5295138888888888 0.5712962962962963 0.5256944444444445 0.5712962962962963 0.5227430555555556 0.5746913580246913 0.5222222222222223 0.578395061728395 0.521875 0.5984567901234568 0.5227430555555556 0.6123456790123456
2 0.6194444444444444 0.717283950617284 0.6201388888888888 0.7191358024691359 0.622048611111111 0.720679012345679 0.6230902777777778 0.7234567901234568 0.6265625 0.7237654320987654 0.6270833333333333 0.725 0.6272569444444444 0.7277777777777777 0.6260416666666666 0.7302469135802468 0.6267361111111112 0.7416666666666666 0.6302083333333334 0.7469135802469137 0.6319444444444444 0.7376543209876544 0.6340277777777777 0.7333333333333334 0.634375 0.7197530864197531 0.6371527777777778 0.7148148148148148 0.6388888888888888 0.707716049382716 0.6388888888888888 0.7061728395061728 0.637673611111111 0.7027777777777778 0.634375 0.695679012345679 0.6336805555555556 0.6929012345679012 0.6331597222222222 0.6824074074074075 0.63125 0.678395061728395 0.6296875 0.6777777777777778 0.6267361111111112 0.6802469135802469 0.6241319444444444 0.6935185185185185 0.6194444444444444 0.6996913580246913 0.6189236111111112 0.7024691358024691 0.6185763888888888 0.70679012345679 0.6194444444444444 0.717283950617284
2 0.8052083333333333 0.6632716049382715 0.8050347222222222 0.667283950617284 0.8034722222222221 0.671604938271605 0.803298611111111 0.674074074074074 0.803125 0.682716049382716 0.8038194444444444 0.6854938271604938 0.8064236111111112 0.6870370370370371 0.8090277777777778 0.6854938271604938 0.809548611111111 0.6833333333333333 0.8092013888888888 0.678395061728395 0.8097222222222222 0.675 0.8109375 0.6731481481481482 0.8116319444444444 0.675 0.8121527777777777 0.6854938271604938 0.8138888888888888 0.6879629629629629 0.8140625 0.6895061728395062 0.8177083333333334 0.6907407407407407 0.8182291666666666 0.6895061728395062 0.8180555555555555 0.6876543209876543 0.8157986111111112 0.6830246913580247 0.8144097222222222 0.6660493827160494 0.8145833333333333 0.6524691358024691 0.8151041666666666 0.645679012345679 0.8156249999999999 0.6444444444444444 0.8157986111111112 0.6382716049382716 0.8145833333333333 0.6302469135802469 0.8123263888888889 0.6234567901234568 0.8123263888888889 0.6194444444444445 0.8109375 0.617283950617284 0.8072916666666666 0.617283950617284 0.8064236111111112 0.6191358024691357 0.80625 0.6277777777777778 0.8057291666666666 0.6296296296296297 0.8060763888888888 0.633641975308642 0.8038194444444444 0.6398148148148147 0.8034722222222221 0.6425925925925926 0.8038194444444444 0.6530864197530865 0.8052083333333333 0.6632716049382715
0 0.26944444444444443 0.9086419753086419 0.2692708333333333 0.9058641975308641 0.26857638888888885 0.9067901234567901 0.26840277777777777 0.9083333333333333 0.26944444444444443 0.9086419753086419
0 0.26879629629629626 0.9002880658436214 0.26944444444444443 0.9 0.2689236111111111 0.8993827160493827 0.26879629629629626 0.9002880658436214
0 0.2692708333333333 0.9030864197530865 0.26877480158730155 0.9004409171075838 0.26857638888888885 0.9018518518518519 0.2692708333333333 0.9030864197530865
0 0.11684027777777778 0.8348765432098766 0.11684027777777778 0.841358024691358 0.11597222222222223 0.8518518518518519 0.1157986111111111 0.8688271604938271 0.11475694444444444 0.8746913580246913 0.11440972222222222 0.8879629629629631 0.11354166666666667 0.8978395061728395 0.11319444444444444 0.9330246913580247 0.11232638888888889 0.9364197530864197 0.11163194444444445 0.9444444444444444 0.10989583333333333 0.9873456790123456 0.10902777777777778 0.9944444444444444 0.109375 0.9996913580246913 0.1361111111111111 0.9996913580246913 0.1362847222222222 0.9981481481481481 0.14687499999999998 0.9981481481481481 0.1590277777777778 0.9950617283950618 0.17274305555555555 0.9959876543209876 0.1784722222222222 0.9981481481481481 0.2032986111111111 0.9981481481481481 0.2034722222222222 0.9996913580246913 0.2079861111111111 0.9996913580246913 0.2079861111111111 0.9984567901234568 0.20902777777777778 0.9975308641975309 0.2170138888888889 0.9981481481481481 0.2171875 0.9996913580246913 0.22916666666666666 0.9996913580246913 0.2293402777777778 0.9981481481481481 0.23541666666666666 0.9975308641975309 0.2388888888888889 0.9975308641975309 0.2394097222222222 0.9996913580246913 0.2821180555555556 0.9996913580246913 0.2821180555555556 0.9984567901234568 0.2838541666666667 0.9950617283950618 0.28402777777777777 0.9910493827160494 0.28281249999999997 0.9895061728395061 0.2826388888888889 0.9861111111111112 0.28680555555555554 0.9833333333333334 0.2875 0.9814814814814815 0.2873263888888889 0.9796296296296296 0.2864583333333333 0.9780864197530863 0.2857638888888889 0.9783950617283951 0.2847222222222222 0.9796296296296296 0.28402777777777777 0.9830246913580247 0.2831597222222222 0.983641975308642 0.2821180555555556 0.9814814814814815 0.2814236111111111 0.975 0.2791666666666667 0.9712962962962962 0.2777777777777778 0.967283950617284 0.2770833333333333 0.9614197530864197 0.2755208333333333 0.957716049382716 0.2736111111111111 0.9453703703703703 0.2713541666666667 0.936111111111111 0.27118055555555554 0.9311728395061728 0.26840277777777777 0.9265432098765432 0.26684027777777775 0.9145061728395062 0.2652777777777778 0.9117283950617284 0.2638888888888889 0.9027777777777778 0.2630208333333333 0.9018518518518519 0.26180555555555557 0.8981481481481481 0.26197916666666665 0.8922839506172839 0.26579861111111114 0.8944444444444444 0.26718749999999997 0.8910493827160494 0.26579861111111114 0.8873456790123456 0.2664930555555556 0.8839506172839506 0.26579861111111114 0.8824074074074074 0.25850694444444444 0.8830246913580246 0.25729166666666664 0.8734567901234568 0.2586805555555556 0.8712962962962962 0.2609375 0.8709876543209876 0.2612847222222222 0.8694444444444445 0.26180555555555557 0.8703703703703703 0.2621527777777778 0.8694444444444445 0.2564236111111111 0.8679012345679012 0.2552083333333333 0.8660493827160494 0.2548611111111111 0.8626543209876544 0.2532986111111111 0.8583333333333334 0.25243055555555555 0.8533950617283951 0.25156249999999997 0.8518518518518519 0.25017361111111114 0.8438271604938271 0.24791666666666665 0.8388888888888888 0.2465277777777778 0.8262345679012346 0.24427083333333333 0.821604938271605 0.24357638888888888 0.817283950617284 0.24131944444444445 0.811111111111111 0.2404513888888889 0.8043209876543209 0.23836805555555554 0.7984567901234568 0.23697916666666666 0.7901234567901234 0.23524305555555555 0.7867283950617284 0.2345486111111111 0.782716049382716 0.23333333333333334 0.7799382716049382 0.2315972222222222 0.7691358024691358 0.2298611111111111 0.7641975308641975 0.228125 0.7555555555555555 0.22777777777777775 0.7484567901234568 0.22604166666666664 0.7391975308641975 0.225 0.7361111111111112 0.2230902777777778 0.7339506172839506 0.22065972222222222 0.732716049382716 0.2107638888888889 0.7339506172839506 0.2065972222222222 0.7333333333333334 0.2029513888888889 0.7354938271604938 0.19583333333333333 0.7361111111111112 0.1890625 0.7391975308641975 0.18506944444444445 0.7391975308641975 0.1779513888888889 0.7419753086419753 0.1717013888888889 0.742283950617284 0.15625 0.7478395061728395 0.15399305555555554 0.7493827160493828 0.1482638888888889 0.75 0.14444444444444443 0.7524691358024691 0.1404513888888889 0.7530864197530863 0.1371527777777778 0.7549382716049382 0.13333333333333333 0.7552469135802469 0.13177083333333334 0.7567901234567901 0.12951388888888887 0.7574074074074074 0.12708333333333333 0.7611111111111112 0.12222222222222222 0.7657407407407407 0.12013888888888889 0.7700617283950618 0.11927083333333333 0.7833333333333333 0.1185763888888889 0.7867283950617284 0.1185763888888889 0.7972222222222222 0.11805555555555555 0.8018518518518518 0.11631944444444445 0.8070987654320988 0.11684027777777778 0.811111111111111 0.11527777777777777 0.813888888888889 0.11527777777777777 0.8188271604938272 0.11475694444444444 0.8209876543209877 0.11527777777777777 0.828395061728395 0.11684027777777778 0.8348765432098766
0 0.3984375 0.5268518518518518 0.4038194444444444 0.5320987654320988 0.409375 0.5358024691358024 0.41215277777777776 0.5407407407407407 0.4144097222222222 0.5419753086419753 0.4189236111111111 0.5413580246913581 0.4211805555555555 0.5438271604938272 0.4309027777777778 0.5487654320987654 0.4319444444444444 0.5503086419753086 0.4340277777777778 0.5509259259259259 0.4354166666666667 0.5524691358024691 0.4401041666666667 0.5530864197530865 0.44131944444444443 0.554320987654321 0.4427083333333333 0.5589506172839506 0.4446180555555555 0.5611111111111111 0.4510416666666667 0.5632716049382717 0.4673611111111111 0.5632716049382717 0.4690972222222222 0.5623456790123457 0.47934027777777777 0.562037037037037 0.48420138888888886 0.5611111111111111 0.4857638888888889 0.5598765432098766 0.4875 0.5567901234567901 0.4880208333333333 0.5354938271604939 0.48767361111111107 0.5219135802469136 0.4857638888888889 0.5114197530864197 0.4855902777777778 0.49660493827160496 0.4838541666666667 0.491358024691358 0.4782986111111111 0.4888888888888889 0.475 0.4861111111111111 0.4527777777777778 0.47901234567901235 0.4465277777777778 0.47530864197530864 0.4425347222222222 0.47469135802469137 0.4357638888888889 0.4719135802469136 0.43124999999999997 0.47160493827160493 0.42343749999999997 0.4679012345679012 0.40607638888888886 0.4666666666666667 0.4006944444444444 0.46882716049382717 0.3989583333333333 0.47098765432098766 0.39826388888888886 0.4737654320987654 0.3972222222222222 0.4919753086419753 0.3972222222222222 0.5240740740740741 0.3984375 0.5268518518518518
0 0.2144097222222222 0.4802469135802469 0.21562499999999998 0.48456790123456794 0.21927083333333333 0.4916666666666667 0.221875 0.49320987654320986 0.225 0.49876543209876545 0.22708333333333333 0.5055555555555555 0.22847222222222222 0.5067901234567901 0.23055555555555554 0.512037037037037 0.2331597222222222 0.5160493827160494 0.24010416666666665 0.5175925925925926 0.24375 0.5172839506172839 0.2453125 0.516358024691358 0.2517361111111111 0.5037037037037037 0.2583333333333333 0.5006172839506172 0.26336805555555554 0.5003086419753087 0.26631944444444444 0.4981481481481481 0.26631944444444444 0.4700617283950617 0.26545138888888886 0.4635802469135802 0.2626736111111111 0.4601851851851852 0.2557291666666667 0.45771604938271604 0.2522569444444444 0.45462962962962966 0.24895833333333334 0.44969135802469135 0.2470486111111111 0.44814814814814813 0.24010416666666665 0.44537037037037036 0.2263888888888889 0.44537037037037036 0.2204861111111111 0.4475308641975309 0.2173611111111111 0.44969135802469135 0.21510416666666665 0.4527777777777778 0.21319444444444444 0.4580246913580247 0.21319444444444444 0.4703703703703703 0.2144097222222222 0.4802469135802469
3 0.3836805555555556 0.562037037037037 0.3907986111111111 0.5641975308641975 0.3925347222222222 0.5604938271604938 0.3930555555555555 0.5546296296296296 0.3909722222222222 0.532716049382716 0.39045138888888886 0.5317901234567901 0.3862847222222222 0.5317901234567901 0.3833333333333333 0.5330246913580247 0.3815972222222222 0.5358024691358024 0.3803819444444444 0.542283950617284 0.3803819444444444 0.5484567901234568 0.3836805555555556 0.562037037037037
3 0.18194444444444444 0.5481481481481482 0.1859375 0.5487654320987654 0.1876736111111111 0.5432098765432098 0.18819444444444444 0.532716049382716 0.1857638888888889 0.5287037037037037 0.1829861111111111 0.5277777777777778 0.18072916666666666 0.5287037037037037 0.1796875 0.5305555555555556 0.1796875 0.5385802469135802 0.18194444444444444 0.5481481481481482
3 0.6144097222222222 0.733641975308642 0.615798611111111 0.7490740740740741 0.6199652777777778 0.7567901234567901 0.6234375 0.758641975308642 0.6265625 0.754320987654321 0.6302083333333334 0.754320987654321 0.6328125 0.7558641975308641 0.6407986111111111 0.7555555555555555 0.6420138888888888 0.7583333333333334 0.6435763888888888 0.766358024691358 0.6472222222222221 0.7728395061728395 0.6510416666666666 0.7737654320987654 0.6520833333333333 0.7728395061728395 0.6552083333333334 0.766358024691358 0.6553819444444444 0.7617283950617284 0.6545138888888888 0.7558641975308641 0.6487847222222222 0.7410493827160494 0.6487847222222222 0.7305555555555556 0.6480902777777777 0.7268518518518519 0.6437499999999999 0.7188271604938271 0.6369791666666667 0.7157407407407407 0.6310763888888888 0.7197530864197531 0.6274305555555556 0.7185185185185184 0.6234375 0.7194444444444444 0.6204861111111112 0.7185185185185184 0.6168402777777777 0.7188271604938271 0.6151041666666666 0.7200617283950618 0.6135416666666667 0.7231481481481481 0.6135416666666667 0.7302469135802468 0.6144097222222222 0.733641975308642
3 0.23350694444444445 0.7734567901234568 0.234375 0.779320987654321 0.2394097222222222 0.7891975308641975 0.23975694444444445 0.79320987654321 0.2409722222222222 0.7953703703703704 0.2449652777777778 0.7950617283950616 0.24600694444444443 0.7938271604938272 0.24618055555555554 0.7814814814814816 0.2472222222222222 0.7777777777777778 0.2482638888888889 0.7768518518518519 0.25017361111111114 0.7725308641975309 0.24791666666666665 0.7592592592592593 0.24965277777777775 0.7472222222222222 0.24965277777777775 0.7305555555555556 0.2482638888888889 0.7280864197530863 0.24600694444444443 0.7274691358024691 0.24322916666666666 0.7274691358024691 0.2376736111111111 0.7296296296296296 0.23506944444444444 0.7333333333333334 0.2329861111111111 0.7345679012345678 0.2328125 0.7376543209876544 0.23072916666666665 0.7441358024691357 0.23055555555555554 0.7623456790123456 0.23350694444444445 0.7734567901234568
3 0.22743055555555555 0.729320987654321 0.22899305555555555 0.7277777777777777 0.22777777777777775 0.725925925925926 0.2253472222222222 0.7268518518518519 0.2251736111111111 0.7277777777777777 0.22743055555555555 0.729320987654321
3 0.3274305555555555 0.5268518518518518 0.328125 0.5290123456790123 0.3307291666666667 0.5302469135802469 0.3324652777777778 0.5299382716049382 0.3342013888888889 0.5259259259259259 0.3350694444444444 0.5145061728395062 0.3348958333333333 0.5104938271604939 0.3317708333333333 0.5074074074074074 0.32795138888888886 0.5074074074074074 0.3269097222222222 0.5114197530864197 0.3265625 0.5194444444444445 0.3274305555555555 0.5268518518518518
3 0.5251736111111112 0.6166666666666666 0.5302083333333333 0.6175925925925926 0.5368055555555555 0.6154320987654321 0.5387152777777777 0.6132716049382716 0.5385416666666666 0.6030864197530863 0.537673611111111 0.5996913580246913 0.5373263888888888 0.5907407407407407 0.5362847222222222 0.5861111111111111 0.5328124999999999 0.5858024691358025 0.5302083333333333 0.5901234567901235 0.5282986111111111 0.591358024691358 0.5225694444444444 0.5916666666666667 0.5225694444444444 0.6104938271604938 0.5251736111111112 0.6166666666666666
3 0.4038194444444444 0.5836419753086419 0.4059027777777778 0.5854938271604938 0.4118055555555556 0.5867283950617284 0.4125 0.5854938271604938 0.4126736111111111 0.5805555555555555 0.4125 0.5583333333333333 0.4118055555555556 0.5540123456790124 0.4107638888888889 0.5530864197530865 0.40121527777777777 0.5574074074074074 0.4019097222222222 0.5731481481481482 0.4038194444444444 0.5836419753086419
3 0.3729166666666667 0.5388888888888889 0.37309027777777776 0.5438271604938272 0.3763888888888889 0.5472222222222223 0.37881944444444443 0.5472222222222223 0.3798611111111111 0.5462962962962963 0.3807291666666667 0.5419753086419753 0.3807291666666667 0.5296296296296296 0.3802083333333333 0.5243827160493827 0.3786458333333333 0.5222222222222223 0.37656249999999997 0.5212962962962963 0.37309027777777776 0.5212962962962963 0.3723958333333333 0.5228395061728395 0.371875 0.5333333333333333 0.3729166666666667 0.5388888888888889