8 0.5224021084337349 0.574966532797858 0.5192018072289156 0.5813253012048192 0.5224021084337349 0.5883534136546185 0.5216490963855421 0.6047523427041499 0.5220256024096386 0.6194779116465864 0.5227786144578312 0.6258366800535475 0.5250376506024096 0.6275100401606425 0.5282379518072289 0.6265060240963856 0.5333207831325302 0.6147925033467202 0.5367093373493975 0.610776439089692 0.5406626506024096 0.6077643908969209 0.5506400602409639 0.607095046854083 0.5540286144578312 0.6077643908969209 0.5570406626506025 0.609772423025435 0.5592996987951807 0.6091030789825971 0.5604292168674698 0.6057563587684069 0.5606174698795181 0.5913654618473895 0.5621234939759036 0.5886880856760375 0.5641942771084337 0.5870147255689424 0.5645707831325301 0.5846720214190093 0.5641942771084337 0.5833333333333334 0.561558734939759 0.5809906291834003 0.5606174698795181 0.5779785809906292 0.5594879518072289 0.571954484605087 0.5600527108433735 0.5605756358768407 0.5557228915662651 0.5471887550200802 0.5538403614457832 0.5364792503346719 0.5504518072289156 0.5304551539491298 0.5461219879518072 0.5284471218206158 0.5291792168674698 0.5284471218206158 0.5278614457831325 0.5291164658634537 0.5267319277108433 0.5321285140562249 0.525414156626506 0.5408299866131191 0.5224021084337349 0.574966532797858
8 0.6635918674698795 0.49464524765729584 0.6682981927710843 0.5020080321285141 0.6730045180722891 0.5060240963855421 0.677710843373494 0.5080321285140562 0.6824171686746987 0.5133868808567603 0.6842996987951807 0.5140562248995983 0.685617469879518 0.5163989290495314 0.6869352409638554 0.5167336010709505 0.6882530120481927 0.5194109772423025 0.6910768072289157 0.5210843373493975 0.692394578313253 0.5234270414993306 0.6993599397590361 0.5224230254350736 0.7008659638554217 0.5194109772423025 0.7006777108433734 0.5150602409638554 0.6987951807228916 0.5110441767068272 0.698230421686747 0.5043507362784472 0.696347891566265 0.497991967871486 0.6957831325301205 0.4906291834002677 0.693335843373494 0.48661311914323957 0.6831701807228916 0.4832663989290495 0.6682981927710843 0.48293172690763053 0.6649096385542168 0.48460508701472554 0.6632153614457832 0.4879518072289156 0.6630271084337349 0.4916331994645248 0.6635918674698795 0.49464524765729584
1 0.5850903614457832 0.4949799196787148 0.5862198795180723 0.49866131191432395 0.5877259036144578 0.499665327978581 0.5956325301204819 0.49899598393574296 0.5975150602409639 0.4949799196787148 0.599585843373494 0.49297188755020077 0.6010918674698795 0.4892904953145917 0.6046686746987951 0.48427041499330653 0.6050451807228916 0.48125836680053546 0.6037274096385542 0.47556894243641235 0.5992093373493975 0.4685408299866131 0.5901731927710844 0.46921017402945114 0.5877259036144578 0.4722222222222222 0.5862198795180723 0.47657295850066933 0.5850903614457832 0.48058902275769744 0.5850903614457832 0.4949799196787148
1 0.7268448795180723 0.6301874163319946 0.7319277108433734 0.6325301204819277 0.7345632530120482 0.6355421686746987 0.7447289156626505 0.6539491298527443 0.7526355421686747 0.6539491298527443 0.7612951807228916 0.6559571619812584 0.7731551204819277 0.6559571619812584 0.7806852409638554 0.6572958500669344 0.7835090361445783 0.6566265060240963 0.787085843373494 0.6512717536813922 0.7882153614457832 0.642904953145917 0.7878388554216867 0.6372155287817939 0.7863328313253012 0.6298527443105756 0.784262048192771 0.6261713520749665 0.7829442771084337 0.6211512717536813 0.7808734939759036 0.6171352074966533 0.7808734939759036 0.6091030789825971 0.7769201807228916 0.606091030789826 0.7748493975903614 0.6020749665327978 0.7716490963855421 0.5983935742971888 0.7690135542168675 0.5930388219544845 0.7648719879518071 0.5876840696117804 0.7565888554216867 0.5846720214190093 0.7520707831325302 0.5843373493975904 0.7434111445783133 0.5843373493975904 0.7347515060240964 0.5860107095046854 0.7302334337349398 0.5876840696117804 0.7292921686746987 0.5890227576974565 0.727597891566265 0.5920348058902275 0.7264683734939759 0.6007362784471219 0.7257153614457832 0.6151271753681392 0.7268448795180723 0.6301874163319946
1 0.5265436746987951 0.5197456492637215 0.5269201807228916 0.5267737617135207 0.5470632530120482 0.5281124497991967 0.5485692771084337 0.5257697456492637 0.5470632530120482 0.5187416331994645 0.5449924698795181 0.5147255689424364 0.5446159638554217 0.5113788487282463 0.5432981927710844 0.5083668005354752 0.5395331325301205 0.5070281124497992 0.5310617469879518 0.5070281124497992 0.5269201807228916 0.5083668005354752 0.525414156626506 0.5100401606425703 0.5250376506024096 0.5127175368139224 0.5265436746987951 0.5197456492637215
1 0.7259036144578312 0.785475234270415 0.7281626506024096 0.7904953145917001 0.7291039156626505 0.8035475234270415 0.7309864457831325 0.8176037483266398 0.7321159638554217 0.8199464524765729 0.7326807228915663 0.823293172690763 0.734375 0.8276439089692101 0.7375753012048193 0.8299866131191431 0.7413403614457832 0.8279785809906292 0.745105421686747 0.8279785809906292 0.7488704819277109 0.8380187416331994 0.7516942771084337 0.8413654618473895 0.753953313253012 0.8467202141900936 0.7584713855421688 0.8530789825970548 0.7603539156626505 0.857095046854083 0.7626129518072289 0.859437751004016 0.763742469879518 0.8631191432396251 0.764683734939759 0.8778447121820615 0.7663780120481927 0.8905622489959839 0.7692018072289157 0.8982597054886211 0.7725903614457832 0.9022757697456492 0.7765436746987951 0.9012717536813922 0.7795557228915663 0.8979250334672021 0.7940512048192772 0.9009370816599732 0.8044051204819277 0.9009370816599732 0.8094879518072289 0.8995983935742972 0.8258659638554217 0.9006024096385542 0.8283132530120482 0.8979250334672021 0.8300075301204819 0.8919009370816599 0.8298192771084337 0.8734939759036144 0.8303840361445783 0.8691432396251673 0.8337725903614457 0.8621151271753681 0.8382906626506025 0.859772423025435 0.8426204819277109 0.856091030789826 0.8422439759036144 0.8520749665327978 0.8394201807228916 0.8467202141900936 0.8358433734939759 0.8346720214190093 0.8309487951807228 0.8263052208835341 0.8275602409638554 0.8176037483266398 0.8286897590361446 0.8135876840696118 0.8333960843373495 0.8072289156626505 0.8324548192771084 0.8048862115127174 0.8300075301204819 0.8025435073627845 0.8245481927710843 0.8002008032128514 0.8215361445783133 0.7961847389558232 0.8187123493975903 0.789156626506024 0.8162650602409639 0.7851405622489959 0.8141942771084337 0.7791164658634537 0.8123117469879518 0.7767737617135206 0.807605421686747 0.7670682730923695 0.8044051204819277 0.7627175368139224 0.801769578313253 0.7607095046854083 0.8010165662650602 0.7583668005354752 0.7951807228915663 0.7506693440428379 0.7936746987951807 0.7469879518072289 0.7921686746987951 0.745983935742972 0.7904743975903614 0.7409638554216867 0.7868975903614457 0.7372824631860776 0.7840737951807228 0.7325970548862115 0.7838855421686747 0.7309236947791165 0.7808734939759036 0.7272423025435073 0.7791792168674698 0.7235609103078983 0.776355421686747 0.7205488621151273 0.7725903614457832 0.7188755020080321 0.768637048192771 0.7188755020080321 0.7648719879518071 0.717536813922356 0.7562123493975903 0.7192101740294511 0.7469879518072289 0.7185408299866131 0.7407756024096386 0.7202141900937081 0.7366340361445783 0.7235609103078983 0.734375 0.7265729585006694 0.7306099397590361 0.7349397590361446 0.7298569277108433 0.7386211512717537 0.7266566265060241 0.7466532797858099 0.7251506024096386 0.7600401606425703 0.7247740963855421 0.7677376171352074 0.7259036144578312 0.785475234270415
1 0.799887048192771 0.7346050870147255 0.8004518072289157 0.7359437751004015 0.8059111445783133 0.7412985274431058 0.8119352409638554 0.7423025435073627 0.818335843373494 0.749330655957162 0.8234186746987951 0.7583668005354752 0.8245481927710843 0.7694109772423026 0.8254894578313253 0.7724230254350736 0.8277484939759036 0.7767737617135206 0.8313253012048193 0.7797858099062919 0.8367846385542168 0.7794511378848727 0.8422439759036144 0.7751004016064257 0.8435617469879518 0.7704149933065595 0.8454442771084337 0.7677376171352074 0.8463855421686747 0.7647255689424364 0.846762048192771 0.7583668005354752 0.8475150602409639 0.7556894243641231 0.848644578313253 0.754016064257028 0.8507153614457832 0.753681392235609 0.8529743975903614 0.754016064257028 0.8548569277108433 0.7570281124497991 0.8573042168674698 0.7630522088353414 0.8588102409638554 0.7720883534136546 0.8610692771084337 0.7744310575635877 0.8625753012048193 0.7784471218206157 0.864269578313253 0.7807898259705488 0.8661521084337349 0.7817938420348058 0.8704819277108433 0.7814591700133868 0.873117469879518 0.7801204819277109 0.8772590361445783 0.7807898259705488 0.8802710843373495 0.7797858099062919 0.8827183734939759 0.7751004016064257 0.883847891566265 0.7670682730923695 0.8842243975903614 0.7576974564926372 0.8836596385542168 0.7476572958500669 0.8821536144578312 0.7419678714859438 0.8815888554216867 0.7342704149933065 0.8800828313253012 0.7292503346720213 0.8776355421686747 0.7248995983935743 0.8765060240963856 0.7242302543507363 0.8748117469879518 0.7202141900937081 0.8738704819277109 0.717202141900937 0.8725527108433734 0.7068273092369478 0.8693524096385542 0.6954484605087013 0.8661521084337349 0.6880856760374833 0.8595632530120482 0.679384203480589 0.8531626506024096 0.6723560910307897 0.8499623493975903 0.6700133868808567 0.8488328313253012 0.6680053547523427 0.8413027108433734 0.6619812583668006 0.8326430722891566 0.6593038821954484 0.8245481927710843 0.6593038821954484 0.8211596385542168 0.6606425702811245 0.8098644578313253 0.6613119143239624 0.8072289156626505 0.6636546184738955 0.8062876506024096 0.6713520749665328 0.8038403614457832 0.68239625167336 0.8021460843373495 0.7011378848728247 0.8000753012048193 0.7085006693440428 0.7996987951807228 0.7128514056224899 0.7993222891566264 0.7269076305220884 0.799887048192771 0.7346050870147255
1 0.5739834337349398 0.5900267737617134 0.5758659638554217 0.5973895582329317 0.577183734939759 0.606091030789826 0.5811370481927711 0.6087684069611781 0.5873493975903614 0.608433734939759 0.588855421686747 0.6077643908969209 0.5897966867469879 0.606091030789826 0.5901731927710844 0.5947121820615796 0.5918674698795181 0.5890227576974565 0.5929969879518073 0.5880187416331994 0.5939382530120482 0.5853413654618473 0.5939382530120482 0.574966532797858 0.5933734939759036 0.572289156626506 0.5939382530120482 0.5686077643908969 0.5950677710843373 0.5665997322623828 0.6022213855421688 0.5652610441767069 0.6039156626506025 0.5639223560910308 0.6022213855421688 0.5568942436412315 0.5988328313253012 0.5508701472556894 0.5958207831325302 0.5491967871485944 0.5890436746987951 0.5478580990629184 0.5850903614457832 0.5481927710843374 0.5786897590361446 0.5508701472556894 0.5769954819277109 0.5538821954484605 0.5739834337349398 0.5632530120481927 0.5730421686746988 0.5696117804551539 0.5739834337349398 0.5900267737617134
1 0.5278614457831325 0.8022088353413653 0.5274849397590361 0.8078982597054887 0.5265436746987951 0.8105756358768406 0.5274849397590361 0.822289156626506 0.5274849397590361 0.8386880856760374 0.5237198795180723 0.8447121820615796 0.5227786144578312 0.8490629183400267 0.523531626506024 0.8527443105756359 0.5261671686746988 0.856091030789826 0.5269201807228916 0.8621151271753681 0.5267319277108433 0.8664658634538152 0.5274849397590361 0.8691432396251673 0.5276731927710844 0.8808567603748325 0.5282379518072289 0.8838688085676037 0.5286144578313253 0.9042838018741632 0.5306852409638554 0.9133199464524765 0.5299322289156626 0.9213520749665327 0.528426204819277 0.928714859437751 0.5286144578313253 0.9337349397590361 0.5306852409638554 0.9407630522088353 0.5320030120481928 0.9521419009370816 0.5350150602409639 0.9568273092369478 0.5400978915662651 0.9595046854082999 0.5643825301204819 0.963520749665328 0.5988328313253012 0.9641900937081659 0.6024096385542168 0.9611780455153949 0.6037274096385542 0.9568273092369478 0.6039156626506025 0.9497991967871485 0.6046686746987951 0.9464524765729585 0.6050451807228916 0.9136546184738955 0.6039156626506025 0.9002677376171351 0.602597891566265 0.8955823293172691 0.6024096385542168 0.8902275769745649 0.6009036144578312 0.8831994645247656 0.5990210843373495 0.8661311914323961 0.6010918674698795 0.8634538152610441 0.6031626506024096 0.8627844712182061 0.6042921686746987 0.860776439089692 0.6061746987951807 0.859772423025435 0.6073042168674698 0.856760374832664 0.6073042168674698 0.8534136546184738 0.6057981927710843 0.8490629183400267 0.6009036144578312 0.8493975903614457 0.5990210843373495 0.8517402945113788 0.5958207831325302 0.8437081659973226 0.5954442771084337 0.8390227576974565 0.5943147590361446 0.8353413654618473 0.5929969879518073 0.8149263721552877 0.5852786144578312 0.7797858099062919 0.5847138554216867 0.7727576974564926 0.5828313253012047 0.7653949129852745 0.5817018072289156 0.7570281124497991 0.5803840361445783 0.7543507362784472 0.5783132530120482 0.752677376171352 0.5726656626506025 0.75 0.5613704819277109 0.7476572958500669 0.5434864457831325 0.7469879518072289 0.5393448795180723 0.75 0.5325677710843374 0.7600401606425703 0.5293674698795181 0.7737617135207496 0.528426204819277 0.8012048192771084 0.5278614457831325 0.8022088353413653
1 0.6327183734939759 0.7804551539491298 0.6336596385542168 0.8005354752342704 0.6383659638554217 0.8182730923694779 0.639683734939759 0.8263052208835341 0.6425075301204819 0.8333333333333334 0.6438253012048193 0.8406961178045514 0.6449548192771084 0.8430388219544845 0.6468373493975903 0.856091030789826 0.6475903614457832 0.8684738955823292 0.6509789156626505 0.8775100401606425 0.654367469879518 0.8751673360107094 0.6588855421686747 0.8748326639892904 0.6635918674698795 0.8775100401606425 0.6713102409638554 0.8781793842034806 0.6812876506024096 0.8818607764390897 0.6971009036144579 0.8835341365461846 0.7127259036144579 0.8821954484605087 0.716867469879518 0.8805220883534136 0.7179969879518071 0.8788487282463185 0.7189382530120482 0.8765060240963856 0.7191265060240964 0.8734939759036144 0.7189382530120482 0.8463855421686747 0.7176204819277109 0.8423694779116465 0.7172439759036144 0.8326639892904952 0.7159262048192772 0.8293172690763052 0.7155496987951807 0.82429718875502 0.7132906626506025 0.8139223560910308 0.7108433734939759 0.8072289156626505 0.7097138554216867 0.7988621151271753 0.7104668674698795 0.7955153949129852 0.713855421686747 0.7931726907630522 0.7149849397590361 0.7911646586345381 0.7151731927710843 0.786479250334672 0.7134789156626505 0.7827978580990629 0.7085843373493975 0.7827978580990629 0.7067018072289157 0.7821285140562249 0.7053840361445783 0.7801204819277109 0.704066265060241 0.7747657295850067 0.7019954819277109 0.7700803212851405 0.7006777108433734 0.7640562248995983 0.6978539156626505 0.7580321285140562 0.6957831325301205 0.7479919678714859 0.6925828313253012 0.7409638554216867 0.6886295180722891 0.7352744310575636 0.6846762048192772 0.7315930388219544 0.6827936746987951 0.7262382864792504 0.6805346385542168 0.7225568942436412 0.6801581325301205 0.7202141900937081 0.6771460843373495 0.7161981258366801 0.6735692771084337 0.713186077643909 0.6690512048192772 0.7118473895582329 0.6575677710843373 0.7105087014725568 0.6462725903614457 0.7128514056224899 0.6428840361445783 0.7161981258366801 0.6400602409638554 0.7222222222222222 0.6372364457831325 0.7305890227576974 0.6340361445783133 0.7439759036144579 0.6336596385542168 0.7510040160642569 0.6336596385542168 0.7667336010709505 0.6327183734939759 0.7804551539491298
1 0.22025602409638553 0.6559571619812584 0.223644578313253 0.6716867469879517 0.2264683734939759 0.67570281124498 0.22910391566265062 0.67570281124498 0.2311746987951807 0.6740294511378848 0.23305722891566263 0.6676706827309237 0.234375 0.6653279785809906 0.2579066265060241 0.6656626506024096 0.2624246987951807 0.6690093708165997 0.26506024096385544 0.6726907630522088 0.2692018072289156 0.6726907630522088 0.27146084337349397 0.6673360107095045 0.2727786144578313 0.6613119143239624 0.2727786144578313 0.6576305220883534 0.275414156626506 0.6499330655957162 0.2791792168674699 0.6472556894243641 0.2820030120481927 0.6495983935742972 0.28426204819277107 0.6492637215528781 0.2865210843373494 0.6472556894243641 0.28783885542168675 0.6419009370816599 0.2887801204819277 0.6164658634538152 0.2880271084337349 0.6124497991967871 0.28463855421686746 0.6037483266398929 0.28294427710843373 0.6017402945113788 0.27955572289156627 0.6000669344042838 0.2724021084337349 0.5920348058902275 0.2626129518072289 0.5896921017402945 0.24811746987951808 0.5890227576974565 0.239269578313253 0.5933734939759036 0.23079819277108432 0.6020749665327978 0.22571536144578314 0.6121151271753681 0.22307981927710843 0.6228246318607764 0.22025602409638553 0.6285140562248996 0.21987951807228914 0.6315261044176707 0.21950301204819275 0.6412315930388219 0.22025602409638553 0.6559571619812584
1 0.692394578313253 0.9976572958500669 0.6935240963855421 0.9983266398929048 0.6935240963855421 0.999665327978581 0.7867093373493975 0.999665327978581 0.7865210843373495 0.9949799196787148 0.7831325301204819 0.9862784471218206 0.7804969879518071 0.9799196787148594 0.7769201807228916 0.9738955823293173 0.776355421686747 0.9712182061579652 0.7740963855421688 0.9678714859437751 0.7708960843373495 0.9598393574297188 0.7676957831325302 0.9558232931726907 0.763742469879518 0.9538152610441766 0.7612951807228916 0.9487951807228916 0.7560240963855421 0.9441097724230254 0.7377635542168675 0.9394243641231592 0.7076430722891566 0.9384203480589023 0.7029367469879518 0.9397590361445783 0.6980421686746987 0.9427710843373492 0.6937123493975903 0.9497991967871485 0.6927710843373495 0.9531459170013387 0.692394578313253 0.9585006693440428 0.691453313253012 0.9949799196787148 0.692394578313253 0.9976572958500669
1 0.6261295180722891 0.4815930388219545 0.6408132530120482 0.4799196787148594 0.6419427710843373 0.47757697456492637 0.641566265060241 0.47322623828647925 0.6400602409638554 0.4702141900937082 0.6381777108433734 0.4675368139223561 0.6342243975903614 0.46619812583668 0.6268825301204819 0.464859437751004 0.6236822289156626 0.46619812583668 0.6223644578313253 0.46921017402945114 0.6216114457831325 0.4735609103078982 0.6212349397590361 0.47724230254350736 0.6261295180722891 0.4815930388219545
1 0.6487198795180723 0.6178045515394913 0.6490963855421688 0.6348728246318608 0.649472891566265 0.6375502008032128 0.6509789156626505 0.6408969210174029 0.6549322289156626 0.642570281124498 0.6581325301204819 0.6362115127175367 0.659262048192771 0.6298527443105756 0.6607680722891566 0.6268406961178045 0.6645331325301205 0.6268406961178045 0.6664156626506025 0.6298527443105756 0.6682981927710843 0.6375502008032128 0.6696159638554217 0.6388888888888888 0.6714984939759036 0.6449129852744311 0.6731927710843373 0.6475903614457832 0.6750753012048193 0.6552878179384203 0.6786521084337349 0.6609772423025434 0.6822289156626505 0.6613119143239624 0.6842996987951807 0.6589692101740293 0.6867469879518071 0.6552878179384203 0.6888177710843373 0.6475903614457832 0.6939006024096386 0.6365461847389559 0.696347891566265 0.6338688085676037 0.7006777108433734 0.6318607764390897 0.7033132530120482 0.6268406961178045 0.6993599397590361 0.6131191432396251 0.7016189759036144 0.6087684069611781 0.7016189759036144 0.6057563587684069 0.7006777108433734 0.6037483266398929 0.6965361445783133 0.6017402945113788 0.6910768072289157 0.5886880856760375 0.6850527108433734 0.5803212851405622 0.6782756024096386 0.5786479250334672 0.6760165662650602 0.5769745649263721 0.6684864457831325 0.5766398929049531 0.6639683734939759 0.573962516733601 0.6556852409638554 0.57429718875502 0.6511671686746987 0.5783132530120482 0.6496611445783133 0.5870147255689424 0.6492846385542168 0.5973895582329317 0.6492846385542168 0.6121151271753681 0.6487198795180723 0.6178045515394913
1 0.5289909638554217 0.642570281124498 0.5295557228915663 0.6582998661311914 0.5308734939759036 0.6596385542168675 0.5481927710843374 0.6582998661311914 0.5711596385542168 0.6603078982597055 0.5719126506024096 0.6582998661311914 0.5711596385542168 0.6542838018741634 0.5713478915662651 0.6472556894243641 0.5741716867469879 0.6449129852744311 0.5749246987951807 0.642904953145917 0.5749246987951807 0.6402275769745649 0.5711596385542168 0.6382195448460508 0.5696536144578312 0.6362115127175367 0.5677710843373494 0.6285140562248996 0.5660768072289156 0.6244979919678715 0.5641942771084337 0.6154618473895582 0.5623117469879518 0.6124497991967871 0.5609939759036144 0.610776439089692 0.5562876506024096 0.610107095046854 0.5512048192771084 0.607429718875502 0.5408509036144578 0.6077643908969209 0.5365210843373494 0.6111111111111112 0.5325677710843374 0.6181392235609103 0.5286144578313253 0.6335341365461846 0.528426204819277 0.6395582329317269 0.5289909638554217 0.642570281124498
1 0.37895331325301207 0.48427041499330653 0.38027108433734935 0.4856091030789826 0.3870481927710844 0.48460508701472554 0.39759036144578314 0.4856091030789826 0.3998493975903614 0.4839357429718876 0.4006024096385542 0.48058902275769744 0.3998493975903614 0.46318607764390896 0.3989081325301205 0.4601740294511379 0.39909638554216864 0.45649263721552874 0.39439006024096385 0.4521419009370816 0.3830948795180723 0.45247657295850063 0.379894578313253 0.4598393574297188 0.3793298192771084 0.46586345381526106 0.3782003012048193 0.46987951807228917 0.37801204819277107 0.48058902275769744 0.37895331325301207 0.48427041499330653
1 0.696347891566265 0.5030120481927711 0.6987951807228916 0.5103748326639893 0.7025602409638554 0.5163989290495314 0.7067018072289157 0.5150602409638554 0.7100903614457832 0.5153949129852744 0.7123493975903614 0.5110441767068272 0.7134789156626505 0.5046854082998661 0.7142319277108433 0.5090361445783133 0.7170557228915663 0.5150602409638554 0.7193147590361446 0.5163989290495314 0.7253388554216867 0.5163989290495314 0.7279743975903614 0.5103748326639893 0.7300451807228916 0.49899598393574296 0.729480421686747 0.4879518072289156 0.7287274096385542 0.48661311914323957 0.7247740963855421 0.4836010709504685 0.7174322289156626 0.4819277108433735 0.711972891566265 0.4819277108433735 0.7042545180722891 0.4836010709504685 0.6999246987951807 0.48728246318607765 0.6978539156626505 0.4879518072289156 0.6954066265060241 0.4926372155287818 0.6954066265060241 0.49899598393574296 0.696347891566265 0.5030120481927711
1 0.9489834337349398 0.9226907630522088 0.9499246987951807 0.9233601070950469 0.9527484939759036 0.9206827309236948 0.9574548192771084 0.9186746987951807 0.9582078313253012 0.9163319946452476 0.9585843373493975 0.9093038821954484 0.9600903614457832 0.9049531459170013 0.9617846385542168 0.9029451137884872 0.9663027108433734 0.9026104417670682 0.9704442771084337 0.9046184738955823 0.9715737951807228 0.9072958500669344 0.9719503012048193 0.9103078982597055 0.9711972891566264 0.9213520749665327 0.9732680722891566 0.9257028112449798 0.9757153614457832 0.9280455153949129 0.9796686746987951 0.9370816599732262 0.9802334337349398 0.9518072289156626 0.9832454819277109 0.9598393574297188 0.9839984939759036 0.9641900937081659 0.9855045180722891 0.967202141900937 0.9855045180722891 0.9715528781793842 0.984375 0.9772423025435073 0.9939759036144579 0.9906291834002677 0.9947289156626505 0.9929718875502007 0.9947289156626505 0.9919678714859437 0.9966114457831325 0.9892904953145917 0.998117469879518 0.9879518072289156 0.9998117469879517 0.9879518072289156 0.9998117469879517 0.8537483266398929 0.985316265060241 0.8520749665327978 0.9725150602409639 0.8520749665327978 0.9670557228915663 0.8547523427041499 0.9657379518072289 0.859772423025435 0.9642319277108433 0.8621151271753681 0.9593373493975903 0.8654618473895582 0.952183734939759 0.8741633199464525 0.951242469879518 0.8781793842034806 0.9510542168674698 0.8862115127175367 0.9489834337349398 0.8915662650602408 0.9480421686746987 0.9069611780455153 0.9478539156626505 0.9186746987951807 0.9489834337349398 0.9226907630522088
1 0.598644578313253 0.5224230254350736 0.599585843373494 0.5220883534136546 0.6018448795180723 0.5180722891566265 0.6029743975903614 0.5177376171352075 0.6091867469879518 0.5234270414993306 0.6114457831325302 0.5163989290495314 0.6116340361445783 0.5080321285140562 0.6135165662650602 0.49598393574297184 0.6129518072289157 0.4879518072289156 0.6091867469879518 0.4852744310575635 0.6052334337349398 0.4852744310575635 0.6018448795180723 0.4882864792503347 0.6001506024096386 0.49297188755020077 0.5969503012048193 0.49832663989290493 0.5965737951807228 0.5137215528781793 0.598644578313253 0.5224230254350736
1 0.5658885542168675 0.48460508701472554 0.5640060240963854 0.48293172690763053 0.5640060240963854 0.4856091030789826 0.5658885542168675 0.48460508701472554
4 0.686558734939759 0.6820615796519411 0.6861822289156626 0.6860776439089692 0.6869352409638554 0.6921017402945113 0.686558734939759 0.6997991967871485 0.6882530120481927 0.717202141900937 0.692394578313253 0.7282463186077643 0.6946536144578312 0.7312583668005355 0.7048192771084337 0.7332663989290495 0.7059487951807228 0.7349397590361446 0.708019578313253 0.7566934404283802 0.7091490963855421 0.7620481927710843 0.7110316265060241 0.7647255689424364 0.7127259036144579 0.7657295850066933 0.7176204819277109 0.7657295850066933 0.7204442771084337 0.7637215528781793 0.7238328313253012 0.7563587684069611 0.7259036144578312 0.7449799196787148 0.7328689759036144 0.7279116465863453 0.7362575301204819 0.7232262382864791 0.7377635542168675 0.7225568942436412 0.7400225903614457 0.7188755020080321 0.7473644578313253 0.716867469879518 0.7594126506024096 0.717202141900937 0.7618599397590361 0.716532797858099 0.7641189759036144 0.714190093708166 0.7631777108433734 0.7088353413654618 0.7592243975903614 0.7004685408299866 0.7596009036144579 0.6971218206157965 0.7626129518072289 0.6931057563587684 0.7620481927710843 0.6894243641231592 0.7562123493975903 0.6860776439089692 0.7518825301204819 0.6746987951807228 0.745105421686747 0.6616465863453814 0.743222891566265 0.6599732262382865 0.7385165662650602 0.6519410977242303 0.7302334337349398 0.644578313253012 0.7283509036144579 0.6408969210174029 0.7274096385542168 0.6372155287817939 0.7257153614457832 0.6358768406961177 0.7210090361445783 0.6342034805890228 0.7166792168674698 0.6342034805890228 0.712914156626506 0.6368808567603749 0.7115963855421688 0.6338688085676037 0.703125 0.6335341365461846 0.6995481927710843 0.6378848728246318 0.6980421686746987 0.6439089692101739 0.6986069277108433 0.6485943775100401 0.6976656626506025 0.6542838018741634 0.6961596385542168 0.6569611780455153 0.6890060240963856 0.6549531459170013 0.6873117469879518 0.6576305220883534 0.6869352409638554 0.6613119143239624 0.6858057228915663 0.6646586345381527 0.6858057228915663 0.679384203480589 0.686558734939759 0.6820615796519411
1 0.5984563253012049 0.6830655957161981 0.5993975903614457 0.6857429718875502 0.6056099397590361 0.6944444444444444 0.6059864457831325 0.6974564926372154 0.6071159638554217 0.7001338688085675 0.6076807228915663 0.7078313253012047 0.6091867469879518 0.7145247657295849 0.6178463855421688 0.713520749665328 0.6268825301204819 0.7158634538152611 0.6374246987951807 0.7158634538152611 0.6402484939759036 0.715194109772423 0.6428840361445783 0.7115127175368139 0.6547439759036144 0.7091700133868808 0.657191265060241 0.7064926372155287 0.6573795180722891 0.6921017402945113 0.6566265060240964 0.6850736278447122 0.6556852409638554 0.6817269076305221 0.6547439759036144 0.6700133868808567 0.6517319277108434 0.6616465863453814 0.6515436746987951 0.6576305220883534 0.6502259036144579 0.6542838018741634 0.6489081325301205 0.6472556894243641 0.6468373493975903 0.642570281124498 0.6447665662650602 0.6325301204819277 0.6425075301204819 0.6255020080321285 0.6381777108433734 0.6168005354752343 0.6351656626506025 0.6124497991967871 0.6302710843373495 0.610107095046854 0.6248117469879518 0.6094377510040161 0.6163403614457832 0.6091030789825971 0.6063629518072289 0.6111111111111112 0.6042921686746987 0.6144578313253012 0.6031626506024096 0.6214859437751004 0.5993975903614457 0.6325301204819277 0.5982680722891566 0.6388888888888888 0.597703313253012 0.6750334672021419 0.5984563253012049 0.6830655957161981
1 0.5286144578313253 0.680388219544846 0.5274849397590361 0.6880856760374833 0.5274849397590361 0.6931057563587684 0.5244728915662651 0.6994645247657295 0.5244728915662651 0.7038152610441766 0.525414156626506 0.7064926372155287 0.5278614457831325 0.7098393574297189 0.5282379518072289 0.717202141900937 0.5271084337349398 0.7212182061579652 0.5271084337349398 0.7315930388219544 0.5293674698795181 0.7446452476572958 0.53125 0.749665327978581 0.5331325301204819 0.7520080321285141 0.5365210843373494 0.7520080321285141 0.5427334337349398 0.7466532797858099 0.5442394578313253 0.7463186077643909 0.5623117469879518 0.7463186077643909 0.5690888554216867 0.7479919678714859 0.5800075301204819 0.7523427041499331 0.5824548192771084 0.7566934404283802 0.583019578313253 0.7610441767068273 0.5850903614457832 0.7663989290495314 0.586031626506024 0.7590361445783133 0.5856551204819277 0.7379518072289156 0.5818900602409639 0.7212182061579652 0.5817018072289156 0.715528781793842 0.5826430722891567 0.713855421686747 0.5881024096385542 0.7098393574297189 0.5884789156626505 0.7054886211512718 0.5873493975903614 0.7028112449799196 0.5850903614457832 0.7014725568942436 0.5813253012048193 0.7024765729585006 0.5785015060240963 0.6964524765729585 0.5783132530120482 0.6927710843373495 0.575301204819277 0.6817269076305221 0.5726656626506025 0.6646586345381527 0.5709713855421686 0.6619812583668006 0.5675828313253012 0.6606425702811245 0.5581701807228916 0.6593038821954484 0.541039156626506 0.6586345381526105 0.5327560240963854 0.6599732262382865 0.53125 0.6616465863453814 0.5308734939759036 0.6720214190093707 0.5286144578313253 0.680388219544846
1 0.5606174698795181 0.5321285140562249 0.5606174698795181 0.538821954484605 0.5619352409638554 0.5448460508701473 0.5632530120481928 0.5575635876840696 0.5649472891566265 0.5605756358768407 0.5668298192771084 0.5615796519410977 0.5717243975903614 0.5615796519410977 0.573230421686747 0.5605756358768407 0.5751129518072289 0.5575635876840696 0.5760542168674698 0.5538821954484605 0.5796310240963854 0.5491967871485944 0.5811370481927711 0.5478580990629184 0.5867846385542168 0.5468540829986613 0.5884789156626505 0.5455153949129853 0.5894201807228916 0.5431726907630522 0.588855421686747 0.5297858099062919 0.5867846385542168 0.5251004016064257 0.5850903614457832 0.5157295850066934 0.5809487951807228 0.5143908969210174 0.5709713855421686 0.5143908969210174 0.5668298192771084 0.5153949129852744 0.5649472891566265 0.5174029451137885 0.5623117469879518 0.5247657295850067 0.5619352409638554 0.5297858099062919 0.5606174698795181 0.5321285140562249
1 0.5169427710843374 0.5060240963855421 0.5188253012048193 0.5093708165997323 0.5259789156626505 0.5097054886211513 0.5306852409638554 0.5066934404283802 0.5365210843373494 0.5066934404283802 0.5378388554216867 0.5060240963855421 0.5382153614457832 0.5046854082998661 0.5382153614457832 0.4976572958500669 0.5363328313253012 0.48460508701472554 0.5329442771084337 0.4762382864792503 0.5246611445783133 0.47489959839357426 0.5192018072289156 0.47657295850066933 0.5180722891566265 0.47891566265060237 0.5152484939759036 0.4936412315930388 0.5150602409638554 0.49866131191432395 0.5169427710843374 0.5060240963855421
5 0.6937123493975903 0.5779785809906292 0.6965361445783133 0.5819946452476573 0.6997364457831325 0.5853413654618473 0.7018072289156626 0.5856760374832664 0.7174322289156626 0.5843373493975904 0.7215737951807228 0.5863453815261044 0.7253388554216867 0.5863453815261044 0.7274096385542168 0.5853413654618473 0.7281626506024096 0.5836680053547523 0.729480421686747 0.5766398929049531 0.7296686746987951 0.571285140562249 0.7287274096385542 0.5655957161981258 0.727597891566265 0.5629183400267738 0.7274096385542168 0.5599062918340026 0.7247740963855421 0.5508701472556894 0.7221385542168675 0.5471887550200802 0.7208207831325302 0.5431726907630522 0.71875 0.5414993306559571 0.7176204819277109 0.539156626506024 0.7149849397590361 0.5364792503346719 0.7114081325301205 0.534805890227577 0.7025602409638554 0.5327978580990629 0.6929593373493975 0.536144578313253 0.691453313253012 0.539825970548862 0.6920180722891566 0.5736278447121821 0.6937123493975903 0.5779785809906292
2 0.894578313253012 0.4825970548862115 0.895519578313253 0.4856091030789826 0.8970256024096386 0.48728246318607765 0.8981551204819277 0.48728246318607765 0.9000376506024096 0.48460508701472554 0.9006024096385542 0.48125836680053546 0.8998493975903614 0.46820615796519405 0.8975903614457832 0.46318607764390896 0.895519578313253 0.465528781793842 0.8943900602409639 0.46887550200803213 0.8938253012048193 0.4762382864792503 0.894578313253012 0.4825970548862115
2 0.7496234939759036 0.536144578313253 0.7503765060240964 0.5401606425702811 0.7507530120481927 0.5488621151271753 0.7520707831325302 0.5522088353413654 0.7541415662650602 0.5475234270414993 0.7554593373493975 0.5384872824631861 0.7575301204819277 0.535140562248996 0.7584713855421688 0.5314591700133868 0.7582831325301205 0.5261044176706827 0.7565888554216867 0.5187416331994645 0.7554593373493975 0.5163989290495314 0.7552710843373495 0.5130522088353413 0.7518825301204819 0.5113788487282463 0.749058734939759 0.5187416331994645 0.7479292168674698 0.5254350736278447 0.748117469879518 0.5327978580990629 0.7496234939759036 0.536144578313253
2 0.8456325301204819 0.5401606425702811 0.848644578313253 0.5435073627844712 0.8522213855421688 0.5428380187416332 0.8533509036144579 0.5371485943775101 0.8533509036144579 0.5284471218206158 0.8529743975903614 0.5240963855421686 0.8505271084337349 0.5143908969210174 0.8492093373493975 0.5127175368139224 0.847703313253012 0.5137215528781793 0.8461972891566264 0.5167336010709505 0.8452560240963856 0.5224230254350736 0.8448795180722891 0.5297858099062919 0.8456325301204819 0.5401606425702811
2 0.37123493975903615 0.5053547523427041 0.3721762048192771 0.5073627844712182 0.37612951807228917 0.5083668005354752 0.37688253012048195 0.5097054886211513 0.3770707831325301 0.5137215528781793 0.3765060240963855 0.5157295850066934 0.3772590361445783 0.5184069611780454 0.3772590361445783 0.5264390896921017 0.38027108433734935 0.5297858099062919 0.3815888554216867 0.5240963855421686 0.38196536144578314 0.5087014725568942 0.37876506024096385 0.49866131191432395 0.3785768072289156 0.4949799196787148 0.3770707831325301 0.4936412315930388 0.3748117469879518 0.4949799196787148 0.37368222891566266 0.500334672021419 0.37123493975903615 0.5053547523427041
2 0.19973644578313254 0.5107095046854083 0.20331325301204817 0.5153949129852744 0.20500753012048192 0.5123828647925033 0.20576054216867468 0.5073627844712182 0.20576054216867468 0.49464524765729584 0.20481927710843373 0.4892904953145917 0.20331325301204817 0.4852744310575635 0.20143072289156624 0.48661311914323957 0.19954819277108432 0.4906291834002677 0.19898343373493976 0.49866131191432395 0.19973644578313254 0.5107095046854083
2 0.22402108433734938 0.48728246318607765 0.22420933734939757 0.49866131191432395 0.22515060240963855 0.5016733601070951 0.22740963855421686 0.502342704149933 0.2289156626506024 0.49899598393574296 0.22910391566265062 0.49531459170013387 0.23042168674698793 0.4899598393574297 0.23042168674698793 0.47489959839357426 0.2289156626506024 0.4675368139223561 0.22740963855421686 0.46419009370816594 0.2247740963855422 0.46619812583668 0.2232680722891566 0.47322623828647925 0.22307981927710843 0.4785809906291834 0.22402108433734938 0.48728246318607765
2 0.9514307228915663 0.9678714859437751 0.9593373493975903 0.9708835341365462 0.9740210843373495 0.9685408299866131 0.977597891566265 0.9708835341365462 0.9800451807228916 0.9712182061579652 0.9819277108433734 0.9708835341365462 0.9841867469879517 0.9678714859437751 0.9800451807228916 0.9494645247657295 0.9774096385542168 0.9327309236947791 0.974585843373494 0.927376171352075 0.972703313253012 0.9260374832663989 0.9708207831325302 0.9226907630522088 0.9708207831325302 0.9076305220883534 0.9685617469879517 0.9032797858099063 0.9642319277108433 0.9016064257028112 0.9604668674698794 0.9032797858099063 0.9595256024096386 0.9046184738955823 0.9587725903614457 0.9089692101740293 0.9583960843373495 0.9163319946452476 0.9572665662650602 0.9186746987951807 0.9527484939759036 0.9210174029451138 0.9506777108433734 0.9243641231593038 0.9489834337349398 0.9253681392235609 0.9461596385542168 0.9340696117804552 0.9448418674698794 0.9497991967871485 0.9514307228915663 0.9678714859437751
2 0.868222891566265 0.4916331994645248 0.8697289156626505 0.49464524765729584 0.8751882530120482 0.4862784471218206 0.8755647590361446 0.47289156626506024 0.8751882530120482 0.46720214190093706 0.8742469879518071 0.46318607764390896 0.873117469879518 0.46151271753681394 0.8697289156626505 0.4605087014725569 0.8689759036144579 0.463855421686747 0.8687876506024096 0.46987951807228917 0.869164156626506 0.4819277108433735 0.868222891566265 0.4916331994645248
2 0.6570030120481927 0.6646586345381527 0.6570030120481927 0.6703480589022758 0.6577560240963856 0.677376171352075 0.6600150602409639 0.6887550200803212 0.6632153614457832 0.6961178045515395 0.6671686746987951 0.7028112449799196 0.6677334337349398 0.7098393574297189 0.6720632530120482 0.7111780455153949 0.6731927710843373 0.6854082998661312 0.6741340361445783 0.678714859437751 0.6731927710843373 0.6663319946452476 0.6735692771084337 0.6572958500669344 0.6720632530120482 0.6482597054886211 0.6666039156626505 0.6335341365461846 0.6649096385542168 0.6271753681392235 0.6615210843373495 0.6255020080321285 0.6607680722891566 0.6268406961178045 0.6590737951807228 0.6362115127175367 0.6577560240963856 0.6395582329317269 0.65625 0.6489290495314591 0.6560617469879518 0.6569611780455153 0.6570030120481927 0.6646586345381527
2 0.3672816265060241 0.4678714859437751 0.3697289156626506 0.4695448460508701 0.37104668674698793 0.46586345381526106 0.37198795180722893 0.45281124497991965 0.3697289156626506 0.4424364123159304 0.36634036144578314 0.4444444444444444 0.3650225903614458 0.4534805890227577 0.3672816265060241 0.4678714859437751
2 0.3328313253012048 0.4815930388219545 0.3345256024096386 0.48427041499330653 0.33678463855421686 0.4839357429718876 0.3382906626506024 0.48125836680053546 0.338855421686747 0.4715528781793842 0.3384789156626506 0.46720214190093706 0.3360316265060241 0.4628514056224899 0.33509036144578314 0.4585006693440428 0.3317018072289156 0.45883534136546184 0.3305722891566265 0.4618473895582329 0.3296310240963855 0.46820615796519405 0.3328313253012048 0.4815930388219545
2 0.841867469879518 0.7925033467202142 0.8445030120481927 0.7958500669344042 0.8529743975903614 0.7961847389558232 0.8597515060240964 0.7941767068273092 0.8648343373493975 0.7971887550200804 0.8670933734939759 0.7968540829986613 0.8672816265060241 0.7935073627844711 0.8663403614457832 0.7901606425702811 0.8648343373493975 0.7881526104417671 0.8629518072289156 0.7817938420348058 0.860316265060241 0.7761044176706827 0.8582454819277109 0.7734270414993306 0.8561746987951807 0.7600401606425703 0.852597891566265 0.753681392235609 0.8490210843373495 0.753681392235609 0.847703313253012 0.7556894243641231 0.8465737951807228 0.7653949129852745 0.8452560240963856 0.7674029451137885 0.8420557228915663 0.7767737617135206 0.8414909638554217 0.7831325301204819 0.8411144578313253 0.789825970548862 0.841867469879518 0.7925033467202142
2 0.7117846385542168 0.5157295850066934 0.711972891566265 0.5254350736278447 0.7132906626506025 0.5267737617135207 0.7151731927710843 0.5264390896921017 0.7164909638554217 0.5240963855421686 0.7172439759036144 0.4949799196787148 0.714796686746988 0.4926372155287818 0.7125376506024096 0.49230254350736274 0.7104668674698795 0.49464524765729584 0.7102786144578312 0.4969879518072289 0.7100903614457832 0.502342704149933 0.7117846385542168 0.5157295850066934
0 0.6108810240963856 0.5261044176706827 0.6108810240963856 0.5411646586345381 0.6125753012048193 0.5512048192771084 0.6135165662650602 0.5518741633199464 0.6172816265060241 0.5592369477911646 0.6197289156626505 0.572289156626506 0.6233057228915663 0.5779785809906292 0.625941265060241 0.5799866131191432 0.6325301204819277 0.5883534136546185 0.633847891566265 0.5923694779116465 0.6349774096385542 0.5930388219544845 0.6383659638554217 0.5997322623828647 0.6438253012048193 0.606760374832664 0.6475903614457832 0.607429718875502 0.6481551204819277 0.606091030789826 0.649472891566265 0.5786479250334672 0.6536144578313253 0.573962516733601 0.6575677710843373 0.572289156626506 0.6703689759036144 0.572289156626506 0.6716867469879518 0.571285140562249 0.6763930722891566 0.57095046854083 0.6771460843373495 0.570281124497992 0.6780873493975903 0.5665997322623828 0.6827936746987951 0.5659303882195448 0.685617469879518 0.5672690763052208 0.6893825301204819 0.5632530120481927 0.6903237951807228 0.5535475234270415 0.690512048192771 0.5408299866131191 0.6927710843373495 0.5331325301204819 0.6929593373493975 0.5257697456492637 0.6903237951807228 0.5214190093708166 0.6794051204819277 0.5100401606425703 0.6692394578313253 0.5033467202141901 0.6649096385542168 0.49832663989290493 0.6617093373493975 0.49598393574297184 0.6547439759036144 0.4862784471218206 0.6485316265060241 0.48293172690763053 0.6434487951807228 0.48293172690763053 0.6353539156626505 0.4802543507362784 0.6285768072289157 0.4815930388219545 0.6163403614457832 0.4819277108433735 0.614269578313253 0.4852744310575635 0.6137048192771084 0.4949799196787148 0.612387048192771 0.5020080321285141 0.6121987951807228 0.5177376171352075 0.6108810240963856 0.5261044176706827
3 0.5451807228915663 0.5137215528781793 0.5466867469879518 0.5167336010709505 0.5496987951807228 0.5147255689424364 0.5519578313253012 0.5073627844712182 0.552710843373494 0.502342704149933 0.552710843373494 0.4993306559571619 0.5512048192771084 0.49230254350736274 0.5504518072289156 0.4909638554216867 0.5466867469879518 0.4906291834002677 0.5442394578313253 0.49531459170013387 0.5434864457831325 0.49899598393574296 0.5434864457831325 0.5073627844712182 0.5451807228915663 0.5137215528781793
3 0.841867469879518 0.8487282463186078 0.8452560240963856 0.8557563587684069 0.8482680722891566 0.857095046854083 0.8663403614457832 0.8577643908969209 0.8685993975903614 0.856760374832664 0.8725527108433734 0.8356760374832665 0.873117469879518 0.82429718875502 0.8717996987951807 0.8182730923694779 0.8706701807228916 0.8159303882195448 0.8695406626506025 0.8038821954484605 0.8676581325301205 0.7981927710843373 0.8663403614457832 0.7961847389558232 0.8595632530120482 0.7945113788487282 0.848644578313253 0.7948460508701473 0.8456325301204819 0.7961847389558232 0.84375 0.7945113788487282 0.841867469879518 0.7901606425702811 0.8386671686746987 0.7938420348058902 0.8375376506024096 0.8062248995983935 0.8352786144578312 0.8109103078982597 0.8345256024096386 0.8155957161981258 0.8352786144578312 0.8276439089692101 0.841867469879518 0.8487282463186078
3 0.370105421686747 0.47088353413654616 0.3714231927710844 0.46720214190093706 0.3717996987951807 0.45682730923694775 0.3697289156626506 0.45013386880856754 0.36634036144578314 0.45247657295850063 0.36634036144578314 0.4702141900937082 0.370105421686747 0.47088353413654616
3 0.6605798192771084 0.6981258366800535 0.6607680722891566 0.7064926372155287 0.6615210843373495 0.7078313253012047 0.666980421686747 0.7068273092369478 0.6681099397590361 0.7085006693440428 0.6681099397590361 0.7098393574297189 0.6720632530120482 0.7098393574297189 0.672816265060241 0.7018072289156626 0.6731927710843373 0.6850736278447122 0.6746987951807228 0.67904953145917 0.674887048192771 0.67570281124498 0.6745105421686747 0.6646586345381527 0.6735692771084337 0.6619812583668006 0.6722515060240964 0.6603078982597055 0.6696159638554217 0.6606425702811245 0.6677334337349398 0.6619812583668006 0.6649096385542168 0.6673360107095045 0.6581325301204819 0.6666666666666666 0.6575677710843373 0.6693440428380187 0.6575677710843373 0.6850736278447122 0.6605798192771084 0.6981258366800535
3 0.5126129518072289 0.5381526104417671 0.5160015060240963 0.5324631860776439 0.5173192771084337 0.5257697456492637 0.5175075301204819 0.5143908969210174 0.5169427710843374 0.5127175368139224 0.5148719879518072 0.5100401606425703 0.5114834337349398 0.5100401606425703 0.509789156626506 0.5143908969210174 0.5086596385542168 0.5237617135207496 0.5086596385542168 0.5371485943775101 0.5126129518072289 0.5381526104417671
3 0.37198795180722893 0.5187416331994645 0.37198795180722893 0.5257697456492637 0.37330572289156627 0.5338018741633199 0.3748117469879518 0.535475234270415 0.37688253012048195 0.535809906291834 0.380835843373494 0.5281124497991967 0.380835843373494 0.5140562248995983 0.3785768072289156 0.5087014725568942 0.3770707831325301 0.5070281124497992 0.3729292168674699 0.5056894243641231 0.3708584337349397 0.5083668005354752 0.3706701807228916 0.5127175368139224 0.37198795180722893 0.5187416331994645
3 0.8254894578313253 0.9564926372155287 0.8268072289156626 0.9585006693440428 0.8277484939759036 0.963186077643909 0.8264307228915663 0.9698795180722891 0.826242469879518 0.9748995983935742 0.826242469879518 0.9819277108433734 0.8269954819277109 0.9886211512717537 0.8254894578313253 0.9949799196787148 0.8286897590361446 0.9973226238286479 0.8458207831325302 0.9973226238286479 0.8473268072289156 0.9979919678714859 0.8475150602409639 0.999665327978581 0.8998493975903614 0.999665327978581 0.8998493975903614 0.9983266398929048 0.9015436746987951 0.9966532797858099 0.9054969879518071 0.995983935742972 0.9075677710843373 0.9943105756358768 0.911144578313253 0.9966532797858099 0.9182981927710843 0.995983935742972 0.9214984939759036 0.9916331994645248 0.919992469879518 0.9886211512717537 0.9205572289156626 0.9772423025435073 0.9198042168674698 0.9738955823293173 0.9194277108433734 0.963186077643909 0.922816265060241 0.9568273092369478 0.9222515060240964 0.9528112449799196 0.9162274096385542 0.9410977242302543 0.9134036144578312 0.9387550200803212 0.9124623493975903 0.9354082998661312 0.9068147590361446 0.9246987951807228 0.9049322289156626 0.9193440428380186 0.899472891566265 0.9109772423025434 0.8975903614457832 0.9042838018741632 0.8940135542168675 0.895917001338688 0.8910015060240964 0.8898929049531459 0.8851656626506025 0.8821954484605087 0.883847891566265 0.8785140562248996 0.8819653614457832 0.8758366800535475 0.8800828313253012 0.8698125836680054 0.878953313253012 0.8688085676037482 0.8776355421686747 0.8654618473895582 0.870105421686747 0.859437751004016 0.8644578313253012 0.8580990629183399 0.841867469879518 0.8580990629183399 0.8382906626506025 0.859437751004016 0.833019578313253 0.863788487282463 0.8305722891566264 0.8708165997322623 0.8296310240963856 0.8761713520749665 0.8301957831325302 0.8838688085676037 0.8294427710843373 0.894243641231593 0.8286897590361446 0.896921017402945 0.8285015060240964 0.9042838018741632 0.8260542168674698 0.9076305220883534 0.8268072289156626 0.9143239625167335 0.8268072289156626 0.9257028112449798 0.8253012048192772 0.9394243641231592 0.8239834337349398 0.9437751004016064 0.8237951807228916 0.9504685408299866 0.8254894578313253 0.9564926372155287
3 0.5993975903614457 0.5491967871485944 0.5999623493975903 0.5512048192771084 0.602597891566265 0.5532128514056225 0.6037274096385542 0.5515394912985274 0.6056099397590361 0.5441767068273092 0.6065512048192772 0.5291164658634537 0.6061746987951807 0.5274431057563588 0.6029743975903614 0.5247657295850067 0.598644578313253 0.5277777777777778 0.5982680722891566 0.535475234270415 0.5993975903614457 0.5491967871485944
3 0.9278990963855421 0.9879518072289156 0.9275225903614457 0.9923025435073627 0.9292168674698794 0.999665327978581 0.9416415662650602 0.999665327978581 0.9418298192771084 0.9946452476572958 0.9408885542168675 0.9909638554216867 0.9391942771084337 0.9872824631860776 0.9346762048192772 0.9812583668005354 0.9327936746987951 0.9745649263721553 0.9288403614457832 0.9765729585006694 0.9273343373493975 0.9805890227576974 0.9271460843373495 0.9856091030789825 0.9278990963855421 0.9879518072289156
3 0.9578313253012049 0.9735609103078983 0.9595256024096386 0.9832663989290495 0.9591490963855421 0.9912985274431058 0.9578313253012049 0.9946452476572958 0.9574548192771084 0.999665327978581 0.9922816265060241 0.999665327978581 0.9928463855421688 0.9946452476572958 0.9911521084337349 0.9882864792503346 0.9885165662650602 0.9836010709504684 0.9856927710843373 0.9815930388219544 0.9832454819277109 0.9775769745649263 0.9811746987951807 0.9722222222222222 0.9783509036144579 0.9692101740294511 0.9742093373493975 0.967536813922356 0.963855421686747 0.9688755020080321 0.958019578313253 0.9685408299866131 0.9567018072289156 0.9715528781793842 0.9555722891566264 0.9712182061579652 0.956137048192771 0.9688755020080321 0.9553840361445783 0.9692101740294511 0.9550075301204819 0.9708835341365462 0.9578313253012049 0.9735609103078983
3 0.9354292168674698 0.9678714859437751 0.9376882530120482 0.966867469879518 0.9388177710843373 0.9645247657295849 0.9397590361445783 0.9641900937081659 0.9478539156626505 0.963520749665328 0.9461596385542168 0.9554886211512718 0.9437123493975903 0.9497991967871485 0.9429593373493975 0.9494645247657295 0.9412650602409639 0.9521419009370816 0.9388177710843373 0.9531459170013387 0.9371234939759036 0.9608433734939759 0.935617469879518 0.9628514056224899 0.9348644578313253 0.966867469879518 0.9354292168674698 0.9678714859437751
3 0.3317018072289156 0.48895582329317266 0.33509036144578314 0.4892904953145917 0.3369728915662651 0.4876171352074966 0.3381024096385542 0.48460508701472554 0.3382906626506024 0.48125836680053546 0.33772590361445787 0.47054886211512714 0.3358433734939759 0.46887550200803213 0.33207831325301207 0.46887550200803213 0.3303840361445783 0.47054886211512714 0.3305722891566265 0.48427041499330653 0.3317018072289156 0.48895582329317266