8 0.018750000000000003 0.5333333333333333 0.022656250000000003 0.5402777777777777 0.07109375000000001 0.5319444444444444 0.08281250000000001 0.4958333333333333 0.07968750000000001 0.4583333333333333 0.07265625 0.4458333333333333 0.06718750000000001 0.4430555555555556 0.0328125 0.44861111111111107 0.0203125 0.4666666666666667 0.0171875 0.4777777777777778 0.01640625 0.5152777777777777 0.018750000000000003 0.5333333333333333
1 0.25 0.33194444444444443 0.25078125 0.3208333333333333 0.24609375 0.30277777777777776 0.23203125000000002 0.2986111111111111 0.22734375 0.3041666666666667 0.22812500000000002 0.3305555555555555 0.25 0.33194444444444443
1 0.10390625 0.2708333333333333 0.10312500000000001 0.2583333333333333 0.09921875000000001 0.25416666666666665 0.0921875 0.25277777777777777 0.08750000000000001 0.2583333333333333 0.08750000000000001 0.2736111111111111 0.10390625 0.2708333333333333
1 0.203125 0.42777777777777776 0.21171875 0.4222222222222222 0.22421875000000002 0.4222222222222222 0.22968750000000002 0.4263888888888889 0.23203125000000002 0.4236111111111111 0.23046875 0.39166666666666666 0.22187500000000002 0.3666666666666667 0.20390625 0.36527777777777776 0.2 0.37916666666666665 0.19843750000000002 0.3930555555555555 0.203125 0.42777777777777776
1 0.23984375000000002 0.2972222222222222 0.25078125 0.3069444444444444 0.25078125 0.2916666666666667 0.24765625000000002 0.2777777777777778 0.23671875 0.27499999999999997 0.23125 0.2847222222222222 0.23125 0.2972222222222222 0.23984375000000002 0.2972222222222222
1 0.04296875 0.3069444444444444 0.0546875 0.3069444444444444 0.060937500000000006 0.3 0.06015625 0.2875 0.055468750000000004 0.2777777777777778 0.04609375 0.27638888888888885 0.037500000000000006 0.2805555555555555 0.035937500000000004 0.2916666666666667 0.04296875 0.3069444444444444
1 0.20234375000000002 0.2944444444444444 0.20234375000000002 0.2777777777777778 0.19921875 0.2708333333333333 0.18671875000000002 0.2708333333333333 0.18671875000000002 0.2944444444444444 0.20234375000000002 0.2944444444444444
1 0.23046875 0.2708333333333333 0.24375000000000002 0.26805555555555555 0.240625 0.24583333333333335 0.23359375000000002 0.24305555555555555 0.22812500000000002 0.2513888888888889 0.22734375 0.2652777777777778 0.23046875 0.2708333333333333
5 0.46328125000000003 0.6847222222222222 0.47500000000000003 0.6958333333333333 0.49062500000000003 0.723611111111111 0.49765625 0.75 0.5117187500000001 0.7569444444444444 0.5281250000000001 0.7569444444444444 0.5468750000000001 0.7513888888888888 0.55625 0.7416666666666666 0.5570312500000001 0.7166666666666666 0.5507812500000001 0.6930555555555555 0.5414062500000001 0.6736111111111112 0.5429687500000001 0.6638888888888889 0.5359375000000001 0.6597222222222222 0.5125000000000001 0.6194444444444444 0.49921875000000004 0.6138888888888888 0.48046875 0.6138888888888888 0.46718750000000003 0.6194444444444444 0.4609375 0.6291666666666667 0.46015625000000004 0.6555555555555556 0.46328125000000003 0.6847222222222222
1 0.109375 0.47638888888888886 0.14765625000000002 0.4736111111111111 0.14765625000000002 0.4305555555555556 0.1453125 0.425 0.13671875000000003 0.41805555555555557 0.11328125 0.4208333333333333 0.10703125000000001 0.4319444444444444 0.10625000000000001 0.4597222222222222 0.109375 0.47638888888888886
1 0.26875000000000004 0.45416666666666666 0.30000000000000004 0.4513888888888889 0.29921875000000003 0.4111111111111111 0.29609375000000004 0.4041666666666667 0.2859375 0.3930555555555555 0.26875000000000004 0.39444444444444443 0.26328125 0.4041666666666667 0.26328125 0.4375 0.26875000000000004 0.45416666666666666
1 0.096875 0.37777777777777777 0.115625 0.3763888888888889 0.11484375000000001 0.35 0.1125 0.3430555555555555 0.09375 0.3402777777777778 0.09296875 0.3541666666666667 0.096875 0.37777777777777777
1 0.01640625 0.35138888888888886 0.0234375 0.35138888888888886 0.02890625 0.3444444444444444 0.02890625 0.3305555555555555 0.02109375 0.3208333333333333 0.010937500000000001 0.3194444444444444 0.003125 0.32361111111111107 0 0.3347222222222222 0.01640625 0.35138888888888886
4 0.12265625000000001 0.25972222222222224 0.13593750000000002 0.25555555555555554 0.13593750000000002 0.24583333333333335 0.13281250000000003 0.2388888888888889 0.12656250000000002 0.2375 0.1203125 0.24444444444444444 0.11953125 0.25 0.12265625000000001 0.25972222222222224
4 0.10546875 0.3097222222222222 0.125 0.3041666666666667 0.1234375 0.2847222222222222 0.11796875000000001 0.2777777777777778 0.1078125 0.27638888888888885 0.10234375000000001 0.2861111111111111 0.1015625 0.3 0.10546875 0.3097222222222222
1 0.11640625 0.27638888888888885 0.12265625000000001 0.2833333333333333 0.12812500000000002 0.2805555555555555 0.12734375 0.26805555555555555 0.12265625000000001 0.2611111111111111 0.115625 0.2611111111111111 0.11093750000000001 0.26666666666666666 0.11171875 0.27638888888888885 0.11640625 0.27638888888888885
1 0.02890625 0.3277777777777778 0.03671875 0.3277777777777778 0.043750000000000004 0.3208333333333333 0.040625 0.3055555555555556 0.0328125 0.29583333333333334 0.0203125 0.29583333333333334 0.014843750000000001 0.3097222222222222 0.014843750000000001 0.3180555555555556 0.02890625 0.3277777777777778
1 0.35781250000000003 0.5041666666666667 0.36328125 0.5208333333333334 0.39687500000000003 0.5180555555555555 0.40156250000000004 0.5138888888888888 0.40156250000000004 0.4930555555555556 0.3953125 0.4708333333333333 0.38359375 0.4527777777777778 0.37890625 0.44861111111111107 0.36484375 0.44861111111111107 0.35546875 0.4513888888888889 0.3484375 0.4611111111111111 0.3484375 0.4916666666666667 0.35781250000000003 0.5041666666666667
1 0 0.4347222222222222 0.029687500000000002 0.4347222222222222 0.030468750000000003 0.425 0.037500000000000006 0.41805555555555557 0.037500000000000006 0.4041666666666667 0.0328125 0.3972222222222222 0.0234375 0.3902777777777778 0.00625 0.39166666666666666 0 0.3930555555555555 0 0.4347222222222222
1 0.16015625 0.27499999999999997 0.15781250000000002 0.2569444444444444 0.15078125 0.25416666666666665 0.14453125000000003 0.25972222222222224 0.1453125 0.27638888888888885 0.16015625 0.27499999999999997
1 0.03125 0.9166666666666666 0.03125 0.9291666666666666 0.018750000000000003 0.9958333333333333 0.12109375 0.9958333333333333 0.125 0.95 0.125 0.9013888888888888 0.11953125 0.8527777777777777 0.1171875 0.848611111111111 0.09453125000000001 0.848611111111111 0.049218750000000006 0.8680555555555556 0.0421875 0.875 0.033593750000000006 0.8958333333333334 0.0234375 0.9055555555555556 0.0234375 0.911111111111111 0.03125 0.9166666666666666
4 0.30703125000000003 0.5888888888888888 0.31562500000000004 0.6013888888888889 0.32109375 0.6388888888888888 0.32421875 0.6402777777777777 0.33437500000000003 0.6319444444444444 0.3671875 0.6263888888888888 0.36875 0.598611111111111 0.36171875000000003 0.5736111111111111 0.36328125 0.561111111111111 0.35703125 0.5569444444444445 0.3453125 0.5097222222222222 0.34140625 0.5083333333333333 0.34218750000000003 0.5180555555555555 0.33828125000000003 0.5236111111111111 0.31562500000000004 0.5277777777777778 0.309375 0.5277777777777778 0.3052414896687453 0.5196128190987562 0.30234375 0.5217597222222222 0.3015625 0.5430555555555555 0.30625 0.5652777777777778 0.30703125000000003 0.5888888888888888
0 0.29765625 0.3875 0.3125 0.3902777777777778 0.33671875 0.38611111111111107 0.3359375 0.35138888888888886 0.33984375 0.3361111111111111 0.32734375000000004 0.3041666666666667 0.30390625000000004 0.2805555555555555 0.28046875000000004 0.28194444444444444 0.27734375000000006 0.2861111111111111 0.27890625 0.3486111111111111 0.29765625 0.3875