1 0.9612847222222222 0.32839506172839505 0.9635416666666666 0.33148148148148143 0.965798611111111 0.3302469135802469 0.9664930555555555 0.32839506172839505 0.9666666666666666 0.32376543209876546 0.9666666666666666 0.32037037037037036 0.965798611111111 0.3166666666666667 0.9635416666666666 0.31574074074074077 0.9614583333333333 0.3191358024691358 0.9609375 0.3212962962962963 0.9612847222222222 0.32839506172839505
1 0.796875 0.35802469135802467 0.7991319444444444 0.3604938271604938 0.8055555555555556 0.36234567901234566 0.8083333333333333 0.36234567901234566 0.8126736111111111 0.36018518518518516 0.8154513888888888 0.35432098765432096 0.8185763888888888 0.35154320987654325 0.8192708333333334 0.34969135802469137 0.8192708333333334 0.34598765432098766 0.817361111111111 0.3425925925925926 0.8144097222222222 0.3395061728395061 0.8104166666666666 0.33796296296296297 0.8015625 0.3385802469135802 0.7982638888888888 0.3416666666666667 0.7961805555555556 0.34598765432098766 0.7961805555555556 0.3549382716049383 0.796875 0.35802469135802467
4 0.8975694444444444 0.40432098765432095 0.9015624999999999 0.4049382716049383 0.9046875 0.403395061728395 0.9079861111111112 0.4049382716049383 0.9118055555555555 0.4049382716049383 0.9131944444444444 0.4055555555555555 0.9149305555555556 0.4083333333333333 0.9175347222222222 0.4104938271604939 0.9192708333333334 0.4108024691358025 0.9220486111111111 0.40987654320987654 0.9248263888888888 0.40432098765432095 0.9256944444444444 0.40401234567901234 0.9324652777777778 0.40771604938271605 0.9359375 0.4117283950617284 0.9394097222222222 0.4114197530864197 0.9420138888888888 0.4049382716049383 0.9427083333333334 0.4012345679012346 0.9427083333333334 0.3950617283950617 0.9399305555555556 0.3867283950617284 0.9368055555555556 0.38395061728395063 0.9322916666666666 0.37654320987654316 0.9300347222222222 0.3768518518518519 0.9288194444444444 0.37962962962962965 0.9270833333333334 0.3787037037037037 0.9263888888888888 0.3774691358024691 0.9263888888888888 0.3728395061728395 0.9251736111111112 0.3709876543209876 0.9244791666666666 0.36604938271604937 0.9232638888888888 0.3638888888888889 0.9222222222222222 0.362962962962963 0.9149305555555556 0.3617283950617284 0.9010416666666666 0.36203703703703705 0.8989583333333333 0.36419753086419754 0.8982638888888889 0.36604938271604937 0.8975694444444444 0.3756172839506173 0.8975694444444444 0.40432098765432095
1 0.09895833333333333 0.6604938271604938 0.1001736111111111 0.6617283950617284 0.1109375 0.6648148148148147 0.11371527777777778 0.6648148148148147 0.1185763888888889 0.6629629629629629 0.12395833333333332 0.6629629629629629 0.1265625 0.6620370370370371 0.13020833333333334 0.6626543209876543 0.14184027777777777 0.6595679012345679 0.14357638888888888 0.6583333333333333 0.1512152777777778 0.6595679012345679 0.1546875 0.6549382716049382 0.1564236111111111 0.6484567901234568 0.15920138888888888 0.6438271604938272 0.16493055555555555 0.6401234567901234 0.17118055555555556 0.6320987654320988 0.17256944444444444 0.6314814814814815 0.17413194444444444 0.6287037037037038 0.17760416666666665 0.6271604938271605 0.1784722222222222 0.6256172839506172 0.18229166666666666 0.6253086419753087 0.1828125 0.6243827160493828 0.18368055555555554 0.6197530864197531 0.18368055555555554 0.6135802469135803 0.1828125 0.6061728395061728 0.1828125 0.5929012345679012 0.18107638888888888 0.5904320987654321 0.17239583333333333 0.5879629629629629 0.16527777777777775 0.5842592592592593 0.15885416666666666 0.5830246913580247 0.14704861111111112 0.582716049382716 0.1454861111111111 0.5811728395061728 0.14305555555555555 0.5805555555555555 0.13871527777777778 0.5808641975308642 0.134375 0.5839506172839506 0.1265625 0.5864197530864198 0.11944444444444445 0.5916666666666667 0.11649305555555554 0.5950617283950618 0.11284722222222222 0.6012345679012346 0.10572916666666667 0.6141975308641975 0.10364583333333333 0.6197530864197531 0.10208333333333333 0.6212962962962962 0.09913194444444444 0.6268518518518519 0.09774305555555556 0.6361111111111112 0.09791666666666667 0.654320987654321 0.09895833333333333 0.6604938271604938
1 0.3970486111111111 0.45154320987654323 0.4027777777777778 0.4555555555555556 0.4055555555555555 0.4608024691358025 0.40781249999999997 0.46265432098765435 0.41024305555555557 0.4617283950617284 0.4118055555555556 0.45987654320987653 0.4123263888888889 0.45648148148148143 0.4119791666666667 0.4422839506172839 0.4126736111111111 0.4324074074074074 0.4074652777777778 0.42592592592592593 0.4052083333333333 0.4246913580246914 0.39999999999999997 0.4246913580246914 0.3927083333333333 0.42623456790123454 0.390625 0.42839506172839503 0.3875 0.43456790123456784 0.38697916666666665 0.44012345679012344 0.38697916666666665 0.45154320987654323 0.3970486111111111 0.45154320987654323
1 0.4050347222222222 0.379320987654321 0.4059027777777778 0.37993827160493826 0.4088541666666667 0.3805555555555556 0.41788194444444443 0.379320987654321 0.4210069444444444 0.3771604938271605 0.4210069444444444 0.37006172839506174 0.4201388888888889 0.36358024691358026 0.4184027777777778 0.35987654320987655 0.4159722222222222 0.35771604938271606 0.4112847222222222 0.3574074074074074 0.40781249999999997 0.35987654320987655 0.4055555555555555 0.36419753086419754 0.40434027777777776 0.36851851851851847 0.40434027777777776 0.3771604938271605 0.4050347222222222 0.379320987654321
1 0.38090277777777776 0.36234567901234566 0.38680555555555557 0.3697530864197531 0.3942708333333333 0.3709876543209876 0.3967013888888889 0.36790123456790125 0.3973958333333333 0.3632716049382716 0.3967013888888889 0.3574074074074074 0.3956597222222222 0.3524691358024691 0.39340277777777777 0.34814814814814815 0.39045138888888886 0.3469135802469136 0.3854166666666667 0.3472222222222222 0.38263888888888886 0.3490740740740741 0.38090277777777776 0.3524691358024691 0.3803819444444444 0.35555555555555557 0.38090277777777776 0.36234567901234566
1 0.6324652777777777 0.553395061728395 0.6328125 0.5817901234567902 0.6338541666666666 0.5876543209876544 0.6395833333333334 0.5910493827160495 0.6416666666666666 0.5947530864197531 0.6435763888888888 0.6104938271604938 0.6460069444444444 0.6166666666666666 0.6472222222222221 0.6175925925925926 0.6503472222222222 0.6166666666666666 0.654861111111111 0.6117283950617284 0.6612847222222222 0.6101851851851853 0.678125 0.6101851851851853 0.6850694444444444 0.6148148148148148 0.686111111111111 0.6148148148148148 0.6871527777777777 0.6132716049382716 0.6881944444444444 0.6083333333333334 0.6878472222222222 0.600925925925926 0.6883680555555556 0.5839506172839506 0.6876736111111111 0.5774691358024692 0.6864583333333334 0.5725308641975309 0.6824652777777778 0.5632716049382717 0.6809027777777777 0.557716049382716 0.6803819444444444 0.5530864197530865 0.6791666666666666 0.5496913580246914 0.6751736111111112 0.5425925925925926 0.6717013888888889 0.5395061728395062 0.6560763888888889 0.5391975308641975 0.6444444444444444 0.5416666666666666 0.640625 0.5444444444444444 0.637673611111111 0.5496913580246914 0.6324652777777777 0.553395061728395
1 0.3802083333333333 0.40648148148148144 0.3840277777777778 0.40617283950617283 0.38663194444444443 0.40432098765432095 0.3961805555555556 0.4049382716049383 0.4008680555555555 0.40185185185185185 0.4015625 0.39814814814814814 0.4015625 0.3888888888888889 0.4010416666666667 0.3861111111111111 0.3973958333333333 0.3790123456790123 0.3949652777777778 0.3768518518518519 0.39218749999999997 0.37592592592592594 0.38697916666666665 0.37592592592592594 0.3831597222222222 0.37808641975308643 0.3815972222222222 0.3808641975308642 0.37916666666666665 0.3925925925925926 0.37916666666666665 0.4030864197530864 0.3802083333333333 0.40648148148148144
4 0.6661458333333333 0.46543209876543207 0.6678819444444444 0.4669753086419753 0.6690972222222222 0.4700617283950617 0.6694444444444444 0.47345679012345676 0.6715277777777777 0.4777777777777778 0.6727430555555556 0.4777777777777778 0.6770833333333334 0.4728395061728395 0.6817708333333333 0.47129629629629627 0.6927083333333334 0.47160493827160493 0.6961805555555556 0.475 0.6996527777777778 0.4756172839506173 0.7027777777777777 0.4669753086419753 0.7032986111111111 0.4632716049382716 0.7032986111111111 0.45185185185185184 0.7020833333333334 0.4493827160493827 0.6953125 0.44290123456790126 0.6935763888888888 0.4395061728395062 0.6930555555555555 0.43456790123456784 0.6918402777777778 0.4305555555555556 0.6888888888888888 0.42623456790123454 0.6765625 0.42592592592592593 0.6690972222222222 0.42839506172839503 0.6659722222222222 0.4333333333333333 0.6616319444444444 0.43580246913580245 0.6604166666666667 0.4441358024691358 0.6614583333333334 0.4638888888888889 0.6661458333333333 0.46543209876543207
4 0.3758680555555556 0.47654320987654325 0.3741319444444444 0.483641975308642 0.3743055555555555 0.5003086419753087 0.3755208333333333 0.508641975308642 0.37656249999999997 0.5114197530864197 0.3810763888888889 0.5123456790123457 0.3852430555555555 0.5108024691358024 0.3864583333333333 0.508641975308642 0.38697916666666665 0.5055555555555555 0.3909722222222222 0.5064814814814814 0.3942708333333333 0.5055555555555555 0.3963541666666667 0.5027777777777778 0.4048611111111111 0.5027777777777778 0.4076388888888889 0.4981481481481481 0.4086805555555555 0.4888888888888889 0.4081597222222222 0.4679012345679012 0.4064236111111111 0.4632716049382716 0.4015625 0.45462962962962966 0.3979166666666667 0.45154320987654323 0.3878472222222222 0.45185185185185184 0.3796875 0.4561728395061728 0.37656249999999997 0.4601851851851852 0.3763888888888889 0.4719135802469136 0.3758680555555556 0.47654320987654325
6 0.6069444444444444 0.35709876543209873 0.6078125 0.35956790123456794 0.6081597222222221 0.36358024691358026 0.6111111111111112 0.36759259259259264 0.6133680555555555 0.36820987654320986 0.6173611111111111 0.3666666666666667 0.6192708333333333 0.3648148148148148 0.6232638888888888 0.3654320987654321 0.6256944444444444 0.3632716049382716 0.6269097222222222 0.35709876543209873 0.6269097222222222 0.32993827160493827 0.6274305555555556 0.32839506172839505 0.6270833333333333 0.32685185185185184 0.6256944444444444 0.32469135802469135 0.6239583333333334 0.32407407407407407 0.6104166666666666 0.3243827160493827 0.609375 0.32469135802469135 0.6085069444444444 0.32654320987654323 0.6078125 0.3311728395061728 0.607986111111111 0.3447530864197531 0.6069444444444444 0.35709876543209873
6 0.4119791666666667 0.3558641975308642 0.4164930555555555 0.358641975308642 0.4190972222222222 0.362962962962963 0.4210069444444444 0.36790123456790125 0.4269097222222222 0.36790123456790125 0.4291666666666667 0.3666666666666667 0.4300347222222222 0.3632716049382716 0.4300347222222222 0.3574074074074074 0.4282986111111111 0.34629629629629627 0.4279513888888889 0.33425925925925926 0.42586805555555557 0.32932098765432094 0.4255208333333333 0.32654320987654323 0.4241319444444444 0.32654320987654323 0.4237847222222222 0.32839506172839505 0.4213541666666667 0.3305555555555556 0.4145833333333333 0.33209876543209876 0.4133680555555555 0.3333333333333333 0.4126736111111111 0.3361111111111111 0.4128472222222222 0.3527777777777778 0.4119791666666667 0.3558641975308642
6 0.42170138888888886 0.32592592592592595 0.4227430555555556 0.32469135802469135 0.4232638888888889 0.32592592592592595 0.4237847222222222 0.325 0.4225694444444444 0.3243827160493827 0.42170138888888886 0.3256172839506173 0.4215277777777778 0.3243827160493827 0.4206597222222222 0.325 0.42170138888888886 0.32592592592592595
6 0.2420138888888889 0.48117283950617284 0.24427083333333333 0.48518518518518516 0.2453125 0.4858024691358025 0.2472222222222222 0.4901234567901234 0.24687499999999998 0.49938271604938267 0.24756944444444445 0.5055555555555555 0.25069444444444444 0.5092592592592593 0.2526041666666667 0.512962962962963 0.2592013888888889 0.5135802469135803 0.2661458333333333 0.5101851851851852 0.2713541666666667 0.5092592592592593 0.2909722222222222 0.5098765432098765 0.2975694444444444 0.5021604938271605 0.2986111111111111 0.49938271604938267 0.3 0.4981481481481481 0.3013888888888889 0.49320987654320986 0.303125 0.4898148148148148 0.3083333333333333 0.4882716049382716 0.3104166666666667 0.4864197530864197 0.3119791666666667 0.4842592592592592 0.3131944444444444 0.4802469135802469 0.3161458333333333 0.46265432098765435 0.3144097222222222 0.4435185185185185 0.3144097222222222 0.4333333333333333 0.31631944444444443 0.4243827160493827 0.3161458333333333 0.4172839506172839 0.31527777777777777 0.41450617283950614 0.31232638888888886 0.41203703703703703 0.3107638888888889 0.40802469135802466 0.30850694444444443 0.4074074074074074 0.2690972222222222 0.40802469135802466 0.26545138888888886 0.4108024691358025 0.2647569444444444 0.41358024691358025 0.2635416666666667 0.41512345679012347 0.2552083333333333 0.4154320987654321 0.2517361111111111 0.4166666666666667 0.24791666666666665 0.42160493827160495 0.24739583333333334 0.4287037037037037 0.24635416666666665 0.43209876543209874 0.24687499999999998 0.4395061728395062 0.2508680555555556 0.4527777777777778 0.25104166666666666 0.45987654320987653 0.24895833333333334 0.46296296296296297 0.2439236111111111 0.46543209876543207 0.2420138888888889 0.4700617283950617 0.24149305555555556 0.47685185185185186 0.2420138888888889 0.48117283950617284
6 0.5703125 0.3756172839506173 0.5701388888888889 0.3910493827160494 0.5711805555555556 0.39783950617283953 0.5711805555555556 0.4024691358024692 0.5753472222222222 0.4194444444444444 0.5760416666666667 0.4256172839506173 0.5769097222222223 0.4274691358024691 0.5788194444444444 0.4287037037037037 0.5859375 0.42592592592592593 0.5895833333333333 0.4256172839506173 0.5968749999999999 0.4280864197530864 0.5993055555555555 0.4277777777777778 0.6019097222222222 0.42592592592592593 0.6065972222222222 0.4253086419753086 0.6078125 0.42037037037037034 0.6078125 0.40370370370370373 0.6071180555555555 0.3854938271604938 0.6059027777777778 0.3725308641975309 0.6052083333333333 0.37037037037037035 0.6055555555555555 0.3626543209876543 0.6043402777777778 0.3589506172839506 0.6015625 0.3574074074074074 0.6006944444444444 0.35462962962962963 0.5975694444444444 0.34969135802469137 0.5961805555555556 0.3444444444444445 0.5921875 0.34382716049382717 0.5874999999999999 0.3450617283950617 0.5862847222222222 0.3493827160493827 0.5831597222222222 0.35401234567901235 0.5779513888888889 0.35833333333333334 0.5732638888888888 0.3589506172839506 0.5703125 0.36203703703703705 0.5696180555555556 0.3638888888888889 0.5690972222222223 0.36759259259259264 0.5703125 0.3756172839506173
3 0.33142361111111107 0.4839506172839506 0.3315972222222222 0.4864197530864197 0.3385416666666667 0.4864197530864197 0.3402777777777778 0.48302469135802467 0.3420138888888889 0.4728395061728395 0.3420138888888889 0.4641975308641975 0.3414930555555556 0.462037037037037 0.33871527777777777 0.45925925925925926 0.33402777777777776 0.45987654320987653 0.3315972222222222 0.4589506172839506 0.3303819444444444 0.4611111111111111 0.32968749999999997 0.46574074074074073 0.32968749999999997 0.4780864197530864 0.33142361111111107 0.4839506172839506
3 0.18663194444444445 0.6549382716049382 0.1892361111111111 0.6617283950617284 0.19305555555555554 0.6626543209876543 0.19600694444444444 0.6583333333333333 0.1987847222222222 0.6524691358024691 0.2017361111111111 0.649074074074074 0.20503472222222222 0.6475308641975309 0.20677083333333335 0.645679012345679 0.2076388888888889 0.6410493827160494 0.20677083333333335 0.6200617283950618 0.20434027777777775 0.616358024691358 0.2017361111111111 0.616358024691358 0.2017361111111111 0.6234567901234568 0.20052083333333334 0.6256172839506172 0.19947916666666665 0.6256172839506172 0.1980902777777778 0.6228395061728395 0.19583333333333333 0.6225308641975309 0.19010416666666666 0.6243827160493828 0.18559027777777778 0.6234567901234568 0.18437499999999998 0.6259259259259259 0.18368055555555554 0.6432098765432099 0.18663194444444445 0.6549382716049382
3 0.16805555555555554 0.5552469135802469 0.16822916666666665 0.5580246913580247 0.16944444444444445 0.5604938271604938 0.17152777777777775 0.5623456790123457 0.175 0.5611111111111111 0.1795138888888889 0.5549382716049382 0.1857638888888889 0.5503086419753086 0.18663194444444445 0.546604938271605 0.1857638888888889 0.5308641975308642 0.18333333333333335 0.5296296296296296 0.1753472222222222 0.5314814814814814 0.17395833333333333 0.5296296296296296 0.1717013888888889 0.5287037037037037 0.1701388888888889 0.5314814814814814 0.16822916666666665 0.532716049382716 0.1668402777777778 0.5373456790123456 0.16701388888888888 0.5527777777777777 0.16805555555555554 0.5552469135802469
2 0.17592592592592593 0.5046296296296297 0.17824074074074073 0.5138888888888888 0.18518518518518517 0.5185185185185185 0.18518518518518517 0.5439814814814815 0.1712962962962963 0.5277777777777778 0.1736111111111111 0.5069444444444444
2 0.1875 0.625 0.18518518518518517 0.6203703703703703 0.18518518518518517 0.5972222222222222 0.18981481481481483 0.5856481481481481 0.19212962962962962 0.5856481481481481 0.19444444444444445 0.5972222222222222 0.2037037037037037 0.6064814814814815 0.2037037037037037 0.6180555555555556 0.20601851851851852 0.6203703703703703 0.20601851851851852 0.6319444444444444 0.2037037037037037 0.6342592592592593 0.2013888888888889 0.6342592592592593 0.2013888888888889 0.6319444444444444 0.19212962962962962 0.6226851851851852 0.18981481481481483 0.625