8 0.15546875000000002 0.39444444444444443 0.18359375 0.39166666666666666 0.18906250000000002 0.3833333333333333 0.18984375 0.35555555555555557 0.18515625000000002 0.3416666666666667 0.1796875 0.33749999999999997 0.16484375 0.3388888888888889 0.15390625000000002 0.35 0.153125 0.38611111111111107 0.15546875000000002 0.39444444444444443
8 0.32343750000000004 0.32916666666666666 0.33203125 0.33194444444444443 0.33125000000000004 0.3180555555555556 0.32734375000000004 0.3111111111111111 0.31015625 0.3097222222222222 0.31015625 0.3347222222222222 0.32343750000000004 0.32916666666666666
8 0.3140625 0.3930555555555555 0.32265625000000003 0.375 0.33828125000000003 0.375 0.3375 0.35 0.33125000000000004 0.3305555555555555 0.3171875 0.3305555555555555 0.3125 0.3361111111111111 0.31015625 0.375 0.3140625 0.3930555555555555
1 0.19296875000000002 0.4333333333333333 0.20703125 0.425 0.22031250000000002 0.4291666666666667 0.2265625 0.4152777777777778 0.2265625 0.38611111111111107 0.21875 0.3763888888888889 0.20234375000000002 0.375 0.1953125 0.3805555555555556 0.18906250000000002 0.4013888888888889 0.18906250000000002 0.4166666666666667 0.19296875000000002 0.4333333333333333
1 0.3515625 0.27638888888888885 0.35546875 0.26805555555555555 0.36250000000000004 0.26944444444444443 0.35468750000000004 0.2513888888888889 0.34687500000000004 0.2513888888888889 0.34453125 0.2638888888888889 0.3515625 0.27638888888888885
1 0.353125 0.2847222222222222 0.36250000000000004 0.2861111111111111 0.36796875 0.2791666666666667 0.36171875000000003 0.26249999999999996 0.3515625 0.2611111111111111 0.34921875 0.26666666666666666 0.353125 0.2847222222222222
1 0.27734375000000006 0.20416666666666666 0.27578125000000003 0.19722222222222222 0.27187500000000003 0.19722222222222222 0.27109375 0.20555555555555555 0.27734375000000006 0.20416666666666666
1 0.5015625 0.5722222222222222 0.50546875 0.5888888888888888 0.5437500000000001 0.5916666666666667 0.55 0.5861111111111111 0.5507812500000001 0.5666666666666667 0.5414062500000001 0.5416666666666666 0.540625 0.5319444444444444 0.52265625 0.5055555555555555 0.49062500000000003 0.5055555555555555 0.48671875000000003 0.5111111111111111 0.4859375 0.5236111111111111 0.4859375 0.5527777777777777 0.5015625 0.5722222222222222
1 0.36562500000000003 0.30277777777777776 0.37734375000000003 0.30277777777777776 0.38046875 0.2972222222222222 0.37812500000000004 0.2847222222222222 0.37343750000000003 0.2791666666666667 0.36875 0.2777777777777778 0.3640625 0.2847222222222222 0.36328125 0.2944444444444444 0.36562500000000003 0.30277777777777776
1 0.75546875 0.8375 0.7609375 0.8624999999999999 0.76875 0.8708333333333333 0.7765625 0.8694444444444444 0.8226562500000001 0.9375 0.82578125 0.9430555555555555 0.8304687500000001 0.9694444444444444 0.8375 0.9805555555555555 0.8484375000000001 0.9791666666666666 0.86640625 0.9958333333333333 0.90234375 0.9944444444444444 0.9140625 0.9874999999999999 0.91796875 0.9805555555555555 0.9203125000000001 0.9486111111111112 0.9187500000000001 0.9347222222222222 0.9125000000000001 0.9194444444444444 0.8851562500000001 0.8708333333333333 0.8835937500000001 0.8583333333333334 0.8796875000000001 0.8569444444444444 0.8656250000000001 0.8291666666666666 0.8406250000000001 0.7958333333333334 0.8171875000000001 0.775 0.80625 0.7736111111111111 0.796875 0.7638888888888888 0.78125 0.7611111111111112 0.7578125 0.7680555555555556 0.74765625 0.7986111111111112 0.7468750000000001 0.8208333333333333 0.75546875 0.8375
1 0.26171875000000006 0.2152777777777778 0.26562500000000006 0.2013888888888889 0.2546875 0.20694444444444443 0.25546875 0.2152777777777778 0.26171875000000006 0.2152777777777778
1 0.32421875 0.3097222222222222 0.32578125 0.3055555555555556 0.32421875 0.2944444444444444 0.31875000000000003 0.2861111111111111 0.309375 0.28888888888888886 0.30781250000000004 0.29305555555555557 0.30703125000000003 0.3097222222222222 0.32421875 0.3097222222222222
1 0.23593750000000002 0.3111111111111111 0.25312500000000004 0.3069444444444444 0.25234375000000003 0.29305555555555557 0.2484375 0.2861111111111111 0.23750000000000002 0.2861111111111111 0.234375 0.29305555555555557 0.23359375000000002 0.3069444444444444 0.23593750000000002 0.3111111111111111
4 0.25781250000000006 0.3458333333333333 0.27734375000000006 0.3430555555555555 0.278125 0.3305555555555555 0.27421875 0.3097222222222222 0.26328125 0.3069444444444444 0.25546875 0.31666666666666665 0.2546875 0.3333333333333333 0.25781250000000006 0.3458333333333333
1 0.36875 0.35138888888888886 0.36953125000000003 0.3361111111111111 0.3640625 0.3222222222222222 0.35234375 0.3208333333333333 0.3484375 0.325 0.34921875 0.3527777777777778 0.36875 0.35138888888888886
1 0.40468750000000003 0.3833333333333333 0.42890625000000004 0.3819444444444444 0.42890625000000004 0.3680555555555556 0.4234375 0.35 0.41718750000000004 0.3402777777777778 0.40468750000000003 0.33749999999999997 0.4 0.3472222222222222 0.4 0.3708333333333333 0.40468750000000003 0.3833333333333333
5 0.3171875 0.24444444444444444 0.32109375 0.2486111111111111 0.32656250000000003 0.24583333333333335 0.32734375000000004 0.23194444444444445 0.32421875 0.225 0.31875000000000003 0.225 0.31640625 0.23055555555555554 0.3171875 0.24444444444444444
1 0.27187500000000003 0.23055555555555554 0.27109375 0.21805555555555556 0.26406250000000003 0.21944444444444444 0.26406250000000003 0.23055555555555554 0.27187500000000003 0.23055555555555554
8 0.06171875 0.5472222222222222 0.065625 0.5499999999999999 0.1125 0.5430555555555555 0.11484375000000001 0.5277777777777778 0.12734375 0.5097222222222222 0.12734375 0.49027777777777776 0.1234375 0.4736111111111111 0.109375 0.4611111111111111 0.07578125000000001 0.4666666666666667 0.06328125000000001 0.4847222222222222 0.06015625 0.5 0.059375000000000004 0.5347222222222222 0.06171875 0.5472222222222222
1 0.34296875000000004 0.2875 0.34687500000000004 0.2833333333333333 0.34687500000000004 0.27499999999999997 0.34218750000000003 0.26666666666666666 0.33359375 0.26666666666666666 0.33203125 0.2736111111111111 0.3328125 0.2861111111111111 0.34296875000000004 0.2875
1 0.246875 0.2513888888888889 0.24453125 0.2375 0.23515625 0.2375 0.234375 0.25277777777777777 0.246875 0.2513888888888889
1 0.32343750000000004 0.47638888888888886 0.35625 0.4736111111111111 0.35703125 0.4583333333333333 0.35390625000000003 0.44027777777777777 0.35546875 0.4347222222222222 0.34609375000000003 0.4166666666666667 0.325 0.41805555555555557 0.3203125 0.4291666666666667 0.31875000000000003 0.4388888888888889 0.32343750000000004 0.47638888888888886
1 0.41328125000000004 0.5625 0.45078125 0.5583333333333333 0.45156250000000003 0.5361111111111111 0.446875 0.5180555555555555 0.44921875 0.5069444444444444 0.44375000000000003 0.5041666666666667 0.43593750000000003 0.4847222222222222 0.415625 0.4833333333333333 0.403125 0.4930555555555556 0.403125 0.5277777777777778 0.41328125000000004 0.5625
1 0.35546875 0.7958333333333334 0.36250000000000004 0.8638888888888888 0.36875 0.8861111111111112 0.37109375 0.9222222222222222 0.37343750000000003 0.9263888888888888 0.384375 0.9291666666666666 0.40703125 0.9291666666666666 0.43203125000000003 0.9222222222222222 0.446875 0.9125 0.45234375000000004 0.8986111111111111 0.45078125 0.8583333333333334 0.4375 0.8013888888888888 0.44375000000000003 0.7888888888888889 0.44296875 0.7847222222222222 0.434375 0.7819444444444444 0.4234375 0.7402777777777778 0.4109375 0.7097222222222221 0.40078125000000003 0.7013888888888888 0.37421875000000004 0.7055555555555556 0.36796875 0.7125 0.359375 0.7347222222222222 0.35546875 0.7597222222222222 0.35546875 0.7958333333333334
1 0.31562500000000004 0.2652777777777778 0.31484375000000003 0.25416666666666665 0.31015625 0.2472222222222222 0.30781250000000004 0.2513888888888889 0.30234375 0.2513888888888889 0.30312500000000003 0.2652777777777778 0.31562500000000004 0.2652777777777778
1 0.321875 0.2652777777777778 0.3328125 0.26666666666666666 0.33515625000000004 0.26249999999999996 0.33515625000000004 0.2513888888888889 0.328125 0.24583333333333335 0.32421875 0.2472222222222222 0.321875 0.2513888888888889 0.321875 0.2652777777777778
1 0.33906250000000004 0.3138888888888889 0.35468750000000004 0.3111111111111111 0.35468750000000004 0.3013888888888889 0.35000000000000003 0.28888888888888886 0.34140625 0.2875 0.33828125000000003 0.2916666666666667 0.33671875 0.3041666666666667 0.33906250000000004 0.3138888888888889
1 0.26562500000000006 0.25972222222222224 0.26562500000000006 0.25 0.2625 0.24166666666666664 0.25234375000000003 0.24444444444444444 0.25234375000000003 0.2611111111111111 0.26562500000000006 0.25972222222222224
1 0.51875 0.8388888888888888 0.5218750000000001 0.9125 0.5351562500000001 0.9375 0.5531250000000001 0.9958333333333333 0.6515625 0.998611111111111 0.65546875 0.9944444444444444 0.6468750000000001 0.9638888888888888 0.634375 0.9347222222222222 0.6328125 0.9236111111111112 0.63828125 0.9152777777777777 0.6375000000000001 0.9097222222222222 0.6328125 0.9083333333333333 0.6296875000000001 0.9138888888888889 0.625 0.9055555555555556 0.5921875000000001 0.825 0.5703125000000001 0.8027777777777778 0.5320312500000001 0.8097222222222222 0.52109375 0.8208333333333333 0.51875 0.8263888888888888 0.51875 0.8388888888888888
1 0.28359375000000003 0.2472222222222222 0.28203125 0.23333333333333334 0.27421875 0.2361111111111111 0.275 0.25 0.28359375000000003 0.2472222222222222
1 0.340625 0.2569444444444444 0.34609375000000003 0.2652777777777778 0.353125 0.2513888888888889 0.34609375000000003 0.24166666666666664 0.34140625 0.24305555555555555 0.33906250000000004 0.2472222222222222 0.340625 0.2569444444444444
1 0.26953125000000006 0.28194444444444444 0.2828125 0.2833333333333333 0.2828125 0.2611111111111111 0.28046875000000004 0.2569444444444444 0.27187500000000003 0.2583333333333333 0.26875000000000004 0.2638888888888889 0.26953125000000006 0.28194444444444444
8 0.27187500000000003 0.4125 0.27343750000000006 0.3763888888888889 0.26875000000000004 0.36527777777777776 0.25234375000000003 0.3625 0.24453125 0.3666666666666667 0.24453125 0.4152777777777778 0.27187500000000003 0.4125
1 0.37265625 0.27499999999999997 0.3828125 0.2722222222222222 0.38125000000000003 0.2611111111111111 0.37734375000000003 0.25555555555555554 0.36953125000000003 0.2611111111111111 0.36875 0.26805555555555555 0.37265625 0.27499999999999997
1 0.33828125000000003 0.2152777777777778 0.33906250000000004 0.20833333333333334 0.3359375 0.20277777777777775 0.33203125 0.20277777777777775 0.33125000000000004 0.2125 0.33828125000000003 0.2152777777777778
5 0.47421875 0.4305555555555556 0.5007812500000001 0.4291666666666667 0.5007812500000001 0.41388888888888886 0.48750000000000004 0.38611111111111107 0.4703125 0.38611111111111107 0.46484375 0.3930555555555555 0.46406250000000004 0.4152777777777778 0.47421875 0.4305555555555556
1 0.42734375 0.1902777777777778 0.44140625 0.19722222222222222 0.45 0.19583333333333333 0.45078125 0.17916666666666664 0.44609375 0.17083333333333334 0.43515625 0.17083333333333334 0.42578125 0.18194444444444444 0.42500000000000004 0.1875 0.42734375 0.1902777777777778
5 0.3375 0.24305555555555555 0.3453125 0.2375 0.34218750000000003 0.22777777777777775 0.33515625000000004 0.22916666666666666 0.33437500000000003 0.2375 0.3375 0.24305555555555555
1 0.3203125 0.41805555555555557 0.3453125 0.41388888888888886 0.3453125 0.3986111111111111 0.33828125000000003 0.37777777777777777 0.32265625000000003 0.3763888888888889 0.31875000000000003 0.3805555555555556 0.3171875 0.4069444444444444 0.3203125 0.41805555555555557
1 0.21640625000000002 0.3097222222222222 0.21875 0.30277777777777776 0.21796875000000002 0.29305555555555557 0.21328125 0.2861111111111111 0.20234375000000002 0.2875 0.19843750000000002 0.2944444444444444 0.19921875 0.3097222222222222 0.21640625000000002 0.3097222222222222
1 0.3796875 0.3305555555555555 0.39453125 0.3305555555555555 0.39687500000000003 0.3263888888888889 0.39687500000000003 0.3194444444444444 0.390625 0.3041666666666667 0.37812500000000004 0.3055555555555556 0.3765625 0.32361111111111107 0.3796875 0.3305555555555555
1 0.3171875 0.23194444444444445 0.3203125 0.22083333333333333 0.3171875 0.21388888888888888 0.3125 0.21388888888888888 0.3125 0.2263888888888889 0.3171875 0.23194444444444445
1 0.8835937500000001 0.2986111111111111 0.890625 0.3013888888888889 0.8984375 0.2944444444444444 0.9070312500000001 0.2944444444444444 0.91328125 0.3055555555555556 0.925 0.3069444444444444 0.93515625 0.29027777777777775 0.94453125 0.2944444444444444 0.95234375 0.28888888888888886 0.96484375 0.28888888888888886 0.9695312500000001 0.2972222222222222 0.9773437500000001 0.2986111111111111 0.9859375 0.2791666666666667 0.98828125 0.2513888888888889 0.98203125 0.23333333333333334 0.9765625 0.2263888888888889 0.94453125 0.21944444444444444 0.92578125 0.2236111111111111 0.9046875000000001 0.24305555555555555 0.88203125 0.25 0.8757812500000001 0.2611111111111111 0.87421875 0.2847222222222222 0.8835937500000001 0.2986111111111111
1 0.5734375 0.7263888888888889 0.5828125000000001 0.7361111111111112 0.59296875 0.7541666666666667 0.603125 0.7763888888888888 0.60546875 0.7944444444444444 0.6101562500000001 0.8041666666666666 0.6484375 0.811111111111111 0.6648437500000001 0.8069444444444444 0.671875 0.7986111111111112 0.675 0.7888888888888889 0.6734375 0.7652777777777777 0.6570312500000001 0.7222222222222222 0.6578125 0.7111111111111111 0.6492187500000001 0.7055555555555556 0.640625 0.6847222222222222 0.6265625 0.6625 0.6046875 0.6527777777777778 0.58515625 0.6527777777777778 0.5765625000000001 0.6569444444444444 0.5710937500000001 0.6722222222222222 0.5703125000000001 0.6944444444444444 0.5734375 0.7263888888888889
5 0.36953125000000003 0.425 0.3953125 0.4222222222222222 0.39375000000000004 0.3930555555555555 0.38671875 0.37916666666666665 0.37265625 0.3763888888888889 0.36484375 0.38611111111111107 0.3640625 0.4041666666666667 0.36953125000000003 0.425
1 0.24921875000000002 0.2263888888888889 0.25703125000000004 0.2236111111111111 0.2546875 0.21388888888888888 0.24765625000000002 0.21666666666666665 0.246875 0.2236111111111111 0.24921875000000002 0.2263888888888889
1 0.35468750000000004 0.2472222222222222 0.3609375 0.2375 0.35546875 0.22916666666666666 0.3484375 0.23055555555555554 0.3484375 0.2388888888888889 0.35468750000000004 0.2472222222222222
5 0.43828125 0.4527777777777778 0.46484375 0.4527777777777778 0.46484375 0.4291666666666667 0.45390625 0.4027777777777778 0.4390625 0.39999999999999997 0.42890625000000004 0.4083333333333333 0.42890625000000004 0.4347222222222222 0.43828125 0.4527777777777778
1 0.36250000000000004 0.2611111111111111 0.36875 0.2611111111111111 0.37343750000000003 0.25416666666666665 0.36562500000000003 0.24166666666666664 0.3609375 0.24166666666666664 0.35859375000000004 0.2513888888888889 0.36250000000000004 0.2611111111111111
1 0.171875 0.5583333333333333 0.1921875 0.5597222222222222 0.20078125000000002 0.5319444444444444 0.20078125000000002 0.5041666666666667 0.18984375 0.4916666666666667 0.1609375 0.4930555555555556 0.15546875000000002 0.5013888888888889 0.1484375 0.5305555555555556 0.14921875 0.5638888888888889 0.171875 0.5583333333333333
1 0.43125 0.3625 0.453125 0.3625 0.45234375000000004 0.3472222222222222 0.44296875 0.3305555555555555 0.43125 0.32916666666666666 0.42578125 0.3388888888888889 0.42578125 0.35138888888888886 0.43125 0.3625
1 0.5046875000000001 0.2111111111111111 0.5359375000000001 0.20833333333333334 0.540625 0.2013888888888889 0.5398437500000001 0.1875 0.5335937500000001 0.17777777777777778 0.5171875 0.17777777777777778 0.5007812500000001 0.1902777777777778 0.49843750000000003 0.20277777777777775 0.5046875000000001 0.2111111111111111
1 0.31796875 0.28194444444444444 0.3140625 0.2638888888888889 0.30312500000000003 0.26666666666666666 0.30390625000000004 0.2875 0.31796875 0.28194444444444444
1 0.3640625 0.1111111111111111 0.371875 0.11805555555555555 0.38984375000000004 0.11944444444444445 0.3921875 0.1125 0.39140625 0.10416666666666667 0.38359375 0.09444444444444444 0.36484375 0.09444444444444444 0.36250000000000004 0.09861111111111111 0.3640625 0.1111111111111111
1 0.28046875000000004 0.22916666666666666 0.2828125 0.225 0.27890625 0.21666666666666665 0.27656250000000004 0.2263888888888889 0.28046875000000004 0.22916666666666666
1 0.5328125 0.5055555555555555 0.5398437500000001 0.5236111111111111 0.5742187500000001 0.5222222222222223 0.5742187500000001 0.4958333333333333 0.56796875 0.475 0.55625 0.4583333333333333 0.5437500000000001 0.4513888888888889 0.5312500000000001 0.4513888888888889 0.525 0.4597222222222222 0.5218750000000001 0.475 0.5218750000000001 0.5 0.5328125 0.5055555555555555
2 0.8382812500000001 0.2375 0.83984375 0.2722222222222222 0.8328125000000001 0.3 0.8187500000000001 0.3180555555555556 0.81640625 0.3444444444444444 0.84765625 0.3458333333333333 0.85703125 0.3416666666666667 0.86328125 0.3305555555555555 0.8617187500000001 0.3069444444444444 0.87109375 0.30277777777777776 0.85703125 0.2569444444444444 0.8546875 0.22777777777777775 0.8609375 0.2152777777777778 0.859375 0.1986111111111111 0.85546875 0.18888888888888888 0.8453125 0.1861111111111111 0.8343750000000001 0.19999999999999998 0.83125 0.2125 0.83125 0.22083333333333333 0.8382812500000001 0.2375
2 0.5375000000000001 0.2236111111111111 0.5390625000000001 0.22777777777777775 0.54453125 0.2263888888888889 0.55 0.20694444444444443 0.5570312500000001 0.21388888888888888 0.55625 0.1638888888888889 0.5507812500000001 0.15 0.54609375 0.15 0.5414062500000001 0.2097222222222222 0.5375000000000001 0.2236111111111111
4 0.26953125000000006 0.28194444444444444 0.2828125 0.2833333333333333 0.2828125 0.2611111111111111 0.27968750000000003 0.2569444444444444 0.27187500000000003 0.2583333333333333 0.26875000000000004 0.2638888888888889 0.26953125000000006 0.28194444444444444
4 0.1921875 0.4319444444444444 0.203125 0.425 0.22109375 0.4263888888888889 0.2265625 0.41388888888888886 0.2265625 0.39166666666666666 0.22421875000000002 0.3819444444444444 0.21796875000000002 0.3763888888888889 0.2015625 0.3763888888888889 0.19453125000000002 0.3847222222222222 0.18906250000000002 0.4055555555555555 0.1921875 0.4319444444444444
4 0.19062500000000002 0.6361111111111112 0.1921875 0.661111111111111 0.19921875 0.6777777777777778 0.21406250000000002 0.6666666666666666 0.23984375000000002 0.661111111111111 0.2484375 0.6652777777777777 0.25390625000000006 0.6625 0.25781250000000006 0.6152777777777778 0.25625000000000003 0.561111111111111 0.24531250000000002 0.5541666666666666 0.21406250000000002 0.5569444444444445 0.2078125 0.5597222222222222 0.20078125000000002 0.5736111111111111 0.19921875 0.6013888888888889 0.19062500000000002 0.6361111111111112
0 0.384375 0.2972222222222222 0.39375000000000004 0.3069444444444444 0.41171875 0.3055555555555556 0.41328125000000004 0.26805555555555555 0.4109375 0.2569444444444444 0.39609375 0.24583333333333335 0.3828125 0.2486111111111111 0.38203125000000004 0.28194444444444444 0.384375 0.2972222222222222
0 0.06015625 0.4305555555555556 0.06328125000000001 0.4333333333333333 0.11328125 0.42777777777777776 0.1390625 0.3902777777777778 0.14296875 0.3736111111111111 0.14062500000000003 0.32916666666666666 0.13359375 0.3222222222222222 0.11015625000000001 0.3222222222222222 0.09453125000000001 0.32916666666666666 0.0578125 0.3625 0.05859375 0.4194444444444444 0.06015625 0.4305555555555556
4 0.33515625000000004 0.5902777777777778 0.3359375 0.6152777777777778 0.35703125 0.6180555555555556 0.38359375 0.6138888888888888 0.38515625000000003 0.5777777777777777 0.38046875 0.5597222222222222 0.38359375 0.5472222222222222 0.37734375000000003 0.5430555555555555 0.37031250000000004 0.5125000000000001 0.359375 0.5083333333333333 0.33437500000000003 0.5111111111111111 0.33125000000000004 0.5152777777777777 0.33046875000000003 0.5583333333333333 0.33515625000000004 0.5902777777777778