8 0.4461805555555556 0.5277777777777778 0.4548611111111111 0.5274884259259259 0.4620225694444444 0.5283564814814815 0.4661458333333333 0.5298032407407407 0.4698350694444444 0.5295138888888888 0.4691840277777778 0.5196759259259259 0.4672309027777778 0.5069444444444444 0.4659288194444444 0.5049189814814815 0.4568142361111111 0.5037615740740741 0.4498697916666667 0.5046296296296297 0.4466145833333333 0.5089699074074074 0.4453125 0.5144675925925926 0.4444444444444444 0.5263310185185185 0.4461805555555556 0.5277777777777778
8 0.4993489583333333 0.6802662037037037 0.5 0.6825810185185185 0.5015190972222222 0.6840277777777778 0.5086805555555556 0.6843171296296297 0.5108506944444444 0.6851851851851852 0.5210503472222222 0.6846064814814815 0.5319010416666666 0.6857638888888888 0.5505642361111112 0.6857638888888888 0.5538194444444444 0.6825810185185185 0.5533854166666666 0.6704282407407407 0.5544704861111112 0.6591435185185185 0.5542534722222222 0.6472800925925926 0.5553385416666666 0.6438078703703703 0.5557725694444444 0.6371527777777778 0.5516493055555556 0.6331018518518519 0.5490451388888888 0.6166087962962963 0.5451388888888888 0.6021412037037037 0.5399305555555556 0.5885416666666666 0.5373263888888888 0.5844907407407407 0.5279947916666666 0.5821759259259259 0.5147569444444444 0.5818865740740741 0.5084635416666666 0.5830439814814815 0.5056423611111112 0.5847800925925926 0.5034722222222222 0.5879629629629629 0.5006510416666666 0.5963541666666666 0.4973958333333333 0.6325231481481481 0.4978298611111111 0.6686921296296297 0.4993489583333333 0.6802662037037037
1 0.484375 0.5555555555555556 0.486328125 0.5575810185185185 0.4924045138888889 0.5581597222222222 0.5013020833333334 0.5517939814814815 0.5086805555555556 0.5509259259259259 0.5101996527777778 0.5497685185185185 0.5108506944444444 0.5431134259259259 0.5095486111111112 0.5387731481481481 0.5086805555555556 0.5300925925925926 0.5082465277777778 0.5283564814814815 0.5069444444444444 0.5271990740740741 0.5004340277777778 0.5251736111111112 0.490234375 0.5257523148148148 0.4869791666666667 0.5286458333333334 0.4839409722222222 0.5358796296296297 0.4839409722222222 0.5538194444444444 0.484375 0.5555555555555556
1 0.50390625 0.4852430555555556 0.5052083333333334 0.48640046296296297 0.5082465277777778 0.48640046296296297 0.51171875 0.48900462962962965 0.5132378472222222 0.48900462962962965 0.5160590277777778 0.48842592592592593 0.5177951388888888 0.4852430555555556 0.5177951388888888 0.4791666666666667 0.5162760416666666 0.4754050925925926 0.5138888888888888 0.4730902777777778 0.5119357638888888 0.4722222222222222 0.5067274305555556 0.47280092592592593 0.5049913194444444 0.4739583333333333 0.5036892361111112 0.47800925925925924 0.5034722222222222 0.4835069444444444 0.50390625 0.4852430555555556
1 0.3760850694444444 0.8524305555555556 0.380859375 0.8570601851851852 0.3851996527777778 0.8590856481481481 0.384765625 0.8628472222222222 0.3823784722222222 0.8668981481481481 0.3812934027777778 0.8752893518518519 0.376953125 0.8929398148148148 0.3758680555555556 0.9007523148148148 0.3773871527777778 0.9172453703703703 0.3760850694444444 0.9250578703703703 0.3758680555555556 0.9363425925925926 0.3778211805555556 0.9412615740740741 0.37890625 0.9496527777777778 0.3819444444444444 0.9537037037037037 0.3884548611111111 0.9574652777777778 0.3975694444444444 0.9603587962962963 0.4058159722222222 0.9606481481481481 0.4134114583333333 0.9597800925925926 0.4251302083333333 0.9606481481481481 0.4353298611111111 0.9594907407407407 0.4405381944444444 0.9600694444444444 0.4498697916666667 0.9589120370370371 0.4507378472222222 0.9580439814814815 0.4611545138888889 0.9560185185185185 0.4672309027777778 0.9537037037037037 0.4709201388888889 0.9496527777777778 0.4728732638888889 0.9432870370370371 0.4737413194444444 0.9325810185185185 0.4743923611111111 0.8993055555555556 0.4709201388888889 0.8587962962962963 0.4722222222222222 0.8556134259259259 0.4769965277777778 0.8524305555555556 0.4787326388888889 0.8486689814814815 0.4774305555555556 0.8446180555555556 0.4739583333333333 0.8425925925925926 0.470703125 0.8420138888888888 0.4694010416666667 0.8388310185185185 0.4704861111111111 0.8220486111111112 0.4702690972222222 0.8122106481481481 0.4657118055555556 0.7962962962962963 0.4598524305555556 0.7850115740740741 0.4574652777777778 0.7826967592592593 0.4529079861111111 0.78125 0.4437934027777778 0.7806712962962963 0.4166666666666667 0.7809606481481481 0.4075520833333333 0.7821180555555556 0.404296875 0.7838541666666666 0.400390625 0.7902199074074074 0.3956163194444444 0.8038194444444444 0.3932291666666667 0.8174189814814815 0.3904079861111111 0.8266782407407407 0.3893229166666667 0.8370949074074074 0.3878038194444444 0.8420138888888888 0.3845486111111111 0.8443287037037037 0.3776041666666667 0.8449074074074074 0.3758680555555556 0.8463541666666666 0.375 0.8492476851851852 0.3760850694444444 0.8524305555555556
1 0.3663194444444444 0.5263310185185185 0.3665364583333333 0.5257523148148148 0.3663194444444444 0.5251736111111112 0.3663194444444444 0.5263310185185185
1 0.3404947916666667 0.5367476851851852 0.341796875 0.5384837962962963 0.3526475694444444 0.5370370370370371 0.3576388888888889 0.5370370370370371 0.3595920138888889 0.5379050925925926 0.3617621527777778 0.5344328703703703 0.3615451388888889 0.5219907407407407 0.3598090277777778 0.5121527777777778 0.3587239583333333 0.5112847222222222 0.3515625 0.5115740740740741 0.34765625 0.5130208333333334 0.34375 0.5176504629629629 0.3411458333333333 0.5243055555555556 0.33984375 0.5257523148148148 0.33984375 0.5332754629629629 0.3404947916666667 0.5367476851851852
5 0.6169704861111112 0.6932870370370371 0.6286892361111112 0.6984953703703703 0.63671875 0.7008101851851852 0.6475694444444444 0.7022569444444444 0.6512586805555556 0.7019675925925926 0.6577690972222222 0.7051504629629629 0.6610243055555556 0.7048611111111112 0.6692708333333334 0.6947337962962963 0.6805555555555556 0.6898148148148148 0.6957465277777778 0.6866319444444444 0.6994357638888888 0.6872106481481481 0.7042100694444444 0.6903935185185185 0.7074652777777778 0.6903935185185185 0.7092013888888888 0.6892361111111112 0.7102864583333334 0.6863425925925926 0.7118055555555556 0.6767939814814815 0.7139756944444444 0.6736111111111112 0.7152777777777778 0.6698495370370371 0.7152777777777778 0.6542245370370371 0.7135416666666666 0.6481481481481481 0.7115885416666666 0.6458333333333334 0.7074652777777778 0.6432291666666666 0.7005208333333334 0.6417824074074074 0.6864149305555556 0.6354166666666666 0.6664496527777778 0.6322337962962963 0.6610243055555556 0.6325231481481481 0.6516927083333334 0.6371527777777778 0.6336805555555556 0.6510416666666666 0.6291232638888888 0.6568287037037037 0.623046875 0.6614583333333334 0.6171875 0.6678240740740741 0.6148003472222222 0.6712962962962963 0.6128472222222222 0.6767939814814815 0.6128472222222222 0.6883680555555556 0.6169704861111112 0.6932870370370371
1 0.5262586805555556 0.5173611111111112 0.5305989583333334 0.5208333333333334 0.5327690972222222 0.5260416666666666 0.5329861111111112 0.5376157407407407 0.5345052083333334 0.5405092592592593 0.5362413194444444 0.5413773148148148 0.5373263888888888 0.5407986111111112 0.5401475694444444 0.5309606481481481 0.5401475694444444 0.5121527777777778 0.5379774305555556 0.5072337962962963 0.5364583333333334 0.5052083333333334 0.5336371527777778 0.5037615740740741 0.5249565972222222 0.5037615740740741 0.5221354166666666 0.5052083333333334 0.5188802083333334 0.5127314814814815 0.5186631944444444 0.5162037037037037 0.5262586805555556 0.5173611111111112
1 0.9079861111111112 0.6420717592592593 0.9114583333333334 0.6423611111111112 0.9129774305555556 0.6383101851851852 0.9125434027777778 0.6325231481481481 0.9112413194444444 0.6302083333333334 0.9079861111111112 0.6328125 0.9075520833333334 0.6412037037037037 0.9079861111111112 0.6420717592592593
1 0.8559027777777778 0.6417824074074074 0.8663194444444444 0.6420717592592593 0.8676215277777778 0.6409143518518519 0.8682725694444444 0.6345486111111112 0.8676215277777778 0.6296296296296297 0.8665364583333334 0.6273148148148148 0.8563368055555556 0.6244212962962963 0.85546875 0.6258680555555556 0.8552517361111112 0.6394675925925926 0.8559027777777778 0.6417824074074074
1 0.8567708333333334 0.6004050925925926 0.8650173611111112 0.5992476851851852 0.8665364583333334 0.5966435185185185 0.8663194444444444 0.5949074074074074 0.8602430555555556 0.59375 0.8572048611111112 0.5943287037037037 0.8563368055555556 0.5957754629629629 0.8561197916666666 0.5998263888888888 0.8567708333333334 0.6004050925925926
1 0.8248697916666666 0.6336805555555556 0.828125 0.6368634259259259 0.8328993055555556 0.6391782407407407 0.8389756944444444 0.6449652777777778 0.8441840277777778 0.6455439814814815 0.8483072916666666 0.6438078703703703 0.8489583333333334 0.6409143518518519 0.8489583333333334 0.6255787037037037 0.8498263888888888 0.6174768518518519 0.8498263888888888 0.5983796296296297 0.8487413194444444 0.5946180555555556 0.8385416666666666 0.5928819444444444 0.8318142361111112 0.59375 0.8296440972222222 0.5949074074074074 0.828125 0.5972222222222222 0.8229166666666666 0.6122685185185185 0.8209635416666666 0.6157407407407407 0.8209635416666666 0.6264467592592593 0.8248697916666666 0.6336805555555556
5 0.4921875 0.5769675925925926 0.4932725694444444 0.5876736111111112 0.4947916666666667 0.5923032407407407 0.4984809027777778 0.5928819444444444 0.5002170138888888 0.5920138888888888 0.5071614583333334 0.5824652777777778 0.5219184027777778 0.5810185185185185 0.5249565972222222 0.5787037037037037 0.5236545138888888 0.5685763888888888 0.5199652777777778 0.5593171296296297 0.5123697916666666 0.5532407407407407 0.5015190972222222 0.5529513888888888 0.4978298611111111 0.5546875 0.4958767361111111 0.5572916666666666 0.4937065972222222 0.5630787037037037 0.4921875 0.5723379629629629 0.4921875 0.5769675925925926
1 0.002170138888888889 0.7980324074074074 0 0.7983217592592593 0 0.9004629629629629 0.007595486111111111 0.9007523148148148 0.019748263888888888 0.8978587962962963 0.027994791666666668 0.8943865740740741 0.030815972222222224 0.8923611111111112 0.03689236111111111 0.8909143518518519 0.039713541666666664 0.8888888888888888 0.04405381944444445 0.8912037037037037 0.04969618055555555 0.8909143518518519 0.05490451388888889 0.8857060185185185 0.05685763888888889 0.8810763888888888 0.05772569444444445 0.8778935185185185 0.058159722222222224 0.8695023148148148 0.059895833333333336 0.8654513888888888 0.06597222222222222 0.8590856481481481 0.06944444444444445 0.8570601851851852 0.076171875 0.8480902777777778 0.09136284722222222 0.8318865740740741 0.09526909722222222 0.8292824074074074 0.09895833333333333 0.8310185185185185 0.1037326388888889 0.8278356481481481 0.10633680555555555 0.8232060185185185 0.10828993055555555 0.8098958333333334 0.11046006944444445 0.8026620370370371 0.11067708333333333 0.7829861111111112 0.1091579861111111 0.7722800925925926 0.1056857638888889 0.7653356481481481 0.1037326388888889 0.7630208333333334 0.09505208333333333 0.7604166666666666 0.091796875 0.7601273148148148 0.08528645833333333 0.7618634259259259 0.07747395833333333 0.7612847222222222 0.060980902777777776 0.7630208333333334 0.056640625 0.7627314814814815 0.033637152777777776 0.7682291666666666 0.029296875 0.7708333333333334 0.026475694444444444 0.7740162037037037 0.019097222222222224 0.7783564814814815 0.01171875 0.7855902777777778 0.005208333333333333 0.7931134259259259 0.002170138888888889 0.7980324074074074
1 0.4496527777777778 0.5043402777777778 0.4602864583333333 0.5043402777777778 0.4641927083333333 0.5054976851851852 0.4659288194444444 0.5043402777777778 0.4670138888888889 0.5005787037037037 0.4672309027777778 0.49710648148148145 0.4654947916666667 0.4916087962962963 0.4637586805555556 0.4895833333333333 0.4578993055555556 0.4866898148148148 0.4561631944444444 0.48640046296296297 0.4529079861111111 0.4878472222222222 0.44921875 0.4945023148148148 0.4483506944444444 0.5017361111111112 0.4496527777777778 0.5043402777777778
5 0.5399305555555556 0.5627893518518519 0.54296875 0.5656828703703703 0.5668402777777778 0.5653935185185185 0.5681423611111112 0.5619212962962963 0.5694444444444444 0.5607638888888888 0.5783420138888888 0.5593171296296297 0.5794270833333334 0.5570023148148148 0.5805121527777778 0.5480324074074074 0.5802951388888888 0.5422453703703703 0.5785590277777778 0.5379050925925926 0.5711805555555556 0.5379050925925926 0.5609809027777778 0.5329861111111112 0.5557725694444444 0.5321180555555556 0.5479600694444444 0.5321180555555556 0.5444878472222222 0.5329861111111112 0.5421006944444444 0.5355902777777778 0.5386284722222222 0.5436921296296297 0.5386284722222222 0.5578703703703703 0.5399305555555556 0.5627893518518519
1 0.4563802083333333 0.48726851851851855 0.4622395833333333 0.4887152777777778 0.4641927083333333 0.49074074074074076 0.4670138888888889 0.49971064814814814 0.4704861111111111 0.49247685185185186 0.4704861111111111 0.48640046296296297 0.4689670138888889 0.4817708333333333 0.4652777777777778 0.4791666666666667 0.4622395833333333 0.4788773148148148 0.4568142361111111 0.48032407407407407 0.455078125 0.4826388888888889 0.455078125 0.4861111111111111 0.4563802083333333 0.48726851851851855
1 0.5121527777777778 0.5419560185185185 0.5190972222222222 0.5471643518518519 0.5212673611111112 0.5422453703703703 0.5260416666666666 0.5370370370370371 0.5301649305555556 0.5387731481481481 0.53125 0.5419560185185185 0.5327690972222222 0.5431134259259259 0.5355902777777778 0.5399305555555556 0.5353732638888888 0.5358796296296297 0.5329861111111112 0.5295138888888888 0.5329861111111112 0.5257523148148148 0.5321180555555556 0.5228587962962963 0.5275607638888888 0.5179398148148148 0.5188802083333334 0.5153356481481481 0.513671875 0.5190972222222222 0.5104166666666666 0.5257523148148148 0.5104166666666666 0.5321180555555556 0.5121527777777778 0.5419560185185185
1 0.8559027777777778 0.6414930555555556 0.8663194444444444 0.6414930555555556 0.8674045138888888 0.6403356481481481 0.8680555555555556 0.6371527777777778 0.8676215277777778 0.6310763888888888 0.8661024305555556 0.6273148148148148 0.8563368055555556 0.6247106481481481 0.85546875 0.6261574074074074 0.8552517361111112 0.6385995370370371 0.8559027777777778 0.6414930555555556
1 0.8598090277777778 0.6001157407407407 0.8637152777777778 0.5986689814814815 0.8661024305555556 0.5966435185185185 0.8663194444444444 0.5951967592592593 0.8580729166666666 0.5946180555555556 0.8565538194444444 0.5960648148148148 0.8563368055555556 0.5998263888888888 0.8598090277777778 0.6001157407407407
1 0.8226996527777778 0.6304976851851852 0.8270399305555556 0.6357060185185185 0.8328993055555556 0.6388888888888888 0.8389756944444444 0.6446759259259259 0.8430989583333334 0.6455439814814815 0.8461371527777778 0.6452546296296297 0.8480902777777778 0.6438078703703703 0.8491753472222222 0.6377314814814815 0.8487413194444444 0.6273148148148148 0.8493923611111112 0.6192129629629629 0.8491753472222222 0.6059027777777778 0.8498263888888888 0.6032986111111112 0.8498263888888888 0.5986689814814815 0.8489583333333334 0.5949074074074074 0.8376736111111112 0.5931712962962963 0.8324652777777778 0.59375 0.8294270833333334 0.5951967592592593 0.8279079861111112 0.5978009259259259 0.8231336805555556 0.6122685185185185 0.8209635416666666 0.6163194444444444 0.8211805555555556 0.6273148148148148 0.8226996527777778 0.6304976851851852
5 0.4774305555555556 0.4861111111111111 0.4880642361111111 0.48640046296296297 0.4904513888888889 0.48466435185185186 0.4911024305555556 0.4820601851851852 0.4906684027777778 0.4756944444444444 0.4887152777777778 0.47077546296296297 0.4858940972222222 0.46846064814814814 0.4841579861111111 0.46498842592592593 0.4809027777777778 0.46469907407407407 0.4791666666666667 0.46585648148148145 0.4772135416666667 0.46846064814814814 0.4761284722222222 0.4722222222222222 0.4759114583333333 0.4820601851851852 0.4774305555555556 0.4861111111111111
2 0.6647135416666666 0.5873842592592593 0.6644965277777778 0.5923032407407407 0.6634114583333334 0.5954861111111112 0.6636284722222222 0.5986689814814815 0.6647135416666666 0.5998263888888888 0.6686197916666666 0.5998263888888888 0.6720920138888888 0.6018518518518519 0.6744791666666666 0.5992476851851852 0.6716579861111112 0.5870949074074074 0.6733940972222222 0.5746527777777778 0.6729600694444444 0.5703125 0.6710069444444444 0.5677083333333334 0.66796875 0.5662615740740741 0.6651475694444444 0.5607638888888888 0.6634114583333334 0.5598958333333334 0.6614583333333334 0.5564236111111112 0.6618923611111112 0.5578703703703703 0.6610243055555556 0.5587384259259259 0.6612413194444444 0.5798611111111112 0.6647135416666666 0.5873842592592593
2 0.9296875 0.7711226851851852 0.9307725694444444 0.7722800925925926 0.9398871527777778 0.7728587962962963 0.9461805555555556 0.7763310185185185 0.9496527777777778 0.7705439814814815 0.9496527777777778 0.7621527777777778 0.9479166666666666 0.7549189814814815 0.9448784722222222 0.7508680555555556 0.9444444444444444 0.7410300925925926 0.9440104166666666 0.7384259259259259 0.9427083333333334 0.7364004629629629 0.9392361111111112 0.7361111111111112 0.9361979166666666 0.7384259259259259 0.9353298611111112 0.7407407407407407 0.9348958333333334 0.7479745370370371 0.9305555555555556 0.7520254629629629 0.9288194444444444 0.7578125 0.9288194444444444 0.7662037037037037 0.9296875 0.7711226851851852
2 0.6382378472222222 0.5795717592592593 0.6395399305555556 0.5949074074074074 0.6401909722222222 0.5957754629629629 0.6438802083333334 0.5954861111111112 0.6449652777777778 0.5943287037037037 0.6458333333333334 0.5914351851851852 0.6475694444444444 0.5775462962962963 0.6486545138888888 0.5734953703703703 0.6488715277777778 0.5677083333333334 0.6467013888888888 0.5587384259259259 0.6440972222222222 0.5538194444444444 0.6434461805555556 0.5503472222222222 0.6404079861111112 0.5503472222222222 0.6365017361111112 0.5642361111111112 0.6365017361111112 0.5726273148148148 0.6382378472222222 0.5795717592592593
2 0.5013020833333334 0.5257523148148148 0.5052083333333334 0.5271990740740741 0.5073784722222222 0.5263310185185185 0.5049913194444444 0.5162037037037037 0.5017361111111112 0.5167824074074074 0.5008680555555556 0.5190972222222222 0.5004340277777778 0.5237268518518519 0.5013020833333334 0.5257523148148148
2 0.7037760416666666 0.6096643518518519 0.7055121527777778 0.6119791666666666 0.7074652777777778 0.6183449074074074 0.7083333333333334 0.6307870370370371 0.7100694444444444 0.6336805555555556 0.7115885416666666 0.6310763888888888 0.7126736111111112 0.6189236111111112 0.7141927083333334 0.6137152777777778 0.7150607638888888 0.6128472222222222 0.7170138888888888 0.6032986111111112 0.7170138888888888 0.6012731481481481 0.7144097222222222 0.5923032407407407 0.7144097222222222 0.5879629629629629 0.7135416666666666 0.5859375 0.7098524305555556 0.5859375 0.7087673611111112 0.5876736111111112 0.7074652777777778 0.5928819444444444 0.7024739583333334 0.5989583333333334 0.7024739583333334 0.6059027777777778 0.7037760416666666 0.6096643518518519
2 0.1501736111111111 0.6617476851851852 0.15321180555555555 0.6640625 0.154296875 0.6684027777777778 0.15733506944444445 0.6707175925925926 0.16080729166666666 0.6773726851851852 0.16493055555555555 0.6767939814814815 0.1662326388888889 0.6727430555555556 0.16688368055555555 0.6663773148148148 0.1657986111111111 0.6553819444444444 0.1662326388888889 0.6475694444444444 0.1625434027777778 0.6409143518518519 0.1618923611111111 0.6333912037037037 0.1603732638888889 0.6302083333333334 0.15755208333333334 0.6296296296296297 0.1558159722222222 0.6313657407407407 0.1538628472222222 0.6383101851851852 0.150390625 0.6429398148148148 0.14973958333333334 0.6498842592592593 0.14952256944444445 0.6585648148148148 0.1501736111111111 0.6617476851851852
2 0.5677083333333334 0.5193865740740741 0.5694444444444444 0.5202546296296297 0.5711805555555556 0.5228587962962963 0.5720486111111112 0.5130208333333334 0.5735677083333334 0.5086805555555556 0.5740017361111112 0.5049189814814815 0.5731336805555556 0.5014467592592593 0.5711805555555556 0.49855324074074076 0.5677083333333334 0.49855324074074076 0.56640625 0.5005787037037037 0.56640625 0.5153356481481481 0.5677083333333334 0.5193865740740741
2 0.4928385416666667 0.5225694444444444 0.4930555555555556 0.5240162037037037 0.494140625 0.5257523148148148 0.4984809027777778 0.5257523148148148 0.5004340277777778 0.5237268518518519 0.5002170138888888 0.5167824074074074 0.4982638888888889 0.5135995370370371 0.4947916666666667 0.5141782407407407 0.4945746527777778 0.5170717592592593 0.4928385416666667 0.5225694444444444
2 0.900390625 0.7997685185185185 0.9034288194444444 0.8038194444444444 0.9066840277777778 0.8061342592592593 0.9114583333333334 0.8116319444444444 0.9184027777777778 0.8162615740740741 0.9192708333333334 0.8142361111111112 0.9192708333333334 0.7844328703703703 0.9166666666666666 0.7690972222222222 0.9147135416666666 0.7630208333333334 0.9114583333333334 0.7601273148148148 0.9079861111111112 0.7595486111111112 0.904296875 0.7667824074074074 0.9027777777777778 0.7717013888888888 0.8975694444444444 0.7783564814814815 0.8973524305555556 0.78125 0.8973524305555556 0.7931134259259259 0.900390625 0.7997685185185185
2 0.9249131944444444 0.6652199074074074 0.9255642361111112 0.6724537037037037 0.9275173611111112 0.6799768518518519 0.9288194444444444 0.6811342592592593 0.9357638888888888 0.6799768518518519 0.9379340277777778 0.6785300925925926 0.9396701388888888 0.6733217592592593 0.9398871527777778 0.6611689814814815 0.9383680555555556 0.6516203703703703 0.9398871527777778 0.6449652777777778 0.9396701388888888 0.640625 0.9359809027777778 0.6391782407407407 0.9342447916666666 0.6400462962962963 0.9320746527777778 0.6467013888888888 0.927734375 0.6475694444444444 0.9207899305555556 0.6536458333333334 0.9203559027777778 0.6579861111111112 0.9249131944444444 0.6652199074074074
2 0.7578125 0.6325231481481481 0.7604166666666666 0.6394675925925926 0.7610677083333334 0.6440972222222222 0.7628038194444444 0.6475694444444444 0.7632378472222222 0.6545138888888888 0.7658420138888888 0.6556712962962963 0.7680121527777778 0.6539351851851852 0.7684461805555556 0.6438078703703703 0.7697482638888888 0.6409143518518519 0.7701822916666666 0.6371527777777778 0.7693142361111112 0.6232638888888888 0.7682291666666666 0.6206597222222222 0.7680121527777778 0.6163194444444444 0.7658420138888888 0.6131365740740741 0.7621527777777778 0.6119791666666666 0.7584635416666666 0.6140046296296297 0.7573784722222222 0.6186342592592593 0.7571614583333334 0.6270254629629629 0.7578125 0.6325231481481481
2 0.5614149305555556 0.5248842592592593 0.5640190972222222 0.5222800925925926 0.5657552083333334 0.5095486111111112 0.5657552083333334 0.5046296296296297 0.5648871527777778 0.5020254629629629 0.5640190972222222 0.5011574074074074 0.560546875 0.5008680555555556 0.55859375 0.5075231481481481 0.560546875 0.5245949074074074 0.5614149305555556 0.5248842592592593
2 0.12586805555555555 0.6304976851851852 0.1310763888888889 0.6333912037037037 0.13346354166666666 0.6362847222222222 0.134765625 0.6426504629629629 0.13671875 0.6461226851851852 0.13997395833333334 0.6443865740740741 0.1408420138888889 0.6435185185185185 0.14149305555555555 0.6403356481481481 0.14127604166666666 0.6229745370370371 0.1345486111111111 0.6108217592592593 0.13368055555555555 0.6050347222222222 0.1310763888888889 0.6030092592592593 0.1284722222222222 0.6038773148148148 0.125 0.6145833333333334 0.12456597222222222 0.6238425925925926 0.12586805555555555 0.6304976851851852
2 0.6493055555555556 0.5662615740740741 0.6497395833333334 0.5810185185185185 0.6512586805555556 0.5844907407407407 0.6545138888888888 0.5844907407407407 0.6573350694444444 0.5815972222222222 0.6573350694444444 0.578125 0.6588541666666666 0.5746527777777778 0.6579861111111112 0.5679976851851852 0.6584201388888888 0.5570023148148148 0.6547309027777778 0.5500578703703703 0.6510416666666666 0.5500578703703703 0.6493055555555556 0.5520833333333334 0.6480034722222222 0.5572916666666666 0.6477864583333334 0.5607638888888888 0.6493055555555556 0.5662615740740741
2 0.8956163194444444 0.6712962962962963 0.8960503472222222 0.6834490740740741 0.8971354166666666 0.6892361111111112 0.8975694444444444 0.7074652777777778 0.8995225694444444 0.7100694444444444 0.9010416666666666 0.7106481481481481 0.9025607638888888 0.7092013888888888 0.9027777777777778 0.7028356481481481 0.9053819444444444 0.6958912037037037 0.9077690972222222 0.6741898148148148 0.9099392361111112 0.6663773148148148 0.9125434027777778 0.6626157407407407 0.9125434027777778 0.6605902777777778 0.9116753472222222 0.6576967592592593 0.9077690972222222 0.6519097222222222 0.9058159722222222 0.6432291666666666 0.9047309027777778 0.6414930555555556 0.9001736111111112 0.6426504629629629 0.8962673611111112 0.6458333333333334 0.8940972222222222 0.6536458333333334 0.8943142361111112 0.6657986111111112 0.8956163194444444 0.6712962962962963
2 0.68359375 0.6082175925925926 0.68359375 0.6140046296296297 0.6868489583333334 0.6264467592592593 0.6885850694444444 0.6281828703703703 0.6896701388888888 0.6281828703703703 0.6916232638888888 0.6261574074074074 0.6927083333333334 0.6229745370370371 0.6931423611111112 0.6171875 0.6961805555555556 0.6073495370370371 0.6974826388888888 0.5998263888888888 0.6968315972222222 0.5885416666666666 0.6935763888888888 0.5804398148148148 0.6922743055555556 0.5792824074074074 0.6890190972222222 0.5789930555555556 0.6879340277777778 0.5824652777777778 0.6879340277777778 0.5850694444444444 0.6866319444444444 0.5888310185185185 0.685546875 0.5899884259259259 0.6842447916666666 0.5949074074074074 0.6846788194444444 0.6024305555555556 0.68359375 0.6082175925925926
2 0.7760416666666666 0.6684027777777778 0.7777777777777778 0.6736111111111112 0.779296875 0.6825810185185185 0.7834201388888888 0.6840277777777778 0.7862413194444444 0.6820023148148148 0.7849392361111112 0.6750578703703703 0.7862413194444444 0.671875 0.7888454861111112 0.6684027777777778 0.7879774305555556 0.6550925925925926 0.7881944444444444 0.6472800925925926 0.7868923611111112 0.6345486111111112 0.7864583333333334 0.6325231481481481 0.7836371527777778 0.6276041666666666 0.7797309027777778 0.6247106481481481 0.7760416666666666 0.6238425925925926 0.7751736111111112 0.6296296296296297 0.7745225694444444 0.6513310185185185 0.7760416666666666 0.6684027777777778
2 0.7762586805555556 0.6267361111111112 0.7760416666666666 0.6310763888888888 0.7766927083333334 0.6261574074074074 0.7795138888888888 0.6252893518518519 0.7814670138888888 0.6264467592592593 0.7836371527777778 0.6302083333333334 0.7864583333333334 0.6388888888888888 0.7886284722222222 0.6345486111111112 0.7884114583333334 0.6238425925925926 0.7853732638888888 0.6157407407407407 0.7825520833333334 0.6119791666666666 0.7790798611111112 0.6108217592592593 0.7771267361111112 0.6116898148148148 0.7751736111111112 0.6160300925925926 0.7749565972222222 0.6218171296296297 0.7762586805555556 0.6267361111111112
0 0.416015625 0.6394675925925926 0.41796875 0.6435185185185185 0.4216579861111111 0.6440972222222222 0.4231770833333333 0.6475694444444444 0.4255642361111111 0.6487268518518519 0.4383680555555556 0.6481481481481481 0.4461805555555556 0.6493055555555556 0.4728732638888889 0.6501736111111112 0.4750434027777778 0.6495949074074074 0.4767795138888889 0.6475694444444444 0.4776475694444444 0.6397569444444444 0.4780815972222222 0.6186342592592593 0.4802517361111111 0.6061921296296297 0.4819878472222222 0.6027199074074074 0.4819878472222222 0.5983796296296297 0.4813368055555556 0.5920138888888888 0.4798177083333333 0.5862268518518519 0.4787326388888889 0.5541087962962963 0.4767795138888889 0.5384837962962963 0.4748263888888889 0.5335648148148148 0.4694010416666667 0.5303819444444444 0.4565972222222222 0.5277777777777778 0.4385850694444444 0.5283564814814815 0.4351128472222222 0.5300925925925926 0.4325086805555556 0.5332754629629629 0.4286024305555556 0.5442708333333334 0.4264322916666667 0.5552662037037037 0.4244791666666667 0.5598958333333334 0.4210069444444444 0.5726273148148148 0.4203559027777778 0.5789930555555556 0.4190538194444444 0.5827546296296297 0.4192708333333333 0.5891203703703703 0.4168836805555556 0.5951967592592593 0.4168836805555556 0.6137152777777778 0.4155815972222222 0.6258680555555556 0.4153645833333333 0.6371527777777778 0.416015625 0.6394675925925926
3 0.5036892361111112 0.4991319444444444 0.5065104166666666 0.5002893518518519 0.5115017361111112 0.4982638888888889 0.5121527777777778 0.49594907407407407 0.5119357638888888 0.4916087962962963 0.5108506944444444 0.4887152777777778 0.5086805555555556 0.48640046296296297 0.5052083333333334 0.48582175925925924 0.5030381944444444 0.4910300925925926 0.5028211805555556 0.49594907407407407 0.5036892361111112 0.4991319444444444
3 0.8541666666666666 0.6788194444444444 0.8546006944444444 0.6817129629629629 0.8561197916666666 0.6860532407407407 0.8589409722222222 0.6872106481481481 0.8624131944444444 0.6869212962962963 0.8637152777777778 0.6857638888888888 0.8654513888888888 0.6791087962962963 0.8650173611111112 0.6753472222222222 0.8663194444444444 0.6710069444444444 0.8661024305555556 0.6611689814814815 0.8676215277777778 0.6504629629629629 0.8663194444444444 0.6484375 0.8600260416666666 0.6458333333333334 0.8559027777777778 0.6458333333333334 0.8550347222222222 0.6472800925925926 0.8548177083333334 0.6762152777777778 0.8541666666666666 0.6788194444444444
3 0.8285590277777778 0.6808449074074074 0.8346354166666666 0.6820023148148148 0.8387586805555556 0.6817129629629629 0.8413628472222222 0.6802662037037037 0.8459201388888888 0.6799768518518519 0.8478732638888888 0.6779513888888888 0.8493923611111112 0.6686921296296297 0.8483072916666666 0.6545138888888888 0.8489583333333334 0.6504629629629629 0.8483072916666666 0.6475694444444444 0.8461371527777778 0.6458333333333334 0.84375 0.6458333333333334 0.8409288194444444 0.6472800925925926 0.8383246527777778 0.6521990740740741 0.8318142361111112 0.6536458333333334 0.8309461805555556 0.6548032407407407 0.8305121527777778 0.6576967592592593 0.8305121527777778 0.6643518518518519 0.828125 0.6678240740740741 0.8270399305555556 0.6715856481481481 0.8268229166666666 0.6782407407407407 0.8285590277777778 0.6808449074074074
3 0.521484375 0.5604745370370371 0.5232204861111112 0.5627893518518519 0.5260416666666666 0.5627893518518519 0.5282118055555556 0.5607638888888888 0.5295138888888888 0.5575810185185185 0.5314670138888888 0.5471643518518519 0.5297309027777778 0.5347222222222222 0.5260416666666666 0.5350115740740741 0.521484375 0.5390625 0.5206163194444444 0.5413773148148148 0.51953125 0.5486111111111112 0.521484375 0.5604745370370371
3 0.14713541666666666 0.6770833333333334 0.14756944444444445 0.6825810185185185 0.1484375 0.6860532407407407 0.1508246527777778 0.6892361111111112 0.15364583333333334 0.6877893518518519 0.1560329861111111 0.6840277777777778 0.16493055555555555 0.6788194444444444 0.1655815972222222 0.6753472222222222 0.16493055555555555 0.6666666666666666 0.16124131944444445 0.6637731481481481 0.1547309027777778 0.6620370370370371 0.15299479166666666 0.6588541666666666 0.15104166666666666 0.6579861111111112 0.14756944444444445 0.6611689814814815 0.14583333333333334 0.6666666666666666 0.14561631944444445 0.6715856481481481 0.14713541666666666 0.6770833333333334
3 0.16493055555555555 0.6519097222222222 0.16861979166666666 0.6475694444444444 0.16471354166666666 0.6458333333333334 0.1638454861111111 0.6487268518518519 0.16493055555555555 0.6519097222222222
3 0.123046875 0.6530671296296297 0.12391493055555555 0.6548032407407407 0.1265190972222222 0.6568287037037037 0.13020833333333334 0.6550925925925926 0.13216145833333334 0.6524884259259259 0.1388888888888889 0.6475694444444444 0.14127604166666666 0.6446759259259259 0.14171006944444445 0.6426504629629629 0.14171006944444445 0.6232638888888888 0.1410590277777778 0.6212384259259259 0.1404079861111111 0.6206597222222222 0.13932291666666666 0.6223958333333334 0.1391059027777778 0.6296296296296297 0.1371527777777778 0.6351273148148148 0.13368055555555555 0.6339699074074074 0.1312934027777778 0.6319444444444444 0.12630208333333334 0.6313657407407407 0.123046875 0.6342592592592593 0.12239583333333333 0.6380208333333334 0.12217881944444445 0.6452546296296297 0.123046875 0.6530671296296297
3 0.8276909722222222 0.6805555555555556 0.8289930555555556 0.6811342592592593 0.8385416666666666 0.6814236111111112 0.8459201388888888 0.6788194444444444 0.8478732638888888 0.6756365740740741 0.8489583333333334 0.6686921296296297 0.8480902777777778 0.6507523148148148 0.8470052083333334 0.6475694444444444 0.8454861111111112 0.6467013888888888 0.841796875 0.6469907407407407 0.8387586805555556 0.6521990740740741 0.8313802083333334 0.6536458333333334 0.8305121527777778 0.65625 0.8305121527777778 0.6629050925925926 0.828125 0.6678240740740741 0.8268229166666666 0.6727430555555556 0.8268229166666666 0.6788194444444444 0.8276909722222222 0.6805555555555556
3 0.4932725694444444 0.5109953703703703 0.4950086805555556 0.5112847222222222 0.4963107638888889 0.5081018518518519 0.4971788194444444 0.5023148148148148 0.4967447916666667 0.49710648148148145 0.4950086805555556 0.4939236111111111 0.4928385416666667 0.4945023148148148 0.4911024305555556 0.49681712962962965 0.4913194444444444 0.5089699074074074 0.4932725694444444 0.5109953703703703