8 0.39818548387096775 0.4425403225806452 0.40045362903225806 0.44959677419354843 0.40372983870967744 0.4512768817204301 0.41280241935483875 0.4516129032258065 0.4143145161290323 0.44959677419354843 0.41507056451612906 0.44354838709677424 0.4163306451612903 0.4408602150537635 0.42111895161290325 0.4368279569892473 0.4266633064516129 0.435483870967742 0.43170362903225806 0.4321236559139785 0.43044354838709675 0.4287634408602151 0.4299395161290323 0.41397849462365593 0.42867943548387094 0.41196236559139787 0.4173387096774193 0.41229838709677424 0.41330645161290325 0.4109543010752688 0.40700604838709675 0.4109543010752688 0.40448588709677424 0.41196236559139787 0.40020161290322576 0.41733870967741943 0.39768145161290325 0.42775537634408606 0.39742943548387094 0.4368279569892473 0.39818548387096775 0.4425403225806452
8 0.5078125 0.40793010752688175 0.5141129032258065 0.40994623655913986 0.515625 0.41196236559139787 0.5186491935483871 0.4129704301075269 0.522429435483871 0.40994623655913986 0.524445564516129 0.404233870967742 0.5246975806451613 0.3968413978494624 0.5216733870967742 0.39213709677419356 0.5110887096774194 0.39247311827956993 0.5085685483870968 0.394489247311828 0.5075604838709677 0.3991935483870968 0.5070564516129032 0.40625 0.5078125 0.40793010752688175
8 0.3719758064516129 0.9996639784946237 0.3722278225806452 0.996975806451613 0.36970766129032256 0.9811827956989247 0.36517137096774194 0.9700940860215055 0.3629032258064516 0.9670698924731184 0.35685483870967744 0.9630376344086022 0.3482862903225807 0.9600134408602151 0.3399697580645161 0.9586693548387097 0.33442540322580644 0.9590053763440861 0.32938508064516125 0.9563172043010754 0.32132056451612906 0.9546370967741936 0.28629032258064513 0.9543010752688174 0.25856854838709675 0.9522849462365592 0.24319556451612903 0.9529569892473119 0.22429435483870966 0.9516129032258065 0.20614919354838712 0.9519489247311829 0.20262096774193547 0.9529569892473119 0.20010080645161288 0.9553091397849464 0.19606854838709678 0.9627016129032259 0.19405241935483872 0.96875 0.1849798387096774 0.9838709677419355 0.18069556451612903 0.9946236559139785 0.17993951612903225 0.9996639784946237 0.3719758064516129 0.9996639784946237
1 0.40801411290322576 0.5272177419354839 0.4102822580645161 0.529233870967742 0.4112903225806452 0.5295698924731183 0.41481854838709675 0.5262096774193549 0.4301915322580645 0.5258736559139785 0.43623991935483875 0.5265456989247312 0.4425403225806452 0.5288978494623656 0.4536290322580645 0.5171370967741935 0.4564012096774193 0.5127688172043011 0.4571572580645161 0.508736559139785 0.4569052419354839 0.4946236559139785 0.4536290322580645 0.4889112903225807 0.44632056451612906 0.48051075268817206 0.4339717741935484 0.4818548387096775 0.4251512096774193 0.48051075268817206 0.41935483870967744 0.4865591397849463 0.41481854838709675 0.4889112903225807 0.41330645161290325 0.49092741935483875 0.4100302419354839 0.4986559139784947 0.40725806451612906 0.510752688172043 0.40700604838709675 0.5228494623655914 0.40801411290322576 0.5272177419354839
1 0.4564012096774193 0.5571236559139785 0.4632056451612903 0.5608198924731183 0.4884072580645161 0.5628360215053764 0.49067540322580644 0.5608198924731183 0.49319556451612906 0.5544354838709677 0.49823588709677424 0.5470430107526882 0.49899193548387094 0.5433467741935485 0.49899193548387094 0.5272177419354839 0.49823588709677424 0.5225134408602151 0.49067540322580644 0.5181451612903226 0.47026209677419356 0.5171370967741935 0.46698588709677424 0.5161290322580646 0.46345766129032256 0.5188172043010754 0.4581653225806452 0.5258736559139785 0.45564516129032256 0.5349462365591399 0.45287298387096775 0.539986559139785 0.45236895161290325 0.5436827956989247 0.45287298387096775 0.5537634408602151 0.4564012096774193 0.5571236559139785
8 0.39818548387096775 0.4455645161290323 0.40095766129032256 0.45094086021505375 0.41280241935483875 0.4519489247311828 0.41481854838709675 0.44993279569892475 0.41607862903225806 0.44321236559139787 0.4173387096774193 0.44119623655913986 0.421875 0.4371639784946237 0.43170362903225806 0.43447580645161293 0.4332157258064516 0.4321236559139785 0.43044354838709675 0.4270833333333333 0.42867943548387094 0.4112903225806452 0.4175907258064516 0.41229838709677424 0.4112903225806452 0.4106182795698925 0.40423387096774194 0.41196236559139787 0.4007056451612903 0.4153225806451613 0.39717741935483875 0.42607526881720437 0.39692540322580644 0.43918010752688175 0.39818548387096775 0.4455645161290323
1 0.14440524193548387 0.6266801075268817 0.1454133064516129 0.6300403225806451 0.14768145161290322 0.6313844086021505 0.15625 0.633736559139785 0.17111895161290322 0.6347446236559141 0.18245967741935484 0.633736559139785 0.19254032258064516 0.6347446236559141 0.19632056451612903 0.6364247311827957 0.19934475806451615 0.6354166666666666 0.20085685483870966 0.633736559139785 0.20463709677419356 0.6243279569892474 0.20740927419354838 0.6209677419354839 0.21572580645161288 0.6145833333333334 0.23135080645161288 0.6065188172043011 0.23361895161290322 0.5977822580645161 0.23412298387096775 0.5816532258064516 0.22958669354838712 0.5779569892473119 0.22177419354838712 0.5762768817204301 0.21018145161290322 0.571236559139785 0.19758064516129034 0.5698924731182796 0.18397177419354838 0.5698924731182796 0.17893145161290322 0.5709005376344086 0.17061491935483872 0.5745967741935485 0.16481854838709678 0.5803091397849462 0.15851814516129034 0.5846774193548387 0.1544858870967742 0.5910618279569892 0.15246975806451615 0.5967741935483871 0.14894153225806453 0.6001344086021505 0.1466733870967742 0.6051747311827957 0.14415322580645162 0.6075268817204302 0.14314516129032256 0.6098790322580646 0.1428931451612903 0.6135752688172043 0.14440524193548387 0.6266801075268817
1 0.31098790322580644 0.5329301075268817 0.3077116935483871 0.5325940860215054 0.30720766129032256 0.5336021505376345 0.31098790322580644 0.5329301075268817
1 0.41985887096774194 0.41263440860215056 0.42867943548387094 0.41263440860215056 0.4319556451612903 0.40759408602150543 0.43069556451612906 0.4015456989247312 0.4254032258064516 0.39885752688172044 0.42086693548387094 0.39885752688172044 0.4175907258064516 0.40020161290322587 0.41330645161290325 0.40725806451612906 0.41481854838709675 0.4112903225806452 0.41985887096774194 0.41263440860215056
1 0.5005040322580645 0.42607526881720437 0.5085685483870968 0.42909946236559143 0.515625 0.4280913978494624 0.5186491935483871 0.4254032258064516 0.5209173387096774 0.42170698924731187 0.5206653225806451 0.41834677419354843 0.5171370967741935 0.41263440860215056 0.5128528225806451 0.4096102150537635 0.5093245967741935 0.40860215053763443 0.5052923387096774 0.4089381720430108 0.5015120967741935 0.4109543010752688 0.4977318548387097 0.4176747311827957 0.49798387096774194 0.42170698924731187 0.5005040322580645 0.42607526881720437
5 0.6811995967741935 0.4254032258064516 0.6824596774193549 0.4425403225806452 0.6852318548387096 0.44354838709677424 0.7013608870967742 0.44388440860215056 0.7036290322580646 0.44388440860215056 0.7056451612903225 0.4425403225806452 0.7053931451612904 0.42909946236559143 0.703125 0.4213709677419355 0.6995967741935485 0.41801075268817206 0.6958165322580646 0.41700268817204306 0.6887600806451614 0.4176747311827957 0.6857358870967742 0.4193548387096775 0.6839717741935485 0.4227150537634409 0.6811995967741935 0.4254032258064516
1 0.3326612903225807 0.8766801075268817 0.33518145161290325 0.8813844086021506 0.3629032258064516 0.8860887096774194 0.3860887096774193 0.8867607526881721 0.40423387096774194 0.8847446236559141 0.4178427419354839 0.8756720430107527 0.41935483870967744 0.8682795698924731 0.41935483870967744 0.8592069892473119 0.4213709677419355 0.8497983870967742 0.42338709677419356 0.8454301075268817 0.42288306451612906 0.8383736559139785 0.42716733870967744 0.8279569892473119 0.42716733870967744 0.8245967741935485 0.42867943548387094 0.8209005376344086 0.43069556451612906 0.8111559139784946 0.43119959677419356 0.8040994623655914 0.4332157258064516 0.7970430107526882 0.4344758064516129 0.7842741935483871 0.4337197580645161 0.7688172043010753 0.43573588709677424 0.7654569892473119 0.43598790322580644 0.7614247311827957 0.4332157258064516 0.7580645161290323 0.4299395161290323 0.7560483870967742 0.4251512096774193 0.75 0.41229838709677424 0.7446236559139785 0.39944556451612906 0.7422715053763441 0.3727318548387097 0.7473118279569894 0.36567540322580644 0.7506720430107527 0.3626512096774193 0.7550403225806451 0.3598790322580645 0.756720430107527 0.3550907258064516 0.7560483870967742 0.35055443548387094 0.7580645161290323 0.34979838709677424 0.7620967741935485 0.3545866935483871 0.7654569892473119 0.3555947580645161 0.7691532258064517 0.35005040322580644 0.788978494623656 0.3477822580645161 0.7936827956989247 0.3460181451612903 0.8020833333333334 0.33770161290322576 0.8242607526881721 0.3354334677419355 0.8343413978494624 0.3354334677419355 0.8383736559139785 0.3326612903225807 0.8420698924731184 0.3319052419354839 0.8487903225806451 0.3321572580645161 0.8733198924731184 0.3326612903225807 0.8766801075268817
1 0 0.6911962365591399 0.012600806451612902 0.686491935483871 0.02620967741935484 0.6777553763440861 0.036038306451612906 0.6740591397849462 0.04284274193548387 0.676747311827957 0.04838709677419355 0.6770833333333334 0.05090725806451613 0.6764112903225807 0.05393145161290322 0.6733870967741936 0.055191532258064516 0.6686827956989247 0.05619959677419355 0.655241935483871 0.05846774193548387 0.6505376344086022 0.059475806451612906 0.644489247311828 0.05871975806451613 0.6370967741935485 0.05443548387096774 0.6280241935483871 0.05040322580645161 0.625 0.04107862903225806 0.6223118279569894 0.032006048387096774 0.6226478494623656 0.0045362903225806455 0.6176075268817205 0 0.6179435483870969 0 0.6911962365591399
1 0.4352318548387097 0.40759408602150543 0.4430443548387097 0.40759408602150543 0.4455645161290323 0.40860215053763443 0.4495967741935484 0.4045698924731183 0.45186491935483875 0.39784946236559143 0.4498487903225807 0.3911290322580645 0.44632056451612906 0.38911290322580644 0.4420362903225807 0.3897849462365592 0.43876008064516125 0.39314516129032256 0.43649193548387094 0.3975134408602151 0.4344758064516129 0.404233870967742 0.4352318548387097 0.40759408602150543
1 0.27242943548387094 0.5362903225806451 0.27595766129032256 0.5393145161290323 0.2845262096774194 0.5376344086021506 0.30367943548387094 0.5383064516129032 0.3097278225806452 0.5339381720430109 0.31325604838709675 0.5325940860215054 0.32686491935483875 0.5225134408602151 0.3286290322580645 0.5174731182795699 0.3286290322580645 0.5094086021505377 0.32787298387096775 0.5053763440860215 0.3258568548387097 0.5026881720430109 0.3203125 0.5003360215053764 0.3175403225806452 0.497983870967742 0.31149193548387094 0.49663978494623656 0.29611895161290325 0.4976478494623656 0.2830141129032258 0.5026881720430109 0.2716733870967742 0.5191532258064516 0.2716733870967742 0.5309139784946237 0.27242943548387094 0.5362903225806451
1 0.37298387096774194 0.48387096774193555 0.37298387096774194 0.478494623655914 0.3717237903225807 0.47983870967741943 0.3714717741935484 0.48084677419354843 0.37298387096774194 0.48387096774193555
1 0.36617943548387094 0.47479838709677424 0.36844758064516125 0.4737903225806452 0.36592741935483875 0.4731182795698925 0.3649193548387097 0.4737903225806452 0.36617943548387094 0.47479838709677424
1 0.3553427419354839 0.47479838709677424 0.35836693548387094 0.4737903225806452 0.3566028225806452 0.4731182795698925 0.3550907258064516 0.47446236559139787 0.3548387096774193 0.4731182795698925 0.3543346774193548 0.47412634408602156 0.35357862903225806 0.47345430107526887 0.35282258064516125 0.4737903225806452 0.3553427419354839 0.47479838709677424
1 0.4490927419354839 0.4771505376344087 0.45060483870967744 0.47883064516129037 0.453125 0.47983870967741943 0.4737903225806452 0.47983870967741943 0.47530241935483875 0.4771505376344087 0.47555443548387094 0.47244623655913986 0.47731854838709675 0.46875 0.4800907258064516 0.4563172043010753 0.47782258064516125 0.4522849462365592 0.47404233870967744 0.4502688172043011 0.4632056451612903 0.44993279569892475 0.4564012096774193 0.4512768817204301 0.45186491935483875 0.4566532258064516 0.4488407258064516 0.4663978494623656 0.4485887096774193 0.47479838709677424 0.4490927419354839 0.4771505376344087
1 0.4765625 0.4254032258064516 0.47731854838709675 0.4307795698924732 0.4770665322580645 0.42775537634408606 0.4805947580645161 0.4270833333333333 0.48588709677419356 0.4203629032258065 0.49319556451612906 0.4176747311827957 0.4921875 0.4109543010752688 0.4884072580645161 0.40725806451612906 0.48513104838709675 0.40658602150537637 0.47631048387096775 0.40759408602150543 0.47001008064516125 0.4156586021505376 0.46975806451612906 0.41834677419354843 0.4765625 0.4254032258064516
1 0.029485887096774195 0.9946236559139785 0.025705645161290324 0.9939516129032259 0.02444556451612903 0.9946236559139785 0.029485887096774195 0.9946236559139785
1 0 0.994959677419355 0.0022681451612903227 0.9946236559139785 0.0015120967741935483 0.9899193548387097 0 0.9899193548387097 0 0.994959677419355
5 0 0.7009408602150538 0 0.7916666666666666 0.02242943548387097 0.7916666666666666 0.03377016129032258 0.7869623655913979 0.04334677419354839 0.78125 0.051663306451612906 0.780241935483871 0.05443548387096774 0.7778897849462366 0.05846774193548387 0.7721774193548389 0.06275201612903226 0.7614247311827957 0.06754032258064516 0.7584005376344086 0.07913306451612903 0.7483198924731184 0.09375 0.7331989247311829 0.10383064516129031 0.726478494623656 0.1106350806451613 0.7237903225806451 0.11794354838709678 0.7130376344086022 0.1202116935483871 0.7066532258064517 0.11970766129032258 0.6932123655913979 0.11441532258064517 0.6821236559139785 0.10231854838709678 0.6774193548387097 0.08996975806451613 0.6754032258064517 0.06678427419354839 0.676747311827957 0.046875 0.6801075268817205 0.029485887096774195 0.6801075268817205 0.023689516129032258 0.6817876344086022 0.02091733870967742 0.6858198924731184 0.015372983870967742 0.6878360215053765 0.008568548387096774 0.6928763440860216 0.0017641129032258064 0.7009408602150538 0 0.7009408602150538
1 0.3674395161290323 0.47009408602150543 0.36869959677419356 0.4714381720430108 0.37298387096774194 0.4737903225806452 0.3792842741935484 0.4721102150537635 0.3873487903225807 0.4731182795698925 0.39037298387096775 0.47244623655913986 0.3954133064516129 0.46774193548387105 0.4012096774193548 0.46438172043010756 0.4024697580645161 0.4616935483870968 0.4029737903225807 0.45564516129032256 0.4019657258064516 0.4522849462365592 0.39742943548387094 0.4448924731182796 0.3941532258064516 0.44354838709677424 0.3870967741935484 0.44287634408602156 0.37676411290322576 0.4448924731182796 0.3727318548387097 0.44758064516129037 0.3694556451612903 0.45295698924731187 0.3676915322580645 0.45900537634408606 0.36693548387096775 0.4674059139784947 0.3674395161290323 0.47009408602150543
1 0.4196068548387097 0.46908602150537637 0.4251512096774193 0.4761424731182796 0.43170362903225806 0.47345430107526887 0.4407762096774193 0.4754704301075269 0.44430443548387094 0.47479838709677424 0.44606854838709675 0.47244623655913986 0.45136088709677424 0.45329301075268824 0.4480846774193548 0.44455645161290325 0.4425403225806452 0.4368279569892473 0.4402721774193548 0.4361559139784947 0.43170362903225806 0.43649193548387105 0.421875 0.43884408602150543 0.4175907258064516 0.4425403225806452 0.41532258064516125 0.4516129032258065 0.41532258064516125 0.466733870967742 0.4196068548387097 0.46908602150537637
1 0.2651209677419355 0.5020161290322581 0.26587701612903225 0.5036962365591399 0.2686491935483871 0.5047043010752689 0.2794858870967742 0.5030241935483871 0.28150201612903225 0.501008064516129 0.2933467741935484 0.49563172043010756 0.30720766129032256 0.49428763440860224 0.3092237903225807 0.49193548387096775 0.3097278225806452 0.4879032258064516 0.3089717741935484 0.48084677419354843 0.30720766129032256 0.4781586021505377 0.3006552419354839 0.4721102150537635 0.29183467741935487 0.47043010752688175 0.28276209677419356 0.47043010752688175 0.2757056451612903 0.4717741935483871 0.2694052419354839 0.4771505376344087 0.26537298387096775 0.4848790322580645 0.26461693548387094 0.4912634408602151 0.2651209677419355 0.5020161290322581
1 0.8203125 0.5782930107526882 0.821320564516129 0.5813172043010754 0.8245967741935485 0.5840053763440861 0.8308971774193549 0.5840053763440861 0.834929435483871 0.5883736559139785 0.8374495967741935 0.5890456989247312 0.8392137096774194 0.5920698924731183 0.8414818548387096 0.6028225806451614 0.8452620967741935 0.6068548387096775 0.8515625 0.6048387096774194 0.8634072580645161 0.6045026881720431 0.8795362903225806 0.6061827956989247 0.8840725806451614 0.6048387096774194 0.8876008064516129 0.6055107526881721 0.890625 0.6075268817204302 0.8951612903225806 0.6045026881720431 0.8971774193548386 0.6018145161290323 0.8979334677419355 0.5987903225806451 0.8976814516129032 0.5897177419354839 0.8961693548387096 0.5816532258064516 0.8941532258064515 0.5772849462365591 0.8876008064516129 0.5678763440860215 0.883820564516129 0.559475806451613 0.8742439516129032 0.5443548387096775 0.8656754032258065 0.5362903225806451 0.8573588709677419 0.5329301075268817 0.8472782258064515 0.5312500000000001 0.8366935483870968 0.5312500000000001 0.8324092741935485 0.5325940860215054 0.8293850806451614 0.5352822580645161 0.8240927419354839 0.5426747311827957 0.8210685483870968 0.5510752688172044 0.8200604838709677 0.5618279569892474 0.8198084677419355 0.5719086021505377 0.8203125 0.5782930107526882
1 0.28881048387096775 0.5813172043010754 0.2933467741935484 0.5860215053763441 0.3049395161290323 0.5846774193548387 0.3314012096774193 0.5863575268817205 0.33770161290322576 0.5749327956989247 0.34904233870967744 0.5692204301075269 0.3520665322580645 0.5655241935483871 0.35231854838709675 0.5473790322580646 0.3492943548387097 0.5426747311827957 0.33694556451612906 0.5356182795698925 0.32736895161290325 0.5339381720430109 0.3172883064516129 0.5339381720430109 0.31073588709677424 0.5352822580645161 0.3041834677419355 0.5396505376344086 0.3001512096774193 0.5450268817204301 0.29813508064516125 0.549731182795699 0.28981854838709675 0.5611559139784946 0.28881048387096775 0.5665322580645161 0.28830645161290325 0.5793010752688172 0.28881048387096775 0.5813172043010754
1 0.35307459677419356 0.5329301075268817 0.35408266129032256 0.529233870967742 0.35257056451612906 0.5258736559139785 0.35131048387096775 0.5278897849462366 0.3515625 0.5325940860215054 0.35307459677419356 0.5329301075268817
1 0.4090221774193548 0.6159274193548389 0.4110383064516129 0.6196236559139785 0.4448084677419355 0.6199596774193549 0.4566532258064516 0.6213037634408602 0.4579133064516129 0.6192876344086022 0.4609375 0.6051747311827957 0.4639616935483871 0.6021505376344086 0.46698588709677424 0.5967741935483871 0.46849798387096775 0.5913978494623656 0.46875 0.580981182795699 0.46748991935483875 0.5709005376344086 0.46270161290322576 0.5628360215053764 0.4495967741935484 0.5537634408602151 0.43926411290322576 0.5547715053763441 0.42867943548387094 0.5544354838709677 0.42162298387096775 0.5628360215053764 0.4183467741935484 0.5698924731182796 0.4112903225806452 0.5877016129032259 0.4100302419354839 0.594758064516129 0.4100302419354839 0.6065188172043011 0.4090221774193548 0.6159274193548389
1 0.4495967741935484 0.4136424731182796 0.4564012096774193 0.41733870967741943 0.4642137096774193 0.41633064516129037 0.4659778225806452 0.41330645161290325 0.46723790322580644 0.40793010752688175 0.4664818548387097 0.4049059139784947 0.46345766129032256 0.3995295698924732 0.4533770161290323 0.40020161290322587 0.4485887096774193 0.40759408602150543 0.4483366935483871 0.4112903225806452 0.4495967741935484 0.4136424731182796
1 0.4558971774193548 0.43850806451612906 0.45992943548387094 0.4408602150537635 0.46774193548387094 0.4405241935483871 0.47404233870967744 0.43951612903225806 0.4768145161290323 0.4368279569892473 0.47757056451612906 0.435483870967742 0.47832661290322576 0.4280913978494624 0.47782258064516125 0.425739247311828 0.47026209677419356 0.41733870967741943 0.46295362903225806 0.4156586021505376 0.4566532258064516 0.41801075268817206 0.453125 0.42473118279569894 0.45161290322580644 0.4297715053763441 0.45136088709677424 0.4321236559139785 0.4558971774193548 0.43850806451612906
1 0.44380040322580644 0.4425403225806452 0.4475806451612903 0.44959677419354843 0.4485887096774193 0.4600134408602151 0.4495967741935484 0.4610215053763441 0.45060483870967744 0.45732526881720437 0.45287298387096775 0.45564516129032256 0.45917338709677424 0.4459005376344087 0.45942540322580644 0.4422043010752688 0.45287298387096775 0.4311155913978495 0.4453125 0.4321236559139785 0.44002016129032256 0.4351478494623656 0.4405241935483871 0.43884408602150543 0.44380040322580644 0.4425403225806452
1 0.34979838709677424 0.5325940860215054 0.35131048387096775 0.5339381720430109 0.3548387096774193 0.5336021505376345 0.3588709677419355 0.5299059139784946 0.3621471774193548 0.529233870967742 0.37701612903225806 0.530241935483871 0.3797883064516129 0.5336021505376345 0.3830645161290323 0.5336021505376345 0.3870967741935484 0.5258736559139785 0.3944052419354839 0.5225134408602151 0.3961693548387097 0.5154569892473119 0.39667338709677424 0.5084005376344086 0.3954133064516129 0.5036962365591399 0.3936491935483871 0.501008064516129 0.3883568548387097 0.49899193548387105 0.38356854838709675 0.4936155913978495 0.36970766129032256 0.4932795698924732 0.3626512096774193 0.4946236559139785 0.35912298387096775 0.49663978494623656 0.3520665322580645 0.5067204301075269 0.34904233870967744 0.5154569892473119 0.3487903225806452 0.529233870967742 0.34979838709677424 0.5325940860215054
1 0.5871975806451613 0.4351478494623656 0.5884576612903226 0.43817204301075274 0.6058467741935485 0.43817204301075274 0.6073588709677419 0.4368279569892473 0.6081149193548386 0.4327956989247312 0.6078629032258065 0.42372311827956993 0.6055947580645161 0.4146505376344087 0.6028225806451614 0.41330645161290325 0.5934979838709677 0.4136424731182796 0.5907258064516129 0.4146505376344087 0.5882056451612903 0.41834677419354843 0.5871975806451613 0.4250672043010753 0.5871975806451613 0.4351478494623656
1 0.4324596774193548 0.4307795698924732 0.43548387096774194 0.4327956989247312 0.4397681451612903 0.4327956989247312 0.4495967741935484 0.4297715053763441 0.45211693548387094 0.425739247311828 0.45388104838709675 0.41834677419354843 0.4493447580645161 0.41162634408602156 0.4490927419354839 0.4089381720430108 0.4483366935483871 0.40826612903225806 0.43548387096774194 0.40826612903225806 0.4319556451612903 0.4106182795698925 0.43069556451612906 0.4146505376344087 0.43094758064516125 0.4280913978494624 0.4324596774193548 0.4307795698924732
1 0.4495967741935484 0.40725806451612906 0.45060483870967744 0.4045698924731183 0.4495967741935484 0.40120967741935487 0.4480846774193548 0.4038978494623656 0.4480846774193548 0.40625 0.4495967741935484 0.40725806451612906
1 0.5037802419354839 0.4553091397849463 0.5073084677419355 0.4586693548387097 0.5085685483870968 0.46606182795698925 0.5120967741935484 0.47513440860215056 0.5151209677419355 0.4771505376344087 0.5189012096774194 0.4754704301075269 0.5211693548387097 0.4670698924731183 0.5214213709677419 0.4563172043010753 0.5151209677419355 0.4459005376344087 0.5108366935483871 0.44455645161290325 0.5050403225806451 0.4448924731182796 0.5017641129032258 0.44623655913978494 0.49899193548387094 0.44959677419354843 0.49823588709677424 0.45329301075268824 0.5037802419354839 0.4553091397849463
1 0.47731854838709675 0.4835349462365592 0.4805947580645161 0.4815188172043011 0.49395161290322576 0.4818548387096775 0.49823588709677424 0.4828629032258065 0.5050403225806451 0.49092741935483875 0.5085685483870968 0.4899193548387097 0.5095766129032258 0.4879032258064516 0.5110887096774194 0.4737903225806452 0.508820564516129 0.4633736559139785 0.5052923387096774 0.4563172043010753 0.49823588709677424 0.4526209677419355 0.4846270161290323 0.45564516129032256 0.48261088709677424 0.456989247311828 0.4805947580645161 0.4593413978494624 0.4765625 0.4727822580645161 0.47631048387096775 0.48084677419354843 0.47731854838709675 0.4835349462365592
1 0.46673387096774194 0.5161290322580646 0.4879032258064516 0.5171370967741935 0.4949596774193548 0.5201612903225806 0.49823588709677424 0.5231854838709677 0.5012600806451613 0.5191532258064516 0.5025201612903226 0.5141129032258065 0.5057963709677419 0.5084005376344086 0.5078125 0.4946236559139785 0.49873991935483875 0.4831989247311828 0.484375 0.4825268817204301 0.48235887096774194 0.48051075268817206 0.47731854838709675 0.47883064516129037 0.4760584677419355 0.48084677419354843 0.47555443548387094 0.48420698924731187 0.4737903225806452 0.48689516129032256 0.4710181451612903 0.49630376344086025 0.46875 0.5016801075268817 0.4664818548387097 0.5047043010752689 0.4654737903225807 0.5094086021505377 0.4652217741935484 0.5124327956989247 0.46673387096774194 0.5161290322580646
1 0.4805947580645161 0.4455645161290323 0.4871471774193548 0.44388440860215056 0.4952116935483871 0.44388440860215056 0.49848790322580644 0.44522849462365593 0.506804435483871 0.43918010752688175 0.506804435483871 0.4358198924731183 0.5042842741935484 0.42943548387096775 0.5015120967741935 0.4270833333333333 0.49823588709677424 0.4213709677419355 0.4954637096774193 0.41969086021505375 0.4884072580645161 0.4200268817204301 0.48412298387096775 0.42204301075268824 0.4803427419354839 0.42775537634408606 0.47908266129032256 0.4351478494623656 0.47908266129032256 0.4425403225806452 0.4805947580645161 0.4455645161290323
1 0.3717237903225807 0.7207661290322581 0.37348790322580644 0.7241263440860216 0.38079637096774194 0.7258064516129032 0.4170866935483871 0.7261424731182795 0.42867943548387094 0.7251344086021506 0.4324596774193548 0.7237903225806451 0.43573588709677424 0.7163978494623656 0.43825604838709675 0.6915322580645161 0.44329637096774194 0.6723790322580646 0.44329637096774194 0.6518817204301075 0.44455645161290325 0.6475134408602151 0.44380040322580644 0.6448252688172043 0.4430443548387097 0.6438172043010753 0.43901209677419356 0.643481182795699 0.4339717741935484 0.6394489247311829 0.42867943548387094 0.6374327956989247 0.41204637096774194 0.6350806451612904 0.3961693548387097 0.6364247311827957 0.38986895161290325 0.6401209677419355 0.3870967741935484 0.643481182795699 0.38256048387096775 0.6441532258064517 0.38155241935483875 0.6475134408602151 0.38482862903225806 0.6505376344086022 0.38432459677419356 0.6542338709677419 0.38180443548387094 0.6616263440860216 0.375 0.675739247311828 0.37247983870967744 0.6841397849462366 0.3717237903225807 0.6928763440860216 0.3707157258064516 0.6959005376344086 0.3704637096774193 0.7022849462365592 0.3717237903225807 0.7207661290322581
1 0.5189012096774194 0.4539650537634409 0.5249495967741935 0.4593413978494624 0.5259576612903226 0.4600134408602151 0.5292338709677419 0.4583333333333333 0.5367943548387097 0.4586693548387097 0.5425907258064516 0.4610215053763441 0.5463709677419355 0.4583333333333333 0.5498991935483871 0.4516129032258065 0.5529233870967742 0.4506048387096775 0.5645161290322581 0.44993279569892475 0.5665322580645161 0.4522849462365592 0.5675403225806451 0.45598118279569894 0.5710685483870968 0.456989247311828 0.5743447580645161 0.4465725806451613 0.5730846774193549 0.43918010752688175 0.5710685483870968 0.4361559139784947 0.5642641129032258 0.4327956989247312 0.561491935483871 0.43245967741935487 0.5572076612903226 0.4270833333333333 0.5539314516129032 0.42943548387096775 0.546875 0.42775537634408606 0.5360383064516129 0.4280913978494624 0.5330141129032258 0.42909946236559143 0.5259576612903226 0.4280913978494624 0.522429435483871 0.4307795698924732 0.5189012096774194 0.435483870967742 0.516633064516129 0.44354838709677424 0.5168850806451613 0.44858870967741943 0.5189012096774194 0.4539650537634409
1 0.31073588709677424 0.5329301075268817 0.31048387096774194 0.532258064516129 0.30997983870967744 0.5325940860215054 0.31073588709677424 0.5329301075268817
1 0.3321572580645161 0.497983870967742 0.3331653225806452 0.5016801075268817 0.33467741935483875 0.5036962365591399 0.3487903225806452 0.5030241935483871 0.35231854838709675 0.5043682795698925 0.36063508064516125 0.4952956989247312 0.37651209677419356 0.49092741935483875 0.37348790322580644 0.4761424731182796 0.3676915322580645 0.4714381720430108 0.36617943548387094 0.46908602150537637 0.3563508064516129 0.47076612903225806 0.34526209677419356 0.47110215053763443 0.34198588709677424 0.47244623655913986 0.3382056451612903 0.47647849462365593 0.3324092741935484 0.4879032258064516 0.3314012096774193 0.49092741935483875 0.3321572580645161 0.497983870967742
1 0.6370967741935485 0.41969086021505375 0.6544858870967742 0.41969086021505375 0.6557459677419355 0.41868279569892475 0.6557459677419355 0.4038978494623656 0.6527217741935485 0.39717741935483875 0.6481854838709677 0.39549731182795705 0.6403729838709677 0.3958333333333333 0.6383568548387096 0.3975134408602151 0.6365927419354839 0.40120967741935487 0.6360887096774194 0.4136424731182796 0.6370967741935485 0.41969086021505375
1 0.38533266129032256 0.4946236559139785 0.3870967741935484 0.4976478494623656 0.3933971774193548 0.5003360215053764 0.40801411290322576 0.5000000000000001 0.4112903225806452 0.49495967741935487 0.41280241935483875 0.4899193548387097 0.4145665322580645 0.4875672043010753 0.4221270161290323 0.48219086021505375 0.42313508064516125 0.4768145161290323 0.4221270161290323 0.47244623655913986 0.42036290322580644 0.47009408602150543 0.41507056451612906 0.466733870967742 0.40095766129032256 0.466733870967742 0.390625 0.47345430107526887 0.3858366935483871 0.48420698924731187 0.38457661290322576 0.4912634408602151 0.38533266129032256 0.4946236559139785
2 0.8324092741935485 0.8313172043010753 0.8321572580645161 0.8454301075268817 0.8359375 0.851478494623656 0.836945564516129 0.8555107526881721 0.8366935483870968 0.8629032258064517 0.8351814516129032 0.8696236559139785 0.8364415322580646 0.8729838709677421 0.836945564516129 0.8803763440860216 0.8384576612903225 0.8844086021505376 0.8419858870967742 0.8844086021505376 0.842741935483871 0.8823924731182797 0.842741935483871 0.876008064516129 0.8419858870967742 0.8729838709677421 0.8440020161290323 0.8679435483870969 0.8455141129032258 0.8662634408602151 0.8475302419354839 0.8558467741935485 0.8467741935483871 0.8417338709677419 0.8535786290322581 0.8373655913978495 0.8601310483870968 0.8363575268817205 0.8664314516129032 0.8390456989247312 0.8699596774193549 0.8417338709677419 0.8729838709677419 0.8424059139784946 0.8732358870967742 0.8350134408602151 0.8689516129032258 0.8252688172043011 0.866179435483871 0.8125 0.8636592741935485 0.807459677419355 0.8596270161290323 0.8030913978494624 0.858366935483871 0.8004032258064517 0.8576108870967742 0.7933467741935485 0.8558467741935485 0.7872983870967742 0.8523185483870968 0.7839381720430109 0.8482862903225806 0.7836021505376345 0.844758064516129 0.7862903225806451 0.84375 0.7893145161290323 0.8429939516129032 0.7980510752688174 0.8379536290322581 0.8020833333333334 0.8334173387096775 0.8104838709677419 0.8308971774193549 0.8175403225806451 0.8308971774193549 0.8279569892473119 0.8324092741935485 0.8313172043010753
2 0.0703125 0.5460349462365591 0.07106854838709678 0.5477150537634409 0.07434475806451613 0.5473790322580646 0.07862903225806452 0.540994623655914 0.08140120967741936 0.5336021505376345 0.08140120967741936 0.5258736559139785 0.07963709677419356 0.5154569892473119 0.078125 0.5137768817204301 0.07434475806451613 0.5137768817204301 0.07207661290322581 0.5154569892473119 0.07106854838709678 0.518481182795699 0.07081653225806452 0.5241935483870969 0.07106854838709678 0.539986559139785 0.0703125 0.5460349462365591
2 0.9155745967741935 0.5581317204301075 0.9165826612903225 0.5678763440860215 0.9183467741935485 0.5709005376344086 0.9211189516129032 0.5709005376344086 0.921875 0.5554435483870969 0.9248991935483871 0.5467069892473119 0.922883064516129 0.5218413978494624 0.921875 0.5188172043010754 0.9183467741935485 0.520497311827957 0.9143145161290323 0.5325940860215054 0.9133064516129032 0.5396505376344086 0.913054435483871 0.5504032258064516 0.9155745967741935 0.5581317204301075
2 0.6023185483870968 0.5625000000000001 0.6030745967741935 0.5625000000000001 0.6058467741935485 0.5611559139784946 0.6063508064516129 0.5534274193548387 0.6076108870967742 0.5490591397849462 0.6088709677419355 0.5473790322580646 0.6126512096774194 0.5493951612903226 0.616179435483871 0.5483870967741935 0.6189516129032258 0.5389784946236559 0.6184475806451614 0.5362903225806451 0.6146673387096775 0.5295698924731183 0.6131552419354839 0.5225134408602151 0.6113911290322581 0.5221774193548387 0.609375 0.5225134408602151 0.6076108870967742 0.5285618279569892 0.6023185483870968 0.5362903225806451 0.6018145161290323 0.5393145161290323 0.6015625 0.5588037634408602 0.6023185483870968 0.5625000000000001
2 0.6335685483870968 0.49159946236559143 0.6370967741935485 0.48857526881720437 0.640625 0.4936155913978495 0.6439012096774194 0.4922715053763441 0.6439012096774194 0.4852150537634409 0.641633064516129 0.4818548387096775 0.6391129032258065 0.4754704301075269 0.6368447580645161 0.47479838709677424 0.6328125 0.48420698924731187 0.6320564516129032 0.4875672043010753 0.6335685483870968 0.49159946236559143
2 0.7563004032258065 0.4287634408602151 0.7563004032258065 0.4425403225806452 0.7590725806451614 0.44388440860215056 0.7608366935483871 0.44287634408602156 0.7615927419354839 0.4405241935483871 0.7626008064516129 0.42439516129032256 0.7615927419354839 0.42204301075268824 0.7550403225806451 0.4210349462365592 0.7550403225806451 0.4254032258064516 0.7563004032258065 0.4287634408602151
2 0.08845766129032258 0.5265456989247312 0.08946572580645161 0.5299059139784946 0.09299395161290322 0.5359543010752689 0.09299395161290322 0.5504032258064516 0.09551411290322581 0.5520833333333334 0.09954637096774194 0.549731182795699 0.09929435483870969 0.5379704301075269 0.1003024193548387 0.5319220430107527 0.10131048387096774 0.5295698924731183 0.10483870967741936 0.5258736559139785 0.10483870967741936 0.5225134408602151 0.10005040322580644 0.5110887096774194 0.09551411290322581 0.5070564516129032 0.09223790322580644 0.5084005376344086 0.08921370967741936 0.5127688172043011 0.08845766129032258 0.5151209677419355 0.08845766129032258 0.5265456989247312
2 0.6262600806451614 0.43145161290322587 0.6300403225806451 0.43245967741935487 0.6323084677419355 0.4287634408602151 0.6300403225806451 0.42170698924731187 0.6270161290322581 0.41834677419354843 0.6232358870967742 0.4250672043010753 0.6232358870967742 0.43313172043010756 0.6262600806451614 0.43145161290322587
4 0.5189012096774194 0.45329301075268824 0.5259576612903226 0.4586693548387097 0.5362903225806451 0.4583333333333333 0.5403225806451613 0.46034946236559143 0.5435987903225806 0.46034946236559143 0.5471270161290323 0.4566532258064516 0.5476310483870968 0.45430107526881724 0.5498991935483871 0.4512768817204301 0.5587197580645161 0.44993279569892475 0.5640120967741935 0.44959677419354843 0.5665322580645161 0.4522849462365592 0.5675403225806451 0.4566532258064516 0.5710685483870968 0.45732526881720437 0.5738407258064516 0.447244623655914 0.5728326612903226 0.43918010752688175 0.5710685483870968 0.43649193548387105 0.5642641129032258 0.43380376344086025 0.5602318548387097 0.4358198924731183 0.5559475806451613 0.4297715053763441 0.5473790322580645 0.42842741935483875 0.5383064516129032 0.4280913978494624 0.5257056451612903 0.42943548387096775 0.5221774193548387 0.43145161290322587 0.5191532258064516 0.4358198924731183 0.5171370967741935 0.4422043010752688 0.5168850806451613 0.4469086021505377 0.5189012096774194 0.45329301075268824
4 0.46748991935483875 0.5161290322580646 0.4876512096774193 0.5174731182795699 0.4957157258064516 0.5208333333333334 0.49823588709677424 0.5231854838709677 0.5 0.5211693548387097 0.5022681451612903 0.5134408602150538 0.5055443548387097 0.5080645161290323 0.5065524193548387 0.4946236559139785 0.5012600806451613 0.4865591397849463 0.49798387096774194 0.48420698924731187 0.4846270161290323 0.4831989247311828 0.47731854838709675 0.4848790322580645 0.4735383064516129 0.4895833333333334 0.4715221774193548 0.49663978494623656 0.46673387096774194 0.5077284946236559 0.4664818548387097 0.5137768817204301 0.46748991935483875 0.5161290322580646
5 0.4493447580645161 0.4136424731182796 0.45136088709677424 0.41498655913978494 0.4553931451612903 0.415994623655914 0.4637096774193548 0.415994623655914 0.46622983870967744 0.4143145161290323 0.46673387096774194 0.40625 0.4637096774193548 0.4015456989247312 0.46169354838709675 0.40020161290322587 0.453125 0.40020161290322587 0.4485887096774193 0.4059139784946237 0.4483366935483871 0.41162634408602156 0.4493447580645161 0.4136424731182796
5 0.4347278225806452 0.404233870967742 0.43497983870967744 0.40759408602150543 0.4458165322580645 0.40759408602150543 0.4495967741935484 0.404233870967742 0.45186491935483875 0.39885752688172044 0.45110887096774194 0.3938172043010753 0.4498487903225807 0.3911290322580645 0.44606854838709675 0.3894489247311828 0.4422883064516129 0.39045698924731187 0.43901209677419356 0.3928091397849463 0.4369959677419355 0.39717741935483875 0.43649193548387094 0.40120967741935487 0.4347278225806452 0.404233870967742
5 0.014616935483870967 0.9616935483870969 0.0015120967741935483 0.9781586021505377 0 0.9781586021505377 0 0.9996639784946237 0.07283266129032258 0.9996639784946237 0.07358870967741936 0.9976478494623656 0.08341733870967742 0.9973118279569894 0.09929435483870969 0.9973118279569894 0.10080645161290322 0.9979838709677421 0.10105846774193548 0.9996639784946237 0.12575604838709678 0.9996639784946237 0.12600806451612903 0.9979838709677421 0.12701612903225806 0.9983198924731184 0.12701612903225806 0.9996639784946237 0.15826612903225806 0.9996639784946237 0.15826612903225806 0.9983198924731184 0.16129032258064516 0.9963037634408602 0.16381048387096775 0.9915994623655914 0.16733870967741937 0.9737903225806451 0.17237903225806453 0.9566532258064517 0.17288306451612903 0.9509408602150538 0.17237903225806453 0.9331317204301075 0.16834677419354838 0.9203629032258065 0.15070564516129034 0.9102822580645161 0.13029233870967744 0.9059139784946237 0.11038306451612903 0.9075940860215055 0.0811491935483871 0.913978494623656 0.06376008064516128 0.9250672043010754 0.05342741935483871 0.933467741935484 0.032006048387096774 0.9418682795698926 0.025453629032258066 0.9455645161290323 0.01915322580645161 0.957997311827957 0.014616935483870967 0.9616935483870969
0 0.6827116935483871 0.5362903225806451 0.6900201612903225 0.551747311827957 0.6925403225806451 0.5641801075268817 0.6968245967741935 0.5675403225806451 0.7064012096774194 0.5873655913978495 0.7114415322580646 0.5940860215053765 0.7129536290322581 0.6018145161290323 0.7147177419354839 0.6045026881720431 0.7172379032258065 0.6129032258064517 0.719758064516129 0.6169354838709679 0.7305947580645161 0.6229838709677419 0.7447076612903225 0.6246639784946237 0.7497479838709677 0.6263440860215055 0.7799899193548386 0.6270161290322581 0.790070564516129 0.626008064516129 0.7933467741935485 0.6236559139784946 0.7946068548387096 0.6108870967741936 0.7948588709677419 0.5661962365591399 0.7953629032258065 0.5631720430107527 0.7991431451612904 0.5564516129032259 0.7973790322580646 0.5456989247311829 0.7951108870967742 0.539986559139785 0.7928427419354839 0.5372983870967742 0.7908266129032258 0.5258736559139785 0.7895665322580646 0.5228494623655914 0.7759576612903225 0.5043682795698925 0.7482358870967742 0.47883064516129037 0.7348790322580646 0.46303763440860224 0.727570564516129 0.45967741935483875 0.7079133064516129 0.4583333333333333 0.6938004032258065 0.4593413978494624 0.6890120967741935 0.46068548387096775 0.6862399193548386 0.46270161290322587 0.6819556451612904 0.5047043010752689 0.6814516129032258 0.5245295698924731 0.6827116935483871 0.5362903225806451
0 0.31905241935483875 0.456989247311828 0.3205645161290323 0.4600134408602151 0.34501008064516125 0.46303763440860224 0.35080645161290325 0.4623655913978495 0.3558467741935484 0.4600134408602151 0.3639112903225807 0.46034946236559143 0.36617943548387094 0.45900537634408606 0.36693548387096775 0.4553091397849463 0.37247983870967744 0.4469086021505377 0.3755040322580645 0.44455645161290325 0.3823084677419355 0.44287634408602156 0.38886088709677424 0.43884408602150543 0.39037298387096775 0.4327956989247312 0.39138104838709675 0.41969086021505375 0.3908770161290323 0.40658602150537637 0.38986895161290325 0.40356182795698925 0.38432459677419356 0.40053763440860213 0.37600806451612906 0.3991935483870968 0.36592741935483875 0.3998655913978495 0.35030241935483875 0.40692204301075274 0.33467741935483875 0.4112903225806452 0.3316532258064516 0.4143145161290323 0.3203125 0.41801075268817206 0.3180443548387097 0.42170698924731187 0.3175403225806452 0.4361559139784947 0.31905241935483875 0.456989247311828
6 0.41557459677419356 0.4663978494623656 0.4248991935483871 0.47345430107526887 0.4332157258064516 0.4717741935483871 0.43548387096774194 0.4721102150537635 0.43876008064516125 0.47446236559139787 0.44329637096774194 0.47446236559139787 0.44657258064516125 0.4714381720430108 0.4495967741935484 0.4623655913978495 0.4508568548387097 0.4536290322580645 0.4503528225806452 0.4502688172043011 0.4480846774193548 0.4465725806451613 0.44707661290322576 0.44287634408602156 0.4425403225806452 0.4375 0.4405241935483871 0.43649193548387105 0.42842741935483875 0.4361559139784947 0.42162298387096775 0.43783602150537637 0.4188508064516129 0.43918010752688175 0.41532258064516125 0.44287634408602156 0.41481854838709675 0.4479166666666667 0.41481854838709675 0.46370967741935487 0.41557459677419356 0.4663978494623656
6 0.140625 0.5389784946236559 0.14163306451612903 0.5430107526881721 0.14188508064516128 0.5577956989247312 0.14390120967741934 0.5635080645161291 0.14919354838709678 0.5655241935483871 0.1509576612903226 0.5678763440860215 0.1544858870967742 0.5685483870967742 0.15776209677419356 0.5655241935483871 0.16381048387096775 0.5571236559139785 0.16633064516129034 0.5571236559139785 0.1701108870967742 0.561491935483871 0.17540322580645162 0.5631720430107527 0.1796875 0.5665322580645161 0.18850806451612903 0.5685483870967742 0.19329637096774194 0.5685483870967742 0.19606854838709678 0.5658602150537635 0.19884072580645162 0.560483870967742 0.20514112903225806 0.5557795698924731 0.21572580645161288 0.5514112903225806 0.2240423387096774 0.5524193548387097 0.22731854838709678 0.5477150537634409 0.22857862903225806 0.5366263440860215 0.22731854838709678 0.5285618279569892 0.20816532258064516 0.5141129032258065 0.2048891129032258 0.488239247311828 0.20362903225806453 0.48387096774193555 0.20186491935483872 0.48219086021505375 0.19858870967741937 0.48084677419354843 0.18876008064516128 0.48118279569892475 0.17111895161290322 0.47983870967741943 0.14390120967741934 0.48857526881720437 0.14112903225806453 0.49025537634408606 0.13936491935483872 0.49395161290322587 0.13986895161290322 0.5275537634408602 0.140625 0.5389784946236559
3 0.8475302419354839 0.8518145161290323 0.8475302419354839 0.8561827956989247 0.8465221774193549 0.8625672043010754 0.844758064516129 0.8652553763440861 0.8429939516129032 0.8706317204301075 0.8409778225806451 0.8729838709677421 0.8422379032258065 0.8793682795698926 0.8419858870967742 0.8870967741935485 0.8452620967741935 0.8911290322580646 0.8523185483870968 0.8965053763440861 0.8558467741935485 0.912970430107527 0.8591229838709677 0.9176747311827957 0.8634072580645161 0.9193548387096775 0.866179435483871 0.9159946236559141 0.8674395161290323 0.9112903225806451 0.868195564516129 0.8928091397849464 0.8709677419354839 0.8766801075268817 0.8702116935483871 0.8605510752688174 0.8679435483870968 0.850470430107527 0.868195564516129 0.8481182795698926 0.8699596774193549 0.8454301075268817 0.8704637096774194 0.8417338709677419 0.8629032258064515 0.8373655913978495 0.8550907258064515 0.8370295698924731 0.850554435483871 0.8380376344086022 0.8475302419354839 0.8400537634408602 0.8455141129032258 0.8454301075268817 0.8460181451612904 0.8487903225806451 0.8475302419354839 0.8518145161290323
3 0.8273689516129032 0.8618951612903226 0.8351814516129032 0.871975806451613 0.8366935483870968 0.8692876344086022 0.8382056451612904 0.8561827956989247 0.8346774193548386 0.8383736559139785 0.8364415322580646 0.8350134408602151 0.8314012096774194 0.830981182795699 0.8283770161290323 0.8380376344086022 0.8243447580645161 0.8400537634408602 0.8243447580645161 0.8511424731182797 0.8273689516129032 0.8618951612903226
3 0.8424899193548386 0.8306451612903226 0.8440020161290323 0.8316532258064517 0.8417338709677419 0.8299731182795699 0.8417338709677419 0.831989247311828 0.8424899193548386 0.8306451612903226
3 0.8729838709677419 0.8350134408602151 0.8765120967741935 0.8350134408602151 0.8777721774193549 0.8316532258064517 0.8775201612903225 0.8303091397849464 0.8765120967741935 0.8289650537634409 0.8732358870967742 0.8303091397849464 0.8724798387096775 0.830981182795699 0.8729838709677419 0.8350134408602151
3 0.8276209677419355 0.8168682795698926 0.8286290322580646 0.8178763440860216 0.8278729838709677 0.819220430107527 0.828125 0.8245967741935485 0.8288810483870968 0.8172043010752689 0.8311491935483871 0.813508064516129 0.8326612903225806 0.8071236559139785 0.8283770161290323 0.8047715053763441 0.8276209677419355 0.8067876344086022 0.827116935483871 0.8141801075268817 0.8276209677419355 0.8168682795698926
3 0.8316532258064515 0.799731182795699 0.834929435483871 0.8040994623655914 0.8371975806451614 0.8000672043010753 0.834929435483871 0.7973790322580646 0.8329133064516129 0.7967069892473119 0.8308971774193549 0.7967069892473119 0.8303931451612904 0.8004032258064517 0.828125 0.7993951612903226 0.828125 0.8024193548387097 0.8316532258064515 0.799731182795699
3 0.6068548387096775 0.572244623655914 0.609375 0.5756048387096775 0.6126512096774194 0.5715725806451614 0.6144153225806451 0.5635080645161291 0.616179435483871 0.559475806451613 0.6171875 0.5460349462365591 0.616179435483871 0.5440188172043011 0.6121471774193549 0.5450268817204301 0.6055947580645161 0.5436827956989247 0.6043346774193549 0.5450268817204301 0.6048387096774194 0.5631720430107527 0.6068548387096775 0.572244623655914
3 0.6348286290322581 0.5117607526881721 0.6373487903225806 0.5144489247311829 0.640625 0.5120967741935485 0.6423891129032258 0.5013440860215054 0.6426411290322581 0.49159946236559143 0.6408770161290323 0.48924731182795705 0.6373487903225806 0.48723118279569894 0.633820564516129 0.488239247311828 0.6333165322580646 0.4895833333333334 0.6335685483870968 0.5077284946236559 0.6348286290322581 0.5117607526881721
3 0.15675403225806453 0.5749327956989247 0.15751008064516128 0.5779569892473119 0.16053427419354838 0.5816532258064516 0.16481854838709678 0.5803091397849462 0.17288306451612903 0.5729166666666667 0.17691532258064516 0.571236559139785 0.17842741935483872 0.5682123655913979 0.17767137096774194 0.5648521505376345 0.17590725806451615 0.5628360215053764 0.16859879032258063 0.5601478494623656 0.16129032258064516 0.559475806451613 0.15725806451612903 0.5641801075268817 0.15650201612903225 0.5672043010752689 0.15675403225806453 0.5749327956989247
3 0.625 0.4455645161290323 0.6262600806451614 0.4469086021505377 0.6297883064516129 0.4459005376344087 0.6297883064516129 0.43145161290322587 0.6262600806451614 0.42943548387096775 0.6237399193548386 0.4321236559139785 0.6234879032258065 0.4361559139784947 0.625 0.4455645161290323
3 0.7069052419354839 0.4287634408602151 0.709929435483871 0.4297715053763441 0.7134576612903225 0.42842741935483875 0.7142137096774194 0.4203629032258065 0.7129536290322581 0.41633064516129037 0.709929435483871 0.41498655913978494 0.7061491935483871 0.4203629032258065 0.7058971774193549 0.42607526881720437 0.7069052419354839 0.4287634408602151