8 0.5227864583333334 0.4826388888888889 0.525390625 0.4878472222222222 0.5262586805555556 0.48813657407407407 0.5297309027777778 0.48466435185185186 0.5310329861111112 0.47974537037037035 0.5329861111111112 0.47685185185185186 0.5364583333333334 0.4756944444444444 0.5401475694444444 0.4756944444444444 0.5416666666666666 0.47453703703703703 0.5414496527777778 0.47019675925925924 0.5399305555555556 0.4635416666666667 0.5375434027777778 0.4603587962962963 0.5288628472222222 0.45891203703703703 0.5251736111111112 0.4600694444444444 0.5234375 0.4632523148148148 0.521484375 0.4710648148148148 0.5227864583333334 0.4826388888888889
8 0.513671875 0.5147569444444444 0.5132378472222222 0.5263310185185185 0.515625 0.5436921296296297 0.5169270833333334 0.5474537037037037 0.5190972222222222 0.5506365740740741 0.5240885416666666 0.5434027777777778 0.5249565972222222 0.5376157407407407 0.5279947916666666 0.5335648148148148 0.5299479166666666 0.5329861111111112 0.5323350694444444 0.5306712962962963 0.5412326388888888 0.5315393518518519 0.5436197916666666 0.5303819444444444 0.5431857638888888 0.5127314814814815 0.5412326388888888 0.5052083333333334 0.5394965277777778 0.5026041666666666 0.5358072916666666 0.5 0.5225694444444444 0.4973958333333333 0.5147569444444444 0.5008680555555556 0.513671875 0.5023148148148148 0.5134548611111112 0.5049189814814815 0.5143229166666666 0.5124421296296297 0.513671875 0.5147569444444444
8 0.001736111111111111 0.7853009259259259 0 0.7853009259259259 0 0.7876157407407407 0.0015190972222222222 0.7876157407407407 0.002387152777777778 0.7899305555555556 0.001736111111111111 0.7934027777777778 0.0028211805555555555 0.8000578703703703 0.002387152777777778 0.8116319444444444 0.0015190972222222222 0.8142361111111112 0 0.8142361111111112 0 0.9997106481481481 0.013020833333333334 0.9997106481481481 0.013454861111111112 0.9979745370370371 0.015407986111111112 0.9971064814814815 0.026258680555555556 0.9962384259259259 0.04014756944444445 0.9965277777777778 0.04210069444444445 0.9950810185185185 0.042534722222222224 0.9907407407407407 0.044487847222222224 0.9852430555555556 0.051215277777777776 0.9768518518518519 0.05251736111111111 0.9739583333333334 0.05490451388888889 0.9716435185185185 0.060546875 0.9632523148148148 0.0646701388888889 0.9592013888888888 0.09765625 0.9160879629629629 0.10264756944444445 0.9111689814814815 0.10590277777777778 0.9091435185185185 0.10894097222222222 0.9094328703703703 0.11588541666666667 0.9129050925925926 0.11979166666666667 0.9126157407407407 0.12348090277777778 0.9103009259259259 0.1271701388888889 0.9048032407407407 0.12999131944444445 0.8943865740740741 0.13020833333333334 0.8891782407407407 0.1312934027777778 0.8842592592592593 0.13172743055555555 0.8729745370370371 0.1408420138888889 0.8564814814814815 0.1427951388888889 0.8443287037037037 0.1427951388888889 0.8252314814814815 0.13975694444444445 0.8156828703703703 0.1391059027777778 0.8110532407407407 0.1371527777777778 0.8070023148148148 0.1369357638888889 0.8038194444444444 0.1391059027777778 0.7974537037037037 0.1388888888888889 0.7939814814814815 0.1371527777777778 0.7910879629629629 0.13368055555555555 0.7922453703703703 0.13020833333333334 0.7913773148148148 0.11783854166666667 0.7757523148148148 0.10785590277777778 0.7682291666666666 0.09830729166666667 0.7647569444444444 0.07552083333333333 0.7604166666666666 0.05837673611111111 0.7589699074074074 0.029730902777777776 0.7604166666666666 0.0234375 0.7630208333333334 0.014322916666666666 0.7708333333333334 0.008680555555555556 0.7769097222222222 0.004557291666666667 0.7786458333333334 0.002387152777777778 0.7844328703703703 0.001736111111111111 0.7853009259259259
8 0.5707465277777778 0.5014467592592593 0.5733506944444444 0.5057870370370371 0.5779079861111112 0.5089699074074074 0.5787760416666666 0.5083912037037037 0.5794270833333334 0.5057870370370371 0.5798611111111112 0.4973958333333333 0.5813802083333334 0.4956597222222222 0.5954861111111112 0.4956597222222222 0.5970052083333334 0.4930555555555556 0.5967881944444444 0.4878472222222222 0.5948350694444444 0.4809027777777778 0.5926649305555556 0.4777199074074074 0.5887586805555556 0.47511574074074076 0.5824652777777778 0.47337962962962965 0.5759548611111112 0.47366898148148145 0.5720486111111112 0.4774305555555556 0.5703125 0.48292824074074076 0.5700954861111112 0.49537037037037035 0.5707465277777778 0.5014467592592593
8 0.5013020833333334 0.4826388888888889 0.5086805555555556 0.4837962962962963 0.5108506944444444 0.48813657407407407 0.5110677083333334 0.4982638888888889 0.5141059027777778 0.4991319444444444 0.5190972222222222 0.49855324074074076 0.5227864583333334 0.49508101851851855 0.5236545138888888 0.4910300925925926 0.5223524305555556 0.48726851851851855 0.5219184027777778 0.48119212962962965 0.5197482638888888 0.47366898148148145 0.5180121527777778 0.4713541666666667 0.5138888888888888 0.46875 0.5084635416666666 0.4675925925925926 0.5036892361111112 0.46875 0.5015190972222222 0.47077546296296297 0.4986979166666667 0.4713541666666667 0.4978298611111111 0.47280092592592593 0.498046875 0.48755787037037035 0.5013020833333334 0.4826388888888889
1 0.4685329861111111 0.5295138888888888 0.4694010416666667 0.5332754629629629 0.46875 0.5509259259259259 0.4702690972222222 0.5541087962962963 0.4772135416666667 0.5517939814814815 0.4913194444444444 0.5523726851851852 0.4950086805555556 0.5543981481481481 0.4982638888888889 0.5538194444444444 0.4991319444444444 0.5396412037037037 0.4989149305555556 0.5298032407407407 0.4950086805555556 0.5225694444444444 0.4915364583333333 0.5179398148148148 0.4782986111111111 0.5167824074074074 0.4741753472222222 0.5176504629629629 0.47265625 0.5199652777777778 0.4711371527777778 0.5254629629629629 0.4685329861111111 0.5295138888888888
1 0.5399305555555556 0.4982638888888889 0.5394965277777778 0.49797453703703703 0.5386284722222222 0.4982638888888889 0.5399305555555556 0.4982638888888889
1 0.5434027777777778 0.48582175925925924 0.5434027777777778 0.48292824074074076 0.5427517361111112 0.4837962962962963 0.5434027777777778 0.48582175925925924
1 0.5342881944444444 0.6018518518518519 0.5360243055555556 0.6053240740740741 0.5379774305555556 0.6064814814814815 0.5416666666666666 0.6116898148148148 0.5436197916666666 0.6192129629629629 0.5466579861111112 0.6203703703703703 0.5494791666666666 0.6157407407407407 0.5572916666666666 0.6114004629629629 0.5850694444444444 0.6114004629629629 0.5874565972222222 0.6096643518518519 0.5883246527777778 0.6032986111111112 0.5881076388888888 0.5975115740740741 0.5863715277777778 0.5859375 0.5850694444444444 0.5821759259259259 0.5770399305555556 0.5642361111111112 0.5711805555555556 0.5561342592592593 0.5642361111111112 0.5506365740740741 0.5614149305555556 0.5494791666666666 0.5533854166666666 0.5494791666666666 0.54296875 0.5532407407407407 0.5390625 0.5598958333333334 0.5377604166666666 0.5682870370370371 0.5364583333333334 0.5700231481481481 0.5342881944444444 0.5778356481481481 0.533203125 0.5870949074074074 0.5342881944444444 0.6018518518518519
1 0.4639756944444444 0.5118634259259259 0.478515625 0.5133101851851852 0.4822048611111111 0.5133101851851852 0.4848090277777778 0.5121527777777778 0.4850260416666667 0.4973958333333333 0.4830729166666667 0.4913194444444444 0.4809027777777778 0.4878472222222222 0.4774305555555556 0.4855324074074074 0.4698350694444444 0.48582175925925924 0.466796875 0.4887152777777778 0.46484375 0.49189814814814814 0.4635416666666667 0.49710648148148145 0.4633246527777778 0.5086805555555556 0.4639756944444444 0.5118634259259259
1 0.529296875 0.4965277777777778 0.5325520833333334 0.4982638888888889 0.5401475694444444 0.4991319444444444 0.5434027777777778 0.4945023148148148 0.5447048611111112 0.484375 0.5436197916666666 0.4791666666666667 0.5412326388888888 0.4756944444444444 0.5390625 0.4748263888888889 0.5321180555555556 0.47627314814814814 0.5284288194444444 0.4861111111111111 0.5282118055555556 0.4927662037037037 0.529296875 0.4965277777777778
1 0.3452690972222222 0.5543981481481481 0.3474392361111111 0.5639467592592593 0.3489583333333333 0.5656828703703703 0.3524305555555556 0.5656828703703703 0.3572048611111111 0.5584490740740741 0.3600260416666667 0.5567129629629629 0.3615451388888889 0.5538194444444444 0.3637152777777778 0.5326967592592593 0.3587239583333333 0.5260416666666666 0.3552517361111111 0.5243055555555556 0.3539496527777778 0.5225694444444444 0.3483072916666667 0.5219907407407407 0.3470052083333333 0.5225694444444444 0.345703125 0.5254629629629629 0.3446180555555556 0.5370370370370371 0.3444010416666667 0.5434027777777778 0.3452690972222222 0.5543981481481481
6 0.4134114583333333 0.5295138888888888 0.4149305555555556 0.5384837962962963 0.4188368055555556 0.5384837962962963 0.4242621527777778 0.5405092592592593 0.4357638888888889 0.5410879629629629 0.4372829861111111 0.5451388888888888 0.4390190972222222 0.5474537037037037 0.4409722222222222 0.5471643518518519 0.4424913194444444 0.5454282407407407 0.4429253472222222 0.5306712962962963 0.4437934027777778 0.5257523148148148 0.4435763888888889 0.5205439814814815 0.4422743055555556 0.5153356481481481 0.4398871527777778 0.5104166666666666 0.4357638888888889 0.5063657407407407 0.4322916666666667 0.5049189814814815 0.4246961805555556 0.5049189814814815 0.41796875 0.5098379629629629 0.416015625 0.5130208333333334 0.4149305555555556 0.5176504629629629 0.4144965277777778 0.5245949074074074 0.4134114583333333 0.5295138888888888
1 0.3674045138888889 0.5098379629629629 0.3708767361111111 0.515625 0.3717447916666667 0.5188078703703703 0.3717447916666667 0.5263310185185185 0.373046875 0.5289351851851852 0.3756510416666667 0.5280671296296297 0.3802083333333333 0.5283564814814815 0.3836805555555556 0.5251736111111112 0.3869357638888889 0.5248842592592593 0.3891059027777778 0.5225694444444444 0.3882378472222222 0.5193865740740741 0.3888888888888889 0.5144675925925926 0.3856336805555556 0.5089699074074074 0.3851996527777778 0.5043402777777778 0.3819444444444444 0.5 0.3771701388888889 0.49710648148148145 0.373046875 0.4965277777777778 0.3663194444444444 0.4982638888888889 0.36328125 0.5017361111111112 0.36328125 0.5054976851851852 0.3674045138888889 0.5098379629629629
1 0.4038628472222222 0.5028935185185185 0.4116753472222222 0.5023148148148148 0.4184027777777778 0.5060763888888888 0.4266493055555556 0.5014467592592593 0.4246961805555556 0.4945023148148148 0.4184027777777778 0.4927662037037037 0.4149305555555556 0.4904513888888889 0.4077690972222222 0.4939236111111111 0.4040798611111111 0.4982638888888889 0.40234375 0.5017361111111112 0.4038628472222222 0.5028935185185185
1 0.345703125 0.5214120370370371 0.3539496527777778 0.5243055555555556 0.3587239583333333 0.5280671296296297 0.3626302083333333 0.5326967592592593 0.3650173611111111 0.5300925925925926 0.3697916666666667 0.5298032407407407 0.3713107638888889 0.5280671296296297 0.3721788194444444 0.5214120370370371 0.3713107638888889 0.5144675925925926 0.3704427083333333 0.5118634259259259 0.3665364583333333 0.5078125 0.3600260416666667 0.5040509259259259 0.3522135416666667 0.5031828703703703 0.3463541666666667 0.5052083333333334 0.3448350694444444 0.5086805555555556 0.3444010416666667 0.5170717592592593 0.345703125 0.5214120370370371
1 0.7925347222222222 0.8318865740740741 0.7953559027777778 0.8385416666666666 0.8001302083333334 0.8634259259259259 0.8038194444444444 0.8680555555555556 0.8109809027777778 0.8680555555555556 0.8155381944444444 0.8709490740740741 0.8240017361111112 0.8810763888888888 0.8255208333333334 0.8819444444444444 0.833984375 0.8938078703703703 0.8381076388888888 0.8978587962962963 0.83984375 0.9013310185185185 0.8552517361111112 0.9224537037037037 0.8595920138888888 0.9259259259259259 0.8617621527777778 0.9293981481481481 0.8626302083333334 0.9354745370370371 0.8656684027777778 0.9418402777777778 0.869140625 0.9563078703703703 0.8763020833333334 0.9649884259259259 0.8810763888888888 0.9658564814814815 0.8836805555555556 0.9646990740740741 0.8871527777777778 0.9664351851851852 0.8960503472222222 0.9742476851851852 0.9010416666666666 0.9768518518518519 0.9322916666666666 0.9852430555555556 0.9774305555555556 0.9852430555555556 0.9856770833333334 0.9820601851851852 0.9889322916666666 0.9794560185185185 0.9917534722222222 0.9751157407407407 0.9943576388888888 0.9652777777777778 0.9950086805555556 0.9496527777777778 0.9893663194444444 0.9328703703703703 0.9874131944444444 0.921875 0.9830729166666666 0.9140625 0.9685329861111112 0.8961226851851852 0.9613715277777778 0.8816550925925926 0.9583333333333334 0.8778935185185185 0.9565972222222222 0.8732638888888888 0.9568142361111112 0.8697916666666666 0.9583333333333334 0.8663194444444444 0.9572482638888888 0.8619791666666666 0.9498697916666666 0.8602430555555556 0.9463975694444444 0.8541666666666666 0.9409722222222222 0.8469328703703703 0.9396701388888888 0.84375 0.9259982638888888 0.8249421296296297 0.9149305555555556 0.8116319444444444 0.8973524305555556 0.7962962962962963 0.8893229166666666 0.7913773148148148 0.8721788194444444 0.7864583333333334 0.8561197916666666 0.7850115740740741 0.8470052083333334 0.7826967592592593 0.8350694444444444 0.78125 0.8120659722222222 0.78125 0.802734375 0.7838541666666666 0.8003472222222222 0.7855902777777778 0.7983940972222222 0.7884837962962963 0.796875 0.7916666666666666 0.7934027777777778 0.8038194444444444 0.7921006944444444 0.8142361111111112 0.7918836805555556 0.8246527777777778 0.7925347222222222 0.8318865740740741
1 0.3621961805555556 0.5801504629629629 0.3702256944444444 0.5787037037037037 0.3782552083333333 0.5787037037037037 0.3830295138888889 0.5804398148148148 0.3888888888888889 0.5862268518518519 0.3975694444444444 0.5992476851851852 0.3997395833333333 0.59375 0.4027777777777778 0.5888310185185185 0.4045138888888889 0.5830439814814815 0.4049479166666667 0.5677083333333334 0.4038628472222222 0.5645254629629629 0.4034288194444444 0.5590277777777778 0.4006076388888889 0.5546875 0.3953993055555556 0.5520833333333334 0.3875868055555556 0.5517939814814815 0.3836805555555556 0.5532407407407407 0.3734809027777778 0.5541087962962963 0.3687065972222222 0.5564236111111112 0.3650173611111111 0.5610532407407407 0.3608940972222222 0.5740740740740741 0.3608940972222222 0.5789930555555556 0.3621961805555556 0.5801504629629629
5 0.4424913194444444 0.7876157407407407 0.4481336805555556 0.7910879629629629 0.44921875 0.7931134259259259 0.4487847222222222 0.8023726851851852 0.4470486111111111 0.8110532407407407 0.4461805555555556 0.8200231481481481 0.4457465277777778 0.8501157407407407 0.4446614583333333 0.8602430555555556 0.4453125 0.8721064814814815 0.4463975694444444 0.8752893518518519 0.4487847222222222 0.8784722222222222 0.4544270833333333 0.8807870370370371 0.4641927083333333 0.8825231481481481 0.4672309027777778 0.8839699074074074 0.4817708333333333 0.8848379629629629 0.4841579861111111 0.8839699074074074 0.4884982638888889 0.8845486111111112 0.4911024305555556 0.8831018518518519 0.4950086805555556 0.8831018518518519 0.498046875 0.8845486111111112 0.5062934027777778 0.8851273148148148 0.5230034722222222 0.8839699074074074 0.5258246527777778 0.8825231481481481 0.5353732638888888 0.8810763888888888 0.5373263888888888 0.8790509259259259 0.5386284722222222 0.8741319444444444 0.5399305555555556 0.8634259259259259 0.5399305555555556 0.8295717592592593 0.5386284722222222 0.8246527777777778 0.5375434027777778 0.8125 0.5349392361111112 0.8006365740740741 0.5349392361111112 0.7965856481481481 0.5366753472222222 0.7936921296296297 0.5427517361111112 0.7899305555555556 0.5434027777777778 0.7861689814814815 0.5418836805555556 0.7829861111111112 0.5364583333333334 0.7818287037037037 0.5342881944444444 0.7795138888888888 0.5295138888888888 0.7523148148148148 0.5256076388888888 0.7421875 0.5212673611111112 0.7340856481481481 0.5186631944444444 0.7309027777777778 0.5158420138888888 0.7291666666666666 0.5002170138888888 0.7271412037037037 0.4763454861111111 0.7280092592592593 0.4672309027777778 0.7288773148148148 0.4639756944444444 0.7303240740740741 0.4587673611111111 0.7369791666666666 0.453125 0.7505787037037037 0.4483506944444444 0.7771990740740741 0.4459635416666667 0.7798032407407407 0.4422743055555556 0.7803819444444444 0.4403211805555556 0.7824074074074074 0.4411892361111111 0.7858796296296297 0.4424913194444444 0.7876157407407407
1 0.5234375 0.5674189814814815 0.525390625 0.5714699074074074 0.5290798611111112 0.5758101851851852 0.5329861111111112 0.5760995370370371 0.5362413194444444 0.5706018518518519 0.5388454861111112 0.5596064814814815 0.5403645833333334 0.5578703703703703 0.5425347222222222 0.5520833333333334 0.5444878472222222 0.5509259259259259 0.5505642361111112 0.5497685185185185 0.5536024305555556 0.5483217592592593 0.5549045138888888 0.5462962962962963 0.5529513888888888 0.5407986111111112 0.5496961805555556 0.5361689814814815 0.5436197916666666 0.5318287037037037 0.5397135416666666 0.53125 0.5327690972222222 0.5326967592592593 0.5286458333333334 0.5355902777777778 0.5264756944444444 0.5390625 0.5258246527777778 0.5428240740740741 0.5230034722222222 0.5451388888888888 0.521484375 0.5486111111111112 0.5225694444444444 0.5645254629629629 0.5234375 0.5674189814814815
1 0.24522569444444445 0.7517361111111112 0.24609375 0.7609953703703703 0.248046875 0.7699652777777778 0.2506510416666667 0.7757523148148148 0.2513020833333333 0.7798032407407407 0.2552083333333333 0.7855902777777778 0.2651909722222222 0.7829861111111112 0.2664930555555556 0.7760416666666666 0.2690972222222222 0.7740162037037037 0.2749565972222222 0.7731481481481481 0.2864583333333333 0.7737268518518519 0.2916666666666667 0.7725694444444444 0.3138020833333333 0.7731481481481481 0.3170572916666667 0.7748842592592593 0.3203125 0.7795138888888888 0.32421875 0.7829861111111112 0.3313802083333333 0.7829861111111112 0.3331163194444444 0.7795138888888888 0.3337673611111111 0.7728587962962963 0.3350694444444444 0.7688078703703703 0.3357204861111111 0.7511574074074074 0.3368055555555556 0.7485532407407407 0.3400607638888889 0.7450810185185185 0.3426649305555556 0.7395833333333334 0.3452690972222222 0.7372685185185185 0.34765625 0.7335069444444444 0.3498263888888889 0.7320601851851852 0.3524305555555556 0.7245370370370371 0.3526475694444444 0.6987847222222222 0.3517795138888889 0.6886574074074074 0.3528645833333333 0.6828703703703703 0.3528645833333333 0.6785300925925926 0.3491753472222222 0.6704282407407407 0.3426649305555556 0.6640625 0.3350694444444444 0.6623263888888888 0.3315972222222222 0.6603009259259259 0.3042534722222222 0.6594328703703703 0.2827690972222222 0.6611689814814815 0.2790798611111111 0.6649305555555556 0.2777777777777778 0.6686921296296297 0.2747395833333333 0.671875 0.2721354166666667 0.6773726851851852 0.2690972222222222 0.6814236111111112 0.2684461805555556 0.6837384259259259 0.265625 0.6863425925925926 0.2599826388888889 0.6947337962962963 0.2578125 0.6964699074074074 0.2549913194444444 0.7028356481481481 0.2523871527777778 0.7132523148148148 0.24696180555555555 0.7233796296296297 0.24674479166666666 0.7427662037037037 0.24522569444444445 0.7517361111111112
1 0.3760850694444444 0.5538194444444444 0.3804253472222222 0.5535300925925926 0.3851996527777778 0.5515046296296297 0.3921440972222222 0.5517939814814815 0.3990885416666667 0.5543981481481481 0.404296875 0.5622106481481481 0.4077690972222222 0.5622106481481481 0.4090711805555556 0.5607638888888888 0.4114583333333333 0.5538194444444444 0.4123263888888889 0.5413773148148148 0.4114583333333333 0.5381944444444444 0.4084201388888889 0.5326967592592593 0.4047309027777778 0.5283564814814815 0.4012586805555556 0.5269097222222222 0.3930121527777778 0.5271990740740741 0.3838975694444444 0.5298032407407407 0.3765190972222222 0.5405092592592593 0.375 0.5454282407407407 0.3747829861111111 0.5517939814814815 0.3760850694444444 0.5538194444444444
1 0.541015625 0.49855324074074076 0.5434027777777778 0.5028935185185185 0.5466579861111112 0.5014467592592593 0.5514322916666666 0.5014467592592593 0.5572916666666666 0.5031828703703703 0.5616319444444444 0.5104166666666666 0.5642361111111112 0.5173611111111112 0.5666232638888888 0.5121527777777778 0.5666232638888888 0.5049189814814815 0.5642361111111112 0.49189814814814814 0.5607638888888888 0.4866898148148148 0.5505642361111112 0.4835069444444444 0.5462239583333334 0.48408564814814814 0.5444878472222222 0.49247685185185186 0.541015625 0.49855324074074076
1 0.3411458333333333 0.6090856481481481 0.3411458333333333 0.6128472222222222 0.341796875 0.6142939814814815 0.3452690972222222 0.6154513888888888 0.3491753472222222 0.6148726851851852 0.3589409722222222 0.6200810185185185 0.3637152777777778 0.6215277777777778 0.3667534722222222 0.6252893518518519 0.3715277777777778 0.6284722222222222 0.3760850694444444 0.6331018518518519 0.3804253472222222 0.6339699074074074 0.3838975694444444 0.6362847222222222 0.3869357638888889 0.6333912037037037 0.3895399305555556 0.6223958333333334 0.3938802083333333 0.6166087962962963 0.3953993055555556 0.5978009259259259 0.3949652777777778 0.5951967592592593 0.3927951388888889 0.5911458333333334 0.3849826388888889 0.5824652777777778 0.3804253472222222 0.5795717592592593 0.373046875 0.5789930555555556 0.3600260416666667 0.5807291666666666 0.3500434027777778 0.5859375 0.3474392361111111 0.5885416666666666 0.3461371527777778 0.5943287037037037 0.3433159722222222 0.6012731481481481 0.3426649305555556 0.6056134259259259 0.3411458333333333 0.6090856481481481
1 0.6319444444444444 0.796875 0.6315104166666666 0.8093171296296297 0.6328125 0.8278356481481481 0.6365017361111112 0.8356481481481481 0.6430121527777778 0.8402777777777778 0.6456163194444444 0.84375 0.6501736111111112 0.8550347222222222 0.6529947916666666 0.8590856481481481 0.654296875 0.8642939814814815 0.6588541666666666 0.8709490740740741 0.6608072916666666 0.8764467592592593 0.6634114583333334 0.8796296296296297 0.6655815972222222 0.8839699074074074 0.6668836805555556 0.8900462962962963 0.6686197916666666 0.9117476851851852 0.6716579861111112 0.9204282407407407 0.6753472222222222 0.9247685185185185 0.6885850694444444 0.9267939814814815 0.6931423611111112 0.9299768518518519 0.7065972222222222 0.9360532407407407 0.7217881944444444 0.9383680555555556 0.7387152777777778 0.9380787037037037 0.740234375 0.9372106481481481 0.748046875 0.9383680555555556 0.7667100694444444 0.9380787037037037 0.7756076388888888 0.9360532407407407 0.7797309027777778 0.9325810185185185 0.7825520833333334 0.9253472222222222 0.7842881944444444 0.9143518518518519 0.7847222222222222 0.9033564814814815 0.7836371527777778 0.8975694444444444 0.7834201388888888 0.8903356481481481 0.7762586805555556 0.8660300925925926 0.7725694444444444 0.8590856481481481 0.7710503472222222 0.8576388888888888 0.7697482638888888 0.8541666666666666 0.7612847222222222 0.8414351851851852 0.7595486111111112 0.8365162037037037 0.7571614583333334 0.8246527777777778 0.7586805555555556 0.8217592592592593 0.7621527777777778 0.8214699074074074 0.7625868055555556 0.8177083333333334 0.759765625 0.8174189814814815 0.7584635416666666 0.8188657407407407 0.7569444444444444 0.8174189814814815 0.7517361111111112 0.8156828703703703 0.7489149305555556 0.8107638888888888 0.7484809027777778 0.8070023148148148 0.7454427083333334 0.8029513888888888 0.7424045138888888 0.7960069444444444 0.7387152777777778 0.7899305555555556 0.7358940972222222 0.7870370370370371 0.7287326388888888 0.7751736111111112 0.7170138888888888 0.7615740740740741 0.7113715277777778 0.7575231481481481 0.7092013888888888 0.7569444444444444 0.6961805555555556 0.7549189814814815 0.6846788194444444 0.7546296296296297 0.6762152777777778 0.7523148148148148 0.658203125 0.7517361111111112 0.646484375 0.7526041666666666 0.638671875 0.7569444444444444 0.6362847222222222 0.7601273148148148 0.6343315972222222 0.7653356481481481 0.6323784722222222 0.7824074074074074 0.6325954861111112 0.7948495370370371 0.6319444444444444 0.796875
1 0.4626736111111111 0.48582175925925924 0.4644097222222222 0.48640046296296297 0.4778645833333333 0.4852430555555556 0.4787326388888889 0.4765625 0.4778645833333333 0.4730902777777778 0.4739583333333333 0.4675925925925926 0.4635416666666667 0.4681712962962963 0.4620225694444444 0.47077546296296297 0.4618055555555556 0.48408564814814814 0.4626736111111111 0.48582175925925924
5 0.544921875 0.5283564814814815 0.5464409722222222 0.5315393518518519 0.5618489583333334 0.5315393518518519 0.5633680555555556 0.5292245370370371 0.5646701388888888 0.5205439814814815 0.5640190972222222 0.5118634259259259 0.560546875 0.5083912037037037 0.5588107638888888 0.5049189814814815 0.5549045138888888 0.5020254629629629 0.5436197916666666 0.5008680555555556 0.5423177083333334 0.5026041666666666 0.54296875 0.5170717592592593 0.544921875 0.5283564814814815
1 0.3951822916666667 0.5263310185185185 0.4027777777777778 0.5277777777777778 0.4073350694444444 0.5300925925925926 0.4114583333333333 0.5303819444444444 0.4125434027777778 0.5283564814814815 0.4147135416666667 0.5121527777777778 0.4188368055555556 0.5060763888888888 0.4216579861111111 0.5054976851851852 0.4220920138888889 0.5037615740740741 0.4214409722222222 0.5031828703703703 0.4216579861111111 0.5023148148148148 0.4207899305555556 0.5037615740740741 0.4184027777777778 0.5040509259259259 0.4162326388888889 0.5023148148148148 0.41015625 0.5011574074074074 0.4086371527777778 0.5 0.404296875 0.5008680555555556 0.3982204861111111 0.5052083333333334 0.396484375 0.5078125 0.39453125 0.5144675925925926 0.39453125 0.5251736111111112 0.3951822916666667 0.5263310185185185
5 0.4214409722222222 0.4945023148148148 0.4233940972222222 0.4973958333333333 0.4231770833333333 0.5017361111111112 0.423828125 0.5031828703703703 0.4264322916666667 0.5040509259259259 0.4322916666666667 0.5037615740740741 0.4338107638888889 0.5011574074074074 0.4340277777777778 0.4913194444444444 0.4320746527777778 0.4869791666666667 0.4292534722222222 0.4855324074074074 0.4216579861111111 0.4855324074074074 0.41796875 0.4866898148148148 0.4171006944444444 0.4878472222222222 0.4168836805555556 0.4913194444444444 0.4214409722222222 0.4945023148148148
5 0.19661458333333334 0.6958912037037037 0.2319878472222222 0.6964699074074074 0.2458767361111111 0.6956018518518519 0.2508680555555556 0.6944444444444444 0.2552083333333333 0.6947337962962963 0.2584635416666667 0.6932870370370371 0.2643229166666667 0.6857638888888888 0.2680121527777778 0.6785300925925926 0.2775607638888889 0.6643518518518519 0.2803819444444444 0.6565393518518519 0.2814670138888889 0.6475694444444444 0.2814670138888889 0.6403356481481481 0.2795138888888889 0.6342592592592593 0.2760416666666667 0.6299189814814815 0.2693142361111111 0.6284722222222222 0.2658420138888889 0.6261574074074074 0.25390625 0.6218171296296297 0.2513020833333333 0.6197916666666666 0.2367621527777778 0.6189236111111112 0.22743055555555555 0.6195023148148148 0.224609375 0.6221064814814815 0.22157118055555555 0.6267361111111112 0.2165798611111111 0.6299189814814815 0.2126736111111111 0.6354166666666666 0.20594618055555555 0.6475694444444444 0.2046440972222222 0.6516203703703703 0.19986979166666666 0.6582754629629629 0.19791666666666666 0.6631944444444444 0.19466145833333334 0.6678240740740741 0.19422743055555555 0.6724537037037037 0.19422743055555555 0.6924189814814815 0.19661458333333334 0.6958912037037037
1 0.13411458333333334 0.9519675925925926 0.1362847222222222 0.9632523148148148 0.13671875 0.9710648148148148 0.13997395833333334 0.9794560185185185 0.1440972222222222 0.9840856481481481 0.15147569444444445 0.9837962962962963 0.1538628472222222 0.9826388888888888 0.1636284722222222 0.9826388888888888 0.18250868055555555 0.9840856481481481 0.18489583333333334 0.9861111111111112 0.19010416666666666 0.9864004629629629 0.2163628472222222 0.9846643518518519 0.2300347222222222 0.9823495370370371 0.23697916666666666 0.9823495370370371 0.24500868055555555 0.9782986111111112 0.2578125 0.9658564814814815 0.2625868055555556 0.9652777777777778 0.2662760416666667 0.9612268518518519 0.2697482638888889 0.9516782407407407 0.2717013888888889 0.9409722222222222 0.2717013888888889 0.9357638888888888 0.2730034722222222 0.9267939814814815 0.2760416666666667 0.9221643518518519 0.2816840277777778 0.9079861111111112 0.2823350694444444 0.9045138888888888 0.2855902777777778 0.8990162037037037 0.2925347222222222 0.8776041666666666 0.2981770833333333 0.8671875 0.3040364583333333 0.8602430555555556 0.3051215277777778 0.8576388888888888 0.3068576388888889 0.8440393518518519 0.3077256944444444 0.8249421296296297 0.3072916666666667 0.8165509259259259 0.3059895833333333 0.8107638888888888 0.3055555555555556 0.8043981481481481 0.3031684027777778 0.7965856481481481 0.2999131944444444 0.7936921296296297 0.2938368055555556 0.7916666666666666 0.2779947916666667 0.7884837962962963 0.2682291666666667 0.7881944444444444 0.2612847222222222 0.7887731481481481 0.2588975694444444 0.7902199074074074 0.2465277777777778 0.7899305555555556 0.23763020833333334 0.7907986111111112 0.2263454861111111 0.7934027777777778 0.2224392361111111 0.7951388888888888 0.20638020833333334 0.7965856481481481 0.201171875 0.7991898148148148 0.1996527777777778 0.8017939814814815 0.19140625 0.8096064814814815 0.1853298611111111 0.8174189814814815 0.18033854166666666 0.8284143518518519 0.1781684027777778 0.8307291666666666 0.173828125 0.8385416666666666 0.17296006944444445 0.8420138888888888 0.17122395833333334 0.84375 0.16297743055555555 0.8634259259259259 0.15950520833333334 0.8692129629629629 0.15494791666666666 0.8813657407407407 0.15364583333333334 0.8839699074074074 0.1501736111111111 0.8877314814814815 0.14366319444444445 0.9001736111111112 0.1384548611111111 0.9140625 0.13802083333333334 0.9184027777777778 0.13563368055555555 0.921875 0.1343315972222222 0.9262152777777778 0.134765625 0.9357638888888888 0.13411458333333334 0.9519675925925926
1 0.5457899305555556 0.6597222222222222 0.5464409722222222 0.6629050925925926 0.5499131944444444 0.6666666666666666 0.5514322916666666 0.6704282407407407 0.5518663194444444 0.6825810185185185 0.5525173611111112 0.6860532407407407 0.5538194444444444 0.6877893518518519 0.5575086805555556 0.6877893518518519 0.5618489583333334 0.6846064814814815 0.5642361111111112 0.6840277777777778 0.5748697916666666 0.6843171296296297 0.5787760416666666 0.6857638888888888 0.5924479166666666 0.6860532407407407 0.5974392361111112 0.6872106481481481 0.6048177083333334 0.6906828703703703 0.6067708333333334 0.6898148148148148 0.6087239583333334 0.6825810185185185 0.6087239583333334 0.6640625 0.6076388888888888 0.6579861111111112 0.6039496527777778 0.6481481481481481 0.6041666666666666 0.6449652777777778 0.6059027777777778 0.6426504629629629 0.6063368055555556 0.6403356481481481 0.6015625 0.6391782407407407 0.5993923611111112 0.6365740740740741 0.5926649305555556 0.6192129629629629 0.5885416666666666 0.6145833333333334 0.5776909722222222 0.6125578703703703 0.55859375 0.6119791666666666 0.5505642361111112 0.6171875 0.5486111111111112 0.6212384259259259 0.5464409722222222 0.6299189814814815 0.544921875 0.6377314814814815 0.5457899305555556 0.6597222222222222
5 0.3064236111111111 0.6582754629629629 0.3098958333333333 0.6591435185185185 0.3200954861111111 0.6585648148148148 0.3342013888888889 0.6603009259259259 0.3400607638888889 0.6629050925925926 0.3415798611111111 0.6652199074074074 0.3480902777777778 0.6686921296296297 0.3502604166666667 0.6712962962962963 0.3519965277777778 0.6762152777777778 0.3530815972222222 0.6883680555555556 0.3561197916666667 0.6903935185185185 0.3600260416666667 0.6895254629629629 0.3628472222222222 0.6860532407407407 0.3648003472222222 0.6759259259259259 0.3700086805555556 0.6695601851851852 0.3721788194444444 0.6643518518518519 0.3732638888888889 0.6611689814814815 0.3734809027777778 0.6423611111111112 0.3706597222222222 0.6299189814814815 0.3634982638888889 0.6223958333333334 0.3587239583333333 0.6212384259259259 0.3491753472222222 0.6154513888888888 0.326171875 0.6166087962962963 0.3240017361111111 0.6171875 0.322265625 0.6189236111111112 0.3203125 0.6215277777777778 0.3190104166666667 0.6252893518518519 0.3142361111111111 0.6310763888888888 0.310546875 0.6403356481481481 0.3081597222222222 0.6495949074074074 0.3059895833333333 0.6536458333333334 0.3057725694444444 0.6571180555555556 0.3064236111111111 0.6582754629629629
1 0.513671875 0.5269097222222222 0.5143229166666666 0.5286458333333334 0.5145399305555556 0.5381944444444444 0.515625 0.5454282407407407 0.517578125 0.5497685185185185 0.5188802083333334 0.5509259259259259 0.5199652777777778 0.5506365740740741 0.5225694444444444 0.5474537037037037 0.5271267361111112 0.5364583333333334 0.5303819444444444 0.5335648148148148 0.5362413194444444 0.5318287037037037 0.5427517361111112 0.5315393518518519 0.5438368055555556 0.5303819444444444 0.5442708333333334 0.5257523148148148 0.5425347222222222 0.5118634259259259 0.5401475694444444 0.5049189814814815 0.5366753472222222 0.5017361111111112 0.5323350694444444 0.5011574074074074 0.5297309027777778 0.4994212962962963 0.5223524305555556 0.4982638888888889 0.5171440972222222 0.5008680555555556 0.5141059027777778 0.5052083333333334 0.5143229166666666 0.5237268518518519 0.513671875 0.5269097222222222
5 0.6404079861111112 0.6507523148148148 0.6404079861111112 0.6548032407407407 0.6414930555555556 0.6620370370370371 0.642578125 0.6649305555555556 0.6493055555555556 0.6701388888888888 0.6527777777777778 0.6744791666666666 0.6560329861111112 0.6814236111111112 0.6569010416666666 0.6892361111111112 0.6579861111111112 0.6915509259259259 0.6616753472222222 0.6924189814814815 0.6657986111111112 0.6906828703703703 0.6753472222222222 0.6929976851851852 0.6788194444444444 0.6929976851851852 0.6803385416666666 0.6921296296296297 0.6822916666666666 0.6906828703703703 0.6831597222222222 0.6877893518518519 0.6829427083333334 0.6753472222222222 0.6842447916666666 0.6689814814814815 0.6853298611111112 0.6669560185185185 0.6903211805555556 0.6634837962962963 0.7074652777777778 0.6629050925925926 0.7100694444444444 0.6611689814814815 0.7096354166666666 0.6579861111111112 0.7081163194444444 0.6545138888888888 0.7100694444444444 0.6472800925925926 0.7061631944444444 0.6449652777777778 0.7029079861111112 0.6409143518518519 0.6961805555555556 0.6276041666666666 0.6909722222222222 0.6209490740740741 0.6898871527777778 0.6180555555555556 0.6877170138888888 0.6163194444444444 0.6640625 0.6145833333333334 0.6512586805555556 0.6192129629629629 0.6458333333333334 0.6223958333333334 0.642578125 0.6267361111111112 0.6410590277777778 0.6388888888888888 0.6412760416666666 0.6469907407407407 0.6404079861111112 0.6507523148148148
2 0.8415798611111112 0.6212384259259259 0.84375 0.6235532407407407 0.8489583333333334 0.6267361111111112 0.8526475694444444 0.6273148148148148 0.8556857638888888 0.6252893518518519 0.8576388888888888 0.6203703703703703 0.8578559027777778 0.6154513888888888 0.8578559027777778 0.609375 0.8567708333333334 0.6047453703703703 0.8561197916666666 0.5949074074074074 0.8526475694444444 0.5923032407407407 0.8454861111111112 0.5925925925925926 0.841796875 0.5998263888888888 0.8411458333333334 0.6038773148148148 0.8409288194444444 0.6200810185185185 0.8415798611111112 0.6212384259259259
2 0.032769097222222224 0.6258680555555556 0.03233506944444445 0.6412037037037037 0.03428819444444445 0.6435185185185185 0.039496527777777776 0.6449652777777778 0.041449652777777776 0.6446759259259259 0.042317708333333336 0.6440972222222222 0.043619791666666664 0.6383101851851852 0.044487847222222224 0.6244212962962963 0.045572916666666664 0.6200810185185185 0.045355902777777776 0.5980902777777778 0.046223958333333336 0.5951967592592593 0.04383680555555555 0.5917245370370371 0.035590277777777776 0.5920138888888888 0.03407118055555555 0.5954861111111112 0.036675347222222224 0.5983796296296297 0.036675347222222224 0.5992476851851852 0.03298611111111111 0.6006944444444444 0.03211805555555555 0.6035879629629629 0.031901041666666664 0.6140046296296297 0.032769097222222224 0.6258680555555556
2 0.8524305555555556 0.6906828703703703 0.8541666666666666 0.6927083333333334 0.8569878472222222 0.6993634259259259 0.857421875 0.7132523148148148 0.8591579861111112 0.7158564814814815 0.8628472222222222 0.7155671296296297 0.8641493055555556 0.7132523148148148 0.8656684027777778 0.7063078703703703 0.8648003472222222 0.6999421296296297 0.8626302083333334 0.6976273148148148 0.8626302083333334 0.6947337962962963 0.8697916666666666 0.6961805555555556 0.8684895833333334 0.6950231481481481 0.8667534722222222 0.6843171296296297 0.8667534722222222 0.6814236111111112 0.8682725694444444 0.6753472222222222 0.8680555555555556 0.6715856481481481 0.8654513888888888 0.6617476851851852 0.8654513888888888 0.6571180555555556 0.8628472222222222 0.6507523148148148 0.8598090277777778 0.6495949074074074 0.8585069444444444 0.6507523148148148 0.8578559027777778 0.6539351851851852 0.8552517361111112 0.6588541666666666 0.8539496527777778 0.6643518518518519 0.8522135416666666 0.6681134259259259 0.8511284722222222 0.6744791666666666 0.8511284722222222 0.6860532407407407 0.8524305555555556 0.6906828703703703
2 0.703125 0.6006944444444444 0.7063802083333334 0.5992476851851852 0.708984375 0.5960648148148148 0.7135416666666666 0.5943287037037037 0.7152777777777778 0.5752314814814815 0.7170138888888888 0.5674189814814815 0.7163628472222222 0.5622106481481481 0.7150607638888888 0.5598958333333334 0.712890625 0.5598958333333334 0.708984375 0.5668402777777778 0.7059461805555556 0.5853587962962963 0.7029079861111112 0.5902777777777778 0.7020399305555556 0.59375 0.7018229166666666 0.5992476851851852 0.703125 0.6006944444444444
2 0 0.7664930555555556 0.002170138888888889 0.7659143518518519 0.0032552083333333335 0.7604166666666666 0.006293402777777778 0.7581018518518519 0.008029513888888888 0.7549189814814815 0.008680555555555556 0.7413194444444444 0.012152777777777778 0.7268518518518519 0.012803819444444444 0.7045717592592593 0.015407986111111112 0.7019675925925926 0.017578125 0.7034143518518519 0.019748263888888888 0.7034143518518519 0.019097222222222224 0.6976273148148148 0.016276041666666668 0.6892361111111112 0.008897569444444444 0.6825810185185185 0.009548611111111112 0.6765046296296297 0.009114583333333334 0.6701388888888888 0.006727430555555556 0.6684027777777778 0.003472222222222222 0.6684027777777778 0 0.6692708333333334 0 0.7664930555555556
2 0.9069010416666666 0.6996527777777778 0.9066840277777778 0.7092013888888888 0.9060329861111112 0.7146990740740741 0.90234375 0.7207754629629629 0.9008246527777778 0.7277199074074074 0.904296875 0.7294560185185185 0.9086371527777778 0.7294560185185185 0.9105902777777778 0.7280092592592593 0.9125434027777778 0.7222222222222222 0.9127604166666666 0.7170138888888888 0.9136284722222222 0.7141203703703703 0.9134114583333334 0.7100694444444444 0.9164496527777778 0.7060185185185185 0.9175347222222222 0.7028356481481481 0.9177517361111112 0.6976273148148148 0.9216579861111112 0.6828703703703703 0.9205729166666666 0.6756365740740741 0.9153645833333334 0.6692708333333334 0.9110243055555556 0.671875 0.9075520833333334 0.6779513888888888 0.9047309027777778 0.6886574074074074 0.9047309027777778 0.6932870370370371 0.9069010416666666 0.6996527777777778
2 0.13671875 0.6012731481481481 0.13671875 0.6114004629629629 0.13802083333333334 0.6209490740740741 0.1384548611111111 0.6226851851851852 0.13953993055555555 0.6235532407407407 0.1430121527777778 0.6232638888888888 0.1443142361111111 0.6142939814814815 0.14539930555555555 0.6128472222222222 0.14756944444444445 0.6038773148148148 0.14756944444444445 0.5920138888888888 0.14908854166666666 0.5830439814814815 0.1486545138888889 0.5778356481481481 0.1467013888888889 0.5720486111111112 0.1408420138888889 0.5619212962962963 0.1382378472222222 0.5642361111111112 0.13758680555555555 0.5679976851851852 0.13346354166666666 0.5740740740740741 0.1328125 0.5784143518518519 0.13671875 0.6012731481481481
2 0.5531684027777778 0.48061342592592593 0.5538194444444444 0.48148148148148145 0.5583767361111112 0.48061342592592593 0.5592447916666666 0.47858796296296297 0.5590277777777778 0.4678819444444444 0.5575086805555556 0.46064814814814814 0.5538194444444444 0.4626736111111111 0.552734375 0.47193287037037035 0.5525173611111112 0.4777199074074074 0.5531684027777778 0.48061342592592593
2 0.712890625 0.5815972222222222 0.7139756944444444 0.5844907407407407 0.7141927083333334 0.5879629629629629 0.7135416666666666 0.6009837962962963 0.7146267361111112 0.6038773148148148 0.7174479166666666 0.6056134259259259 0.7209201388888888 0.6044560185185185 0.7241753472222222 0.5995370370370371 0.7256944444444444 0.5862268518518519 0.7259114583333334 0.5737847222222222 0.7239583333333334 0.5648148148148148 0.7222222222222222 0.5625 0.7204861111111112 0.5613425925925926 0.71875 0.5616319444444444 0.716796875 0.5622106481481481 0.7159288194444444 0.5639467592592593 0.7161458333333334 0.5682870370370371 0.712890625 0.5815972222222222
2 0.1625434027777778 0.5766782407407407 0.16297743055555555 0.5923032407407407 0.16493055555555555 0.5946180555555556 0.1681857638888889 0.5920138888888888 0.1697048611111111 0.5778356481481481 0.17252604166666666 0.5737847222222222 0.17296006944444445 0.5720486111111112 0.1720920138888889 0.5581597222222222 0.1684027777777778 0.5454282407407407 0.16514756944444445 0.5425347222222222 0.1640625 0.5436921296296297 0.1625434027777778 0.5497685185185185 0.16015625 0.5555555555555556 0.1599392361111111 0.5679976851851852 0.1625434027777778 0.5766782407407407
2 0.046875 0.6478587962962963 0.050347222222222224 0.6472800925925926 0.053385416666666664 0.6461226851851852 0.055338541666666664 0.6440972222222222 0.056206597222222224 0.6412037037037037 0.057291666666666664 0.6189236111111112 0.05881076388888889 0.6128472222222222 0.05881076388888889 0.6004050925925926 0.05772569444444445 0.5960648148148148 0.05555555555555555 0.5920138888888888 0.055121527777777776 0.5879629629629629 0.054036458333333336 0.5856481481481481 0.051215277777777776 0.5827546296296297 0.050130208333333336 0.5824652777777778 0.046875 0.5842013888888888 0.045572916666666664 0.5876736111111112 0.04600694444444445 0.5954861111111112 0.045355902777777776 0.5983796296296297 0.045572916666666664 0.6053240740740741 0.044921875 0.6102430555555556 0.04470486111111111 0.6440972222222222 0.046875 0.6478587962962963
2 0.9852430555555556 0.7141203703703703 0.9841579861111112 0.7181712962962963 0.984375 0.7326388888888888 0.9878472222222222 0.7456597222222222 0.9913194444444444 0.7468171296296297 0.9924045138888888 0.7442129629629629 0.9939236111111112 0.7329282407407407 0.9978298611111112 0.7251157407407407 0.9997829861111112 0.7245370370370371 0.9997829861111112 0.6846064814814815 0.9978298611111112 0.6840277777777778 0.9965277777777778 0.6793981481481481 0.9952256944444444 0.6779513888888888 0.9932725694444444 0.6782407407407407 0.9913194444444444 0.6793981481481481 0.9874131944444444 0.6848958333333334 0.9854600694444444 0.6912615740740741 0.984375 0.6927083333333334 0.9861111111111112 0.7019675925925926 0.9852430555555556 0.7141203703703703
2 0.82421875 0.6461226851851852 0.8326822916666666 0.6504629629629629 0.8350694444444444 0.6553819444444444 0.8376736111111112 0.6571180555555556 0.8387586805555556 0.6574074074074074 0.8420138888888888 0.6542245370370371 0.8430989583333334 0.6464120370370371 0.8428819444444444 0.6368634259259259 0.8422309027777778 0.6328125 0.8389756944444444 0.6276041666666666 0.8350694444444444 0.6261574074074074 0.8311631944444444 0.6223958333333334 0.8270399305555556 0.625 0.8231336805555556 0.6302083333333334 0.8209635416666666 0.6354166666666666 0.8209635416666666 0.6409143518518519 0.82421875 0.6461226851851852
2 0.8051215277777778 0.6611689814814815 0.8046875 0.6649305555555556 0.8059895833333334 0.6681134259259259 0.8062065972222222 0.6791087962962963 0.8072916666666666 0.6846064814814815 0.8077256944444444 0.6961805555555556 0.8098958333333334 0.6996527777777778 0.8177083333333334 0.7013888888888888 0.8190104166666666 0.6996527777777778 0.8185763888888888 0.6918402777777778 0.8213975694444444 0.6779513888888888 0.8216145833333334 0.6605902777777778 0.8233506944444444 0.6475694444444444 0.8229166666666666 0.6455439814814815 0.8185763888888888 0.6377314814814815 0.8146701388888888 0.6322337962962963 0.8140190972222222 0.6322337962962963 0.810546875 0.6371527777777778 0.8098958333333334 0.6409143518518519 0.8062065972222222 0.6458333333333334 0.8046875 0.6510416666666666 0.8042534722222222 0.6585648148148148 0.8051215277777778 0.6611689814814815
2 0.5327690972222222 0.6426504629629629 0.5325520833333334 0.6432291666666666 0.5327690972222222 0.6545138888888888 0.5327690972222222 0.6426504629629629
2 0.5149739583333334 0.6342592592592593 0.5151909722222222 0.6412037037037037 0.513671875 0.6495949074074074 0.5134548611111112 0.6582754629629629 0.5145399305555556 0.6617476851851852 0.5158420138888888 0.6626157407407407 0.5167100694444444 0.6611689814814815 0.5171440972222222 0.6524884259259259 0.5193142361111112 0.6429398148148148 0.5203993055555556 0.6409143518518519 0.5193142361111112 0.6383101851851852 0.5188802083333334 0.6336805555555556 0.5219184027777778 0.6319444444444444 0.5275607638888888 0.6322337962962963 0.5329861111111112 0.6368634259259259 0.5358072916666666 0.6336805555555556 0.5362413194444444 0.6299189814814815 0.5308159722222222 0.6209490740740741 0.5288628472222222 0.6160300925925926 0.5286458333333334 0.609375 0.5260416666666666 0.6059027777777778 0.5225694444444444 0.6067708333333334 0.521484375 0.6090856481481481 0.5206163194444444 0.6157407407407407 0.515625 0.6212384259259259 0.513671875 0.6258680555555556 0.5134548611111112 0.6287615740740741 0.5149739583333334 0.6342592592592593
5 0.40234375 0.5017361111111112 0.4040798611111111 0.5028935185185185 0.4123263888888889 0.5028935185185185 0.4175347222222222 0.5054976851851852 0.4223090277777778 0.5040509259259259 0.4246961805555556 0.5017361111111112 0.4246961805555556 0.4982638888888889 0.4233940972222222 0.4945023148148148 0.4151475694444444 0.4916087962962963 0.4112413194444444 0.49189814814814814 0.408203125 0.49363425925925924 0.4040798611111111 0.4982638888888889 0.4036458333333333 0.5002893518518519 0.40234375 0.5017361111111112
0 0.5794270833333334 0.5300925925925926 0.5796440972222222 0.5543981481481481 0.5807291666666666 0.5575810185185185 0.5828993055555556 0.5593171296296297 0.5844184027777778 0.5619212962962963 0.5859375 0.5674189814814815 0.58984375 0.5740740740740741 0.6041666666666666 0.5850694444444444 0.6082899305555556 0.5914351851851852 0.6128472222222222 0.5966435185185185 0.6200086805555556 0.5998263888888888 0.6343315972222222 0.6012731481481481 0.6540798611111112 0.6047453703703703 0.66015625 0.6038773148148148 0.6655815972222222 0.6047453703703703 0.6684027777777778 0.6032986111111112 0.6707899305555556 0.6001157407407407 0.6720920138888888 0.5966435185185185 0.6736111111111112 0.5766782407407407 0.6751302083333334 0.5688657407407407 0.6749131944444444 0.5625 0.6773003472222222 0.5329861111111112 0.6759982638888888 0.5280671296296297 0.6703559027777778 0.5240162037037037 0.6642795138888888 0.5182291666666666 0.6592881944444444 0.5153356481481481 0.6423611111111112 0.5092592592592593 0.6408420138888888 0.5078125 0.63671875 0.5063657407407407 0.6349826388888888 0.5046296296296297 0.6276041666666666 0.5031828703703703 0.6221788194444444 0.5 0.5987413194444444 0.4982638888888889 0.5959201388888888 0.49710648148148145 0.5900607638888888 0.4965277777777778 0.5815972222222222 0.4965277777777778 0.5807291666666666 0.4982638888888889 0.5798611111111112 0.5052083333333334 0.5805121527777778 0.5217013888888888 0.5794270833333334 0.5300925925925926
0 0.2243923611111111 0.6157407407407407 0.22547743055555555 0.6177662037037037 0.22721354166666666 0.6186342592592593 0.24934895833333334 0.6186342592592593 0.2515190972222222 0.6189236111111112 0.2547743055555556 0.6209490740740741 0.2658420138888889 0.6226851851851852 0.2688802083333333 0.6252893518518519 0.2803819444444444 0.6290509259259259 0.2864583333333333 0.6339699074074074 0.2936197916666667 0.6357060185185185 0.3088107638888889 0.6226851851851852 0.3127170138888889 0.6174768518518519 0.3155381944444444 0.6082175925925926 0.328125 0.5934606481481481 0.3361545138888889 0.5862268518518519 0.3385416666666667 0.5824652777777778 0.3407118055555556 0.5755208333333334 0.3439670138888889 0.5708912037037037 0.3454861111111111 0.5616319444444444 0.3448350694444444 0.5428240740740741 0.3459201388888889 0.5292245370370371 0.3444010416666667 0.5162037037037037 0.3446180555555556 0.5086805555555556 0.3454861111111111 0.5049189814814815 0.3439670138888889 0.5020254629629629 0.3422309027777778 0.5008680555555556 0.3385416666666667 0.5005787037037037 0.3352864583333333 0.4991319444444444 0.3272569444444444 0.4994212962962963 0.3146701388888889 0.49710648148148145 0.3044704861111111 0.49710648148148145 0.2966579861111111 0.4982638888888889 0.2890625 0.5014467592592593 0.2873263888888889 0.5031828703703703 0.2829861111111111 0.5052083333333334 0.2760416666666667 0.5124421296296297 0.2647569444444444 0.5179398148148148 0.2543402777777778 0.5243055555555556 0.24934895833333334 0.5260416666666666 0.23177083333333334 0.5361689814814815 0.22786458333333334 0.5390625 0.2261284722222222 0.5413773148148148 0.2243923611111111 0.546875 0.224609375 0.5682870370370371 0.22526041666666666 0.5711805555555556 0.22330729166666666 0.5847800925925926 0.2230902777777778 0.6006944444444444 0.2243923611111111 0.6157407407407407
6 0.4090711805555556 0.484375 0.4090711805555556 0.4913194444444444 0.4097222222222222 0.49247685185185186 0.4123263888888889 0.4930555555555556 0.4177517361111111 0.4913194444444444 0.4181857638888889 0.4910300925925926 0.4175347222222222 0.4878472222222222 0.4212239583333333 0.4855324074074074 0.4294704861111111 0.4861111111111111 0.4322916666666667 0.4878472222222222 0.4329427083333333 0.4835069444444444 0.4318576388888889 0.47800925925925924 0.4318576388888889 0.4661458333333333 0.4299045138888889 0.4603587962962963 0.4268663194444444 0.45891203703703703 0.4147135416666667 0.4597800925925926 0.4114583333333333 0.4609375 0.4099392361111111 0.4626736111111111 0.4092881944444444 0.46498842592592593 0.4099392361111111 0.4809027777777778 0.4090711805555556 0.484375
3 0.5160590277777778 0.6617476851851852 0.517578125 0.6672453703703703 0.5201822916666666 0.671875 0.5210503472222222 0.6762152777777778 0.5225694444444444 0.6776620370370371 0.5243055555555556 0.6747685185185185 0.5249565972222222 0.6710069444444444 0.5295138888888888 0.6634837962962963 0.5314670138888888 0.6579861111111112 0.5310329861111112 0.6475694444444444 0.5321180555555556 0.6368634259259259 0.5303819444444444 0.6328125 0.5260416666666666 0.6313657407407407 0.517578125 0.6322337962962963 0.5164930555555556 0.6333912037037037 0.5188802083333334 0.6409143518518519 0.5160590277777778 0.6617476851851852
3 0.5121527777777778 0.6310763888888888 0.5145399305555556 0.6304976851851852 0.5128038194444444 0.6293402777777778 0.5121527777777778 0.6293402777777778 0.5121527777777778 0.6310763888888888
3 0.6918402777777778 0.5821759259259259 0.6920572916666666 0.5882523148148148 0.6929253472222222 0.5908564814814815 0.6961805555555556 0.5923032407407407 0.7029079861111112 0.5917245370370371 0.7046440972222222 0.5876736111111112 0.7072482638888888 0.5847800925925926 0.7081163194444444 0.5671296296296297 0.7072482638888888 0.5651041666666666 0.7035590277777778 0.5622106481481481 0.6961805555555556 0.5610532407407407 0.6929253472222222 0.5625 0.6892361111111112 0.5723379629629629 0.6890190972222222 0.5787037037037037 0.6918402777777778 0.5821759259259259
3 0.7797309027777778 0.6556712962962963 0.7827690972222222 0.6603009259259259 0.7847222222222222 0.6591435185185185 0.7886284722222222 0.6533564814814815 0.7899305555555556 0.6524884259259259 0.7936197916666666 0.6530671296296297 0.7942708333333334 0.6513310185185185 0.7938368055555556 0.6426504629629629 0.7921006944444444 0.6357060185185185 0.7914496527777778 0.6267361111111112 0.7897135416666666 0.6232638888888888 0.7838541666666666 0.6218171296296297 0.7821180555555556 0.6223958333333334 0.779296875 0.6264467592592593 0.7758246527777778 0.6391782407407407 0.7751736111111112 0.6516203703703703 0.7797309027777778 0.6556712962962963
3 0.8648003472222222 0.6947337962962963 0.8656684027777778 0.6961805555555556 0.86328125 0.6979166666666666 0.8626302083333334 0.6993634259259259 0.8617621527777778 0.7094907407407407 0.859375 0.7170138888888888 0.8628472222222222 0.7184606481481481 0.8697916666666666 0.7184606481481481 0.8767361111111112 0.7268518518518519 0.8784722222222222 0.7277199074074074 0.8836805555555556 0.7285879629629629 0.8858506944444444 0.7274305555555556 0.8875868055555556 0.7242476851851852 0.8888888888888888 0.7175925925925926 0.8873697916666666 0.7065972222222222 0.8849826388888888 0.7025462962962963 0.8784722222222222 0.6964699074074074 0.8765190972222222 0.6932870370370371 0.8758680555555556 0.6848958333333334 0.8752170138888888 0.6820023148148148 0.8736979166666666 0.6796875 0.8697916666666666 0.6767939814814815 0.8671875 0.6785300925925926 0.8658854166666666 0.6820023148148148 0.865234375 0.6880787037037037 0.8643663194444444 0.6903935185185185 0.8624131944444444 0.6924189814814815 0.8628472222222222 0.6941550925925926 0.8648003472222222 0.6947337962962963
3 0.8370225694444444 0.7037037037037037 0.8376736111111112 0.7065972222222222 0.8413628472222222 0.7115162037037037 0.8454861111111112 0.7144097222222222 0.8489583333333334 0.7146990740740741 0.8548177083333334 0.7115162037037037 0.8576388888888888 0.7071759259259259 0.8576388888888888 0.6999421296296297 0.8567708333333334 0.6950231481481481 0.8532986111111112 0.6903935185185185 0.8513454861111112 0.6860532407407407 0.8498263888888888 0.6782407407407407 0.8463541666666666 0.6750578703703703 0.8428819444444444 0.6684027777777778 0.841796875 0.6686921296296297 0.8411458333333334 0.6750578703703703 0.837890625 0.6846064814814815 0.8370225694444444 0.6927083333333334 0.8370225694444444 0.7037037037037037
3 0.4429253472222222 0.4837962962962963 0.4431423611111111 0.48466435185185186 0.4463975694444444 0.48582175925925924 0.4474826388888889 0.4837962962962963 0.4479166666666667 0.48061342592592593 0.4476996527777778 0.4713541666666667 0.4461805555555556 0.4681712962962963 0.4429253472222222 0.4710648148148148 0.4422743055555556 0.47366898148148145 0.4429253472222222 0.4837962962962963
3 0.8220486111111112 0.6741898148148148 0.8216145833333334 0.6820023148148148 0.82421875 0.6886574074074074 0.8283420138888888 0.6903935185185185 0.8305121527777778 0.6892361111111112 0.8324652777777778 0.6866319444444444 0.8335503472222222 0.6785300925925926 0.8374565972222222 0.6724537037037037 0.8383246527777778 0.6669560185185185 0.8376736111111112 0.6576967592592593 0.8361545138888888 0.6530671296296297 0.8342013888888888 0.6498842592592593 0.8322482638888888 0.6478587962962963 0.8287760416666666 0.6467013888888888 0.82421875 0.6472800925925926 0.822265625 0.6550925925925926 0.8213975694444444 0.6611689814814815 0.8220486111111112 0.6741898148148148
3 0.3624131944444444 0.5601851851851852 0.3637152777777778 0.5607638888888888 0.3634982638888889 0.5619212962962963 0.3626302083333333 0.5622106481481481 0.3628472222222222 0.5636574074074074 0.3648003472222222 0.5593171296296297 0.3661024305555556 0.5590277777777778 0.3680555555555556 0.5561342592592593 0.3715277777777778 0.5541087962962963 0.3732638888888889 0.5506365740740741 0.3732638888888889 0.5381944444444444 0.3697916666666667 0.5355902777777778 0.3661024305555556 0.5358796296296297 0.3645833333333333 0.5379050925925926 0.3628472222222222 0.5384837962962963 0.361328125 0.5460069444444444 0.361328125 0.5543981481481481 0.3624131944444444 0.5601851851851852
3 0.4450954861111111 0.5237268518518519 0.4466145833333333 0.5257523148148148 0.4500868055555556 0.5266203703703703 0.4516059027777778 0.5251736111111112 0.4524739583333333 0.5225694444444444 0.4533420138888889 0.5092592592592593 0.4529079861111111 0.5083912037037037 0.4496527777777778 0.5083912037037037 0.4461805555555556 0.5060763888888888 0.4444444444444444 0.5104166666666666 0.4442274305555556 0.5190972222222222 0.4450954861111111 0.5237268518518519
3 0.7239583333333334 0.6218171296296297 0.7256944444444444 0.6232638888888888 0.7276475694444444 0.6235532407407407 0.73046875 0.6200810185185185 0.7341579861111112 0.6206597222222222 0.7384982638888888 0.6244212962962963 0.7415364583333334 0.6293402777777778 0.744140625 0.6307870370370371 0.7456597222222222 0.6304976851851852 0.7482638888888888 0.6264467592592593 0.7493489583333334 0.6232638888888888 0.7502170138888888 0.6160300925925926 0.7486979166666666 0.6090856481481481 0.7447916666666666 0.6006944444444444 0.7415364583333334 0.5980902777777778 0.7374131944444444 0.5998263888888888 0.7274305555555556 0.5951967592592593 0.7239583333333334 0.5963541666666666 0.7220052083333334 0.5989583333333334 0.7239583333333334 0.6218171296296297
3 0.6822916666666666 0.6947337962962963 0.681640625 0.7170138888888888 0.6796875 0.7204861111111112 0.6792534722222222 0.7236689814814815 0.6794704861111112 0.7274305555555556 0.677734375 0.7404513888888888 0.6783854166666666 0.7450810185185185 0.6805555555555556 0.7465277777777778 0.6831597222222222 0.7514467592592593 0.685546875 0.7534722222222222 0.6961805555555556 0.7528935185185185 0.7037760416666666 0.7554976851851852 0.7137586805555556 0.7575231481481481 0.7170138888888888 0.7601273148148148 0.7241753472222222 0.7688078703703703 0.7293836805555556 0.7731481481481481 0.7328559027777778 0.7777777777777778 0.7341579861111112 0.7815393518518519 0.7415364583333334 0.7919560185185185 0.7447916666666666 0.7939814814814815 0.7484809027777778 0.7922453703703703 0.7521701388888888 0.7847222222222222 0.7530381944444444 0.7757523148148148 0.7552083333333334 0.7685185185185185 0.7556423611111112 0.7586805555555556 0.7571614583333334 0.7523148148148148 0.7593315972222222 0.7482638888888888 0.7599826388888888 0.7453703703703703 0.7575954861111112 0.7349537037037037 0.7569444444444444 0.7262731481481481 0.7554253472222222 0.7190393518518519 0.7554253472222222 0.7129629629629629 0.7530381944444444 0.7065972222222222 0.7497829861111112 0.7008101851851852 0.7484809027777778 0.6964699074074074 0.73828125 0.6854745370370371 0.7332899305555556 0.6788194444444444 0.7282986111111112 0.6744791666666666 0.7237413194444444 0.6684027777777778 0.7174479166666666 0.6649305555555556 0.7094184027777778 0.6631944444444444 0.6996527777777778 0.6629050925925926 0.6909722222222222 0.6640625 0.6851128472222222 0.6684027777777778 0.6833767361111112 0.6756365740740741 0.6840277777777778 0.6866319444444444 0.6822916666666666 0.6947337962962963
3 0.748046875 0.6059027777777778 0.7497829861111112 0.6116898148148148 0.7515190972222222 0.6229745370370371 0.7549913194444444 0.6267361111111112 0.7601996527777778 0.6287615740740741 0.765625 0.6333912037037037 0.7697482638888888 0.6336805555555556 0.7727864583333334 0.6278935185185185 0.7732204861111112 0.6215277777777778 0.7723524305555556 0.6171875 0.7667100694444444 0.6038773148148148 0.7641059027777778 0.6012731481481481 0.7588975694444444 0.5998263888888888 0.7580295138888888 0.5978009259259259 0.7556423611111112 0.5954861111111112 0.7517361111111112 0.5954861111111112 0.7491319444444444 0.5986689814814815 0.748046875 0.6021412037037037 0.748046875 0.6059027777777778