1 0.38567708333333334 0.612962962962963 0.3815104166666667 0.6328703703703704 0.3822916666666667 0.6435185185185185 0.38203125 0.6564814814814816 0.38359375 0.6643518518518519 0.3885416666666667 0.6615740740740741 0.41250000000000003 0.6611111111111112 0.4151041666666667 0.6611111111111112 0.41796875 0.6666666666666666 0.4200520833333333 0.6643518518518519 0.42083333333333334 0.6587962962962963 0.4205729166666667 0.6472222222222223 0.42265625 0.6388888888888888 0.4221354166666667 0.6125 0.42109375 0.6060185185185185 0.42265625 0.6023148148148147 0.4223958333333333 0.5981481481481482 0.41692708333333334 0.5953703703703703 0.41171875 0.5907407407407408 0.3966145833333333 0.5907407407407408 0.39036458333333335 0.5921296296296297 0.3869791666666667 0.5967592592592593 0.3830729166666667 0.5981481481481482 0.3822916666666667 0.6018518518518519 0.3861979166666667 0.6055555555555556 0.38567708333333334 0.612962962962963
1 0.057291666666666664 0.8828703703703704 0.06015625 0.8935185185185185 0.06354166666666666 0.9 0.07395833333333333 0.9087962962962963 0.08411458333333333 0.9120370370370371 0.09557291666666667 0.9129629629629631 0.10208333333333333 0.9175925925925926 0.10625 0.9175925925925926 0.10911458333333333 0.9152777777777779 0.11093750000000001 0.9111111111111112 0.11223958333333334 0.9023148148148148 0.11223958333333334 0.8939814814814816 0.12005208333333334 0.8819444444444444 0.12864583333333335 0.8611111111111112 0.1328125 0.8560185185185185 0.13697916666666668 0.8555555555555556 0.14036458333333335 0.8518518518518519 0.14192708333333334 0.8421296296296297 0.14036458333333335 0.8078703703703703 0.13854166666666667 0.7995370370370372 0.13567708333333334 0.7930555555555556 0.12864583333333335 0.7865740740740741 0.12239583333333333 0.7837962962962963 0.1078125 0.7837962962962963 0.09531250000000001 0.7912037037037037 0.08802083333333333 0.7902777777777779 0.08385416666666667 0.7916666666666666 0.07734375 0.7990740740740742 0.05859375 0.8314814814814816 0.055989583333333336 0.8379629629629629 0.054947916666666666 0.8504629629629631 0.0546875 0.8592592592592594 0.057291666666666664 0.8828703703703704
1 0.3447916666666667 0.4486111111111111 0.3557291666666667 0.44953703703703707 0.35911458333333335 0.44675925925925924 0.3606770833333333 0.43888888888888894 0.35911458333333335 0.4314814814814815 0.35703125 0.4277777777777778 0.3557291666666667 0.42638888888888893 0.3518229166666667 0.42685185185185187 0.3481770833333333 0.42870370370370375 0.3450520833333333 0.43333333333333335 0.34348958333333335 0.44212962962962965 0.3432291666666667 0.44583333333333336 0.3447916666666667 0.4486111111111111
1 0.24947916666666667 0.5787037037037037 0.25156249999999997 0.5861111111111111 0.25807291666666665 0.5828703703703704 0.26953125 0.5824074074074075 0.27656250000000004 0.5870370370370371 0.2791666666666667 0.5842592592592593 0.28151041666666665 0.5750000000000001 0.28750000000000003 0.5703703703703704 0.28984375 0.5657407407407408 0.28984375 0.5509259259259259 0.2890625 0.5467592592592593 0.28567708333333336 0.5398148148148149 0.27968750000000003 0.5342592592592593 0.26171875 0.5347222222222222 0.2552083333333333 0.5412037037037037 0.25156249999999997 0.549537037037037 0.24921875000000002 0.5601851851851852 0.24947916666666667 0.5787037037037037
1 0.4630208333333333 0.5398148148148149 0.46770833333333334 0.5402777777777777 0.4705729166666667 0.537962962962963 0.4736979166666667 0.5375000000000001 0.4807291666666667 0.538425925925926 0.4838541666666667 0.5421296296296296 0.4869791666666667 0.5398148148148149 0.48802083333333335 0.5268518518518519 0.48723958333333334 0.5087962962962963 0.4817708333333333 0.4930555555555556 0.47734375 0.49074074074074076 0.4669270833333333 0.49074074074074076 0.4630208333333333 0.49722222222222223 0.4611979166666667 0.5055555555555555 0.4614583333333333 0.5287037037037037 0.4630208333333333 0.5398148148148149
5 0.4111979166666667 0.501388888888889 0.4268229166666667 0.501388888888889 0.4283854166666667 0.500462962962963 0.4291666666666667 0.4981481481481482 0.42864583333333334 0.4791666666666667 0.4265625 0.47175925925925927 0.4244791666666667 0.4694444444444445 0.4166666666666667 0.46851851851851856 0.4135416666666667 0.4703703703703704 0.4114583333333333 0.475462962962963 0.4096354166666667 0.487962962962963 0.409375 0.4981481481481482 0.4111979166666667 0.501388888888889
1 0.4544270833333333 0.43333333333333335 0.45546875000000003 0.4356481481481482 0.4669270833333333 0.4351851851851852 0.46796875 0.4277777777777778 0.4674479166666667 0.41851851851851857 0.46328125000000003 0.4097222222222222 0.45598958333333334 0.41250000000000003 0.45390625 0.4171296296296297 0.4536458333333333 0.42685185185185187 0.4544270833333333 0.43333333333333335
1 0.48203125 0.8060185185185186 0.48333333333333334 0.8115740740740741 0.48411458333333335 0.8245370370370372 0.4859375 0.8328703703703704 0.4856770833333333 0.838425925925926 0.48802083333333335 0.852314814814815 0.4888020833333333 0.8699074074074075 0.49114583333333334 0.8814814814814815 0.49765625 0.8870370370370372 0.5057291666666667 0.8888888888888888 0.5346354166666667 0.888425925925926 0.5398437500000001 0.8865740740740741 0.54296875 0.8833333333333334 0.5458333333333334 0.876388888888889 0.5460937499999999 0.8620370370370372 0.5453125000000001 0.8398148148148148 0.5434895833333333 0.825925925925926 0.5408854166666667 0.8148148148148148 0.54296875 0.8037037037037038 0.5416666666666666 0.8027777777777778 0.5377604166666666 0.7944444444444445 0.5328125 0.7699074074074075 0.5294270833333333 0.7611111111111112 0.5208333333333334 0.7439814814814816 0.5182291666666666 0.7416666666666667 0.5122395833333333 0.7398148148148148 0.5028645833333334 0.7393518518518519 0.4927083333333333 0.7412037037037038 0.4861979166666667 0.7476851851851852 0.4838541666666667 0.7541666666666667 0.4817708333333333 0.7768518518518519 0.48203125 0.8060185185185186
1 0.4809895833333333 0.44675925925925924 0.48359375 0.4481481481481482 0.4940104166666667 0.4476851851851852 0.4955729166666667 0.44583333333333336 0.4955729166666667 0.43333333333333335 0.49453125000000003 0.42824074074074076 0.49114583333333334 0.4217592592592593 0.4875 0.42083333333333334 0.48411458333333335 0.4222222222222222 0.4815104166666667 0.425462962962963 0.48046875 0.4310185185185186 0.48020833333333335 0.4435185185185186 0.4809895833333333 0.44675925925925924
1 0.35234375 0.575925925925926 0.36953125000000003 0.5750000000000001 0.3731770833333333 0.5773148148148148 0.3760416666666667 0.5768518518518518 0.37734375000000003 0.5680555555555555 0.3799479166666667 0.5620370370370371 0.3799479166666667 0.5444444444444445 0.3765625 0.5365740740740741 0.3731770833333333 0.5337962962962963 0.36562500000000003 0.5328703703703704 0.359375 0.5342592592592593 0.3572916666666667 0.5361111111111112 0.35390625000000003 0.5435185185185185 0.35052083333333334 0.5569444444444445 0.3502604166666667 0.5694444444444444 0.35234375 0.575925925925926
6 0.6161458333333334 0.6666666666666666 0.6203125 0.6726851851851853 0.6221354166666666 0.6787037037037037 0.6231770833333334 0.6921296296296297 0.6255208333333334 0.7037037037037037 0.6268229166666667 0.7064814814814815 0.6296875000000001 0.7078703703703704 0.6315104166666666 0.7106481481481481 0.6335937500000001 0.7203703703703704 0.6419270833333334 0.7333333333333334 0.6557291666666667 0.7620370370370372 0.6611979166666666 0.7754629629629629 0.6671875 0.7842592592592593 0.671875 0.8060185185185186 0.6755208333333333 0.8129629629629631 0.6794270833333333 0.8157407407407408 0.6890625 0.8175925925925926 0.7039062500000001 0.8148148148148148 0.7158854166666666 0.8152777777777779 0.72421875 0.8097222222222222 0.7276041666666666 0.8032407407407407 0.7377604166666667 0.7925925925925926 0.7416666666666667 0.7699074074074075 0.7442708333333334 0.737962962962963 0.7434895833333334 0.6967592592592593 0.7427083333333334 0.6925925925925925 0.7354166666666666 0.6791666666666667 0.7278645833333334 0.6731481481481482 0.7184895833333333 0.6694444444444444 0.7143229166666667 0.6550925925925926 0.70703125 0.6458333333333334 0.7041666666666666 0.6365740740740741 0.6963541666666666 0.6254629629629629 0.6921875000000001 0.6157407407407407 0.665625 0.5791666666666667 0.6588541666666666 0.5731481481481482 0.6533854166666666 0.5708333333333334 0.6335937500000001 0.5703703703703704 0.6322916666666667 0.5740740740740741 0.63203125 0.5819444444444445 0.6252604166666667 0.588425925925926 0.6203125 0.5967592592592593 0.6192708333333334 0.6069444444444444 0.61953125 0.6314814814814815 0.6177083333333334 0.6402777777777778 0.6140625000000001 0.6476851851851853 0.6140625000000001 0.6541666666666667 0.6161458333333334 0.6666666666666666
6 0.5247395833333334 0.5805555555555556 0.5252604166666667 0.5953703703703703 0.5236979166666667 0.6004629629629631 0.5257812500000001 0.6226851851851852 0.5260416666666666 0.6412037037037037 0.5268229166666667 0.6472222222222223 0.5291666666666667 0.6541666666666667 0.53515625 0.6652777777777779 0.5364583333333334 0.6717592592592593 0.5411458333333333 0.6856481481481481 0.5447916666666667 0.7027777777777778 0.5466145833333333 0.7060185185185185 0.5481770833333334 0.7064814814814815 0.5606770833333333 0.7046296296296297 0.57578125 0.7060185185185185 0.58984375 0.7046296296296297 0.5963541666666666 0.700925925925926 0.5979166666666667 0.6962962962962963 0.5989583333333334 0.688888888888889 0.59921875 0.6680555555555556 0.6005208333333334 0.6546296296296297 0.6005208333333334 0.6310185185185185 0.6 0.6226851851851852 0.5932291666666667 0.5745370370370371 0.5919270833333333 0.5722222222222223 0.5807291666666666 0.5680555555555555 0.5783854166666667 0.5611111111111111 0.5653645833333334 0.5333333333333333 0.5611979166666666 0.5254629629629629 0.5580729166666667 0.5236111111111111 0.5385416666666667 0.5236111111111111 0.5372395833333333 0.525 0.5361979166666667 0.5319444444444444 0.5294270833333333 0.537962962962963 0.5257812500000001 0.5467592592592593 0.5257812500000001 0.5671296296296297 0.5247395833333334 0.5805555555555556