8 0.98046875 0.7208333333333334 0.98359375 0.7145833333333333 0.9828125000000001 0.7020833333333334 0.9734375000000001 0.6947916666666667 0.9625 0.69375 0.9617187500000001 0.7239583333333334 0.98046875 0.7208333333333334
8 0.9382812500000001 0.703125 0.9484375 0.7104166666666667 0.95625 0.709375 0.95625 0.696875 0.95859375 0.6927083333333334 0.9500000000000001 0.6854166666666667 0.9484375 0.6708333333333334 0.92890625 0.6541666666666667 0.91953125 0.65 0.9109375000000001 0.65 0.9085937500000001 0.6583333333333334 0.9085937500000001 0.6927083333333334 0.9382812500000001 0.703125
8 0.8796875000000001 0.671875 0.8992187500000001 0.6791666666666667 0.89765625 0.6708333333333334 0.8914062500000001 0.6677083333333333 0.8914062500000001 0.6625 0.8921875 0.6479166666666667 0.9007812500000001 0.6458333333333334 0.9 0.6427083333333334 0.8765625 0.6260416666666666 0.8515625 0.6239583333333334 0.8445312500000001 0.6291666666666667 0.8453125 0.6510416666666666 0.8796875000000001 0.671875
1 0.5390625000000001 0.6427083333333334 0.5664062500000001 0.6427083333333334 0.5671875000000001 0.6114583333333334 0.5640625 0.603125 0.5429687500000001 0.6041666666666666 0.53671875 0.6197916666666666 0.5359375000000001 0.6375000000000001 0.5390625000000001 0.6427083333333334
1 0.60859375 0.5145833333333334 0.60546875 0.5031249999999999 0.6015625 0.5020833333333333 0.59765625 0.5072916666666667 0.59765625 0.515625 0.60859375 0.5145833333333334
1 0.5843750000000001 0.5322916666666667 0.5882812500000001 0.5291666666666667 0.5984375000000001 0.5291666666666667 0.5945312500000001 0.5177083333333333 0.5820312500000001 0.5187499999999999 0.58125 0.5270833333333333 0.5843750000000001 0.5322916666666667
1 0.59609375 0.5218750000000001 0.5945312500000001 0.5135416666666667 0.5898437500000001 0.5072916666666667 0.58125 0.5114583333333333 0.5820312500000001 0.5218750000000001 0.59609375 0.5218750000000001
1 0.6125 0.5572916666666666 0.61875 0.5499999999999999 0.62890625 0.5458333333333334 0.6257812500000001 0.5364583333333334 0.6195312500000001 0.5322916666666667 0.6117187500000001 0.5343749999999999 0.609375 0.5416666666666666 0.609375 0.5510416666666667 0.6125 0.5572916666666666
1 0.58515625 0.5385416666666667 0.5984375000000001 0.540625 0.5984375000000001 0.5302083333333334 0.5953125 0.5239583333333333 0.5882812500000001 0.5218750000000001 0.58359375 0.5260416666666666 0.5828125000000001 0.5333333333333333 0.58515625 0.5385416666666667
1 0.5554687500000001 0.5645833333333333 0.5632812500000001 0.5666666666666667 0.56796875 0.5614583333333334 0.5687500000000001 0.5499999999999999 0.5640625 0.540625 0.5531250000000001 0.5427083333333333 0.55 0.5510416666666667 0.55 0.5604166666666667 0.5554687500000001 0.5645833333333333
1 0.5640625 0.540625 0.5671875000000001 0.5437500000000001 0.5703125000000001 0.540625 0.5710937500000001 0.5302083333333334 0.56796875 0.525 0.5593750000000001 0.5229166666666667 0.5554687500000001 0.5270833333333333 0.5531250000000001 0.5395833333333333 0.5640625 0.540625
1 0.91953125 0.6958333333333334 0.95078125 0.7114583333333334 0.95625 0.7104166666666667 0.9578125000000001 0.7020833333333334 0.9609375 0.7020833333333334 0.9625 0.7260416666666667 0.9773437500000001 0.7229166666666667 0.9828125000000001 0.7177083333333334 0.98359375 0.703125 0.9812500000000001 0.6989583333333333 0.9695312500000001 0.6927083333333334 0.9625 0.6916666666666667 0.9609375 0.696875 0.95703125 0.6947916666666667 0.9578125000000001 0.6916666666666667 0.9500000000000001 0.6833333333333333 0.9500000000000001 0.671875 0.9359375000000001 0.659375 0.92578125 0.6520833333333333 0.9148437500000001 0.6489583333333334 0.9109375000000001 0.65 0.9085937500000001 0.6572916666666666 0.909375 0.6958333333333334 0.91953125 0.6958333333333334
1 0.89609375 0.6802083333333334 0.8992187500000001 0.678125 0.89765625 0.6708333333333334 0.8921875 0.6687500000000001 0.8914062500000001 0.6531250000000001 0.89375 0.6447916666666667 0.89765625 0.646875 0.9007812500000001 0.6614583333333334 0.9031250000000001 0.6541666666666667 0.9007812500000001 0.64375 0.8828125 0.6291666666666667 0.8695312500000001 0.6239583333333334 0.8484375000000001 0.6239583333333334 0.8445312500000001 0.6291666666666667 0.8445312500000001 0.6510416666666666 0.89609375 0.6802083333333334
1 0.59140625 0.5843750000000001 0.609375 0.5885416666666666 0.6078125000000001 0.5760416666666667 0.59921875 0.5614583333333334 0.58515625 0.5614583333333334 0.58359375 0.5729166666666666 0.5843750000000001 0.5927083333333334 0.59140625 0.5843750000000001
1 0.8460937500000001 0.6208333333333333 0.878125 0.6229166666666667 0.8765625 0.6125 0.8515625 0.5989583333333334 0.846875 0.6010416666666667 0.8445312500000001 0.6125 0.8460937500000001 0.6208333333333333
1 0.80078125 0.6177083333333334 0.83125 0.6239583333333334 0.83515625 0.6145833333333334 0.8343750000000001 0.5979166666666667 0.78828125 0.6 0.78828125 0.6125 0.80078125 0.6177083333333334
1 0.0023437500000000003 0.99375 0.00390625 0.9989583333333334 0.037500000000000006 0.9989583333333334 0.0484375 0.9958333333333333 0.053125000000000006 0.9989583333333334 0.12265625000000001 0.9968750000000001 0.12734375 0.990625 0.1390625 0.9364583333333334 0.15000000000000002 0.9135416666666667 0.1484375 0.8739583333333334 0.14296875 0.865625 0.12656250000000002 0.8635416666666667 0.10234375000000001 0.8708333333333333 0.08125 0.88125 0.055468750000000004 0.9 0.041406250000000006 0.915625 0.035937500000000004 0.9270833333333334 0.02890625 0.9343750000000001 0.017968750000000002 0.9395833333333334 0.010937500000000001 0.9479166666666666 0.01640625 0.959375 0.0023437500000000003 0.99375
1 0.58125 0.5052083333333334 0.5882812500000001 0.5010416666666667 0.58515625 0.4927083333333333 0.5804687500000001 0.4916666666666667 0.5781250000000001 0.4947916666666667 0.57734375 0.5 0.58125 0.5052083333333334
1 0.5429687500000001 0.5906250000000001 0.5507812500000001 0.5854166666666667 0.5578125 0.5854166666666667 0.5632812500000001 0.5895833333333333 0.5640625 0.578125 0.5609375000000001 0.5687500000000001 0.5515625000000001 0.5666666666666667 0.54609375 0.5708333333333333 0.540625 0.5833333333333334 0.5398437500000001 0.5875 0.5429687500000001 0.5906250000000001
1 0.5648437500000001 0.5989583333333334 0.5640625 0.5906250000000001 0.56015625 0.5854166666666667 0.5476562500000001 0.5864583333333333 0.5414062500000001 0.5916666666666667 0.5414062500000001 0.603125 0.5648437500000001 0.5989583333333334
1 0.6195312500000001 0.5729166666666666 0.6273437500000001 0.5687500000000001 0.6390625000000001 0.5687500000000001 0.63671875 0.5583333333333333 0.6296875000000001 0.5489583333333333 0.62109375 0.5489583333333333 0.61640625 0.5531250000000001 0.6156250000000001 0.5614583333333334 0.6195312500000001 0.5729166666666666
5 0.62890625 0.5187499999999999 0.6265625 0.5062500000000001 0.6195312500000001 0.5041666666666667 0.61640625 0.5072916666666667 0.6171875 0.5187499999999999 0.62890625 0.5187499999999999
1 0.6265625 0.6020833333333334 0.6468750000000001 0.5989583333333334 0.6468750000000001 0.5885416666666666 0.6414062500000001 0.5729166666666666 0.63671875 0.5697916666666667 0.62109375 0.571875 0.62265625 0.59375 0.6265625 0.6020833333333334
5 0.6390625000000001 0.6479166666666667 0.66796875 0.6510416666666666 0.66953125 0.64375 0.6671875 0.6260416666666666 0.6570312500000001 0.6041666666666666 0.6484375 0.6010416666666667 0.6351562500000001 0.6010416666666667 0.63203125 0.6041666666666666 0.6328125 0.6302083333333334 0.6390625000000001 0.6479166666666667
1 0.61328125 0.6291666666666667 0.61484375 0.6145833333333334 0.6125 0.6 0.60546875 0.5854166666666667 0.596875 0.5854166666666667 0.5953125 0.5770833333333334 0.5843750000000001 0.5958333333333334 0.58515625 0.6291666666666667 0.61328125 0.6291666666666667
1 0.5843750000000001 0.5593750000000001 0.6000000000000001 0.5572916666666666 0.59765625 0.5395833333333333 0.58515625 0.5375000000000001 0.5828125000000001 0.5416666666666666 0.5820312500000001 0.5510416666666667 0.5843750000000001 0.5593750000000001
1 0.60078125 0.4979166666666667 0.5984375000000001 0.49062500000000003 0.5921875000000001 0.4916666666666667 0.5921875000000001 0.49895833333333334 0.60078125 0.4979166666666667
2 0.7210937500000001 0.55625 0.7351562500000001 0.5572916666666666 0.7375 0.5499999999999999 0.7367187500000001 0.5302083333333334 0.7289062500000001 0.5291666666666667 0.721875 0.5427083333333333 0.72421875 0.5499999999999999 0.7210937500000001 0.55625
2 0.675 0.5822916666666667 0.6796875 0.5895833333333333 0.68359375 0.5854166666666667 0.68515625 0.578125 0.68359375 0.5697916666666667 0.6781250000000001 0.5656249999999999 0.675 0.5697916666666667 0.675 0.5822916666666667
2 0.36562500000000003 0.6520833333333333 0.3765625 0.6520833333333333 0.37812500000000004 0.640625 0.37265625 0.6322916666666667 0.36875 0.6302083333333334 0.36484375 0.6354166666666666 0.36171875000000003 0.64375 0.36562500000000003 0.6520833333333333
2 0.60859375 0.6625 0.6140625000000001 0.6635416666666667 0.61484375 0.6739583333333334 0.6195312500000001 0.6770833333333334 0.62265625 0.6687500000000001 0.62265625 0.6458333333333334 0.6195312500000001 0.6375000000000001 0.61640625 0.6364583333333333 0.609375 0.6479166666666667 0.60703125 0.6583333333333334 0.60859375 0.6625
2 0.6796875 0.8302083333333334 0.68125 0.8395833333333333 0.6843750000000001 0.8375 0.68671875 0.8270833333333334 0.69140625 0.8197916666666667 0.69296875 0.8093750000000001 0.70625 0.8093750000000001 0.7046875 0.8052083333333334 0.7093750000000001 0.8010416666666667 0.69921875 0.7677083333333334 0.69296875 0.7677083333333334 0.68359375 0.784375 0.6843750000000001 0.8072916666666666 0.6796875 0.8302083333333334
2 0.64453125 0.725 0.6453125000000001 0.7239583333333334 0.6453125000000001 0.7156250000000001 0.6507812500000001 0.709375 0.6453125000000001 0.6979166666666666 0.6429687500000001 0.6979166666666666 0.63984375 0.7052083333333334 0.63984375 0.7223958333333333 0.64453125 0.725
2 0.7367187500000001 0.9302083333333334 0.73203125 0.959375 0.7375 0.9614583333333334 0.7406250000000001 0.95625 0.7445312500000001 0.9385416666666666 0.7445312500000001 0.9166666666666666 0.7484375000000001 0.9114583333333334 0.75546875 0.9177083333333333 0.76484375 0.9145833333333334 0.76953125 0.9187500000000001 0.77109375 0.9473958333333334 0.769713673857868 0.9540662013536378 0.7757812500000001 0.946875 0.7757812500000001 0.9208333333333334 0.7664062500000001 0.8854166666666666 0.7562500000000001 0.8604166666666666 0.7507812500000001 0.8604166666666666 0.74765625 0.8645833333333334 0.7468750000000001 0.8739583333333334 0.73984375 0.8875000000000001 0.7375 0.9010416666666666 0.7367187500000001 0.9208333333333334 0.7421875 0.9208333333333334 0.7421875 0.9270833333333334 0.7367187500000001 0.9302083333333334
2 0.70625 0.7552083333333334 0.7140625 0.7354166666666666 0.71875 0.7312500000000001 0.7171875000000001 0.7208333333333334 0.7125 0.7197916666666666 0.703125 0.7364583333333334 0.70234375 0.7520833333333334 0.70625 0.7552083333333334
2 0.5882812500000001 0.7572916666666667 0.59140625 0.7520833333333334 0.5906250000000001 0.7427083333333334 0.5859375000000001 0.7270833333333334 0.58125 0.7270833333333334 0.5804687500000001 0.734375 0.5882812500000001 0.7572916666666667
2 0.59609375 0.9125 0.6000000000000001 0.9 0.603125 0.8708333333333333 0.61484375 0.8697916666666666 0.6179687500000001 0.8718750000000001 0.6195312500000001 0.88125 0.61971875 0.8905000000000001 0.62265625 0.8885416666666667 0.62421875 0.878125 0.62265625 0.88125 0.6203125 0.8802083333333334 0.6203125 0.875 0.62421875 0.8708333333333333 0.6117187500000001 0.8270833333333334 0.6078125000000001 0.8260416666666667 0.6046875 0.8291666666666666 0.6039062500000001 0.8375 0.596875 0.8541666666666666 0.596875 0.88125 0.59296875 0.9020833333333333 0.596875 0.9083333333333334 0.59296875 0.9114583333333334 0.59609375 0.9125
2 0.6203125 0.9197916666666667 0.62265625 0.925 0.6257812500000001 0.925 0.6234375000000001 0.90625 0.620014880952381 0.905109126984127 0.6203125 0.9197916666666667
2 0.65390625 0.846875 0.6578125 0.834375 0.6585937500000001 0.8135416666666666 0.6687500000000001 0.8052083333333334 0.67578125 0.8072916666666666 0.6781250000000001 0.8041666666666667 0.6765625000000001 0.790625 0.6664062500000001 0.7666666666666666 0.6625000000000001 0.7677083333333334 0.65390625 0.7822916666666666 0.65390625 0.8104166666666667 0.6507812500000001 0.828125 0.65 0.8458333333333334 0.65390625 0.846875
2 0.47187500000000004 0.9083333333333334 0.47187500000000004 0.88125 0.4703125 0.878125 0.46796875000000004 0.88125 0.46796875000000004 0.9072916666666666 0.47187500000000004 0.9083333333333334
2 0.4421875 0.9125 0.44453125000000004 0.9114583333333334 0.44609375 0.9031250000000001 0.4453125 0.8947916666666667 0.45 0.865625 0.45390625 0.8635416666666667 0.46640625 0.8729166666666667 0.4734375 0.8583333333333334 0.4734375 0.8416666666666667 0.46406250000000004 0.821875 0.45937500000000003 0.8229166666666666 0.4578125 0.8322916666666667 0.44296875 0.8625 0.446875 0.878125 0.4421875 0.9125
2 0.5531250000000001 0.7541666666666667 0.5515625000000001 0.7583333333333334 0.5476562500000001 0.7583333333333334 0.54609375 0.7822916666666666 0.5515625000000001 0.7791666666666667 0.5507812500000001 0.7645833333333334 0.5546875000000001 0.7510416666666666 0.5609375000000001 0.75 0.5640625 0.753125 0.5671875000000001 0.74375 0.5664062500000001 0.7333333333333334 0.5578125 0.7208333333333334 0.55 0.7291666666666666 0.5476562500000001 0.7375 0.5484375 0.7510416666666666 0.5531250000000001 0.7541666666666667
2 0.51875 0.7635416666666667 0.5140625000000001 0.7677083333333334 0.5117187500000001 0.790625 0.5156250000000001 0.7885416666666667 0.51875 0.7645833333333334 0.52265625 0.75625 0.52890625 0.7552083333333334 0.5312500000000001 0.759375 0.5320312500000001 0.784375 0.5351562500000001 0.7708333333333334 0.5320312500000001 0.76875 0.5351562500000001 0.765625 0.5328125 0.7364583333333334 0.5265625 0.7260416666666667 0.52109375 0.728125 0.5156250000000001 0.7427083333333334 0.51484375 0.7614583333333333 0.51875 0.7635416666666667
2 0.6820312500000001 0.6687500000000001 0.68515625 0.6666666666666666 0.68671875 0.6364583333333333 0.6820312500000001 0.6239583333333334 0.6742187500000001 0.6354166666666666 0.675 0.6635416666666667 0.6820312500000001 0.6687500000000001
2 0.66953125 0.7583333333333334 0.67109375 0.7635416666666667 0.6742187500000001 0.7614583333333333 0.6781250000000001 0.7489583333333334 0.6796875 0.7302083333333333 0.6820312500000001 0.7270833333333334 0.6890625 0.7291666666666666 0.690625 0.725 0.6898437500000001 0.7156250000000001 0.6828125 0.7020833333333334 0.6781250000000001 0.70625 0.671875 0.7197916666666666 0.6742187500000001 0.7364583333333334 0.66953125 0.7583333333333334
2 0.6453125000000001 0.753125 0.6515625 0.7354166666666666 0.6578125 0.7375 0.6585937500000001 0.7270833333333334 0.6468750000000001 0.7010416666666667 0.64375 0.6989583333333333 0.64453125 0.70625 0.640625 0.7072916666666667 0.63984375 0.7479166666666667 0.6453125000000001 0.753125
2 0.7054687500000001 0.76875 0.70625 0.7770833333333333 0.7117187500000001 0.7781250000000001 0.70625 0.784375 0.7093750000000001 0.7885416666666667 0.7156250000000001 0.7666666666666666 0.7289062500000001 0.765625 0.73046875 0.7614583333333333 0.7203125 0.7322916666666667 0.71484375 0.7312500000000001 0.7078125000000001 0.7458333333333333 0.7054687500000001 0.7520833333333334 0.7054687500000001 0.76875
2 0.5789062500000001 0.7666666666666666 0.58359375 0.771875 0.58359375 0.7958333333333334 0.5882812500000001 0.8020833333333334 0.5882812500000001 0.7510416666666666 0.58125 0.734375 0.57734375 0.7364583333333334 0.5742187500000001 0.74375 0.571875 0.765625 0.5789062500000001 0.7666666666666666
2 0.5945312500000001 0.8052083333333334 0.59375 0.8135416666666666 0.5984375000000001 0.8104166666666667 0.6023437500000001 0.8010416666666667 0.6195312500000001 0.8114583333333334 0.62109375 0.8197916666666667 0.6257812500000001 0.821875 0.62421875 0.8135416666666666 0.6179687500000001 0.8072916666666666 0.62265625 0.803125 0.62109375 0.7947916666666667 0.61640625 0.7947916666666667 0.6171875 0.7864583333333334 0.6203125 0.7885416666666667 0.6218750000000001 0.7802083333333334 0.6140625000000001 0.740625 0.6062500000000001 0.7416666666666667 0.596875 0.7739583333333334 0.59765625 0.8010416666666667 0.5945312500000001 0.8052083333333334
2 0.6781250000000001 0.609375 0.6820312500000001 0.6104166666666666 0.68359375 0.6072916666666667 0.6820312500000001 0.596875 0.67890625 0.5927083333333334 0.675 0.5947916666666666 0.675 0.6145833333333334 0.6781250000000001 0.609375
2 0.65390625 0.5843750000000001 0.65390625 0.5625 0.65 0.5593750000000001 0.64765625 0.5635416666666667 0.6468750000000001 0.5770833333333334 0.65390625 0.5843750000000001
2 0.70625 0.7125 0.7125 0.7000000000000001 0.70859375 0.6854166666666667 0.7054687500000001 0.68125 0.7015625000000001 0.68125 0.6960937500000001 0.6916666666666667 0.6960937500000001 0.7041666666666666 0.70625 0.7125
2 0.69921875 0.7333333333333334 0.7093750000000001 0.7260416666666667 0.7132812500000001 0.6989583333333333 0.7054687500000001 0.68125 0.7015625000000001 0.68125 0.6960937500000001 0.690625 0.6960937500000001 0.7270833333333334 0.69921875 0.7333333333333334
0 0.16640625 0.6833333333333333 0.2171875 0.6833333333333333 0.25078125 0.6604166666666667 0.25703125000000004 0.6635416666666667 0.26171875000000006 0.6614583333333334 0.26875000000000004 0.6458333333333334 0.31093750000000003 0.6166666666666667 0.32578125 0.6104166666666666 0.33046875000000003 0.6 0.33906250000000004 0.59375 0.33671875 0.55625 0.33046875000000003 0.5510416666666667 0.30312500000000003 0.5531250000000001 0.2859375 0.5635416666666667 0.1703125 0.6145833333333334 0.16484375 0.6229166666666667 0.1640625 0.65625 0.16640625 0.6833333333333333
3 0.6820312500000001 0.59375 0.68515625 0.5885416666666666 0.68515625 0.5770833333333334 0.6820312500000001 0.5729166666666666 0.6765625000000001 0.5750000000000001 0.6765625000000001 0.5906250000000001 0.6820312500000001 0.59375
3 0.68515625 0.7739583333333334 0.6890625 0.7739583333333334 0.69140625 0.7614583333333333 0.690625 0.7395833333333334 0.68515625 0.7260416666666667 0.67890625 0.7302083333333333 0.6781250000000001 0.75 0.68515625 0.7739583333333334
3 0.7453125 0.9354166666666667 0.74765625 0.9645833333333333 0.7578125 0.9875 0.7585937500000001 0.9958333333333333 0.76328125 0.9968750000000001 0.7664062500000001 0.990625 0.7718750000000001 0.925 0.76953125 0.9177083333333333 0.7640625000000001 0.9135416666666667 0.7445312500000001 0.9145833333333334 0.7421875 0.928125 0.7453125 0.9354166666666667
3 0.7015625000000001 0.85 0.70625 0.865625 0.7093750000000001 0.865625 0.7093750000000001 0.8364583333333334 0.7117187500000001 0.83125 0.71015625 0.8135416666666666 0.7015625000000001 0.8010416666666667 0.6953125 0.8020833333333334 0.6921875000000001 0.8072916666666666 0.6898437500000001 0.828125 0.7015625000000001 0.85
3 0.6671875 0.71875 0.67109375 0.7208333333333334 0.67890625 0.7020833333333334 0.67890625 0.6885416666666666 0.67578125 0.6822916666666666 0.6687500000000001 0.6791666666666667 0.6648437500000001 0.6895833333333334 0.6640625 0.7000000000000001 0.6671875 0.71875
3 0.60859375 0.9354166666666667 0.609375 0.9489583333333333 0.6125 0.9489583333333333 0.61875 0.921875 0.6195312500000001 0.8822916666666667 0.6218750000000001 0.8729166666666667 0.60546875 0.86875 0.6015625 0.8708333333333333 0.6015625 0.9114583333333334 0.60859375 0.9354166666666667
3 0.6265625 0.86875 0.628125 0.865625 0.625 0.8645833333333334 0.62421875 0.8677083333333334 0.6265625 0.86875
3 0.5953125 0.8625 0.5984375000000001 0.8625 0.596875 0.8583333333333334 0.5945312500000001 0.8583333333333334 0.5953125 0.8625
3 0.5570312500000001 0.8020833333333334 0.5640625 0.7781250000000001 0.5648437500000001 0.753125 0.5632812500000001 0.75 0.5554687500000001 0.75 0.5515625000000001 0.7583333333333334 0.5507812500000001 0.7760416666666666 0.5570312500000001 0.8020833333333334
3 0.52265625 0.80625 0.5257812500000001 0.8072916666666666 0.5320312500000001 0.7885416666666667 0.5328125 0.7510416666666666 0.51875 0.7552083333333334 0.51875 0.78125 0.52265625 0.80625
3 0.5710937500000001 0.5708333333333333 0.5761841588050315 0.5805293501048218 0.57734375 0.5739583333333333 0.5750000000000001 0.5697916666666667 0.5710937500000001 0.5708333333333333
3 0.5703125000000001 0.5822916666666667 0.571875 0.5906250000000001 0.5742187500000001 0.5916666666666667 0.5748139880952382 0.5882936507936508 0.5703125000000001 0.5822916666666667
3 0.7234375000000001 0.8166666666666667 0.7265625 0.8166666666666667 0.7312500000000001 0.8010416666666667 0.73046875 0.7645833333333334 0.7125 0.7677083333333334 0.7117187500000001 0.790625 0.7234375000000001 0.8166666666666667
3 0.571875 0.8177083333333334 0.5750000000000001 0.8208333333333334 0.58515625 0.7927083333333333 0.58515625 0.7739583333333334 0.5804687500000001 0.7666666666666666 0.5703125000000001 0.7677083333333334 0.56953125 0.8041666666666667 0.571875 0.8177083333333334
3 0.359375 0.6802083333333334 0.375 0.6645833333333334 0.37812500000000004 0.65 0.37734375000000003 0.6395833333333334 0.36250000000000004 0.6427083333333334 0.35781250000000003 0.6541666666666667 0.35703125 0.675 0.359375 0.6802083333333334
3 0.67890625 0.628125 0.6843750000000001 0.6166666666666667 0.6820312500000001 0.603125 0.675 0.6052083333333333 0.6726562500000001 0.6114583333333334 0.6726562500000001 0.6197916666666666 0.67890625 0.628125
3 0.64375 0.7572916666666667 0.6492187500000001 0.7645833333333334 0.6507812500000001 0.771875 0.6546875000000001 0.7729166666666667 0.6585937500000001 0.753125 0.6570312500000001 0.7354166666666666 0.6515625 0.728125 0.6421875 0.7322916666666667 0.6414062500000001 0.7489583333333334 0.64375 0.7572916666666667
3 0.9929687500000001 0.65625 0.99921875 0.6572916666666666 0.99921875 0.6395833333333334 0.9929687500000001 0.6364583333333333 0.9859375 0.6395833333333334 0.9859375 0.65 0.9929687500000001 0.65625
3 0.659375 0.8322916666666667 0.6703125000000001 0.8697916666666666 0.6742187500000001 0.8635416666666667 0.6734375 0.8552083333333333 0.6781250000000001 0.8239583333333333 0.67734375 0.8135416666666666 0.67109375 0.8041666666666667 0.6578125 0.8072916666666666 0.659375 0.8322916666666667
3 0.60859375 0.6916666666666667 0.6109375 0.6916666666666667 0.6195312500000001 0.6854166666666667 0.62265625 0.665625 0.6203125 0.6604166666666667 0.6078125000000001 0.65625 0.60703125 0.6822916666666666 0.60859375 0.6916666666666667
3 0.6078125000000001 0.8239583333333333 0.6125 0.8239583333333333 0.6171875 0.8041666666666667 0.6171875 0.78125 0.61328125 0.775 0.60546875 0.775 0.6023437500000001 0.7781250000000001 0.6046875 0.8166666666666667 0.6078125000000001 0.8239583333333333
3 0.6507812500000001 0.5885416666666666 0.65390625 0.5885416666666666 0.65546875 0.5708333333333333 0.65390625 0.5666666666666667 0.64765625 0.5708333333333333 0.64765625 0.5833333333333334 0.6507812500000001 0.5885416666666666
3 0.6820312500000001 0.671875 0.6859375000000001 0.6604166666666667 0.6859375000000001 0.640625 0.675 0.6375000000000001 0.6742187500000001 0.6395833333333334 0.675 0.6614583333333334 0.6820312500000001 0.671875
3 0.7140625 0.5354166666666667 0.71640625 0.53125 0.71640625 0.5187499999999999 0.7117187500000001 0.5187499999999999 0.7093750000000001 0.53125 0.7140625 0.5354166666666667
3 0.45 0.925 0.44921875 0.9479166666666666 0.453125 0.953125 0.45703125 0.9458333333333334 0.4609375 0.9239583333333334 0.46796875000000004 0.9104166666666667 0.46640625 0.896875 0.47109375000000003 0.8802083333333334 0.4703125 0.8729166666666667 0.47421875 0.865625 0.46640625 0.8697916666666666 0.453125 0.8645833333333334 0.44765625000000003 0.875 0.4453125 0.9145833333333334 0.45 0.925
3 0.71015625 0.7270833333333334 0.71484375 0.7197916666666666 0.71484375 0.7125 0.7088412747524754 0.7074979372937293 0.70703125 0.709375 0.70078125 0.7041666666666666 0.696875 0.7041666666666666 0.6960937500000001 0.7072916666666667 0.6953125 0.7270833333333334 0.6960937500000001 0.7333333333333334 0.69921875 0.7354166666666666 0.71015625 0.7270833333333334