8 0.44707661290322587 0.2974910394265233 0.44707661290322587 0.310931899641577 0.44808467741935487 0.3136200716845878 0.45010080645161293 0.31451612903225806 0.4524529569892473 0.3130227001194743 0.4574932795698925 0.3121266427718041 0.4635416666666667 0.3130227001194743 0.46421370967741943 0.31152927120669055 0.46421370967741943 0.27956989247311825 0.4635416666666667 0.27389486260454 0.4563172043010753 0.272700119474313 0.453125 0.27299880525686976 0.44976478494623656 0.2747909199522103 0.4484206989247312 0.27837514934289126 0.44808467741935487 0.28375149342891276 0.44623655913978494 0.2909199522102748 0.4460685483870968 0.2939068100358423 0.44707661290322587 0.2974910394265233
8 0.5987903225806451 0.44295101553166066 0.5999663978494624 0.4432497013142174 0.6031586021505376 0.44713261648745517 0.6060147849462366 0.45549581839904424 0.6090389784946237 0.4575866188769414 0.6115591397849462 0.45639187574671447 0.6312163978494624 0.4575866188769414 0.6347446236559141 0.45878136200716846 0.6362567204301075 0.4602747909199522 0.6377688172043011 0.4602747909199522 0.640625 0.458183990442055 0.6414650537634409 0.45639187574671447 0.6426411290322581 0.4519115890083632 0.6428091397849462 0.4426523297491039 0.6423051075268817 0.4393667861409797 0.6419690860215055 0.4145758661887694 0.6409610215053765 0.4044205495818399 0.6392809139784946 0.39755077658303467 0.6302083333333334 0.3832138590203106 0.6270161290322581 0.3793309438470729 0.6231518817204302 0.3763440860215053 0.6070228494623656 0.3745519713261649 0.6039986559139785 0.3754480286738351 0.6009744623655914 0.3790322580645161 0.5987903225806451 0.38620071684587814 0.597614247311828 0.40113500597371565 0.597614247311828 0.4295101553166069 0.5987903225806451 0.44295101553166066
1 0.792842741935484 0.4680406212664277 0.8010752688172043 0.47311827956989244 0.8029233870967742 0.4775985663082437 0.8054435483870969 0.48148148148148145 0.8067876344086022 0.4859617682198327 0.8125 0.4943249701314217 0.8136760752688174 0.4982078853046595 0.8130040322580646 0.5149342891278375 0.8138440860215055 0.519115890083632 0.8158602150537635 0.5232974910394265 0.8165322580645161 0.526284348864994 0.8210685483870969 0.5292712066905615 0.8222446236559141 0.5277777777777778 0.8252688172043011 0.526284348864994 0.8284610215053765 0.5224014336917562 0.8316532258064517 0.514336917562724 0.8415658602150538 0.5128434886499402 0.8435819892473119 0.5110513739545998 0.8452620967741936 0.5074671445639187 0.8459341397849464 0.49970131421744324 0.8482862903225807 0.4961170848267622 0.8494623655913979 0.4961170848267622 0.8503024193548389 0.49731182795698925 0.852486559139785 0.507168458781362 0.8556787634408602 0.509557945041816 0.8570228494623656 0.5089605734767025 0.8573588709677421 0.5050776583034647 0.8597110215053765 0.5026881720430108 0.8608870967741936 0.4958183990442055 0.8610551075268817 0.48446833930704897 0.8618951612903226 0.478494623655914 0.8615591397849464 0.46654719235364395 0.8627352150537635 0.46296296296296297 0.863239247311828 0.4560931899641577 0.8627352150537635 0.4531063321385902 0.8588709677419355 0.45280764635603343 0.8551747311827957 0.4543010752688172 0.851478494623656 0.4519115890083632 0.848622311827957 0.44623655913978494 0.8496303763440861 0.4399641577060932 0.8494623655913979 0.4321983273596177 0.8484543010752689 0.43130227001194743 0.8439180107526882 0.43130227001194743 0.828125 0.4345878136200717 0.8245967741935485 0.4339904420549581 0.8180443548387097 0.4378733572281959 0.8161962365591399 0.4402628434886499 0.8136760752688174 0.4417562724014337 0.811491935483871 0.44504181600955794 0.8099798387096775 0.4456391875746714 0.8044354838709679 0.4537037037037037 0.8030913978494624 0.4543010752688172 0.8010752688172043 0.4575866188769414 0.7982190860215055 0.45997610513739545 0.7977150537634409 0.4614695340501792 0.7931787634408602 0.4656511350059737 0.7925067204301075 0.46654719235364395 0.792842741935484 0.4680406212664277
1 0.6063508064516129 0.35752688172043007 0.6071908602150538 0.3611111111111111 0.6078629032258065 0.37007168458781364 0.6090389784946237 0.3730585424133811 0.618111559139785 0.37425328554360815 0.6243279569892474 0.37395459976105133 0.6293682795698926 0.36768219832735966 0.6350806451612904 0.3635005973715651 0.6357526881720431 0.36140979689366787 0.6355846774193549 0.3551373954599761 0.6339045698924731 0.34886499402628435 0.6318884408602151 0.3449820788530466 0.6290322580645161 0.3410991636798088 0.6228158602150538 0.3372162485065711 0.6174395161290323 0.3354241338112306 0.6125672043010753 0.33602150537634407 0.6100470430107527 0.34020310633213857 0.6068548387096775 0.3497610513739546 0.6063508064516129 0.35215053763440857 0.6063508064516129 0.35752688172043007
8 0.2866263440860215 0.45340501792114696 0.2896505376344086 0.45728793309438465 0.3177083333333333 0.45549581839904424 0.32073252688172044 0.4566905615292712 0.32358870967741943 0.45878136200716846 0.32426075268817206 0.4602747909199522 0.32510080645161293 0.4602747909199522 0.32661290322580644 0.4584826762246117 0.32795698924731187 0.458183990442055 0.32913306451612906 0.4543010752688172 0.33299731182795705 0.44623655913978494 0.3348454301075269 0.4447431302270012 0.3366935483870968 0.44145758661887696 0.33938172043010756 0.4399641577060932 0.34173387096774194 0.4345878136200717 0.3419018817204301 0.42144563918757466 0.33938172043010756 0.4103942652329749 0.34022177419354843 0.40053763440860213 0.3355174731182796 0.3963560334528076 0.3316532258064516 0.3879928315412186 0.32963709677419356 0.38620071684587814 0.3210685483870968 0.3850059737156511 0.3037634408602151 0.3867980884109916 0.3019153225806452 0.38859020310633213 0.29805107526881724 0.39008363201911583 0.2953629032258065 0.39277180406212664 0.29183467741935487 0.39904420549581837 0.2893145161290323 0.40113500597371565 0.2866263440860215 0.41308243727598565 0.2856182795698925 0.4265232974910394 0.2856182795698925 0.4507168458781362 0.2866263440860215 0.45340501792114696
1 0.6769153225806451 0.4662485065710872 0.6774193548387097 0.47939068100358423 0.6784274193548389 0.4841696535244922 0.6827956989247312 0.48805256869773 0.6858198924731184 0.48924731182795694 0.6898521505376345 0.49462365591397844 0.6910282258064517 0.495221027479092 0.6933803763440861 0.5002986857825568 0.6957325268817205 0.5089605734767025 0.6967405913978495 0.5101553166069295 0.6994287634408602 0.5122461170848267 0.7049731182795699 0.5128434886499402 0.7241263440860216 0.51194743130227 0.738239247311828 0.5140382317801673 0.7414314516129032 0.51194743130227 0.7427755376344086 0.5026881720430108 0.7429435483870969 0.4961170848267622 0.7412634408602151 0.48476702508960573 0.7380712365591399 0.47729988052568695 0.7337029569892474 0.470131421744325 0.7288306451612904 0.4537037037037037 0.7241263440860216 0.4456391875746714 0.7207661290322581 0.4417562724014337 0.7174059139784946 0.43876941457586616 0.7123655913978495 0.4369772998805257 0.6890120967741936 0.43757467144563916 0.6848118279569894 0.4417562724014337 0.682459677419355 0.44713261648745517 0.6782594086021505 0.4531063321385902 0.6779233870967742 0.45489844683393066 0.6769153225806451 0.4617682198327359 0.6769153225806451 0.4662485065710872
1 0.560483870967742 0.3667861409796893 0.5619959677419355 0.37037037037037035 0.5636760752688172 0.37156511350059734 0.5677083333333334 0.37156511350059734 0.5714045698924731 0.37007168458781364 0.5724126344086022 0.36768219832735966 0.573252688172043 0.3623058542413381 0.5766129032258065 0.35603345280764637 0.5840053763440861 0.3491636798088411 0.5826612903225806 0.3408004778972521 0.5816532258064516 0.33811230585424135 0.5772849462365591 0.332437275985663 0.5756048387096775 0.3312425328554361 0.5745967741935485 0.3291517323775388 0.5725806451612904 0.33034647550776586 0.5672043010752689 0.33064516129032256 0.5636760752688172 0.3333333333333333 0.5588037634408602 0.3473715651135006 0.5593077956989247 0.35812425328554365 0.560483870967742 0.3667861409796893
1 0.43951612903225806 0.36379928315412186 0.43918010752688175 0.3643966547192353 0.44321236559139787 0.3635005973715651 0.44573252688172044 0.3617084826762246 0.453125 0.36140979689366787 0.4571572580645161 0.36140979689366787 0.4600134408602151 0.36379928315412186 0.4620295698924732 0.3626045400238948 0.4625336021505377 0.36140979689366787 0.4635416666666667 0.3449820788530466 0.46270161290322587 0.34050179211469533 0.4621975806451613 0.3315412186379928 0.46034946236559143 0.3267622461170848 0.45682123655913986 0.32467144563918754 0.44976478494623656 0.32467144563918754 0.44573252688172044 0.32646356033452806 0.4430443548387097 0.32945041816009557 0.441364247311828 0.3348267622461171 0.43867607526881724 0.3387096774193548 0.43850806451612906 0.35663082437275984 0.43951612903225806 0.36379928315412186
5 0.3516465053763441 0.5675029868578255 0.35248655913978494 0.5698924731182795 0.36307123655913975 0.5713859020310633 0.37752016129032256 0.5707885304659498 0.3949932795698925 0.5678016726403823 0.40171370967741943 0.5683990442054958 0.4038978494623656 0.5648148148148148 0.4049059139784947 0.5612305854241337 0.4055779569892473 0.557347670250896 0.4055779569892473 0.5516726403823178 0.4067540322580645 0.5451015531660692 0.410114247311828 0.5412186379928315 0.4114583333333333 0.540621266427718 0.41397849462365593 0.5364396654719236 0.4148185483870968 0.533452807646356 0.4156586021505376 0.521505376344086 0.4156586021505376 0.5035842293906809 0.4148185483870968 0.49701314217443243 0.41397849462365593 0.49492234169653526 0.4136424731182796 0.48775388291517324 0.4129704301075269 0.48446833930704897 0.4112903225806452 0.48058542413381117 0.40860215053763443 0.47729988052568695 0.40120967741935487 0.472520908004779 0.3941532258064516 0.4734169653524492 0.37987231182795705 0.4734169653524492 0.37567204301075274 0.4752090800477897 0.3696236559139785 0.4838709677419355 0.36811155913978494 0.4874551971326164 0.3677755376344087 0.48984468339307047 0.36643145161290325 0.491636798088411 0.36575940860215056 0.49462365591397844 0.36038306451612906 0.5065710872162486 0.35920698924731187 0.5077658303464755 0.35551075268817206 0.5077658303464755 0.3539986559139785 0.5086618876941458 0.353494623655914 0.5122461170848267 0.35567876344086025 0.515531660692951 0.35618279569892475 0.519115890083632 0.35332661290322587 0.531063321385902 0.35248655913978494 0.5325567502986858 0.35080645161290325 0.5424133811230585 0.35080645161290325 0.5600358422939068 0.3516465053763441 0.5675029868578255
1 0.3696236559139785 0.4223416965352449 0.38272849462365593 0.42204301075268813 0.38961693548387094 0.4202508960573476 0.3956653225806452 0.4202508960573476 0.3975134408602151 0.4211469534050179 0.40053763440860213 0.4199522102747909 0.4010416666666667 0.41935483870967744 0.40188172043010756 0.41397849462365593 0.4059139784946237 0.4074074074074074 0.4067540322580645 0.40382317801672635 0.40641801075268824 0.38530465949820786 0.4045698924731183 0.37962962962962965 0.4044018817204301 0.37753882915173237 0.40305779569892475 0.3760454002389486 0.4010416666666667 0.37156511350059734 0.3990255376344087 0.3697729988052569 0.3975134408602151 0.3688769414575866 0.3842405913978495 0.3688769414575866 0.3781922043010753 0.37425328554360815 0.37567204301075274 0.3754480286738351 0.37348790322580644 0.3793309438470729 0.3696236559139785 0.39008363201911583 0.36945564516129037 0.3969534050179211 0.3679435483870968 0.40591397849462363 0.3679435483870968 0.4181600955794504 0.3696236559139785 0.4223416965352449
5 0.5836693548387097 0.3363201911589008 0.5836693548387097 0.3393070489844683 0.5877016129032259 0.3491636798088411 0.5900537634408602 0.35005973715651134 0.6060147849462366 0.3503584229390681 0.6085349462365592 0.3452807646356033 0.6107190860215055 0.33572281959378736 0.6107190860215055 0.33034647550776586 0.6092069892473119 0.32437275985663083 0.6070228494623656 0.3207885304659498 0.6023185483870969 0.31571087216248506 0.598622311827957 0.31511350059737153 0.5893817204301075 0.3172043010752688 0.586861559139785 0.31989247311827956 0.5855174731182796 0.3249701314217443 0.5840053763440861 0.32765830346475505 0.5850134408602151 0.3321385902031063 0.5836693548387097 0.3363201911589008
1 0.5577956989247312 0.34169653524492233 0.5596438172043011 0.3434886499402628 0.5608198924731183 0.3434886499402628 0.5616599462365591 0.34229390681003585 0.5630040322580646 0.3372162485065711 0.565356182795699 0.3330346475507766 0.5668682795698925 0.3321385902031063 0.5754368279569892 0.3312425328554361 0.5767809139784946 0.3297491039426523 0.5769489247311829 0.3282556750298686 0.5762768817204301 0.32437275985663083 0.5720766129032259 0.31511350059737153 0.5710685483870969 0.313321385902031 0.5682123655913979 0.3118279569892473 0.5596438172043011 0.31242532855436084 0.5586357526881721 0.31421744324970136 0.5572916666666667 0.3225806451612903 0.5571236559139785 0.3387096774193548 0.5577956989247312 0.34169653524492233
1 0.6701948924731184 0.6206690561529271 0.6701948924731184 0.6278375149342891 0.6715389784946237 0.6412783751493428 0.6752352150537635 0.6490442054958184 0.6789314516129032 0.6493428912783751 0.6817876344086022 0.6460573476702508 0.6851478494623656 0.6466547192353644 0.6875 0.6496415770609318 0.690356182795699 0.6565113500597372 0.691364247311828 0.6609916367980885 0.6935483870967742 0.664874551971326 0.6945564516129032 0.6699522102747909 0.6945564516129032 0.6789127837514934 0.6950604838709679 0.6810035842293907 0.6957325268817205 0.6974313022700118 0.6974126344086022 0.705794504181601 0.7001008064516129 0.7132616487455197 0.703125 0.7156511350059737 0.7066532258064517 0.7150537634408601 0.7100134408602151 0.7108721624850657 0.7121975806451614 0.7025089605734768 0.7133736559139785 0.7001194743130227 0.7165658602150538 0.6989247311827957 0.7207661290322581 0.6992234169653524 0.7268145161290323 0.7016129032258064 0.7525201612903226 0.7031063321385902 0.7543682795698926 0.7051971326164874 0.7550403225806451 0.7084826762246117 0.757728494623656 0.7150537634408601 0.761592741935484 0.7180406212664278 0.7659610215053765 0.7180406212664278 0.7691532258064517 0.7153524492234169 0.7703293010752689 0.7123655913978495 0.7715053763440861 0.705794504181601 0.7725134408602151 0.7031063321385902 0.7726814516129032 0.6995221027479092 0.7746975806451614 0.6935483870967742 0.7757056451612904 0.6854838709677419 0.7758736559139785 0.6783154121863798 0.774361559139785 0.6702508960573477 0.7730174731182795 0.6574074074074074 0.7668010752688174 0.6415770609318996 0.7664650537634409 0.6391875746714456 0.7639448924731184 0.6326164874551972 0.7637768817204302 0.6305256869772998 0.7614247311827957 0.628136200716846 0.7597446236559141 0.6236559139784946 0.7597446236559141 0.6185782556750298 0.7619287634408602 0.6129032258064515 0.7622647849462366 0.6093189964157705 0.757728494623656 0.6081242532855435 0.7550403225806451 0.6063321385902031 0.753864247311828 0.6039426523297491 0.7525201612903226 0.5967741935483871 0.7498319892473119 0.5884109916367981 0.7473118279569894 0.5842293906810035 0.7466397849462366 0.5815412186379928 0.7385752688172043 0.5651135005973715 0.7273185483870969 0.5462962962962963 0.725470430107527 0.5448028673835125 0.7244623655913979 0.5424133811230585 0.7224462365591399 0.5409199522102748 0.7180779569892474 0.534647550776583 0.713709677419355 0.5319593787335722 0.7048051075268817 0.5307646356033453 0.6871639784946237 0.529868578255675 0.6839717741935485 0.5319593787335722 0.6809475806451614 0.5409199522102748 0.6720430107526882 0.5612305854241337 0.6715389784946237 0.5639187574671445 0.6710349462365592 0.5794504181600956 0.6703629032258065 0.58363201911589 0.6706989247311829 0.5913978494623655 0.6696908602150538 0.5976702508960573 0.6693548387096775 0.6108124253285544 0.6701948924731184 0.6206690561529271
5 0.05057123655913979 0.7574671445639187 0.05225134408602151 0.7640382317801673 0.053763440860215055 0.7664277180406212 0.055947580645161296 0.7679211469534051 0.06938844086021506 0.7700119474313022 0.08854166666666667 0.7697132616487455 0.09895833333333333 0.7673237753882916 0.1105510752688172 0.7661290322580645 0.11928763440860217 0.7622461170848267 0.12634408602150538 0.7577658303464756 0.13020833333333334 0.7586618876941458 0.13356854838709678 0.7622461170848267 0.13709677419354838 0.7610513739545998 0.14146505376344087 0.7553763440860215 0.14230510752688172 0.7529868578255674 0.14499327956989247 0.7440262843488651 0.14633736559139784 0.7311827956989247 0.14868951612903225 0.72610513739546 0.15104166666666666 0.7240143369175627 0.15356182795698925 0.7192353643966547 0.15793010752688175 0.71415770609319 0.16330645161290322 0.7054958183990442 0.16515456989247315 0.7037037037037037 0.16666666666666666 0.6995221027479092 0.17389112903225806 0.6878733572281959 0.17775537634408603 0.6857825567502986 0.18229166666666666 0.6863799283154122 0.186491935483871 0.6827956989247311 0.18867607526881722 0.6786140979689366 0.19035618279569894 0.6702508960573477 0.19102822580645162 0.6550179211469533 0.19102822580645162 0.6430704898446834 0.18934811827956988 0.6332138590203107 0.18783602150537637 0.6287335722819594 0.18598790322580647 0.6257467144563919 0.17607526881720428 0.6227598566308243 0.15725806451612903 0.621863799283154 0.15120967741935484 0.6236559139784946 0.13726478494623656 0.6227598566308243 0.12735215053763443 0.6239545997610514 0.1076948924731183 0.6239545997610514 0.10433467741935486 0.6248506571087217 0.10181451612903226 0.6275388291517323 0.0997983870967742 0.6311230585424134 0.09475806451612903 0.6353046594982078 0.09005376344086022 0.6415770609318996 0.08820564516129033 0.6427718040621266 0.08635752688172044 0.6463560334528076 0.08350134408602151 0.6496415770609318 0.08030913978494623 0.6562126642771804 0.07946908602150539 0.6597968936678613 0.07594086021505378 0.6651732377538829 0.07375672043010753 0.6699522102747909 0.07358870967741936 0.6714456391875747 0.07090053763440861 0.6765232974910395 0.06989247311827958 0.6798088410991637 0.06821236559139786 0.6827956989247311 0.06569220430107528 0.6851851851851852 0.062331989247311835 0.6932497013142175 0.05779569892473119 0.7013142174432496 0.05628360215053764 0.7025089605734768 0.05225134408602151 0.7126642771804063 0.051915322580645164 0.7174432497013142 0.05057123655913979 0.722520908004779 0.05057123655913979 0.7270011947431302 0.04956317204301076 0.7290919952210274 0.04889112903225806 0.7335722819593786 0.04889112903225806 0.7419354838709677 0.05057123655913979 0.7574671445639187
1 0.577116935483871 0.3249701314217443 0.5777889784946237 0.32616487455197135 0.580981182795699 0.32795698924731187 0.5826612903225806 0.32795698924731187 0.5850134408602151 0.32616487455197135 0.5856854838709677 0.32048984468339303 0.587869623655914 0.3178016726403823 0.591733870967742 0.31571087216248506 0.5999663978494624 0.3154121863799283 0.6013104838709679 0.31451612903225806 0.6006384408602151 0.31033452807646356 0.5950940860215055 0.3016726403823178 0.5877016129032259 0.29988052568697726 0.5846774193548387 0.29988052568697726 0.580981182795699 0.30256869772998807 0.5803091397849462 0.30495818399044206 0.5777889784946237 0.3091397849462365 0.577116935483871 0.31242532855436084 0.5766129032258065 0.31660692951015534 0.577116935483871 0.3249701314217443
1 0.572244623655914 0.3912783751493429 0.5744287634408602 0.39994026284348866 0.5777889784946237 0.4050179211469534 0.5893817204301075 0.40292712066905617 0.5955981182795699 0.40382317801672635 0.5972782258064517 0.4002389486260454 0.5982862903225807 0.3951612903225807 0.5991263440860215 0.38381123058542416 0.6008064516129032 0.3784348864994026 0.6038306451612904 0.37395459976105133 0.6039986559139785 0.37246117084826763 0.6026545698924731 0.36589008363201914 0.6006384408602151 0.3602150537634408 0.5972782258064517 0.35543608124253284 0.5919018817204301 0.35244922341696533 0.5841733870967742 0.3506571087216248 0.5782930107526882 0.3536439665471924 0.5757728494623656 0.35812425328554365 0.5744287634408602 0.3593189964157706 0.5729166666666667 0.3640979689366786 0.5717405913978495 0.3754480286738351 0.5717405913978495 0.3882915173237754 0.572244623655914 0.3912783751493429
4 0.7536962365591399 0.5719832735961768 0.7540322580645161 0.5743727598566308 0.7565524193548389 0.5755675029868578 0.7590725806451614 0.5782556750298686 0.7639448924731184 0.5881123058542413 0.7652889784946237 0.5946833930704898 0.7651209677419355 0.6072281959378734 0.765625 0.6155913978494624 0.7669690860215055 0.6224611708482676 0.7689852150537635 0.6263440860215054 0.7720094086021506 0.628136200716846 0.7748655913978495 0.6278375149342891 0.776209677419355 0.6269414575866188 0.7775537634408602 0.6245519713261649 0.7794018817204302 0.6236559139784946 0.7883064516129032 0.6269414575866188 0.7980510752688174 0.628136200716846 0.8004032258064517 0.6299283154121864 0.803595430107527 0.6308243727598566 0.8156922043010753 0.6311230585424134 0.8245967741935485 0.6367980884109916 0.828125 0.6367980884109916 0.8311491935483871 0.6338112305854241 0.8323252688172043 0.6311230585424134 0.8333333333333334 0.6278375149342891 0.8338373655913979 0.6230585424133811 0.8338373655913979 0.6045400238948625 0.8346774193548389 0.5949820788530465 0.8338373655913979 0.5872162485065711 0.8303091397849464 0.5782556750298686 0.8276209677419355 0.5675029868578255 0.8276209677419355 0.5630227001194743 0.829133064516129 0.5609318996415771 0.8301411290322581 0.557347670250896 0.8287970430107527 0.554958183990442 0.8256048387096775 0.552568697729988 0.8239247311827957 0.550179211469534 0.8167002688172043 0.5289725209080047 0.8131720430107527 0.5224014336917562 0.8118279569892474 0.5182198327359617 0.8076276881720431 0.5125448028673835 0.8032594086021506 0.5098566308243727 0.7893145161290323 0.5092592592592593 0.7864583333333334 0.5068697729988053 0.7795698924731184 0.5065710872162486 0.7763776881720431 0.5050776583034647 0.7720094086021506 0.5059737156511349 0.7683131720430109 0.509557945041816 0.7590725806451614 0.5092592592592593 0.7580645161290323 0.508363201911589 0.7584005376344086 0.5050776583034647 0.7550403225806451 0.5035842293906809 0.754872311827957 0.5089605734767025 0.7540322580645161 0.5122461170848267 0.7540322580645161 0.5235961768219832 0.7533602150537635 0.5295698924731183 0.7531922043010753 0.5388291517323776 0.7518481182795699 0.5495818399044206 0.7516801075268817 0.5678016726403823 0.7536962365591399 0.5719832735961768
1 0.7795698924731184 0.47162485065710874 0.7837701612903226 0.47072879330943845 0.7792338709677419 0.470131421744325 0.7782258064516129 0.47072879330943845 0.7795698924731184 0.47162485065710874
1 0.643481182795699 0.43578255675029864 0.6451612903225807 0.4399641577060932 0.6481854838709679 0.4423536439665472 0.649361559139785 0.4444444444444444 0.6542338709677419 0.4575866188769414 0.6564180107526881 0.45579450418160095 0.6607862903225807 0.45459976105137395 0.6659946236559141 0.45489844683393066 0.6754032258064517 0.4575866188769414 0.6775873655913979 0.45459976105137395 0.6794354838709679 0.4501194743130227 0.682459677419355 0.44683393070489846 0.6838037634408602 0.44145758661887696 0.6856518817204302 0.4390681003584229 0.6863239247311829 0.43578255675029864 0.6856518817204302 0.4232377538829152 0.6829637096774194 0.41099163679808837 0.6777553763440861 0.3987455197132616 0.6765793010752689 0.3942652329749104 0.6735551075268817 0.39008363201911583 0.6651545698924731 0.38530465949820786 0.6532258064516129 0.38530465949820786 0.6498655913978495 0.38620071684587814 0.6475134408602151 0.3879928315412186 0.6451612903225807 0.39157706093189965 0.6429771505376345 0.39725209080047785 0.6429771505376345 0.4318996415770609 0.643481182795699 0.43578255675029864
1 0.625 0.3745519713261649 0.6256720430107527 0.3769414575866189 0.6276881720430109 0.37813620071684584 0.628864247311828 0.3805256869772999 0.631720430107527 0.3835125448028674 0.6335685483870969 0.38739545997610514 0.6345766129032259 0.38769414575866185 0.6369287634408602 0.3921744324970131 0.6392809139784946 0.39336917562724016 0.6402889784946237 0.3951612903225807 0.6421370967741936 0.39396654719235363 0.6451612903225807 0.38948626045400236 0.648353494623656 0.3867980884109916 0.662970430107527 0.3847072879330944 0.6641465053763441 0.38381123058542416 0.662970430107527 0.3793309438470729 0.660114247311828 0.3760454002389486 0.6587701612903226 0.3727598566308244 0.6565860215053765 0.3697729988052569 0.6518817204301075 0.36589008363201914 0.6475134408602151 0.3640979689366786 0.6379368279569894 0.3623058542413381 0.633736559139785 0.3632019115890084 0.6328965053763441 0.3646953405017921 0.6300403225806451 0.3664874551971326 0.6246639784946237 0.3718637992831541 0.623991935483871 0.37335722819593786 0.625 0.3745519713261649
2 0.8605510752688174 0.6666666666666666 0.8607190860215055 0.6723416965352449 0.866095430107527 0.6863799283154122 0.8672715053763441 0.6872759856630823 0.8713037634408602 0.6956391875746714 0.8724798387096775 0.7031063321385902 0.8744959677419355 0.7063918757467144 0.8761760752688174 0.7129629629629629 0.8763440860215055 0.7156511350059737 0.8783602150537635 0.7210274790919953 0.8803763440860216 0.7228195937873357 0.8818884408602151 0.7204301075268816 0.8818884408602151 0.7051971326164874 0.8808803763440861 0.6995221027479092 0.8793682795698926 0.6968339307048984 0.878864247311828 0.6941457586618877 0.8783602150537635 0.69026284348865 0.8786962365591399 0.6827956989247311 0.8780241935483871 0.6804062126642771 0.8761760752688174 0.6786140979689366 0.8744959677419355 0.6717443249701314 0.8761760752688174 0.6684587813620071 0.8800403225806451 0.6636798088410991 0.8845766129032259 0.6636798088410991 0.8862567204301075 0.6624850657108722 0.8867607526881721 0.6609916367980885 0.8862567204301075 0.6583034647550776 0.8845766129032259 0.6532258064516129 0.8822244623655914 0.6502389486260454 0.8805443548387097 0.6466547192353644 0.879872311827957 0.6415770609318996 0.8802083333333334 0.6370967741935483 0.8781922043010754 0.6296296296296297 0.8766801075268817 0.6275388291517323 0.873991935483871 0.6257467144563919 0.8696236559139785 0.6257467144563919 0.8687836021505376 0.626642771804062 0.8676075268817205 0.6296296296296297 0.8664314516129032 0.6415770609318996 0.8640793010752689 0.6463560334528076 0.8627352150537635 0.6469534050179212 0.8612231182795699 0.6505376344086021 0.8590389784946237 0.6580047789725209 0.8605510752688174 0.6666666666666666
2 0.27251344086021506 0.49014336917562723 0.27419354838709675 0.49850657108721624 0.2819220430107527 0.5035842293906809 0.28326612903225806 0.5068697729988053 0.2847782258064516 0.5134408602150538 0.2856182795698925 0.5197132616487455 0.28645833333333337 0.5209080047789725 0.2879704301075269 0.5197132616487455 0.28847446236559143 0.5188172043010753 0.2891465053763441 0.5068697729988053 0.28998655913978494 0.5041816009557946 0.2903225806451613 0.49850657108721624 0.28998655913978494 0.48357228195937874 0.2874663978494624 0.47879330943847076 0.28511424731182794 0.4767025089605735 0.28410618279569894 0.4746117084826762 0.28326612903225806 0.47162485065710874 0.28259408602150543 0.4647550776583035 0.2819220430107527 0.4626642771804062 0.2804099462365591 0.4608721624850657 0.27805779569892475 0.4608721624850657 0.27620967741935487 0.4626642771804062 0.2736895161290323 0.4734169653524492 0.27251344086021506 0.4817801672640382 0.27251344086021506 0.49014336917562723
2 0.06418010752688172 0.5349462365591398 0.06418010752688172 0.5319593787335722 0.06300403225806452 0.5319593787335722 0.06283602150537636 0.5331541218637993 0.06418010752688172 0.5349462365591398
2 0.050067204301075266 0.5394265232974911 0.05040322580645162 0.5492831541218638 0.051915322580645164 0.5528673835125448 0.051915322580645164 0.5612305854241337 0.050067204301075266 0.577658303464755 0.050067204301075266 0.5916965352449223 0.05040322580645162 0.5925925925925926 0.05393145161290323 0.5934886499402628 0.054603494623655914 0.591995221027479 0.05426747311827957 0.58363201911589 0.05510752688172044 0.5803464755077657 0.0552755376344086 0.5755675029868578 0.0571236559139785 0.5627240143369175 0.0582997311827957 0.5630227001194743 0.06081989247311829 0.5663082437275985 0.06165994623655915 0.5821385902031063 0.062331989247311835 0.5857228195937874 0.06468413978494623 0.5869175627240143 0.06586021505376344 0.5857228195937874 0.06653225806451613 0.5824372759856631 0.06636424731182797 0.5701911589008363 0.06535618279569892 0.5612305854241337 0.06535618279569892 0.5555555555555556 0.06586021505376344 0.5534647550776582 0.06535618279569892 0.5504778972520908 0.06434811827956989 0.5480884109916369 0.059643817204301085 0.5448028673835125 0.0582997311827957 0.543010752688172 0.0582997311827957 0.5385304659498208 0.059307795698924734 0.5361409796893667 0.059307795698924734 0.5328554360812425 0.060147849462365593 0.5316606929510155 0.062163978494623656 0.5313620071684587 0.06317204301075269 0.525089605734767 0.06199596774193549 0.5185185185185185 0.05897177419354839 0.513142174432497 0.05880376344086022 0.504778972520908 0.05745967741935484 0.5017921146953405 0.05493951612903226 0.5020908004778972 0.053763440860215055 0.5035842293906809 0.051915322580645164 0.5128434886499402 0.04788306451612904 0.5194145758661888 0.04771505376344086 0.521505376344086 0.046875 0.5232974910394265 0.04721102150537635 0.5325567502986858 0.050067204301075266 0.5394265232974911
2 0.10803091397849462 0.48924731182795694 0.1081989247311828 0.49970131421744324 0.1088709677419355 0.5053763440860215 0.11239919354838711 0.5185185185185185 0.11357526881720431 0.5340501792114695 0.11475134408602151 0.5397252090800477 0.11626344086021506 0.5436081242532855 0.11945564516129033 0.5427120669056152 0.11995967741935486 0.540621266427718 0.11995967741935486 0.5319593787335722 0.12315188172043011 0.522700119474313 0.12365591397849462 0.5038829151732377 0.12315188172043011 0.49641577060931896 0.12163978494623658 0.48924731182795694 0.12147177419354839 0.4838709677419355 0.11827956989247312 0.47550776583034643 0.11760752688172044 0.46714456391875747 0.11643145161290323 0.4656511350059737 0.11256720430107528 0.46654719235364395 0.11155913978494623 0.4704301075268817 0.1112231182795699 0.4764038231780167 0.1081989247311828 0.48058542413381117 0.10719086021505378 0.48446833930704897 0.10803091397849462 0.48924731182795694
2 0.09106182795698926 0.4913381123058542 0.09408602150537636 0.5 0.09509408602150539 0.5068697729988053 0.09593413978494623 0.519115890083632 0.09694220430107528 0.522700119474313 0.09895833333333333 0.5244922341696535 0.10047043010752689 0.5235961768219832 0.10198252688172044 0.5209080047789725 0.10315860215053764 0.5086618876941458 0.10383064516129033 0.5074671445639187 0.10735887096774194 0.507168458781362 0.10803091397849462 0.5062724014336917 0.10685483870967742 0.5002986857825568 0.10483870967741937 0.4967144563918757 0.10366263440860217 0.4913381123058542 0.10467069892473119 0.470131421744325 0.10248655913978497 0.4626642771804062 0.09895833333333333 0.45728793309438465 0.09828629032258064 0.4531063321385902 0.09576612903225808 0.4480286738351254 0.09206989247311828 0.4495221027479092 0.09156586021505378 0.4519115890083632 0.09190188172043011 0.4596774193548387 0.08988575268817206 0.46445639187574667 0.08988575268817206 0.4775985663082437 0.09106182795698926 0.4913381123058542
2 0.28377016129032256 0.3745519713261649 0.28326612903225806 0.3859020310633214 0.28393817204301075 0.3867980884109916 0.28645833333333337 0.3867980884109916 0.2874663978494624 0.3844086021505376 0.28813844086021506 0.36798088410991636 0.2891465053763441 0.3640979689366786 0.28998655913978494 0.3629032258064516 0.28998655913978494 0.35424133811230585 0.2874663978494624 0.34886499402628435 0.28595430107526887 0.3482676224611708 0.28276209677419356 0.3497610513739546 0.28125000000000006 0.3551373954599761 0.28125000000000006 0.3646953405017921 0.28377016129032256 0.3745519713261649
5 0.5598118279569892 0.3387096774193548 0.5611559139784946 0.3396057347670251 0.5599798387096775 0.34169653524492233 0.5608198924731183 0.34169653524492233 0.5619959677419355 0.3369175627240143 0.5648521505376345 0.3330346475507766 0.5680443548387097 0.33183990442054956 0.5749327956989247 0.33183990442054956 0.5762768817204301 0.3291517323775388 0.5762768817204301 0.3258661887694146 0.5747647849462366 0.3207885304659498 0.5724126344086022 0.31511350059737153 0.5703965053763441 0.31242532855436084 0.5677083333333334 0.3112305854241338 0.560483870967742 0.3112305854241338 0.5582997311827957 0.3148148148148148 0.5577956989247312 0.32048984468339303 0.5577956989247312 0.33004778972520904 0.5598118279569892 0.3387096774193548
0 0.3430779569892473 0.3312425328554361 0.3430779569892473 0.3425925925925926 0.34408602150537637 0.3515531660692951 0.34408602150537637 0.37007168458781364 0.34543010752688175 0.3730585424133811 0.3511424731182796 0.37574671445639185 0.3731518817204301 0.37425328554360815 0.37600806451612906 0.3730585424133811 0.38088037634408606 0.36857825567502983 0.38726478494623656 0.36618876941457584 0.3881048387096775 0.3646953405017921 0.3889448924731183 0.3602150537634408 0.39079301075268824 0.3548387096774193 0.3914650537634409 0.35005973715651134 0.39247311827956993 0.3393070489844683 0.39247311827956993 0.33034647550776586 0.39163306451612906 0.3231780167264038 0.39196908602150543 0.31600955794504176 0.39079301075268824 0.3034647550776583 0.3877688172043011 0.29988052568697726 0.37869623655913975 0.2980884109916368 0.37163978494623656 0.2980884109916368 0.3627352150537635 0.29988052568697726 0.35786290322580644 0.30256869772998807 0.35601478494623656 0.30465949820788524 0.3528225806451613 0.30645161290322576 0.3487903225806452 0.310931899641577 0.3464381720430108 0.3121266427718041 0.34475806451612906 0.31421744324970136 0.34408602150537637 0.3172043010752688 0.34375 0.3273596176821983 0.3430779569892473 0.3312425328554361
3 0.8802083333333334 0.70221027479092 0.8810483870967742 0.698626045400239 0.8803763440860216 0.6974313022700118 0.8795362903225807 0.6983273596176822 0.8793682795698926 0.6998207885304659 0.8802083333333334 0.70221027479092
3 0.8755040322580646 0.6786140979689366 0.8771841397849464 0.6813022700119474 0.877856182795699 0.6863799283154122 0.878864247311828 0.6893667861409797 0.8805443548387097 0.6914575866188769 0.8835685483870969 0.6920549581839904 0.8862567204301075 0.6753285543608124 0.8862567204301075 0.6678614097968937 0.883736559139785 0.664874551971326 0.8800403225806451 0.664874551971326 0.8736559139784946 0.6708482676224612 0.8736559139784946 0.6732377538829151 0.8755040322580646 0.6786140979689366
3 0.846606182795699 0.6962365591397849 0.8501344086021506 0.7010155316606929 0.8531586021505376 0.7066905615292711 0.8676075268817205 0.7156511350059737 0.8729838709677421 0.7210274790919953 0.8748319892473119 0.721326164874552 0.8763440860215055 0.7231182795698925 0.8797043010752689 0.7228195937873357 0.8808803763440861 0.7204301075268816 0.8803763440860216 0.7174432497013142 0.8813844086021506 0.709378733572282 0.8813844086021506 0.705794504181601 0.8808803763440861 0.7043010752688171 0.8800403225806451 0.7031063321385902 0.8763440860215055 0.7048984468339307 0.8743279569892474 0.7004181600955794 0.8728158602150538 0.6989247311827957 0.8711357526881721 0.6926523297491038 0.8694556451612904 0.6890681003584229 0.8672715053763441 0.6848864994026285 0.8650873655913979 0.6824970131421744 0.8645833333333334 0.679510155316607 0.8615591397849464 0.671146953405018 0.8605510752688174 0.6609916367980885 0.8597110215053765 0.6591995221027479 0.855342741935484 0.6583034647550776 0.8499663978494624 0.6612903225806451 0.8487903225806451 0.6636798088410991 0.8481182795698926 0.6723416965352449 0.8464381720430109 0.6816009557945042 0.8450940860215055 0.6851851851851852 0.8450940860215055 0.6923536439665471 0.846606182795699 0.6962365591397849
3 0.5593077956989247 0.28494623655913975 0.5603158602150538 0.2867383512544803 0.5628360215053764 0.2861409796893668 0.5638440860215054 0.281063321385902 0.5643481182795699 0.27389486260454 0.5638440860215054 0.2721027479091995 0.5608198924731183 0.27001194743130225 0.5593077956989247 0.272700119474313 0.5588037634408602 0.2747909199522103 0.5593077956989247 0.28494623655913975
3 0.425739247311828 0.281063321385902 0.42674731182795705 0.2840501792114695 0.4287634408602151 0.2852449223416965 0.4302755376344087 0.28285543608124253 0.4312836021505377 0.27956989247311825 0.4312836021505377 0.2735961768219833 0.42909946236559143 0.26971326164874554 0.4274193548387097 0.27001194743130225 0.425739247311828 0.2721027479091995 0.4252352150537635 0.27389486260454 0.425739247311828 0.281063321385902
3 0.27217741935483875 0.531063321385902 0.2745295698924731 0.5370370370370371 0.275369623655914 0.5379330943847073 0.2797379032258065 0.5370370370370371 0.2847782258064516 0.5292712066905615 0.28645833333333337 0.522700119474313 0.2862903225806452 0.5161290322580645 0.28461021505376344 0.5065710872162486 0.28309811827956993 0.5020908004778972 0.2767137096774194 0.49880525686977295 0.27251344086021506 0.4991039426523297 0.2710013440860215 0.5104540023894862 0.2710013440860215 0.5244922341696535 0.27217741935483875 0.531063321385902
3 0.7941868279569894 0.4405615292712067 0.7943548387096775 0.4423536439665472 0.796875 0.4459378733572282 0.7995631720430109 0.44623655913978494 0.8015793010752689 0.4459378733572282 0.803595430107527 0.44384707287933095 0.8067876344086022 0.4447431302270012 0.8113239247311829 0.44384707287933095 0.8187163978494624 0.43637992831541217 0.8222446236559141 0.4351851851851852 0.8235887096774194 0.4318996415770609 0.8232526881720431 0.4283154121863799 0.8225806451612904 0.42712066905615287 0.8195564516129032 0.42592592592592593 0.8182123655913979 0.4244324970131422 0.8145161290322581 0.42712066905615287 0.8098118279569894 0.42592592592592593 0.8088037634408602 0.4232377538829152 0.8086357526881721 0.4175627240143369 0.8071236559139785 0.4136798088410992 0.8042674731182797 0.41726403823178015 0.8002352150537635 0.41965352449223414 0.7985551075268817 0.42204301075268813 0.7970430107526882 0.4223416965352449 0.7933467741935485 0.4318996415770609 0.7933467741935485 0.4393667861409797 0.7941868279569894 0.4405615292712067
3 0.7494959677419355 0.4112903225806452 0.7505040322580646 0.41308243727598565 0.7513440860215055 0.4232377538829152 0.752856182795699 0.4289127837514934 0.7553763440860216 0.4324970131421744 0.7584005376344086 0.42682198327359616 0.7600806451612904 0.4217443249701314 0.7610887096774194 0.4145758661887694 0.7610887096774194 0.40770609318996415 0.7590725806451614 0.4041218637992831 0.753864247311828 0.4044205495818399 0.7520161290322581 0.4032258064516129 0.7506720430107527 0.4041218637992831 0.7491599462365592 0.4086021505376344 0.7494959677419355 0.4112903225806452