1 0.3723958333333333 0.4981481481481482 0.3731770833333333 0.49953703703703706 0.3802083333333333 0.49722222222222223 0.39036458333333335 0.4986111111111111 0.3921875 0.49537037037037035 0.39375 0.48888888888888893 0.3940104166666667 0.4763888888888889 0.390625 0.46898148148148155 0.3880208333333333 0.46666666666666673 0.3799479166666667 0.46620370370370373 0.3755208333333333 0.4703703703703704 0.3716145833333333 0.4819444444444445 0.3713541666666667 0.48842592592592593 0.3723958333333333 0.4981481481481482
1 0.46848958333333335 0.36203703703703705 0.47161458333333334 0.362962962962963 0.4739583333333333 0.3615740740740741 0.47421875 0.35601851851851857 0.47265625 0.35231481481481486 0.4700520833333333 0.350462962962963 0.46718750000000003 0.35324074074074074 0.4669270833333333 0.3587962962962963 0.46848958333333335 0.36203703703703705
4 0.4182291666666667 0.4555555555555556 0.43203125000000003 0.4532407407407408 0.43255208333333334 0.4324074074074074 0.43125 0.42824074074074076 0.4276041666666667 0.42638888888888893 0.42161458333333335 0.42731481481481487 0.4182291666666667 0.4305555555555556 0.4174479166666667 0.4356481481481482 0.4171875 0.44953703703703707 0.4182291666666667 0.4555555555555556
8 0.5111979166666667 0.45972222222222225 0.5127604166666667 0.4620370370370371 0.5161458333333333 0.4638888888888889 0.5257812500000001 0.4643518518518519 0.5291666666666667 0.4643518518518519 0.5304687499999999 0.4625 0.5309895833333333 0.45277777777777783 0.5299479166666666 0.4430555555555556 0.5278645833333333 0.4356481481481482 0.5252604166666667 0.4314814814814815 0.5200520833333333 0.4291666666666667 0.5158854166666667 0.4291666666666667 0.5140625000000001 0.4305555555555556 0.51171875 0.4351851851851852 0.5106770833333334 0.44537037037037036 0.5104166666666666 0.45601851851851855 0.5111979166666667 0.45972222222222225
1 0.4768229166666667 0.37592592592592594 0.4817708333333333 0.37592592592592594 0.48359375 0.3736111111111111 0.4830729166666667 0.3666666666666667 0.4807291666666667 0.36342592592592593 0.47630208333333335 0.36342592592592593 0.4747395833333333 0.3671296296296297 0.47500000000000003 0.3726851851851852 0.4768229166666667 0.37592592592592594
6 0.3841145833333333 0.4180555555555556 0.39140625 0.41851851851851857 0.39453125 0.41481481481481486 0.3947916666666667 0.3995370370370371 0.39375 0.3962962962962963 0.38958333333333334 0.39537037037037037 0.3833333333333333 0.3976851851851852 0.3833333333333333 0.412962962962963 0.3841145833333333 0.4180555555555556
1 0.39765625 0.3837962962962963 0.40520833333333334 0.38333333333333336 0.4057291666666667 0.37638888888888894 0.40234375 0.3712962962962963 0.40078125000000003 0.37083333333333335 0.39817708333333335 0.3731481481481482 0.3966145833333333 0.3773148148148148 0.3963541666666667 0.3810185185185186 0.39765625 0.3837962962962963
1 0.45625 0.4342592592592593 0.46718750000000003 0.4351851851851852 0.46953125 0.4324074074074074 0.4700520833333333 0.42500000000000004 0.4669270833333333 0.41435185185185186 0.4643229166666667 0.41250000000000003 0.4596354166666667 0.41250000000000003 0.4575520833333333 0.4138888888888889 0.4549479166666667 0.41851851851851857 0.4546875 0.4305555555555556 0.45625 0.4342592592592593
1 0.4583333333333333 0.4703703703703704 0.4640625 0.4722222222222222 0.4713541666666667 0.4722222222222222 0.4736979166666667 0.4703703703703704 0.4744791666666667 0.4643518518518519 0.47421875 0.45694444444444443 0.47109375000000003 0.44537037037037036 0.4669270833333333 0.4430555555555556 0.4604166666666667 0.4444444444444444 0.4591145833333333 0.44583333333333336 0.4572916666666667 0.45462962962962966 0.45703125 0.4638888888888889 0.4583333333333333 0.4703703703703704
4 0.3557291666666667 0.5750000000000001 0.3627604166666667 0.5717592592592593 0.37005208333333334 0.5712962962962963 0.3731770833333333 0.5722222222222223 0.3760416666666667 0.5754629629629631 0.3799479166666667 0.5754629629629631 0.384375 0.5537037037037037 0.3846354166666667 0.5444444444444445 0.38359375 0.5300925925925926 0.3802083333333333 0.5240740740740741 0.3768229166666667 0.5217592592592593 0.3682291666666667 0.5217592592592593 0.36171875000000003 0.5245370370370371 0.35703125 0.5296296296296297 0.3528645833333333 0.5532407407407407 0.353125 0.5666666666666667 0.3557291666666667 0.5750000000000001
1 0.4161458333333333 0.38333333333333336 0.41796875 0.38472222222222224 0.421875 0.38333333333333336 0.421875 0.375 0.4205729166666667 0.3712962962962963 0.4174479166666667 0.3699074074074074 0.4140625 0.3736111111111111 0.4135416666666667 0.3768518518518519 0.4161458333333333 0.38333333333333336
1 0.4278645833333333 0.39027777777777783 0.43203125000000003 0.39212962962962966 0.43333333333333335 0.3907407407407408 0.434375 0.3837962962962963 0.43359375 0.3768518518518519 0.4322916666666667 0.37453703703703706 0.4302083333333333 0.375 0.42864583333333334 0.37638888888888894 0.42812500000000003 0.38009259259259265 0.42734375 0.38657407407407407 0.4278645833333333 0.39027777777777783
1 0.40520833333333334 0.3768518518518519 0.40859375000000003 0.37638888888888894 0.4104166666666667 0.3731481481481482 0.41015625 0.36574074074074076 0.4080729166666667 0.36388888888888893 0.4044270833333333 0.3652777777777778 0.4028645833333333 0.3689814814814815 0.4026041666666667 0.3731481481481482 0.40520833333333334 0.3768518518518519
1 0.42161458333333335 0.4166666666666667 0.43203125000000003 0.4166666666666667 0.43359375 0.41435185185185186 0.43359375 0.4050925925925926 0.43203125000000003 0.39861111111111114 0.4252604166666667 0.39861111111111114 0.42161458333333335 0.4050925925925926 0.42083333333333334 0.4115740740740741 0.42161458333333335 0.4166666666666667
1 0.5015625 0.42870370370370375 0.5119791666666667 0.42870370370370375 0.5138020833333333 0.42500000000000004 0.5122395833333333 0.41481481481481486 0.5085937500000001 0.4097222222222222 0.50546875 0.4083333333333333 0.5015625 0.40925925925925927 0.49921875 0.4157407407407408 0.49921875 0.42500000000000004 0.5015625 0.42870370370370375
1 0.4505208333333333 0.3824074074074075 0.45625 0.38287037037037036 0.45859375 0.38009259259259265 0.4572916666666667 0.3731481481481482 0.453125 0.3694444444444445 0.45078125 0.37083333333333335 0.4497395833333333 0.3731481481481482 0.4494791666666667 0.3805555555555556 0.4505208333333333 0.3824074074074075
1 0.3971354166666667 0.43287037037037035 0.4078125 0.4324074074074074 0.4096354166666667 0.42824074074074076 0.4096354166666667 0.4166666666666667 0.4078125 0.4097222222222222 0.4 0.4101851851851852 0.3971354166666667 0.4138888888888889 0.3963541666666667 0.4180555555555556 0.3958333333333333 0.42870370370370375 0.3971354166666667 0.43287037037037035
1 0.45598958333333334 0.4083333333333333 0.4596354166666667 0.4078703703703704 0.46328125000000003 0.40416666666666673 0.4630208333333333 0.39861111111111114 0.46171875 0.39351851851851855 0.4588541666666667 0.3907407407407408 0.4552083333333333 0.39027777777777783 0.453125 0.3916666666666667 0.4518229166666667 0.3995370370370371 0.4518229166666667 0.4050925925925926 0.45598958333333334 0.4083333333333333
1 0.46171875 0.37824074074074077 0.46718750000000003 0.37870370370370376 0.4690104166666667 0.37638888888888894 0.4674479166666667 0.3689814814814815 0.46640625 0.36759259259259264 0.4630208333333333 0.3666666666666667 0.46015625 0.37083333333333335 0.46015625 0.375462962962963 0.46171875 0.37824074074074077
8 0.48333333333333334 0.46296296296296297 0.484375 0.4643518518518519 0.4981770833333333 0.46481481481481485 0.5007812500000001 0.46342592592592596 0.5018229166666667 0.45972222222222225 0.5015625 0.44583333333333336 0.4981770833333333 0.43333333333333335 0.49609375 0.43009259259259264 0.49192708333333335 0.4277777777777778 0.4854166666666667 0.42870370370370375 0.4838541666666667 0.4314814814814815 0.4825520833333333 0.44583333333333336 0.48333333333333334 0.46296296296296297
1 0.4703125 0.4046296296296297 0.478125 0.4046296296296297 0.4807291666666667 0.4032407407407408 0.48020833333333335 0.39351851851851855 0.4776041666666667 0.3875 0.4731770833333333 0.38657407407407407 0.4703125 0.3893518518518519 0.4692708333333333 0.39212962962962966 0.4690104166666667 0.4013888888888889 0.4703125 0.4046296296296297
5 0.46718750000000003 0.563888888888889 0.46796875 0.5685185185185185 0.4692708333333333 0.5708333333333334 0.4760416666666667 0.5722222222222223 0.49114583333333334 0.5722222222222223 0.49296875 0.5703703703703704 0.49453125000000003 0.5578703703703703 0.49505208333333334 0.5425925925925926 0.4947916666666667 0.5402777777777777 0.4916666666666667 0.5351851851851852 0.48802083333333335 0.5245370370370371 0.4815104166666667 0.5217592592592593 0.4736979166666667 0.5217592592592593 0.4705729166666667 0.525925925925926 0.4669270833333333 0.5356481481481482 0.4661458333333333 0.5407407407407407 0.46718750000000003 0.563888888888889
1 0.415625 0.4032407407407408 0.4190104166666667 0.40092592592592596 0.4192708333333333 0.3893518518518519 0.4184895833333333 0.38657407407407407 0.41484375 0.38333333333333336 0.4106770833333333 0.38333333333333336 0.4083333333333333 0.38657407407407407 0.4075520833333333 0.3907407407407408 0.4078125 0.40231481481481485 0.415625 0.4032407407407408
1 0.2994791666666667 0.7652777777777778 0.30364583333333334 0.7731481481481481 0.3328125 0.7731481481481481 0.3380208333333333 0.7745370370370371 0.3416666666666667 0.7782407407407409 0.3455729166666667 0.7787037037037038 0.34765625 0.7717592592592594 0.3479166666666667 0.7564814814814815 0.3494791666666667 0.7425925925925926 0.353125 0.7351851851851853 0.3575520833333333 0.7314814814814815 0.35911458333333335 0.7263888888888889 0.35859375 0.6990740740740741 0.3567708333333333 0.6902777777777778 0.35442708333333334 0.6851851851851852 0.3489583333333333 0.6819444444444445 0.3221354166666667 0.6796296296296297 0.31796875 0.6805555555555556 0.3143229166666667 0.6870370370370371 0.3096354166666667 0.6925925925925925 0.3080729166666667 0.7000000000000001 0.3002604166666667 0.7171296296296297 0.2973958333333333 0.7370370370370372 0.2971354166666667 0.7421296296296297 0.2994791666666667 0.7652777777777778
4 0.5867187500000001 0.6300925925925925 0.5880208333333333 0.6337962962962963 0.5924479166666666 0.6388888888888888 0.5971354166666667 0.6472222222222223 0.5986979166666666 0.6537037037037038 0.5989583333333334 0.6606481481481482 0.6013020833333333 0.6662037037037037 0.6059895833333334 0.6666666666666666 0.6098958333333334 0.6625 0.6151041666666667 0.6611111111111112 0.6255208333333334 0.6625 0.6291666666666667 0.6657407407407407 0.6333333333333334 0.6652777777777779 0.6341145833333334 0.6638888888888889 0.6356770833333334 0.6546296296296297 0.6354166666666666 0.6342592592592593 0.625 0.6018518518518519 0.61953125 0.5907407407407408 0.61640625 0.5875 0.6130208333333333 0.5865740740740741 0.6013020833333333 0.5865740740740741 0.5880208333333333 0.5888888888888889 0.5856770833333333 0.5925925925925926 0.5859375 0.6236111111111112 0.5867187500000001 0.6300925925925925
0 0.42161458333333335 0.35324074074074074 0.425 0.35324074074074074 0.4270833333333333 0.350462962962963 0.4278645833333333 0.33842592592592596 0.4265625 0.3347222222222222 0.4200520833333333 0.3347222222222222 0.4184895833333333 0.33842592592592596 0.4182291666666667 0.34629629629629627 0.42161458333333335 0.35324074074074074
0 0.36614583333333334 0.40648148148148155 0.3692708333333333 0.4078703703703704 0.3783854166666667 0.4074074074074074 0.38046875 0.40648148148148155 0.3815104166666667 0.40370370370370373 0.3807291666666667 0.39027777777777783 0.3796875 0.38703703703703707 0.3770833333333333 0.38425925925925924 0.37265625 0.3837962962962963 0.36953125000000003 0.3851851851851852 0.36614583333333334 0.38703703703703707 0.3645833333333333 0.39027777777777783 0.3645833333333333 0.4013888888888889 0.36614583333333334 0.40648148148148155
6 0.15625 0.7370370370370372 0.16015625 0.7578703703703704 0.16145833333333334 0.7782407407407409 0.16458333333333336 0.7875000000000001 0.17239583333333336 0.7930555555555556 0.17526041666666667 0.7972222222222223 0.18411458333333336 0.7958333333333334 0.209375 0.8 0.21979166666666666 0.7990740740740742 0.23046875 0.7902777777777779 0.23776041666666667 0.7907407407407407 0.24192708333333335 0.7814814814814816 0.24427083333333335 0.7703703703703704 0.2484375 0.7652777777777778 0.25 0.7601851851851853 0.2518229166666667 0.7476851851851852 0.25156249999999997 0.7375 0.25364583333333335 0.7287037037037037 0.26848958333333334 0.6976851851851853 0.2716145833333333 0.6944444444444444 0.2760416666666667 0.6925925925925925 0.278125 0.688888888888889 0.2794270833333333 0.6819444444444445 0.28046875000000004 0.651388888888889 0.28046875000000004 0.6379629629629631 0.27838541666666666 0.611574074074074 0.2786458333333333 0.5990740740740741 0.27369791666666665 0.5879629629629629 0.26927083333333335 0.5847222222222223 0.2557291666666667 0.5837962962962964 0.24765625 0.5856481481481481 0.24140625000000002 0.5800925925925926 0.234375 0.5842592592592593 0.21354166666666666 0.6041666666666666 0.20989583333333334 0.6101851851851853 0.20755208333333336 0.6212962962962963 0.19973958333333336 0.6296296296296297 0.18203125 0.6546296296296297 0.1609375 0.6856481481481481 0.15286458333333336 0.699537037037037 0.15338541666666666 0.713888888888889 0.15625 0.7370370370370372
6 0.3080729166666667 0.5569444444444445 0.3104166666666667 0.5601851851851852 0.3213541666666667 0.5597222222222222 0.32786458333333335 0.5615740740740741 0.3296875 0.5606481481481482 0.3315104166666667 0.5578703703703703 0.3325520833333333 0.5523148148148148 0.3385416666666667 0.5453703703703704 0.3403645833333333 0.5402777777777777 0.3401041666666667 0.525925925925926 0.33489583333333334 0.5171296296296296 0.3322916666666667 0.5162037037037037 0.3229166666666667 0.5157407407407407 0.3143229166666667 0.5180555555555556 0.3098958333333333 0.5217592592592593 0.3057291666666667 0.5291666666666667 0.3059895833333333 0.5467592592592593 0.3080729166666667 0.5569444444444445