8 0.6703125000000001 0.425 0.6859375000000001 0.425 0.6882812500000001 0.4208333333333333 0.6859375000000001 0.4055555555555555 0.6828125 0.4013888888888889 0.64765625 0.4027777777777778 0.6453125000000001 0.4111111111111111 0.6703125000000001 0.425
1 0.43046875 0.2722222222222222 0.44609375 0.2722222222222222 0.45078125 0.26666666666666666 0.45 0.2569444444444444 0.44609375 0.2513888888888889 0.4375 0.2513888888888889 0.4265625 0.2611111111111111 0.4265625 0.26805555555555555 0.43046875 0.2722222222222222
1 0.25234375000000003 0.3208333333333333 0.25 0.3083333333333333 0.240625 0.3083333333333333 0.240625 0.32361111111111107 0.25234375000000003 0.3208333333333333
1 0.3296875 0.29027777777777775 0.328125 0.2833333333333333 0.32265625000000003 0.2833333333333333 0.32343750000000004 0.2916666666666667 0.3296875 0.29027777777777775
1 0.503125 0.29027777777777775 0.5171875 0.2916666666666667 0.52265625 0.2861111111111111 0.5359375000000001 0.28888888888888886 0.5398437500000001 0.28194444444444444 0.53828125 0.2652777777777778 0.5328125 0.2583333333333333 0.51484375 0.25972222222222224 0.49765625 0.27499999999999997 0.49843750000000003 0.2847222222222222 0.503125 0.29027777777777775
1 0.31875000000000003 0.3416666666666667 0.3171875 0.3305555555555555 0.30546875 0.32916666666666666 0.30703125000000003 0.3430555555555555 0.31875000000000003 0.3416666666666667
1 0.30625 0.2861111111111111 0.30390625000000004 0.2791666666666667 0.30000000000000004 0.2791666666666667 0.30000000000000004 0.28888888888888886 0.30625 0.2861111111111111
1 0.3765625 0.3416666666666667 0.37421875000000004 0.3277777777777778 0.36640625000000004 0.325 0.3640625 0.32916666666666666 0.3640625 0.3416666666666667 0.3765625 0.3416666666666667
1 0.225 0.4194444444444444 0.240625 0.4194444444444444 0.24531250000000002 0.4152777777777778 0.24609375 0.3972222222222222 0.24375000000000002 0.39166666666666666 0.2265625 0.39166666666666666 0.22421875000000002 0.39999999999999997 0.225 0.4194444444444444
1 0.32578125 0.3083333333333333 0.32343750000000004 0.3 0.31640625 0.3 0.31796875 0.3097222222222222 0.32578125 0.3083333333333333
1 0.27578125000000003 0.30277777777777776 0.27578125000000003 0.29583333333333334 0.27109375 0.2916666666666667 0.26953125000000006 0.3 0.27578125000000003 0.30277777777777776
1 0.12187500000000001 0.5249999999999999 0.13828125000000002 0.5194444444444445 0.15390625000000002 0.5208333333333334 0.1625 0.5027777777777778 0.1625 0.4861111111111111 0.14921875 0.475 0.13281250000000003 0.47638888888888886 0.12734375 0.48055555555555557 0.11875000000000001 0.5 0.11796875000000001 0.5111111111111111 0.12187500000000001 0.5249999999999999
1 0.31015625 0.3138888888888889 0.309375 0.3069444444444444 0.3015625 0.3041666666666667 0.30000000000000004 0.31527777777777777 0.31015625 0.3138888888888889
5 0.27968750000000003 0.44027777777777777 0.27968750000000003 0.4166666666666667 0.275 0.4097222222222222 0.26406250000000003 0.4083333333333333 0.25859375 0.4152777777777778 0.25859375 0.4444444444444444 0.27968750000000003 0.44027777777777777
1 0.33906250000000004 0.65 0.34296875000000004 0.6513888888888888 0.35000000000000003 0.6444444444444444 0.38515625000000003 0.6444444444444444 0.38593750000000004 0.6222222222222222 0.38203125000000004 0.5958333333333333 0.38359375 0.5861111111111111 0.37890625 0.5819444444444444 0.37031250000000004 0.5555555555555556 0.34453125 0.5527777777777777 0.33515625000000004 0.5805555555555555 0.33437500000000003 0.6138888888888888 0.33906250000000004 0.65
1 0.21171875 0.4791666666666667 0.2234375 0.4833333333333333 0.2265625 0.47638888888888886 0.22812500000000002 0.4555555555555555 0.2265625 0.4444444444444444 0.22265625 0.4375 0.2015625 0.4375 0.19609375 0.4472222222222222 0.19609375 0.4861111111111111 0.21171875 0.4791666666666667
1 0.3171875 0.33194444444444443 0.31328125 0.3194444444444444 0.30390625000000004 0.3180555555555556 0.3046875 0.3305555555555555 0.3171875 0.33194444444444443
1 0.30703125000000003 0.3666666666666667 0.32109375 0.36527777777777776 0.32109375 0.35 0.3171875 0.3388888888888889 0.30859375 0.3402777777777778 0.30546875 0.3458333333333333 0.3046875 0.3569444444444444 0.30703125000000003 0.3666666666666667
1 0.28125000000000006 0.3847222222222222 0.28203125 0.3736111111111111 0.27890625 0.3597222222222222 0.26640625 0.3583333333333333 0.26328125 0.3638888888888889 0.26484375000000004 0.3875 0.28125000000000006 0.3847222222222222
1 0.36953125000000003 0.19722222222222222 0.38203125000000004 0.19999999999999998 0.39375000000000004 0.19305555555555554 0.39375000000000004 0.1847222222222222 0.3875 0.17777777777777778 0.37578125 0.1736111111111111 0.36562500000000003 0.18055555555555555 0.36484375 0.18888888888888888 0.36953125000000003 0.19722222222222222
1 0.28437500000000004 0.32361111111111107 0.28515625000000006 0.3125 0.27890625 0.3111111111111111 0.27890625 0.3222222222222222 0.28437500000000004 0.32361111111111107
1 0.37343750000000003 0.3986111111111111 0.38984375000000004 0.3958333333333333 0.38984375000000004 0.38611111111111107 0.384375 0.3722222222222222 0.37578125 0.3708333333333333 0.371875 0.3763888888888889 0.37109375 0.3902777777777778 0.37343750000000003 0.3986111111111111
1 0.31093750000000003 0.2986111111111111 0.30781250000000004 0.29027777777777775 0.30390625000000004 0.2916666666666667 0.30390625000000004 0.3 0.31093750000000003 0.2986111111111111
1 0.3375 0.4430555555555556 0.3359375 0.4125 0.31328125 0.41388888888888886 0.3140625 0.4444444444444444 0.3375 0.4430555555555556
1 0.27578125000000003 0.26944444444444443 0.27343750000000006 0.26249999999999996 0.2703125 0.2652777777777778 0.27187500000000003 0.2722222222222222 0.27578125000000003 0.26944444444444443
1 0.3171875 0.29583333333333334 0.3171875 0.2875 0.3125 0.2861111111111111 0.31171875000000004 0.29305555555555557 0.3171875 0.29583333333333334
1 0.8796875000000001 0.37777777777777777 0.8875000000000001 0.3805555555555556 0.89375 0.3736111111111111 0.90234375 0.3736111111111111 0.91015625 0.3847222222222222 0.9187500000000001 0.38611111111111107 0.925 0.3819444444444444 0.9304687500000001 0.3708333333333333 0.940625 0.3736111111111111 0.95703125 0.3666666666666667 0.9632812500000001 0.3694444444444444 0.96875 0.37777777777777777 0.9750000000000001 0.3763888888888889 0.98203125 0.3541666666666667 0.98203125 0.32916666666666666 0.9765625 0.3138888888888889 0.96796875 0.3055555555555556 0.9515625000000001 0.3 0.9296875 0.3013888888888889 0.91171875 0.3097222222222222 0.8992187500000001 0.32361111111111107 0.8757812500000001 0.33194444444444443 0.87109375 0.3430555555555555 0.8703125 0.36527777777777776 0.8796875000000001 0.37777777777777777
1 0.3328125 0.32361111111111107 0.33125000000000004 0.3125 0.325 0.3111111111111111 0.321875 0.31666666666666665 0.32343750000000004 0.325 0.3328125 0.32361111111111107
1 0.34687500000000004 0.35555555555555557 0.34375 0.3388888888888889 0.33359375 0.3402777777777778 0.33437500000000003 0.3569444444444444 0.34687500000000004 0.35555555555555557
1 0.32343750000000004 0.4722222222222222 0.32421875 0.5 0.3515625 0.4972222222222222 0.35000000000000003 0.4722222222222222 0.353125 0.4638888888888889 0.3453125 0.44861111111111107 0.33203125 0.4472222222222222 0.32421875 0.4527777777777778 0.3203125 0.4666666666666667 0.32343750000000004 0.4722222222222222
1 0.26875000000000004 0.28888888888888886 0.2671875 0.28194444444444444 0.2625 0.28194444444444444 0.2625 0.29027777777777775 0.26875000000000004 0.28888888888888886
1 0.3453125 0.3180555555555556 0.34375 0.3069444444444444 0.33671875 0.3069444444444444 0.33671875 0.3180555555555556 0.3453125 0.3180555555555556
1 0.38125000000000003 0.5347222222222222 0.40937500000000004 0.5319444444444444 0.4078125 0.5 0.4 0.48055555555555557 0.3828125 0.4791666666666667 0.37578125 0.4972222222222222 0.37578125 0.5180555555555555 0.38125000000000003 0.5347222222222222
5 0.42812500000000003 0.5097222222222222 0.453125 0.5069444444444444 0.45390625 0.4916666666666667 0.45156250000000003 0.4777777777777778 0.44296875 0.4638888888888889 0.43203125000000003 0.4597222222222222 0.41953125 0.4694444444444444 0.41953125 0.49027777777777776 0.42812500000000003 0.5097222222222222
1 0.28906250000000006 0.27499999999999997 0.290625 0.2652777777777778 0.2859375 0.2652777777777778 0.28515625000000006 0.2736111111111111 0.28906250000000006 0.27499999999999997
1 0.64765625 0.41388888888888886 0.67109375 0.425 0.6882812500000001 0.4222222222222222 0.6859375000000001 0.4055555555555555 0.6820312500000001 0.39999999999999997 0.6531250000000001 0.3986111111111111 0.64609375 0.4041666666666667 0.64453125 0.4097222222222222 0.64765625 0.41388888888888886
2 0.8343750000000001 0.31666666666666665 0.83515625 0.3527777777777778 0.8296875 0.37916666666666665 0.815625 0.3972222222222222 0.8132812500000001 0.4208333333333333 0.81640625 0.425 0.8453125 0.425 0.85859375 0.41388888888888886 0.859375 0.39999999999999997 0.85703125 0.3888888888888889 0.8671875 0.3833333333333333 0.853125 0.3402777777777778 0.8500000000000001 0.3083333333333333 0.8562500000000001 0.29305555555555557 0.8515625 0.2722222222222222 0.8453125 0.26666666666666666 0.8328125000000001 0.27499999999999997 0.8265625000000001 0.29027777777777775 0.82734375 0.3055555555555556 0.8343750000000001 0.31666666666666665
2 0.53671875 0.3055555555555556 0.53828125 0.3083333333333333 0.5437500000000001 0.3055555555555556 0.5484375 0.2875 0.5554687500000001 0.2916666666666667 0.5546875000000001 0.24305555555555555 0.5492187500000001 0.23194444444444445 0.54453125 0.23194444444444445 0.5429687500000001 0.2388888888888889 0.5421875 0.26666666666666666 0.53671875 0.3055555555555556
2 0.784375 0.4694444444444444 0.78671875 0.4708333333333333 0.7890625 0.4361111111111111 0.7859375000000001 0.4305555555555556 0.7828125 0.4333333333333333 0.7820312500000001 0.45694444444444443 0.784375 0.4694444444444444
4 0.0734375 0.7930555555555555 0.125 0.7791666666666666 0.1390625 0.7833333333333333 0.14296875 0.7722222222222221 0.14296875 0.7527777777777778 0.1453125 0.7444444444444444 0.16015625 0.7138888888888888 0.15781250000000002 0.6680555555555555 0.1546875 0.6625 0.146875 0.6597222222222222 0.11953125 0.6597222222222222 0.09921875000000001 0.6652777777777777 0.08828125 0.6777777777777778 0.08046875 0.7138888888888888 0.065625 0.7472222222222222 0.065625 0.7722222222222221 0.0734375 0.7930555555555555
6 0.3140625 0.4444444444444444 0.3359375 0.4458333333333333 0.3375 0.42777777777777776 0.33437500000000003 0.37916666666666665 0.3171875 0.375 0.31171875000000004 0.3819444444444444 0.31171875000000004 0.4291666666666667 0.3140625 0.4444444444444444
6 0.90390625 0.5763888888888888 0.9085937500000001 0.5722222222222222 0.91015625 0.5819444444444444 0.9171875 0.5916666666666667 0.9320312500000001 0.5958333333333333 0.9484375 0.575 0.94921875 0.5569444444444445 0.9460937500000001 0.5513888888888888 0.9171875 0.5347222222222222 0.909375 0.5388888888888889 0.9078125 0.5249999999999999 0.9 0.5263888888888889 0.8968750000000001 0.5319444444444444 0.89453125 0.5708333333333333 0.90390625 0.5763888888888888
6 0.2703125 0.3208333333333333 0.26875000000000004 0.29583333333333334 0.26171875000000006 0.29583333333333334 0.26093750000000004 0.3194444444444444 0.2703125 0.3208333333333333
6 0.49765625 0.6263888888888888 0.49843750000000003 0.6375 0.5039062500000001 0.65 0.5062500000000001 0.6763888888888888 0.5140625000000001 0.6875 0.51875 0.7041666666666666 0.5265625 0.7041666666666666 0.5484375 0.7416666666666666 0.5531250000000001 0.7708333333333334 0.5570312500000001 0.7791666666666666 0.6078125000000001 0.7763888888888888 0.6351562500000001 0.7652777777777777 0.63671875 0.7083333333333334 0.64765625 0.6944444444444444 0.6531250000000001 0.6930555555555555 0.65390625 0.6875 0.6484375 0.661111111111111 0.63203125 0.6416666666666666 0.61640625 0.5847222222222223 0.5945312500000001 0.5833333333333334 0.5554687500000001 0.5319444444444444 0.5390625000000001 0.5166666666666666 0.5171875 0.5180555555555555 0.5156250000000001 0.5291666666666667 0.5046875000000001 0.5402777777777777 0.5007812500000001 0.5569444444444445 0.5007812500000001 0.6138888888888888 0.49765625 0.6263888888888888