8 0.7515432098765431 0.8359053497942386 0.7550154320987653 0.83179012345679 0.7550154320987653 0.8276748971193415 0.7515432098765431 0.8261316872427983 0.7488425925925926 0.8276748971193415 0.7496141975308641 0.8359053497942386 0.7515432098765431 0.8359053497942386
6 0.6053240740740741 0.7566872427983539 0.6057098765432097 0.7654320987654321 0.6084104938271605 0.7746913580246912 0.6072530864197531 0.786522633744856 0.6076388888888888 0.7988683127572016 0.6099537037037037 0.8055555555555556 0.6126543209876543 0.8261316872427983 0.6157407407407407 0.8281893004115226 0.6195987654320987 0.8266460905349794 0.6242283950617283 0.8338477366255144 0.6246141975308641 0.8425925925925926 0.6404320987654321 0.897119341563786 0.6404320987654321 0.9187242798353908 0.6427469135802468 0.9248971193415637 0.6439043209876543 0.9403292181069958 0.6481481481481481 0.956275720164609 0.6508487654320987 0.9598765432098765 0.6547067901234568 0.95679012345679 0.6558641975308641 0.9598765432098765 0.6628086419753086 0.9670781893004116 0.6747685185185185 0.9737654320987653 0.695216049382716 0.9768518518518519 0.7133487654320987 0.9778806584362139 0.7195216049382716 0.9763374485596708 0.7449845679012346 0.9758230452674896 0.7623456790123456 0.9722222222222222 0.7689043209876543 0.9670781893004116 0.7727623456790123 0.9583333333333334 0.7727623456790123 0.9290123456790123 0.7708333333333334 0.9254115226337448 0.7654320987654321 0.8930041152263374 0.7550154320987653 0.8641975308641975 0.7484567901234568 0.8508230452674896 0.7472993827160493 0.8461934156378601 0.7476851851851852 0.8359053497942386 0.7434413580246912 0.831275720164609 0.7303240740740741 0.7973251028806584 0.7260802469135802 0.7901234567901234 0.7287808641975309 0.7793209876543209 0.7295524691358024 0.7597736625514403 0.7326388888888888 0.7386831275720164 0.7337962962962963 0.7376543209876543 0.7303240740740741 0.73559670781893 0.7303240740740741 0.727366255144033 0.7272376543209875 0.70679012345679 0.7148919753086419 0.6851851851851852 0.6863425925925926 0.6430041152263374 0.663966049382716 0.6424897119341564 0.6566358024691357 0.63940329218107 0.6365740740740741 0.6388888888888888 0.6188271604938271 0.6404320987654321 0.6111111111111112 0.6435185185185185 0.6091820987654321 0.6496913580246912 0.6060956790123456 0.7057613168724279 0.6068672839506172 0.7304526748971193 0.6053240740740741 0.7566872427983539
8 0.2974537037037037 0.7993827160493827 0.3001543209876543 0.8101851851851852 0.3101851851851852 0.8122427983539094 0.32793209876543206 0.8127572016460904 0.37037037037037035 0.8106995884773662 0.38695987654320985 0.809156378600823 0.39737654320987653 0.802469135802469 0.40084876543209874 0.7983539094650205 0.4020061728395061 0.7911522633744856 0.40084876543209874 0.7680041152263374 0.40239197530864196 0.7587448559670782 0.4093364197530864 0.7366255144032922 0.41473765432098764 0.7294238683127572 0.41550925925925924 0.7242798353909464 0.41705246913580246 0.691872427983539 0.4162808641975308 0.6743827160493827 0.41396604938271603 0.6604938271604938 0.41550925925925924 0.6568930041152263 0.4232253086419753 0.6543209876543209 0.4228395061728395 0.6481481481481481 0.41473765432098764 0.6481481481481481 0.4085648148148148 0.6337448559670782 0.40470679012345673 0.6291152263374485 0.39737654320987653 0.6244855967078189 0.36959876543209874 0.6229423868312757 0.34220679012345673 0.6265432098765431 0.30671296296296297 0.6815843621399176 0.3051697530864197 0.6856995884773662 0.3020833333333333 0.6970164609053497 0.30092592592592593 0.7093621399176954 0.2974537037037037 0.7263374485596708 0.2962962962962963 0.7520576131687242 0.2959104938271605 0.7695473251028806 0.2974537037037037 0.7993827160493827
8 0.6508487654320987 0.48559670781893005 0.6574074074074074 0.48251028806584356 0.6647376543209875 0.48302469135802467 0.6739969135802468 0.4881687242798354 0.6786265432098765 0.49537037037037035 0.6855709876543209 0.49897119341563784 0.689429012345679 0.49074074074074076 0.6925154320987653 0.47736625514403286 0.6917438271604938 0.4701646090534979 0.6855709876543209 0.45987654320987653 0.6736111111111112 0.4542181069958847 0.6577932098765431 0.4531893004115226 0.6543209876543209 0.4547325102880658 0.6508487654320987 0.4619341563786008 0.6493055555555556 0.470679012345679 0.6508487654320987 0.48559670781893005
8 0.5127314814814815 0.4202674897119341 0.5150462962962963 0.42592592592592593 0.5216049382716049 0.42644032921810693 0.5258487654320988 0.42181069958847733 0.5273919753086419 0.4151234567901234 0.5270061728395061 0.4084362139917695 0.5250771604938271 0.4012345679012345 0.5223765432098765 0.3976337448559671 0.5154320987654321 0.3950617283950617 0.5111882716049382 0.3955761316872428 0.5084876543209876 0.397119341563786 0.5057870370370371 0.4038065843621399 0.5050154320987654 0.4146090534979424 0.5127314814814815 0.4202674897119341
8 0.5640432098765432 0.4418724279835391 0.5640432098765432 0.4470164609053498 0.5675154320987654 0.4531893004115226 0.5733024691358024 0.4542181069958847 0.5744598765432098 0.4531893004115226 0.5748456790123456 0.4351851851851852 0.5806327160493827 0.42644032921810693 0.5810185185185185 0.4212962962962963 0.5783179012345678 0.41820987654320985 0.5748456790123456 0.4171810699588477 0.5675154320987654 0.4171810699588477 0.5632716049382716 0.4207818930041152 0.5625 0.4393004115226337 0.5640432098765432 0.4418724279835391
8 0.5779320987654321 0.45987654320987653 0.5810185185185185 0.4614197530864197 0.5910493827160493 0.44958847736625507 0.6006944444444444 0.44958847736625507 0.5991512345679012 0.43878600823045266 0.5949074074074074 0.4310699588477366 0.5814043209876543 0.42695473251028804 0.5763888888888888 0.43158436213991763 0.5744598765432098 0.43878600823045266 0.5756172839506173 0.45627572016460904 0.5779320987654321 0.45987654320987653
1 0.45717592592592593 0.6136831275720164 0.45563271604938266 0.625 0.4564043209876543 0.6435185185185185 0.49382716049382713 0.6455761316872427 0.4992283950617284 0.647633744855967 0.5050154320987654 0.6532921810699589 0.5119598765432098 0.6532921810699589 0.5131172839506173 0.647119341563786 0.5131172839506173 0.6044238683127572 0.5073302469135802 0.5925925925925926 0.5057870370370371 0.5807613168724279 0.4691358024691358 0.5802469135802469 0.46489197530864196 0.5848765432098765 0.46334876543209874 0.5895061728395061 0.45949074074074076 0.5879629629629629 0.45601851851851855 0.5915637860082305 0.4618055555555556 0.595679012345679 0.45717592592592593 0.6136831275720164
1 0.560570987654321 0.4922839506172839 0.5640432098765432 0.49176954732510286 0.5640432098765432 0.493312757201646 0.5655864197530863 0.4876543209876543 0.5709876543209876 0.4809670781893004 0.5760030864197531 0.4804526748971193 0.5856481481481481 0.48251028806584356 0.5871913580246914 0.4804526748971193 0.5829475308641975 0.4670781893004115 0.5779320987654321 0.4619341563786008 0.5675154320987654 0.4603909465020576 0.5640432098765432 0.46296296296296297 0.5586419753086419 0.470679012345679 0.5582561728395061 0.48559670781893005 0.560570987654321 0.4922839506172839
1 0.5362654320987654 0.4567901234567901 0.5405092592592593 0.45781893004115226 0.5432098765432098 0.45730452674897115 0.5501543209876543 0.4393004115226337 0.5462962962962963 0.434156378600823 0.5432098765432098 0.43209876543209874 0.5397376543209876 0.43209876543209874 0.5354938271604938 0.4351851851851852 0.5316358024691358 0.4418724279835391 0.5316358024691358 0.45267489711934156 0.5362654320987654 0.4567901234567901
1 0.5883487654320988 0.47788065843621397 0.6068672839506172 0.47942386831275713 0.6091820987654321 0.47736625514403286 0.6099537037037037 0.4686213991769547 0.6087962962962963 0.46347736625514396 0.6064814814814815 0.455761316872428 0.6026234567901234 0.45113168724279834 0.5856481481481481 0.45164609053497945 0.5825617283950617 0.455761316872428 0.5821759259259259 0.46347736625514396 0.5883487654320988 0.47788065843621397
1 0.5987654320987653 0.5596707818930041 0.6041666666666666 0.5576131687242798 0.6323302469135802 0.5596707818930041 0.6342592592592593 0.5570987654320988 0.634645061728395 0.5457818930041152 0.6307870370370371 0.5288065843621399 0.6265432098765431 0.5195473251028806 0.6192129629629629 0.5108024691358024 0.6161265432098765 0.5092592592592593 0.5987654320987653 0.5087448559670782 0.595679012345679 0.5102880658436214 0.5910493827160493 0.5200617283950617 0.5887345679012346 0.5303497942386831 0.5887345679012346 0.543724279835391 0.5987654320987653 0.5596707818930041
1 0.8244598765432097 0.9681069958847736 0.8314043209876543 0.9768518518518519 0.8398919753086419 0.9794238683127572 0.8506944444444444 0.9948559670781892 0.853395061728395 0.9963991769547325 0.8657407407407407 0.9979423868312757 0.9012345679012346 0.9969135802469135 0.9031635802469135 0.9974279835390946 0.9035493827160493 0.9994855967078189 0.9089506172839505 0.9994855967078189 0.9112654320987653 0.9969135802469135 0.9131944444444444 0.9974279835390946 0.913966049382716 0.9994855967078189 0.9533179012345678 0.9994855967078189 0.9544753086419753 0.9974279835390946 0.9610339506172839 0.9974279835390946 0.9621913580246912 0.9994855967078189 0.9942129629629629 0.9994855967078189 0.9969135802469135 0.9948559670781892 0.9972993827160493 0.9840534979423867 0.9996141975308641 0.9830246913580246 0.9996141975308641 0.9434156378600823 0.9980709876543209 0.9434156378600823 0.9737654320987653 0.911522633744856 0.9525462962962963 0.8868312757201645 0.9359567901234568 0.8698559670781892 0.9270833333333334 0.8631687242798353 0.9243827160493827 0.8590534979423867 0.9247685185185185 0.8539094650205761 0.9236111111111112 0.8492798353909464 0.9182098765432097 0.8425925925925926 0.8896604938271605 0.8410493827160493 0.8572530864197531 0.8446502057613168 0.8518518518518519 0.8446502057613168 0.8487654320987653 0.8425925925925926 0.8449074074074074 0.8441358024691357 0.8445216049382716 0.8518518518518519 0.8491512345679012 0.8590534979423867 0.8483796296296297 0.8652263374485597 0.8449074074074074 0.8713991769547325 0.8391203703703703 0.8765432098765431 0.8352623456790123 0.8796296296296297 0.8302469135802468 0.8791152263374485 0.8279320987654321 0.882201646090535 0.8267746913580246 0.8914609053497942 0.8182870370370371 0.9212962962962963 0.8190586419753086 0.9475308641975309 0.8244598765432097 0.9681069958847736
5 0.6126543209876543 0.5 0.6161265432098765 0.4994855967078189 0.6180555555555556 0.49074074074074076 0.6226851851851852 0.48508230452674894 0.6385030864197531 0.4840534979423868 0.634645061728395 0.4701646090534979 0.6300154320987653 0.46604938271604934 0.6161265432098765 0.4665637860082304 0.6118827160493827 0.4722222222222222 0.6107253086419753 0.47633744855967075 0.6107253086419753 0.492798353909465 0.6126543209876543 0.5
1 0.5189043209876543 0.5185185185185185 0.5223765432098765 0.5216049382716049 0.5270061728395061 0.5169753086419753 0.5297067901234568 0.5025720164609053 0.5320216049382716 0.4994855967078189 0.5378086419753086 0.49639917695473246 0.5459104938271605 0.4943415637860082 0.5474537037037037 0.49125514403292175 0.5482253086419753 0.4835390946502058 0.5462962962962963 0.47736625514403286 0.5428240740740741 0.47273662551440326 0.529320987654321 0.47170781893004116 0.5227623456790123 0.4686213991769547 0.5189043209876543 0.4732510288065843 0.5173611111111112 0.478395061728395 0.5169753086419753 0.5118312757201645 0.5189043209876543 0.5185185185185185
1 0.5374228395061729 0.46347736625514396 0.535108024691358 0.46296296296296297 0.5343364197530863 0.46347736625514396 0.5374228395061729 0.46347736625514396
1 0.7854938271604938 0.6867283950617283 0.7893518518518519 0.691358024691358 0.7974537037037037 0.6908436213991769 0.8179012345679012 0.7124485596707819 0.8252314814814815 0.7175925925925926 0.8290895061728394 0.7253086419753086 0.8314043209876543 0.7350823045267489 0.8341049382716049 0.7386831275720164 0.8383487654320987 0.7412551440329218 0.8418209876543209 0.7407407407407407 0.8584104938271605 0.7453703703703703 0.8734567901234568 0.7469135802469135 0.9116512345679012 0.7469135802469135 0.9143518518518519 0.7463991769547325 0.9166666666666666 0.7438271604938271 0.9182098765432097 0.7386831275720164 0.9185956790123456 0.7186213991769547 0.9120370370370371 0.7026748971193415 0.896219135802469 0.6862139917695472 0.8939043209876543 0.6820987654320987 0.8954475308641975 0.676440329218107 0.8946759259259259 0.6718106995884774 0.8869598765432097 0.669238683127572 0.8730709876543209 0.6496913580246912 0.8595679012345678 0.6373456790123456 0.8460648148148148 0.6316872427983539 0.8314043209876543 0.6306584362139918 0.8236882716049382 0.6311728395061728 0.8213734567901234 0.632716049382716 0.8117283950617283 0.6306584362139918 0.7893518518518519 0.632716049382716 0.7839506172839505 0.6373456790123456 0.7808641975308641 0.6486625514403292 0.7804783950617283 0.661522633744856 0.7854938271604938 0.6867283950617283
1 0.5497685185185185 0.48148148148148145 0.5570987654320988 0.4819958847736625 0.5597993827160493 0.4691358024691358 0.5671296296296297 0.4593621399176954 0.5675154320987654 0.45627572016460904 0.5636574074074074 0.4506172839506173 0.5574845679012346 0.4465020576131687 0.5570987654320988 0.44238683127572015 0.5474537037037037 0.448559670781893 0.5451388888888888 0.4542181069958847 0.5447530864197531 0.45987654320987653 0.5497685185185185 0.48148148148148145
5 0.5289351851851852 0.44238683127572015 0.5405092592592593 0.4284979423868313 0.538966049382716 0.4223251028806584 0.5327932098765432 0.41820987654320985 0.5285493827160493 0.41975308641975306 0.5250771604938271 0.42489711934156377 0.5243055555555556 0.4284979423868313 0.5243055555555556 0.43878600823045266 0.5289351851851852 0.44238683127572015
5 0.6527777777777778 0.5581275720164608 0.6550925925925926 0.5606995884773662 0.6589506172839505 0.5617283950617283 0.665895061728395 0.5709876543209876 0.6682098765432097 0.5725308641975309 0.6763117283950616 0.5720164609053497 0.6925154320987653 0.5745884773662551 0.7060185185185185 0.5745884773662551 0.7079475308641975 0.5725308641975309 0.7091049382716049 0.5658436213991769 0.7079475308641975 0.5534979423868313 0.697145061728395 0.5329218106995884 0.6902006172839505 0.5246913580246914 0.6813271604938271 0.5216049382716049 0.6643518518518519 0.5205761316872428 0.6539351851851852 0.5267489711934156 0.6504629629629629 0.5318930041152263 0.6504629629629629 0.5483539094650206 0.6527777777777778 0.5581275720164608
5 0.29205246913580246 0.595679012345679 0.29205246913580246 0.603395061728395 0.29475308641975306 0.6121399176954733 0.29243827160493824 0.6229423868312757 0.29668209876543206 0.6280864197530863 0.3287037037037037 0.6286008230452674 0.33487654320987653 0.6270576131687242 0.33757716049382713 0.6172839506172839 0.34529320987654316 0.6085390946502057 0.34953703703703703 0.5982510288065844 0.3491512345679012 0.5740740740740741 0.3387345679012345 0.5673868312757201 0.32716049382716045 0.5627572016460904 0.30362654320987653 0.5627572016460904 0.290895061728395 0.581275720164609 0.29050925925925924 0.5895061728395061 0.29205246913580246 0.595679012345679
1 0.46682098765432095 0.44907407407407407 0.4737654320987654 0.44907407407407407 0.47723765432098764 0.4470164609053498 0.48842592592592593 0.4480452674897119 0.49074074074074076 0.4465020576131687 0.4880401234567901 0.44084362139917693 0.48302469135802467 0.43878600823045266 0.4714506172839506 0.43878600823045266 0.46604938271604934 0.44238683127572015 0.46566358024691357 0.4470164609053498 0.46682098765432095 0.44907407407407407
1 0.42862654320987653 0.8703703703703703 0.43557098765432095 0.8708847736625515 0.4375 0.8801440329218108 0.4305555555555556 0.9058641975308641 0.43094135802469136 0.9110082304526749 0.4266975308641975 0.9459876543209875 0.4274691358024691 0.963991769547325 0.42592592592592593 0.993312757201646 0.4274691358024691 0.9963991769547325 0.4398148148148148 0.9969135802469135 0.441358024691358 0.9994855967078189 0.46952160493827155 0.9994855967078189 0.470679012345679 0.9974279835390946 0.48456790123456783 0.9963991769547325 0.49459876543209874 0.9974279835390946 0.4949845679012345 0.9994855967078189 0.5135030864197531 0.9994855967078189 0.5154320987654321 0.9969135802469135 0.535108024691358 0.9969135802469135 0.5374228395061729 0.9974279835390946 0.5381944444444444 0.9994855967078189 0.5489969135802469 0.9994855967078189 0.5513117283950617 0.9948559670781892 0.5513117283950617 0.9912551440329217 0.5486111111111112 0.9814814814814815 0.5493827160493827 0.9737654320987653 0.5482253086419753 0.9681069958847736 0.5482253086419753 0.941872427983539 0.5459104938271605 0.9372427983539094 0.5470679012345678 0.9176954732510287 0.5455246913580246 0.9043209876543209 0.5420524691358024 0.88940329218107 0.5401234567901234 0.8698559670781892 0.5420524691358024 0.8677983539094649 0.5486111111111112 0.8677983539094649 0.5516975308641975 0.8662551440329218 0.5524691358024691 0.86059670781893 0.5509259259259259 0.8575102880658435 0.5378086419753086 0.8528806584362139 0.53125 0.8410493827160493 0.5250771604938271 0.8374485596707819 0.5119598765432098 0.8338477366255144 0.48726851851851855 0.83179012345679 0.4645061728395061 0.8348765432098765 0.44598765432098764 0.8410493827160493 0.4386574074074074 0.8544238683127572 0.43595679012345673 0.8564814814814815 0.42785493827160487 0.8580246913580246 0.42476851851851855 0.8611111111111112 0.4251543209876543 0.868312757201646 0.42862654320987653 0.8703703703703703
1 0.49845679012345673 0.44598765432098764 0.5011574074074074 0.44958847736625507 0.5054012345679012 0.4418724279835391 0.5084876543209876 0.4403292181069958 0.5154320987654321 0.4398148148148148 0.5227623456790123 0.44341563786008226 0.5162037037037037 0.4305555555555556 0.5127314814814815 0.4279835390946502 0.5050154320987654 0.4284979423868313 0.5015432098765432 0.43209876543209874 0.5 0.4362139917695473 0.5 0.44341563786008226 0.49845679012345673 0.44598765432098764
5 0.46334876543209874 0.5797325102880658 0.5050154320987654 0.5787037037037037 0.5069444444444444 0.5745884773662551 0.5084876543209876 0.5596707818930041 0.5065586419753086 0.5498971193415637 0.49961419753086417 0.5396090534979423 0.4922839506172839 0.5360082304526749 0.48070987654320985 0.5360082304526749 0.4737654320987654 0.5385802469135802 0.470679012345679 0.5432098765432098 0.46334876543209874 0.5612139917695473 0.46257716049382713 0.566358024691358 0.46219135802469136 0.5751028806584362 0.46334876543209874 0.5797325102880658
1 0.39081790123456783 0.5925925925925926 0.3915895061728395 0.5977366255144033 0.39351851851851855 0.6003086419753086 0.40084876543209874 0.5961934156378601 0.42862654320987653 0.5941358024691357 0.43557098765432095 0.5977366255144033 0.4363425925925926 0.595679012345679 0.4375 0.5879629629629629 0.4375 0.5601851851851852 0.4363425925925926 0.5534979423868313 0.43364197530864196 0.5473251028806584 0.42862654320987653 0.5421810699588477 0.4166666666666667 0.5411522633744856 0.40084876543209874 0.544238683127572 0.39737654320987653 0.5504115226337448 0.39467592592592593 0.5637860082304527 0.3912037037037037 0.5720164609053497 0.3900462962962963 0.5807613168724279 0.39081790123456783 0.5925925925925926
1 0.5050154320987654 0.4645061728395061 0.5088734567901234 0.47119341563786005 0.5142746913580246 0.47119341563786005 0.5189043209876543 0.4686213991769547 0.5262345679012346 0.4567901234567901 0.5266203703703703 0.45216049382716045 0.5235339506172839 0.44238683127572015 0.5189043209876543 0.43878600823045266 0.5050154320987654 0.43878600823045266 0.5027006172839505 0.4429012345679012 0.501929012345679 0.4531893004115226 0.5050154320987654 0.4645061728395061
1 0.4166666666666667 0.5396090534979423 0.4251543209876543 0.5406378600823045 0.43171296296296297 0.544238683127572 0.43904320987654316 0.5570987654320988 0.44328703703703703 0.543724279835391 0.44328703703703703 0.5252057613168725 0.4409722222222222 0.5154320987654321 0.43904320987654316 0.5128600823045267 0.43557098765432095 0.5118312757201645 0.4201388888888889 0.5118312757201645 0.41358024691358025 0.5133744855967078 0.410108024691358 0.5180041152263374 0.4097222222222222 0.5262345679012346 0.4166666666666667 0.5396090534979423
1 0.21952160493827158 0.9963991769547325 0.2345679012345679 0.9963991769547325 0.23649691358024688 0.9927983539094649 0.23842592592592593 0.9922839506172839 0.24074074074074073 0.9994855967078189 0.2650462962962963 0.9994855967078189 0.2665895061728395 0.9963991769547325 0.2716049382716049 0.9948559670781892 0.3082561728395061 0.9948559670781892 0.31674382716049376 0.9974279835390946 0.31712962962962965 0.9994855967078189 0.3186728395061728 0.9974279835390946 0.3256172839506173 0.9974279835390946 0.32677469135802467 0.9994855967078189 0.3333333333333333 0.9994855967078189 0.3352623456790123 0.9974279835390946 0.3360339506172839 0.9994855967078189 0.34182098765432095 0.9994855967078189 0.34182098765432095 0.9979423868312757 0.3449074074074074 0.9953703703703703 0.34953703703703703 0.9943415637860082 0.35841049382716045 0.9696502057613168 0.3611111111111111 0.9547325102880657 0.3699845679012345 0.9238683127572016 0.3726851851851852 0.9182098765432097 0.3773148148148148 0.9151234567901234 0.3804012345679012 0.9074074074074074 0.3815586419753086 0.8796296296296297 0.3800154320987654 0.8580246913580246 0.3738425925925926 0.8405349794238682 0.3672839506172839 0.8338477366255144 0.35918209876543206 0.8302469135802468 0.33564814814814814 0.8266460905349794 0.31983024691358025 0.8276748971193415 0.3055555555555556 0.8307613168724279 0.29668209876543206 0.8353909465020576 0.27739197530864196 0.8410493827160493 0.2631172839506173 0.8549382716049382 0.2542438271604938 0.8590534979423867 0.2554012345679012 0.8698559670781892 0.24922839506172836 0.8863168724279835 0.2368827160493827 0.9110082304526749 0.23225308641975306 0.9295267489711934 0.2237654320987654 0.9480452674897119 0.22299382716049382 0.9547325102880657 0.21797839506172836 0.9670781893004116 0.21604938271604937 0.9773662551440329 0.21682098765432098 0.9948559670781892 0.21952160493827158 0.9963991769547325
1 0.5675154320987654 0.5056584362139918 0.5713734567901234 0.5190329218106995 0.5883487654320988 0.5205761316872428 0.5922067901234568 0.5159465020576132 0.5952932098765431 0.507716049382716 0.5960648148148148 0.49845679012345673 0.5925925925925926 0.4881687242798354 0.5883487654320988 0.48251028806584356 0.5852623456790123 0.4804526748971193 0.5810185185185185 0.48148148148148145 0.5779320987654321 0.47993827160493824 0.5706018518518519 0.47993827160493824 0.566358024691358 0.48251028806584356 0.5636574074074074 0.4876543209876543 0.5625 0.4943415637860082 0.5675154320987654 0.5056584362139918
1 0.7256944444444444 0.7001028806584361 0.728395061728395 0.70679012345679 0.7299382716049382 0.7232510288065842 0.7330246913580246 0.7335390946502057 0.7334104938271605 0.7458847736625515 0.7295524691358024 0.7685185185185185 0.7303240740740741 0.7757201646090535 0.7334104938271605 0.7829218106995884 0.7391975308641975 0.7890946502057612 0.7430555555555556 0.8045267489711934 0.7480709876543209 0.8143004115226338 0.7554012345679012 0.8158436213991769 0.7716049382716049 0.8230452674897119 0.7928240740740741 0.8251028806584361 0.8229166666666666 0.8240740740740741 0.8279320987654321 0.8225308641975309 0.8321759259259259 0.8179012345679012 0.833719135802469 0.8045267489711934 0.8325617283950616 0.779835390946502 0.8252314814814815 0.7618312757201645 0.8198302469135802 0.7561728395061728 0.8159722222222222 0.7479423868312757 0.8159722222222222 0.7443415637860082 0.8209876543209875 0.7376543209876543 0.8175154320987653 0.7335390946502057 0.8109567901234568 0.7330246913580246 0.7974537037037037 0.7073045267489712 0.7897376543209875 0.6965020576131686 0.7750771604938271 0.6815843621399176 0.7623456790123456 0.6733539094650205 0.7565586419753086 0.6712962962962963 0.7372685185185185 0.6702674897119342 0.7272376543209875 0.6718106995884774 0.7233796296296297 0.6748971193415637 0.7183641975308641 0.684156378600823 0.7183641975308641 0.6887860082304527 0.7256944444444444 0.7001028806584361
1 0.5219907407407407 0.47170781893004116 0.5343364197530863 0.47170781893004116 0.5428240740740741 0.4753086419753086 0.5443672839506173 0.4742798353909465 0.5432098765432098 0.46296296296296297 0.5397376543209876 0.4593621399176954 0.5273919753086419 0.45884773662551437 0.5212191358024691 0.4670781893004115 0.5208333333333334 0.470679012345679 0.5219907407407407 0.47170781893004116
1 0.6222993827160493 0.6213991769547326 0.6300154320987653 0.632716049382716 0.6350308641975309 0.6368312757201645 0.6820987654320987 0.6383744855967078 0.6890432098765431 0.6445473251028807 0.6925154320987653 0.6450617283950616 0.6936728395061728 0.6404320987654321 0.6932870370370371 0.6260288065843622 0.6871141975308641 0.6090534979423867 0.6871141975308641 0.6059670781893004 0.689429012345679 0.602366255144033 0.6890432098765431 0.6003086419753086 0.6828703703703703 0.5977366255144033 0.6786265432098765 0.5895061728395061 0.6685956790123456 0.5756172839506173 0.658179012345679 0.5709876543209876 0.6273148148148148 0.573559670781893 0.6230709876543209 0.5802469135802469 0.6207561728395061 0.5941358024691357 0.6203703703703703 0.6100823045267489 0.6222993827160493 0.6213991769547326
1 0.44483024691358025 0.6671810699588477 0.44483024691358025 0.6697530864197531 0.44174382716049376 0.6810699588477367 0.4375 0.713477366255144 0.43595679012345673 0.7402263374485597 0.4363425925925926 0.7582304526748971 0.4375 0.7618312757201645 0.43904320987654316 0.7638888888888888 0.4583333333333333 0.7613168724279835 0.49112654320987653 0.7618312757201645 0.5011574074074074 0.7638888888888888 0.5084876543209876 0.7628600823045267 0.5100308641975309 0.7592592592592593 0.5104166666666666 0.7479423868312757 0.5096450617283951 0.7304526748971193 0.5061728395061729 0.7073045267489712 0.5088734567901234 0.6908436213991769 0.5084876543209876 0.6676954732510287 0.5034722222222222 0.6620370370370371 0.5003858024691358 0.6512345679012346 0.4949845679012345 0.647119341563786 0.4564043209876543 0.6460905349794238 0.45177469135802467 0.6481481481481481 0.4463734567901234 0.6563786008230452 0.4425154320987654 0.6558641975308641 0.439429012345679 0.6574074074074074 0.4386574074074074 0.6604938271604938 0.43904320987654316 0.6625514403292181 0.44483024691358025 0.6671810699588477
1 0.53125 0.5344650205761317 0.5362654320987654 0.5488683127572016 0.5397376543209876 0.5488683127572016 0.5424382716049382 0.5468106995884773 0.5574845679012346 0.5478395061728395 0.564429012345679 0.5504115226337448 0.5709876543209876 0.5565843621399177 0.5744598765432098 0.5447530864197531 0.5744598765432098 0.5324074074074074 0.5694444444444444 0.5185185185185185 0.5682870370370371 0.5087448559670782 0.5640432098765432 0.500514403292181 0.5597993827160493 0.4974279835390946 0.5412808641975309 0.49639917695473246 0.5324074074074074 0.5 0.5289351851851852 0.5046296296296297 0.5285493827160493 0.507716049382716 0.5281635802469136 0.529320987654321 0.53125 0.5344650205761317
1 0.5547839506172839 0.43827160493827155 0.5570987654320988 0.4403292181069958 0.5609567901234568 0.44084362139917693 0.564429012345679 0.4290123456790123 0.5640432098765432 0.4202674897119341 0.5567129629629629 0.4202674897119341 0.5524691358024691 0.42695473251028804 0.5528549382716049 0.43364197530864196 0.5547839506172839 0.43827160493827155
4 0.7025462962962963 0.529320987654321 0.7064043209876543 0.543724279835391 0.7141203703703703 0.5426954732510287 0.7237654320987653 0.5493827160493827 0.7341820987654321 0.5457818930041152 0.7442129629629629 0.5457818930041152 0.757716049382716 0.5514403292181069 0.7654320987654321 0.559156378600823 0.7669753086419753 0.5560699588477366 0.771219135802469 0.5534979423868313 0.7665895061728394 0.536522633744856 0.757716049382716 0.5262345679012346 0.7527006172839505 0.514917695473251 0.7507716049382716 0.5133744855967078 0.7361111111111112 0.5082304526748971 0.7233796296296297 0.5082304526748971 0.7129629629629629 0.5118312757201645 0.70679012345679 0.5180041152263374 0.7025462962962963 0.5169753086419753 0.7010030864197531 0.5185185185185185 0.7006172839506172 0.5216049382716049 0.7002314814814815 0.5257201646090535 0.7025462962962963 0.529320987654321
1 0.625 0.514917695473251 0.6334876543209875 0.5313786008230452 0.6508487654320987 0.5308641975308641 0.658179012345679 0.522633744855967 0.6597222222222222 0.5169753086419753 0.6593364197530863 0.5113168724279835 0.6520061728395061 0.4943415637860082 0.6477623456790123 0.4891975308641975 0.6369598765432097 0.4835390946502058 0.632716049382716 0.48508230452674894 0.6226851851851852 0.48302469135802467 0.6195987654320987 0.48508230452674894 0.6168981481481481 0.4922839506172839 0.6157407407407407 0.5051440329218106 0.625 0.514917695473251
2 0.6022376543209875 0.4362139917695473 0.603395061728395 0.4212962962962963 0.6022376543209875 0.41872427983539096 0.5987654320987653 0.419238683127572 0.5979938271604938 0.4212962962962963 0.5983796296296297 0.4362139917695473 0.6022376543209875 0.4362139917695473
2 0.9378858024691357 0.6337448559670782 0.9398148148148148 0.6466049382716049 0.9378858024691357 0.6640946502057612 0.9390432098765431 0.6656378600823045 0.9425154320987653 0.6656378600823045 0.9444444444444444 0.6579218106995884 0.9475308641975309 0.6527777777777778 0.9529320987654321 0.6502057613168724 0.9564043209876543 0.6517489711934156 0.95679012345679 0.647119341563786 0.9498456790123456 0.6404320987654321 0.9517746913580246 0.6332304526748971 0.9459876543209875 0.6198559670781892 0.9425154320987653 0.6198559670781892 0.9371141975308641 0.6265432098765431 0.9359567901234568 0.6301440329218108 0.9378858024691357 0.6337448559670782
2 0.8757716049382716 0.5915637860082305 0.8796296296296297 0.5951646090534979 0.884645061728395 0.5951646090534979 0.8869598765432097 0.5936213991769548 0.8900462962962963 0.5704732510288065 0.8885030864197531 0.5606995884773662 0.8842592592592593 0.5534979423868313 0.8800154320987653 0.5534979423868313 0.8765432098765431 0.5617283950617283 0.8746141975308641 0.5725308641975309 0.8734567901234568 0.5823045267489712 0.8757716049382716 0.5915637860082305
2 0.4131944444444444 0.5426954732510287 0.4162808641975308 0.5396090534979423 0.4112654320987654 0.5267489711934156 0.408179012345679 0.5241769547325102 0.40354938271604934 0.5282921810699588 0.4012345679012345 0.5354938271604938 0.40084876543209874 0.5432098765432098 0.4131944444444444 0.5426954732510287
2 0.8618827160493827 0.6280864197530863 0.8626543209876543 0.63940329218107 0.8695987654320987 0.6455761316872427 0.8726851851851852 0.6450617283950616 0.8734567901234568 0.6347736625514403 0.876929012345679 0.6265432098765431 0.8777006172839505 0.6131687242798353 0.8777006172839505 0.6095679012345678 0.8746141975308641 0.602880658436214 0.8753858024691357 0.5936213991769548 0.8730709876543209 0.5879629629629629 0.8692129629629629 0.5879629629629629 0.8668981481481481 0.5915637860082305 0.8653549382716049 0.6018518518518519 0.8614969135802468 0.6080246913580246 0.8591820987654321 0.6157407407407407 0.8584104938271605 0.6239711934156378 0.8618827160493827 0.6280864197530863
2 0.9112654320987653 0.6337448559670782 0.9162808641975309 0.6342592592592593 0.9174382716049382 0.6332304526748971 0.9174382716049382 0.6234567901234568 0.9193672839506172 0.6152263374485597 0.9201388888888888 0.6039094650205761 0.9239969135802468 0.588991769547325 0.9243827160493827 0.5848765432098765 0.9224537037037037 0.5781893004115226 0.9143518518518519 0.5751028806584362 0.9128086419753086 0.5807613168724279 0.908179012345679 0.5874485596707819 0.9066358024691357 0.5972222222222222 0.9077932098765431 0.6301440329218108 0.9112654320987653 0.6337448559670782
2 0.09645061728395062 0.6316872427983539 0.10339506172839506 0.6286008230452674 0.11265432098765432 0.6193415637860082 0.11265432098765432 0.6162551440329218 0.10956790123456789 0.6090534979423867 0.10648148148148148 0.6059670781893004 0.10185185185185185 0.5961934156378601 0.09799382716049382 0.595679012345679 0.09606481481481481 0.5987654320987653 0.09606481481481481 0.6069958847736626 0.09297839506172839 0.6219135802469135 0.09336419753086418 0.6301440329218108 0.09645061728395062 0.6316872427983539
2 0.2013888888888889 0.5432098765432098 0.20293209876543208 0.5586419753086419 0.2064043209876543 0.5627572016460904 0.21334876543209874 0.5622427983539094 0.21334876543209874 0.5478395061728395 0.21489197530864196 0.5396090534979423 0.21219135802469133 0.5267489711934156 0.20987654320987653 0.522119341563786 0.2040895061728395 0.5174897119341564 0.20177469135802467 0.5185185185185185 0.20023148148148148 0.5231481481481481 0.19945987654320985 0.5360082304526749 0.2013888888888889 0.5432098765432098
2 0.23418209876543208 0.5205761316872428 0.23726851851851852 0.5462962962962963 0.23842592592592593 0.5483539094650206 0.24112654320987653 0.5478395061728395 0.24151234567901234 0.5411522633744856 0.24498456790123455 0.5262345679012346 0.24498456790123455 0.5154320987654321 0.24112654320987653 0.5036008230452674 0.2376543209876543 0.5020576131687243 0.23418209876543208 0.5123456790123456 0.23418209876543208 0.5205761316872428
2 0.9849537037037037 0.6090534979423867 0.9868827160493827 0.6116255144032922 0.9911265432098765 0.6131687242798353 0.9945987654320987 0.6095679012345678 0.9945987654320987 0.5925925925925926 0.9888117283950616 0.5802469135802469 0.9849537037037037 0.5802469135802469 0.9826388888888888 0.5843621399176955 0.9822530864197531 0.5951646090534979 0.9849537037037037 0.6090534979423867
2 0.8206018518518519 0.6255144032921811 0.8244598765432097 0.6255144032921811 0.83179012345679 0.6157407407407407 0.8333333333333334 0.6095679012345678 0.8279320987654321 0.588477366255144 0.8248456790123456 0.5869341563786008 0.8229166666666666 0.5879629629629629 0.8206018518518519 0.5951646090534979 0.8140432098765431 0.6059670781893004 0.8125 0.6152263374485597 0.8125 0.6234567901234568 0.8206018518518519 0.6255144032921811
2 0.38695987654320985 0.5406378600823045 0.39081790123456783 0.5411522633744856 0.40046296296296297 0.5324074074074074 0.40007716049382713 0.5246913580246914 0.3942901234567901 0.5164609053497942 0.38966049382716045 0.5169753086419753 0.38695987654320985 0.5190329218106995 0.3850308641975308 0.5252057613168725 0.38425925925925924 0.5308641975308641 0.38695987654320985 0.5406378600823045
0 0.4525462962962963 0.4429012345679012 0.45717592592592593 0.44393004115226337 0.46064814814814814 0.448559670781893 0.46334876543209874 0.44907407407407407 0.4664351851851852 0.4418724279835391 0.4756944444444444 0.4351851851851852 0.47646604938271603 0.4146090534979424 0.4753086419753086 0.40689300411522633 0.47337962962962965 0.4038065843621399 0.45601851851851855 0.4038065843621399 0.45177469135802467 0.4089506172839506 0.4498456790123456 0.41975308641975306 0.45023148148148145 0.4403292181069958 0.4525462962962963 0.4429012345679012
0 0 0.7026748971193415 0.0023148148148148147 0.7047325102880657 0.0019290123456790122 0.7103909465020576 0 0.7109053497942386 0 0.75 0.0019290123456790122 0.7505144032921811 0.0023148148148148147 0.7541152263374485 0.0015432098765432098 0.7561728395061728 0 0.7561728395061728 0 0.8996913580246912 0.0023148148148148147 0.9007201646090535 0.0019290123456790122 0.9074074074074074 0.003472222222222222 0.9104938271604938 0.002700617283950617 0.9182098765432097 0 0.919238683127572 0 0.9506172839506172 0.0019290123456790122 0.9511316872427983 0.002700617283950617 0.9660493827160493 0.005401234567901234 0.9763374485596708 0.006558641975308642 0.9938271604938271 0.009645061728395061 0.9994855967078189 0.04513888888888889 0.9994855967078189 0.04591049382716049 0.9974279835390946 0.05825617283950617 0.9974279835390946 0.059027777777777776 0.9994855967078189 0.0625 0.9994855967078189 0.06365740740740741 0.9974279835390946 0.07291666666666667 0.9974279835390946 0.07407407407407407 0.9994855967078189 0.10609567901234566 0.9994855967078189 0.10648148148148148 0.9974279835390946 0.1091820987654321 0.9969135802469135 0.1118827160493827 0.9938271604938271 0.13001543209876543 0.9645061728395061 0.13387345679012344 0.9619341563786008 0.13695987654320987 0.9660493827160493 0.1431327160493827 0.9665637860082305 0.14737654320987653 0.9645061728395061 0.15200617283950615 0.9593621399176954 0.1597222222222222 0.9362139917695472 0.16049382716049382 0.9284979423868313 0.16280864197530864 0.9248971193415637 0.16435185185185186 0.9079218106995884 0.16743827160493827 0.897633744855967 0.1890432098765432 0.8672839506172839 0.19290123456790123 0.8585390946502057 0.20524691358024688 0.8415637860082305 0.20910493827160492 0.83179012345679 0.2222222222222222 0.8081275720164608 0.2391975308641975 0.779835390946502 0.2496141975308642 0.7654320987654321 0.2534722222222222 0.757201646090535 0.2700617283950617 0.73559670781893 0.27584876543209874 0.7201646090534979 0.29050925925925924 0.6944444444444444 0.29243827160493824 0.6856995884773662 0.29243827160493824 0.6532921810699589 0.28935185185185186 0.6167695473251029 0.290895061728395 0.6121399176954733 0.290895061728395 0.6069958847736626 0.2874228395061728 0.588477366255144 0.28780864197530864 0.5797325102880658 0.2862654320987654 0.5668724279835391 0.28279320987654316 0.5632716049382716 0.26080246913580246 0.5627572016460904 0.2511574074074074 0.5643004115226338 0.2388117283950617 0.5637860082304527 0.22955246913580243 0.5668724279835391 0.22723765432098764 0.5699588477366254 0.21064814814814814 0.5648148148148148 0.19290123456790123 0.5684156378600823 0.1415895061728395 0.602366255144033 0.13078703703703703 0.6111111111111112 0.11959876543209876 0.6162551440329218 0.10262345679012344 0.6316872427983539 0.05594135802469135 0.6604938271604938 0.04513888888888889 0.6697530864197531 0.02700617283950617 0.6810699588477367 0.02199074074074074 0.6862139917695472 0.016203703703703703 0.6887860082304527 0.0038580246913580245 0.698559670781893 0.0015432098765432098 0.7026748971193415 0 0.7026748971193415
0 0.4116512345679012 0.43827160493827155 0.4224537037037037 0.4393004115226337 0.42592592592592593 0.44238683127572015 0.43171296296296297 0.45267489711934156 0.43595679012345673 0.4537037037037037 0.43904320987654316 0.45216049382716045 0.4405864197530864 0.4475308641975308 0.4425154320987654 0.44598765432098764 0.4436728395061728 0.43775720164609055 0.4436728395061728 0.40792181069958844 0.4425154320987654 0.40432098765432095 0.42206790123456783 0.40432098765432095 0.4131944444444444 0.41203703703703703 0.41203703703703703 0.41820987654320985 0.41087962962962965 0.4331275720164609 0.4116512345679012 0.43827160493827155
0 0.4564043209876543 0.49022633744855965 0.4579475308641975 0.5344650205761317 0.45987654320987653 0.544238683127572 0.46334876543209874 0.5457818930041152 0.46720679012345673 0.5447530864197531 0.4749228395061728 0.5370370370370371 0.4810956790123456 0.5349794238683127 0.4915123456790123 0.5349794238683127 0.5046296296296297 0.5396090534979423 0.5115740740740741 0.5380658436213991 0.5154320987654321 0.522633744855967 0.5135030864197531 0.5118312757201645 0.5127314814814815 0.4897119341563786 0.5100308641975309 0.47633744855967075 0.49961419753086417 0.4537037037037037 0.49691358024691357 0.45113168724279834 0.4876543209876543 0.4480452674897119 0.4664351851851852 0.448559670781893 0.46219135802469136 0.4537037037037037 0.45987654320987653 0.4603909465020576 0.45910493827160487 0.478395061728395 0.4564043209876543 0.49022633744855965
6 0.5127314814814815 0.4207818930041152 0.5150462962962963 0.42644032921810693 0.5216049382716049 0.42695473251028804 0.5258487654320988 0.4223251028806584 0.5273919753086419 0.41049382716049376 0.5258487654320988 0.4022633744855967 0.5223765432098765 0.397119341563786 0.5111882716049382 0.39660493827160487 0.5069444444444444 0.39917695473251025 0.5050154320987654 0.40432098765432095 0.5046296296296297 0.4146090534979424 0.5127314814814815 0.4207818930041152
6 0.41087962962962965 0.5097736625514403 0.41358024691358025 0.5123456790123456 0.43209876543209874 0.5113168724279835 0.4386574074074074 0.5128600823045267 0.4409722222222222 0.5164609053497942 0.44174382716049376 0.522119341563786 0.44328703703703703 0.522633744855967 0.44598765432098764 0.5190329218106995 0.4479166666666667 0.5015432098765432 0.44598765432098764 0.4835390946502058 0.44675925925925924 0.47273662551440326 0.4429012345679012 0.4567901234567901 0.43904320987654316 0.4552469135802469 0.4228395061728395 0.45627572016460904 0.4151234567901234 0.4583333333333333 0.4097222222222222 0.4645061728395061 0.4093364197530864 0.4866255144032921 0.41087962962962965 0.5097736625514403
6 0.31095679012345673 0.5576131687242798 0.3128858024691358 0.5601851851851852 0.3360339506172839 0.5622427983539094 0.3402777777777778 0.5643004115226338 0.3672839506172839 0.5617283950617283 0.36921296296296297 0.5570987654320988 0.3707561728395061 0.5385802469135802 0.3761574074074074 0.529320987654321 0.3753858024691358 0.522119341563786 0.3811728395061728 0.522119341563786 0.38425925925925924 0.5133744855967078 0.3854166666666667 0.4979423868312757 0.38271604938271603 0.4737654320987654 0.3804012345679012 0.47170781893004116 0.36574074074074076 0.4691358024691358 0.3576388888888889 0.46244855967078186 0.34837962962962965 0.46090534979423864 0.34529320987654316 0.46296296296296297 0.34375 0.46604938271604934 0.33834876543209874 0.48148148148148145 0.3314043209876543 0.47788065843621397 0.32407407407407407 0.48508230452674894 0.3175154320987654 0.4861111111111111 0.31712962962962965 0.49382716049382713 0.32021604938271603 0.5108024691358024 0.3179012345679012 0.5210905349794238 0.31327160493827155 0.5334362139917695 0.3117283950617284 0.5452674897119342 0.31211419753086417 0.551954732510288 0.31095679012345673 0.5576131687242798
6 0.5636574074074074 0.4475308641975308 0.5679012345679012 0.4537037037037037 0.5744598765432098 0.4552469135802469 0.5752314814814815 0.4351851851851852 0.5767746913580246 0.4310699588477366 0.5814043209876543 0.4254115226337448 0.5814043209876543 0.42181069958847733 0.5779320987654321 0.4176954732510288 0.5725308641975309 0.4166666666666667 0.5675154320987654 0.4166666666666667 0.5640432098765432 0.41820987654320985 0.5636574074074074 0.41975308641975306 0.5621141975308641 0.4362139917695473 0.5636574074074074 0.4475308641975308
3 0.8780864197530863 0.6296296296296297 0.8834876543209875 0.6337448559670782 0.8881172839506172 0.6399176954732511 0.8904320987654321 0.6414609053497942 0.8923611111111112 0.6404320987654321 0.8946759259259259 0.6347736625514403 0.8950617283950616 0.6229423868312757 0.8912037037037037 0.6126543209876543 0.8904320987654321 0.5992798353909464 0.884645061728395 0.5961934156378601 0.8792438271604938 0.5967078189300411 0.8777006172839505 0.5987654320987653 0.8765432098765431 0.6095679012345678 0.8761574074074074 0.6203703703703703 0.8780864197530863 0.6296296296296297
3 0.7716049382716049 0.5509259259259259 0.7870370370370371 0.5653292181069959 0.7932098765432097 0.566358024691358 0.7959104938271605 0.5637860082304527 0.7966820987654321 0.5555555555555556 0.7951388888888888 0.5483539094650206 0.7955246913580246 0.5390946502057613 0.7947530864197531 0.5329218106995884 0.7924382716049382 0.529320987654321 0.7858796296296297 0.5277777777777778 0.7739197530864197 0.5318930041152263 0.7716049382716049 0.5349794238683127 0.76929012345679 0.5426954732510287 0.7716049382716049 0.5509259259259259
3 0.8171296296296297 0.6301440329218108 0.8387345679012346 0.6301440329218108 0.8383487654320987 0.6162551440329218 0.8348765432098765 0.6126543209876543 0.8213734567901234 0.6167695473251029 0.8175154320987653 0.6208847736625515 0.8132716049382716 0.6224279835390946 0.8125 0.6265432098765431 0.8171296296296297 0.6301440329218108