8 0.23671875 0.39999999999999997 0.23593750000000002 0.3763888888888889 0.23359375000000002 0.3694444444444444 0.22265625 0.3694444444444444 0.21875 0.375 0.21953125 0.4027777777777778 0.23671875 0.39999999999999997
1 0.43828125 0.3013888888888889 0.45625000000000004 0.30277777777777776 0.45859375 0.2986111111111111 0.45859375 0.2847222222222222 0.453125 0.2777777777777778 0.44140625 0.2791666666666667 0.43593750000000003 0.2861111111111111 0.43515625 0.29583333333333334 0.43828125 0.3013888888888889
1 0.27968750000000003 0.33749999999999997 0.28046875000000004 0.325 0.27421875 0.32361111111111107 0.27343750000000006 0.33749999999999997 0.27968750000000003 0.33749999999999997
1 0.35468750000000004 0.3277777777777778 0.35234375 0.3180555555555556 0.34687500000000004 0.31666666666666665 0.34687500000000004 0.3277777777777778 0.35468750000000004 0.3277777777777778
1 0.3796875 0.4069444444444444 0.3828125 0.4111111111111111 0.39453125 0.4111111111111111 0.39609375 0.39999999999999997 0.39375000000000004 0.3888888888888889 0.3828125 0.38611111111111107 0.3796875 0.39166666666666666 0.3796875 0.4069444444444444
1 0.3765625 0.3847222222222222 0.3765625 0.375 0.37265625 0.36527777777777776 0.36250000000000004 0.3666666666666667 0.36250000000000004 0.38611111111111107 0.3765625 0.3847222222222222
1 0.32656250000000003 0.325 0.32656250000000003 0.3180555555555556 0.32265625000000003 0.31527777777777777 0.321875 0.325 0.32656250000000003 0.325
5 0.35390625000000003 0.32916666666666666 0.35625 0.3402777777777778 0.3640625 0.3402777777777778 0.36250000000000004 0.32916666666666666 0.353125 0.325 0.3484375 0.3277777777777778 0.35390625000000003 0.32916666666666666
1 0.27343750000000006 0.3666666666666667 0.275 0.3625 0.27109375 0.35 0.2625 0.3541666666666667 0.2625 0.3666666666666667 0.27343750000000006 0.3666666666666667
5 0.32343750000000004 0.3680555555555556 0.321875 0.3541666666666667 0.31093750000000003 0.35555555555555557 0.31171875000000004 0.3694444444444444 0.32343750000000004 0.3680555555555556
1 0.26015625000000003 0.41805555555555557 0.26093750000000004 0.4041666666666667 0.25781250000000006 0.39444444444444443 0.2484375 0.3930555555555555 0.24375000000000002 0.3972222222222222 0.24375000000000002 0.4194444444444444 0.26015625000000003 0.41805555555555557
1 0.28750000000000003 0.3180555555555556 0.2859375 0.3111111111111111 0.28203125 0.3111111111111111 0.28203125 0.3194444444444444 0.28750000000000003 0.3180555555555556
1 0.31953125000000004 0.33749999999999997 0.31796875 0.3277777777777778 0.31015625 0.325 0.31093750000000003 0.3388888888888889 0.31953125000000004 0.33749999999999997
1 0.33203125 0.3930555555555555 0.32890625 0.3819444444444444 0.31562500000000004 0.3833333333333333 0.31562500000000004 0.3958333333333333 0.33203125 0.3930555555555555
1 0.2671875 0.3402777777777778 0.26484375000000004 0.32916666666666666 0.25781250000000006 0.3277777777777778 0.25859375 0.3444444444444444 0.2671875 0.3402777777777778
1 0.9085937500000001 0.6111111111111112 0.9148437500000001 0.6124999999999999 0.9171875 0.6041666666666666 0.9203125000000001 0.6055555555555555 0.92109375 0.6124999999999999 0.9453125 0.6111111111111112 0.95234375 0.6027777777777777 0.9515625000000001 0.5874999999999999 0.94921875 0.5833333333333334 0.92578125 0.5597222222222222 0.9203125000000001 0.5638888888888889 0.91796875 0.5569444444444445 0.9070312500000001 0.5569444444444445 0.9046875000000001 0.5694444444444444 0.90390625 0.598611111111111 0.9085937500000001 0.6111111111111112
1 0.3765625 0.4361111111111111 0.375 0.4152777777777778 0.37109375 0.4055555555555555 0.3609375 0.4027777777777778 0.35468750000000004 0.4125 0.35546875 0.4361111111111111 0.3765625 0.4361111111111111
1 0.33515625000000004 0.4263888888888889 0.33437500000000003 0.4069444444444444 0.33125000000000004 0.3958333333333333 0.31796875 0.3958333333333333 0.31562500000000004 0.39999999999999997 0.31640625 0.4319444444444444 0.33515625000000004 0.4263888888888889
1 0.4 0.46249999999999997 0.42109375000000004 0.4597222222222222 0.421875 0.44861111111111107 0.41718750000000004 0.4319444444444444 0.40937500000000004 0.4263888888888889 0.3984375 0.4305555555555556 0.39687500000000003 0.4513888888888889 0.4 0.46249999999999997
5 0.234375 0.4972222222222222 0.2390625 0.4847222222222222 0.23828125 0.46249999999999997 0.23125 0.4527777777777778 0.2171875 0.4527777777777778 0.209375 0.4708333333333333 0.21015625000000002 0.4986111111111111 0.234375 0.4972222222222222
1 0.33515625000000004 0.3361111111111111 0.33359375 0.325 0.32421875 0.3208333333333333 0.325 0.33749999999999997 0.33515625000000004 0.3361111111111111
1 0.34375 0.3333333333333333 0.34453125 0.325 0.33828125000000003 0.3180555555555556 0.3359375 0.3305555555555555 0.34375 0.3333333333333333
1 0.29375 0.3486111111111111 0.29218750000000004 0.3347222222222222 0.28515625000000006 0.33749999999999997 0.2859375 0.3486111111111111 0.29375 0.3486111111111111
1 0.2828125 0.375 0.29296875000000006 0.3763888888888889 0.29453125 0.3611111111111111 0.2859375 0.3583333333333333 0.2828125 0.3638888888888889 0.2828125 0.375
1 0.32421875 0.3527777777777778 0.32421875 0.3458333333333333 0.32109375 0.3402777777777778 0.31328125 0.3444444444444444 0.3140625 0.3527777777777778 0.32421875 0.3527777777777778
1 0.37734375000000003 0.225 0.40078125000000003 0.23055555555555554 0.40390625 0.2236111111111111 0.403125 0.2152777777777778 0.3953125 0.20555555555555555 0.37812500000000004 0.20277777777777775 0.37421875000000004 0.20694444444444443 0.37421875000000004 0.22083333333333333 0.37734375000000003 0.225
5 0.42890625000000004 0.4527777777777778 0.45 0.4527777777777778 0.45078125 0.44166666666666665 0.44453125000000004 0.42777777777777776 0.43125 0.4236111111111111 0.4265625 0.4291666666666667 0.42578125 0.4444444444444444 0.42890625000000004 0.4527777777777778
1 0.3453125 0.3666666666666667 0.3453125 0.3583333333333333 0.34218750000000003 0.35138888888888886 0.33359375 0.3527777777777778 0.33437500000000003 0.3680555555555556 0.3453125 0.3666666666666667
1 0.34140625 0.4666666666666667 0.34218750000000003 0.44861111111111107 0.3375 0.4319444444444444 0.32421875 0.4305555555555556 0.3203125 0.4375 0.3203125 0.4666666666666667 0.34140625 0.4666666666666667
1 0.13281250000000003 0.7083333333333334 0.184375 0.7 0.18671875000000002 0.6847222222222222 0.1953125 0.6597222222222222 0.1953125 0.6347222222222222 0.19296875000000002 0.6291666666666667 0.18125000000000002 0.625 0.14765625000000002 0.6305555555555555 0.14062500000000003 0.6402777777777777 0.13046875000000002 0.6736111111111112 0.1296875 0.7013888888888888 0.13281250000000003 0.7083333333333334
1 0.50703125 0.3138888888888889 0.5218750000000001 0.3180555555555556 0.5351562500000001 0.3111111111111111 0.5429687500000001 0.31527777777777777 0.5476562500000001 0.30277777777777776 0.5437500000000001 0.2875 0.53671875 0.2847222222222222 0.52265625 0.2861111111111111 0.5046875000000001 0.3013888888888889 0.5039062500000001 0.3069444444444444 0.50703125 0.3138888888888889
1 0.33515625000000004 0.3208333333333333 0.33437500000000003 0.3097222222222222 0.33046875000000003 0.3083333333333333 0.328125 0.3125 0.328125 0.3208333333333333 0.33515625000000004 0.3208333333333333
1 0.88984375 0.4055555555555555 0.8984375 0.4069444444444444 0.90390625 0.39999999999999997 0.9148437500000001 0.4013888888888889 0.92109375 0.4125 0.9320312500000001 0.4125 0.94140625 0.3972222222222222 0.9500000000000001 0.4013888888888889 0.9593750000000001 0.39444444444444443 0.9710937500000001 0.39444444444444443 0.97578125 0.4041666666666667 0.9828125000000001 0.4055555555555555 0.9875 0.39999999999999997 0.9929687500000001 0.3763888888888889 0.99140625 0.35138888888888886 0.984375 0.33749999999999997 0.9578125000000001 0.3263888888888889 0.92890625 0.33194444444444443 0.9070312500000001 0.35138888888888886 0.8859375 0.3569444444444444 0.88046875 0.3680555555555556 0.87890625 0.3902777777777778 0.88984375 0.4055555555555555
1 0.328125 0.5208333333333334 0.35546875 0.5208333333333334 0.35390625000000003 0.49027777777777776 0.3484375 0.4777777777777778 0.33125000000000004 0.47638888888888886 0.32734375000000004 0.4861111111111111 0.32578125 0.4986111111111111 0.328125 0.5208333333333334
1 0.27734375000000006 0.31666666666666665 0.27578125000000003 0.3083333333333333 0.27109375 0.3083333333333333 0.2703125 0.31666666666666665 0.27734375000000006 0.31666666666666665
1 0.35703125 0.39999999999999997 0.35781250000000003 0.3875 0.35390625000000003 0.3763888888888889 0.3453125 0.3736111111111111 0.34140625 0.3805555555555556 0.34140625 0.39999999999999997 0.35703125 0.39999999999999997
1 0.35781250000000003 0.35138888888888886 0.35468750000000004 0.33749999999999997 0.34765625 0.3388888888888889 0.34687500000000004 0.3527777777777778 0.35781250000000003 0.35138888888888886
6 0.390625 0.575 0.40390625 0.5652777777777778 0.41484375 0.5652777777777778 0.41953125 0.5722222222222222 0.421875 0.5708333333333333 0.42265625 0.5458333333333333 0.41953125 0.5347222222222222 0.42031250000000003 0.5249999999999999 0.40703125 0.5 0.38828125 0.5 0.38359375 0.5083333333333333 0.3828125 0.5166666666666666 0.38359375 0.5499999999999999 0.390625 0.575
1 0.27968750000000003 0.5291666666666667 0.28203125 0.5208333333333334 0.28046875000000004 0.49027777777777776 0.27421875 0.4861111111111111 0.26015625000000003 0.4861111111111111 0.25234375000000003 0.4958333333333333 0.2515625 0.5319444444444444 0.27968750000000003 0.5291666666666667
1 0.34375 0.3138888888888889 0.34296875000000004 0.3083333333333333 0.33828125000000003 0.3069444444444444 0.33671875 0.3138888888888889 0.34375 0.3138888888888889
2 0.8250000000000001 0.45 0.8546875 0.4513888888888889 0.8679687500000001 0.44166666666666665 0.8695312500000001 0.4305555555555556 0.8671875 0.41388888888888886 0.8765625 0.4083333333333333 0.8625 0.3694444444444444 0.85859375 0.3347222222222222 0.86484375 0.3180555555555556 0.8617187500000001 0.30277777777777776 0.85546875 0.2944444444444444 0.8453125 0.2972222222222222 0.8367187500000001 0.3125 0.8359375 0.3277777777777778 0.84375 0.35138888888888886 0.84375 0.3847222222222222 0.8375 0.4083333333333333 0.82578125 0.4208333333333333 0.8234375 0.4305555555555556 0.8226562500000001 0.4430555555555556 0.8250000000000001 0.45
2 0.5453125000000001 0.3347222222222222 0.5515625000000001 0.3305555555555555 0.5570312500000001 0.3125 0.5625000000000001 0.3180555555555556 0.5640625 0.31527777777777777 0.5640625 0.2708333333333333 0.5570312500000001 0.2583333333333333 0.55234375 0.2583333333333333 0.5507812500000001 0.29305555555555557 0.5453125000000001 0.3347222222222222
4 0.35234375 0.6944444444444444 0.35234375 0.7111111111111111 0.35546875 0.7138888888888888 0.36484375 0.7027777777777777 0.38515625000000003 0.7 0.39296875000000003 0.7 0.39687500000000003 0.7083333333333334 0.40078125000000003 0.7083333333333334 0.40390625 0.6791666666666666 0.39765625000000004 0.6430555555555556 0.40156250000000004 0.6361111111111112 0.39375000000000004 0.6263888888888888 0.38671875 0.6013888888888889 0.3640625 0.598611111111111 0.35000000000000003 0.6013888888888889 0.34765625 0.6069444444444444 0.34453125 0.6319444444444444 0.35234375 0.6944444444444444
6 0.54609375 0.6361111111111112 0.55390625 0.6375 0.5648437500000001 0.6486111111111111 0.5703125000000001 0.6722222222222222 0.5820312500000001 0.6666666666666666 0.6062500000000001 0.6694444444444444 0.60859375 0.6652777777777777 0.6109375 0.6541666666666666 0.609375 0.6361111111111112 0.5859375000000001 0.5874999999999999 0.5843750000000001 0.5708333333333333 0.56796875 0.5555555555555556 0.5414062500000001 0.5555555555555556 0.540625 0.6013888888888889 0.54609375 0.6361111111111112
6 0.11640625 0.5513888888888888 0.11484375000000001 0.5458333333333333 0.11406250000000001 0.5527777777777777 0.11640625 0.5513888888888888
6 0.014843750000000001 0.6138888888888888 0 0.6291666666666667 0 0.7305555555555555 0.003125 0.7361111111111112 0.01640625 0.7361111111111112 0.03515625000000001 0.7305555555555555 0.040625 0.725 0.045312500000000006 0.725 0.049218750000000006 0.7319444444444444 0.059375000000000004 0.7319444444444444 0.07109375000000001 0.725 0.08203125 0.7 0.08984375 0.6583333333333333 0.09765625 0.6458333333333334 0.11015625000000001 0.6430555555555556 0.11328125 0.6347222222222222 0.11406250000000001 0.5972222222222222 0.11015625000000001 0.5722222222222222 0.11171875 0.5527777777777777 0.10312500000000001 0.5375 0.0765625 0.5375 0.06796875000000001 0.5222222222222223 0.06328125000000001 0.5222222222222223 0.035937500000000004 0.5527777777777777 0.033593750000000006 0.6083333333333334 0.014843750000000001 0.6138888888888888
6 0.25625000000000003 0.35555555555555557 0.25703125000000004 0.32916666666666666 0.24453125 0.3277777777777778 0.24453125 0.35555555555555557 0.25625000000000003 0.35555555555555557
6 0.27890625 0.3083333333333333 0.2828125 0.3055555555555556 0.28359375000000003 0.29027777777777775 0.27578125000000003 0.29305555555555557 0.27578125000000003 0.3041666666666667 0.27890625 0.3083333333333333