8 0.1121608527131783 0.6399655469422911 0.11094961240310078 0.6679586563307494 0.11167635658914729 0.6830318690783806 0.11288759689922481 0.6843238587424634 0.124031007751938 0.6860465116279069 0.15067829457364343 0.6860465116279069 0.154312015503876 0.6826012058570198 0.15867248062015504 0.6757105943152455 0.16085271317829458 0.6701119724375538 0.16642441860465118 0.6627906976744186 0.17223837209302328 0.6589147286821706 0.1809593023255814 0.6576227390180878 0.18338178294573645 0.6559000861326442 0.18459302325581395 0.6511627906976744 0.1882267441860465 0.6451335055986219 0.18943798449612406 0.6403962101636521 0.18871124031007755 0.6024978466838932 0.18725775193798452 0.5973298880275624 0.18604651162790697 0.5878552971576227 0.1821705426356589 0.5831180017226528 0.16593992248062014 0.5809646856158485 0.15406976744186046 0.582687338501292 0.15043604651162792 0.5844099913867356 0.13226744186046513 0.5986218776916451 0.12185077519379846 0.6085271317829457 0.11918604651162791 0.6124031007751938 0.11555232558139536 0.6253229974160206 0.11094961240310078 0.6304909560723514 0.11070736434108529 0.6339362618432385 0.1121608527131783 0.6399655469422911
8 0.42635658914728686 0.4448751076658053 0.42853682170542634 0.4474590869939707 0.4338662790697675 0.4448751076658053 0.43943798449612403 0.4448751076658053 0.44089147286821706 0.44229112833763995 0.4425872093023256 0.43238587424633934 0.4423449612403101 0.425495262704565 0.44089147286821706 0.4194659776055125 0.43919573643410853 0.417312661498708 0.43580426356589147 0.4160206718346253 0.43217054263565896 0.4164513350559862 0.4278100775193799 0.4203273040482343 0.4256298449612403 0.42506459948320413 0.4246608527131783 0.43023255813953487 0.42514534883720934 0.44142980189491815 0.42635658914728686 0.4448751076658053
1 0.5157461240310078 0.40353143841515937 0.530765503875969 0.40482342807924204 0.533187984496124 0.40396210163652024 0.5351259689922481 0.400947459086994 0.5334302325581396 0.3927648578811369 0.528343023255814 0.3880275624461671 0.5191375968992249 0.3880275624461671 0.5155038759689923 0.3906115417743325 0.5138081395348837 0.39405684754521964 0.5135658914728682 0.40137812230835485 0.5157461240310078 0.40353143841515937
1 0.4006782945736434 0.5370370370370371 0.40843023255813954 0.5348837209302325 0.4106104651162791 0.5361757105943152 0.4183624031007752 0.5357450473729544 0.42248062015503873 0.5374677002583979 0.4236918604651163 0.5366063738156761 0.42490310077519383 0.5331610680447889 0.42611434108527135 0.5180878552971576 0.42587209302325585 0.5111972437553833 0.4217538759689923 0.5 0.41908914728682173 0.4974160206718346 0.4113372093023256 0.4944013781223084 0.4040697674418605 0.4995693367786391 0.39946705426356593 0.516365202411714 0.39874031007751937 0.5310077519379844 0.4006782945736434 0.5370370370370371
4 0.1698158914728682 0.5189491817398794 0.17151162790697677 0.5228251507321274 0.17562984496124032 0.5241171403962102 0.1797480620155039 0.5223944875107666 0.18943798449612406 0.5223944875107666 0.20155038759689922 0.5099052540913006 0.21027131782945738 0.5064599483204134 0.2117248062015504 0.5012919896640826 0.21245155038759692 0.49052540913006026 0.21027131782945738 0.48148148148148145 0.20469961240310078 0.4754521963824289 0.1991279069767442 0.4741602067183463 0.185562015503876 0.4763135228251507 0.18120155038759692 0.4797588285960379 0.17296511627906977 0.4909560723514212 0.17078488372093026 0.4952627045650302 0.1690891472868217 0.5043066322136089 0.1688468992248062 0.5129198966408269 0.1698158914728682 0.5189491817398794
5 0.05717054263565892 0.4780361757105943 0.06080426356589148 0.48492678725236865 0.06758720930232559 0.48234280792420325 0.07921511627906977 0.4810508182601205 0.09423449612403101 0.47114556416882 0.09593023255813954 0.4677002583979328 0.09399224806201552 0.46296296296296297 0.09011627906976745 0.45822566752799315 0.08502906976744187 0.45305770887166236 0.08163759689922481 0.4513350559862188 0.0692829457364341 0.45305770887166236 0.06056201550387597 0.46124031007751937 0.058139534883720936 0.4659776055124892 0.05692829457364341 0.4702842377260982 0.05717054263565892 0.4780361757105943
1 0.38662790697674415 0.42764857881136953 0.3921996124031008 0.4263565891472868 0.39486434108527135 0.4186046511627907 0.39462209302325585 0.4155900086132644 0.3914728682170543 0.409130060292851 0.3873546511627907 0.40654608096468564 0.38444767441860467 0.41128337639965545 0.38420542635658916 0.4151593453919035 0.38444767441860467 0.425495262704565 0.38662790697674415 0.42764857881136953
5 0.42853682170542634 0.4720068906115418 0.44307170542635665 0.4720068906115418 0.4445251937984497 0.4702842377260982 0.44525193798449614 0.46382428940568476 0.4445251937984497 0.45434969853574503 0.4418604651162791 0.4487510766580534 0.43943798449612403 0.446167097329888 0.4319282945736434 0.4470284237726098 0.4290213178294574 0.4496124031007752 0.4270833333333333 0.4552110249784668 0.42684108527131787 0.4672695951765719 0.42853682170542634 0.4720068906115418
1 0.3309108527131783 0.4974160206718346 0.33236434108527135 0.5004306632213609 0.3357558139534884 0.5030146425495262 0.34568798449612403 0.5038759689922481 0.34786821705426363 0.4995693367786391 0.3546511627906977 0.4944013781223084 0.3568313953488372 0.4909560723514212 0.35804263565891475 0.4771748492678725 0.3563468992248062 0.4737295434969853 0.35198643410852715 0.4702842377260982 0.340358527131783 0.4707149009474591 0.33672480620155043 0.4728682170542636 0.33502906976744184 0.47588285960378984 0.3316375968992248 0.47588285960378984 0.33042635658914726 0.4827734711455641 0.33018410852713176 0.4909560723514212 0.3309108527131783 0.4974160206718346
1 0.11991279069767442 0.6080964685615848 0.12281976744186046 0.6068044788975021 0.13226744186046513 0.5973298880275624 0.15237403100775193 0.582687338501292 0.1610949612403101 0.5796726959517657 0.17369186046511628 0.5801033591731266 0.1751453488372093 0.578380706287683 0.1749031007751938 0.5710594315245477 0.1741763565891473 0.5676141257536607 0.17175387596899225 0.5628768303186907 0.16303294573643412 0.5555555555555556 0.155281007751938 0.553402239448751 0.14728682170542637 0.553402239448751 0.14050387596899225 0.5555555555555556 0.13517441860465118 0.5598621877691645 0.1303294573643411 0.5689061154177433 0.12645348837209303 0.5727820844099913 0.11967054263565892 0.5861326442721791 0.11724806201550388 0.5951765719207579 0.1174903100775194 0.6046511627906977 0.11991279069767442 0.6080964685615848
1 0.3309108527131783 0.4478897502153316 0.33018410852713176 0.45305770887166236 0.3306686046511628 0.46080964685615844 0.3316375968992248 0.46425495262704564 0.3338178294573644 0.46037898363479757 0.3330910852713178 0.4577950043066322 0.3333333333333333 0.45219638242894056 0.33672480620155043 0.4465977605512489 0.3425387596899225 0.4448751076658053 0.34544573643410853 0.43453919035314387 0.3439922480620155 0.43238587424633934 0.3379360465116279 0.43109388458225667 0.3316375968992248 0.43367786391042207 0.3294573643410853 0.4366925064599483 0.3294573643410853 0.4427217915590009 0.3309108527131783 0.4478897502153316
1 0.5348837209302326 0.818690783807063 0.5380329457364341 0.830318690783807 0.5382751937984497 0.8561584840654608 0.5399709302325582 0.8673557278208441 0.5436046511627907 0.8690783807062877 0.5460271317829458 0.8664944013781223 0.5477228682170543 0.8617571059431525 0.5503875968992249 0.8591731266149871 0.5571705426356589 0.8574504737295435 0.5709786821705427 0.8630490956072351 0.58890503875969 0.8621877691645133 0.5920542635658915 0.8639104220499569 0.5988372093023256 0.8708010335917313 0.6027131782945737 0.8703703703703703 0.6053779069767442 0.8660637381567613 0.6068313953488372 0.8557278208440999 0.6065891472868217 0.8402239448751077 0.6075581395348837 0.8273040482342807 0.6063468992248062 0.8217054263565892 0.6048934108527132 0.8049095607235143 0.6015019379844962 0.7932816537467701 0.6000484496124031 0.7829457364341086 0.6044089147286823 0.7782084409991387 0.6056201550387598 0.7756244616709732 0.6058624031007752 0.7713178294573644 0.6053779069767442 0.7691645133505598 0.6036821705426356 0.7674418604651163 0.5990794573643411 0.7683031869078382 0.5971414728682171 0.7652885443583117 0.5903585271317829 0.7428940568475453 0.5884205426356589 0.7329888027562447 0.5826065891472868 0.7127476313522826 0.5794573643410853 0.7062876830318691 0.5746124031007752 0.7037037037037037 0.564437984496124 0.7019810508182601 0.5489341085271319 0.7028423772609819 0.5450581395348837 0.7058570198105082 0.5419089147286822 0.7127476313522826 0.5348837209302326 0.735142118863049 0.5324612403100776 0.764857881136951 0.5329457364341086 0.8044788975021533 0.5348837209302326 0.818690783807063
1 0.2727713178294574 0.45994832041343664 0.27592054263565896 0.46210163652024117 0.28948643410852715 0.46296296296296297 0.29457364341085274 0.46080964685615844 0.29554263565891475 0.4569336778639104 0.29505813953488375 0.4418604651162791 0.2928779069767442 0.4384151593453919 0.2868217054263566 0.43540051679586567 0.2800387596899225 0.43583118001722654 0.2764050387596899 0.4384151593453919 0.27180232558139533 0.4496124031007752 0.2715600775193798 0.45348837209302323 0.2727713178294574 0.45994832041343664
1 0.37427325581395354 0.5749354005167958 0.375 0.5999138673557278 0.37669573643410853 0.6050818260120586 0.3905038759689923 0.6037898363479758 0.3917151162790698 0.6020671834625323 0.39292635658914726 0.5964685615848407 0.39946705426356593 0.5861326442721791 0.4040697674418605 0.5831180017226528 0.40818798449612403 0.5831180017226528 0.40964147286821706 0.5818260120585702 0.4101259689922481 0.5796726959517657 0.4106104651162791 0.5706287683031869 0.40988372093023256 0.5645994832041343 0.40794573643410853 0.5568475452196382 0.4040697674418605 0.5490956072351422 0.40116279069767447 0.5469422911283376 0.3907461240310078 0.5465116279069767 0.3868701550387597 0.5473729543496986 0.38372093023255816 0.5508182601205858 0.37839147286821706 0.5676141257536607 0.37427325581395354 0.5749354005167958
1 0.26913759689922484 0.5189491817398794 0.27228682170542634 0.5228251507321274 0.2805232558139535 0.5228251507321274 0.28997093023255816 0.5249784668389319 0.2923934108527132 0.5267011197243755 0.29481589147286824 0.5262704565030146 0.2967538759689923 0.5193798449612403 0.29651162790697677 0.48320413436692505 0.29457364341085274 0.4810508182601205 0.2863372093023256 0.4810508182601205 0.278827519379845 0.4862187769164513 0.2754360465116279 0.49138673557278206 0.2737403100775194 0.4987080103359173 0.2713178294573644 0.5030146425495262 0.2686531007751938 0.5116279069767442 0.2684108527131783 0.5159345391903531 0.26913759689922484 0.5189491817398794
1 0.3873546511627907 0.6304909560723514 0.3873546511627907 0.6347975882859603 0.3859011627906977 0.6468561584840655 0.3846899224806202 0.6688199827734712 0.38662790697674415 0.673557278208441 0.3907461240310078 0.6722652885443584 0.4188468992248062 0.6718346253229974 0.4253875968992248 0.6739879414298019 0.42877906976744184 0.6559000861326442 0.42999031007751937 0.6373815676141257 0.42999031007751937 0.6231696813092162 0.42877906976744184 0.62015503875969 0.42853682170542634 0.6055124892334194 0.42659883720930236 0.5913006029285098 0.4244186046511628 0.5852713178294574 0.4210271317829457 0.5831180017226528 0.41569767441860467 0.582687338501292 0.4001937984496124 0.586993970714901 0.3941375968992248 0.5956072351421189 0.38880813953488375 0.6188630490956072 0.3856589147286822 0.6231696813092162 0.3856589147286822 0.6266149870801034 0.3873546511627907 0.6304909560723514
1 0.33115310077519383 0.4366925064599483 0.33745155038759694 0.4375538329026701 0.341812015503876 0.4397071490094746 0.34568798449612403 0.43583118001722654 0.34738372093023256 0.43023255813953487 0.34568798449612403 0.4160206718346253 0.33478682170542634 0.4190353143841516 0.3333333333333333 0.42161929371231693 0.33284883720930236 0.42506459948320413 0.33018410852713176 0.42894056847545214 0.3296996124031008 0.43281653746770027 0.33115310077519383 0.4366925064599483
5 0.23788759689922484 0.48234280792420325 0.2558139534883721 0.4827734711455641 0.25872093023255816 0.4819121447028423 0.26283914728682173 0.47760551248923344 0.26453488372093026 0.4689922480620155 0.26453488372093026 0.46382428940568476 0.2609011627906977 0.4560723514211886 0.25363372093023256 0.45262704565030143 0.24563953488372092 0.45262704565030143 0.24127906976744187 0.4560723514211886 0.2366763565891473 0.46554694229112836 0.2357073643410853 0.4694229112833764 0.2357073643410853 0.4780361757105943 0.23788759689922484 0.48234280792420325
1 0.33502906976744184 0.46296296296296297 0.3357558139534884 0.466838931955211 0.3376937984496124 0.4689922480620155 0.3500484496124031 0.4677002583979328 0.35247093023255816 0.46167097329888024 0.3507751937984497 0.45305770887166236 0.345203488372093 0.4440137812230835 0.3379360465116279 0.4444444444444444 0.3340600775193799 0.4500430663221361 0.3316375968992248 0.45650301464254955 0.3316375968992248 0.46554694229112836 0.33502906976744184 0.46296296296296297
1 0.3488372093023256 0.42894056847545214 0.35295542635658916 0.42937123169681307 0.3558624031007752 0.42764857881136953 0.35828488372093026 0.42248062015503873 0.36337209302325585 0.4186046511627907 0.36385658914728686 0.4147286821705426 0.35998062015503873 0.4082687338501292 0.35247093023255816 0.40654608096468564 0.3476259689922481 0.4151593453919035 0.34689922480620156 0.4211886304909561 0.3488372093023256 0.42894056847545214
1 0.3604651162790698 0.40956072351421186 0.36361434108527135 0.40956072351421186 0.3665213178294574 0.4043927648578811 0.36627906976744184 0.3979328165374677 0.3628875968992248 0.39405684754521964 0.3563468992248062 0.3944875107665805 0.3536821705426357 0.400947459086994 0.3536821705426357 0.4052540913006029 0.3604651162790698 0.40956072351421186
1 0.185562015503876 0.5542635658914729 0.20494186046511628 0.5542635658914729 0.21075581395348839 0.5564168819982773 0.22747093023255816 0.5447889750215332 0.2294089147286822 0.5400516795865633 0.23062015503875968 0.532730404823428 0.22819767441860467 0.5202411714039621 0.2240794573643411 0.5137812230835487 0.22093023255813954 0.5116279069767442 0.20930232558139536 0.5086132644272179 0.19864341085271317 0.5142118863049095 0.19452519379844962 0.5180878552971576 0.185562015503876 0.5353143841515935 0.18459302325581395 0.5391903531438414 0.18435077519379847 0.5512489233419466 0.185562015503876 0.5542635658914729
1 0.34689922480620156 0.4483204134366925 0.3505329457364341 0.45391903531438416 0.35247093023255816 0.46167097329888024 0.35901162790697677 0.46037898363479757 0.3602228682170543 0.4577950043066322 0.36167635658914726 0.4500430663221361 0.36143410852713176 0.446167097329888 0.3597383720930233 0.4392764857881137 0.3558624031007752 0.43367786391042207 0.34932170542635665 0.43281653746770027 0.34568798449612403 0.4371231696813092 0.34447674418604657 0.4405684754521964 0.344234496124031 0.446167097329888 0.34689922480620156 0.4483204134366925
1 0.5433624031007752 0.4836347975882859 0.5501453488372093 0.48320413436692505 0.5537790697674418 0.4801894918173988 0.5612887596899225 0.4879414298018949 0.5748546511627907 0.48751076658053405 0.5780038759689923 0.48406546080964685 0.5787306201550388 0.4797588285960379 0.5780038759689923 0.4732988802756245 0.5707364341085271 0.4681309216192937 0.563953488372093 0.46037898363479757 0.5608042635658915 0.45908699397071495 0.5569282945736435 0.458656330749354 0.5545058139534884 0.45994832041343664 0.5537790697674418 0.46210163652024117 0.5525678294573644 0.45951765719207577 0.5489341085271319 0.45908699397071495 0.5402131782945736 0.46425495262704564 0.5382751937984497 0.466838931955211 0.5382751937984497 0.4780361757105943 0.5433624031007752 0.4836347975882859
1 0.2657461240310078 0.4969853574504737 0.2684108527131783 0.4995693367786391 0.2715600775193798 0.4991386735572782 0.2727713178294574 0.4982773471145564 0.27422480620155043 0.4926787252368648 0.2781007751937985 0.4862187769164513 0.2873062015503876 0.479328165374677 0.2882751937984496 0.47760551248923344 0.28851744186046513 0.4737295434969853 0.2870639534883721 0.4689922480620155 0.28343023255813954 0.46554694229112836 0.2715600775193798 0.46468561584840656 0.2674418604651163 0.4677002583979328 0.26526162790697677 0.4715762273901809 0.2618701550387597 0.4819121447028423 0.2616279069767442 0.4844961240310077 0.2657461240310078 0.4969853574504737
1 0.23086240310077522 0.5211024978466839 0.23522286821705427 0.5211024978466839 0.2427325581395349 0.5176571920757967 0.2553294573643411 0.516365202411714 0.2613856589147287 0.5142118863049095 0.2625968992248062 0.5129198966408269 0.26332364341085274 0.5099052540913006 0.26453488372093026 0.49483204134366926 0.2621124031007752 0.48664944013781225 0.25847868217054265 0.48234280792420325 0.24079457364341086 0.48320413436692505 0.2369186046511628 0.48664944013781225 0.23328488372093026 0.49397071490094746 0.23062015503875968 0.5021533161068045 0.22916666666666666 0.5116279069767442 0.22892441860465118 0.516365202411714 0.23086240310077522 0.5211024978466839
1 0.4530038759689923 0.4280792420327304 0.4532461240310078 0.43496985357450474 0.4549418604651163 0.43238587424633934 0.45978682170542634 0.42980189491817394 0.46342054263565896 0.42980189491817394 0.4643895348837209 0.4280792420327304 0.4646317829457364 0.4198966408268734 0.4607558139534884 0.4142980189491818 0.45639534883720934 0.4142980189491818 0.4530038759689923 0.4186046511627907 0.45179263565891475 0.42248062015503873 0.4530038759689923 0.4280792420327304
1 0.35876937984496127 0.4388458225667528 0.3628875968992248 0.450473729543497 0.36627906976744184 0.4491817398794143 0.36773255813953487 0.4392764857881137 0.36749031007751937 0.42764857881136953 0.36627906976744184 0.4220499569336779 0.3628875968992248 0.4207579672695952 0.3592538759689923 0.42248062015503873 0.35537790697674415 0.43023255813953487 0.3551356589147287 0.43238587424633934 0.35876937984496127 0.4388458225667528
1 0.09859496124031007 0.5714900947459087 0.1252422480620155 0.5732127476313523 0.1308139534883721 0.5676141257536607 0.13590116279069767 0.5590008613264428 0.14074612403100775 0.5551248923341946 0.15116279069767444 0.5512489233419466 0.15310077519379844 0.5443583118001722 0.15479651162790697 0.529285099052541 0.15116279069767444 0.5159345391903531 0.14777131782945738 0.5107665805340224 0.14074612403100775 0.5077519379844961 0.12742248062015504 0.508182601205857 0.12378875968992249 0.5146425495262704 0.11458333333333333 0.5185185185185185 0.10852713178294575 0.5254091300602929 0.10416666666666667 0.5348837209302325 0.09835271317829458 0.5434969853574505 0.09471899224806203 0.5546942291128337 0.09496124031007752 0.5671834625322997 0.09859496124031007 0.5714900947459087
1 0.5503875968992249 0.40137812230835485 0.564437984496124 0.40310077519379844 0.5661337209302326 0.4000861326442722 0.5661337209302326 0.39405684754521964 0.564922480620155 0.3906115417743325 0.562984496124031 0.3888888888888889 0.553294573643411 0.38845822566752797 0.5503875968992249 0.3897502153316107 0.5496608527131783 0.3914728682170543 0.5489341085271319 0.39836347975882863 0.5503875968992249 0.40137812230835485
1 0.46002906976744184 0.48578811369509045 0.46220930232558144 0.4844961240310077 0.4631782945736434 0.4810508182601205 0.46342054263565896 0.4672695951765719 0.46124031007751937 0.45348837209302323 0.46002906976744184 0.45219638242894056 0.45663759689922484 0.45478036175710596 0.4530038759689923 0.46640826873385016 0.4532461240310078 0.48406546080964685 0.46002906976744184 0.48578811369509045
1 0.3381782945736434 0.417312661498708 0.34544573643410853 0.4186046511627907 0.3505329457364341 0.4117140396210164 0.3522286821705427 0.4082687338501292 0.3522286821705427 0.40482342807924204 0.34907945736434115 0.4018087855297158 0.3449612403100775 0.4018087855297158 0.34084302325581395 0.4043927648578811 0.33866279069767447 0.41042204995693365 0.33745155038759694 0.4147286821705426 0.3381782945736434 0.417312661498708
1 0.4854651162790698 0.446167097329888 0.4907945736434109 0.4483204134366925 0.49467054263565896 0.4478897502153316 0.496124031007752 0.4392764857881137 0.4987887596899225 0.43540051679586567 0.4983042635658915 0.43152454780361754 0.496608527131783 0.42850990525409133 0.49249031007751937 0.4272179155900086 0.48788759689922484 0.4272179155900086 0.4854651162790698 0.43152454780361754 0.4844961240310078 0.43540051679586567 0.48401162790697677 0.4397071490094746 0.4854651162790698 0.446167097329888
1 0.4568798449612403 0.4483204134366925 0.46002906976744184 0.450473729543497 0.4670542635658915 0.4453057708871662 0.46826550387596905 0.43626184323858747 0.4670542635658915 0.43152454780361754 0.46366279069767447 0.42894056847545214 0.4595445736434109 0.42850990525409133 0.4530038759689923 0.43238587424633934 0.45276162790697677 0.437984496124031 0.4568798449612403 0.4483204134366925
1 0.679748062015504 0.48751076658053405 0.6821705426356589 0.4892334194659776 0.6933139534883721 0.48751076658053405 0.6962209302325582 0.48234280792420325 0.6998546511627908 0.4853574504737295 0.7066375968992248 0.48837209302325585 0.7136627906976744 0.48880275624461667 0.7170542635658914 0.48492678725236865 0.718265503875969 0.4806201550387597 0.718265503875969 0.47760551248923344 0.7170542635658914 0.4737295434969853 0.7066375968992248 0.4685615848406546 0.7013081395348837 0.46296296296296297 0.6969476744186047 0.46080964685615844 0.6891957364341086 0.46080964685615844 0.6824127906976744 0.46296296296296297 0.6780523255813954 0.47502153316106804 0.6782945736434108 0.4844961240310077 0.679748062015504 0.48751076658053405
1 0.5101744186046512 0.6167097329888028 0.5109011627906977 0.6231696813092162 0.5104166666666666 0.6447028423772609 0.5138081395348837 0.661068044788975 0.5152616279069767 0.6632213608957795 0.5501453488372093 0.664944013781223 0.5508720930232558 0.6619293712316968 0.5513565891472868 0.6421188630490957 0.5494186046511628 0.6261843238587425 0.5515988372093024 0.6227390180878553 0.5520833333333334 0.619724375538329 0.5503875968992249 0.6171403962101636 0.5477228682170543 0.6167097329888028 0.5462693798449613 0.6145564168819982 0.5438468992248062 0.6020671834625323 0.5421511627906977 0.5973298880275624 0.5406976744186047 0.5947459086993971 0.5363372093023256 0.5917312661498708 0.5254360465116279 0.5904392764857881 0.5198643410852714 0.5921619293712317 0.5157461240310078 0.5981912144702842 0.5133236434108527 0.6124031007751938 0.5101744186046512 0.6167097329888028
1 0.23062015503875968 0.5503875968992248 0.24006782945736435 0.5551248923341946 0.2483042635658915 0.5671834625322997 0.2512112403100775 0.5658914728682171 0.25920542635658916 0.5658914728682171 0.2601744186046512 0.5598621877691645 0.2621124031007752 0.5564168819982773 0.2657461240310078 0.55770887166236 0.2671996124031008 0.5559862187769165 0.26889534883720934 0.5469422911283376 0.2676841085271318 0.5284237726098191 0.2659883720930233 0.5219638242894057 0.2621124031007752 0.5167958656330749 0.2483042635658915 0.5172265288544358 0.24127906976744187 0.520671834625323 0.23619186046511628 0.5258397932816538 0.2303779069767442 0.5400516795865633 0.22989341085271317 0.5473729543496986 0.23062015503875968 0.5503875968992248
1 0.4106104651162791 0.4952627045650302 0.42078488372093026 0.4995693367786391 0.4253875968992248 0.5103359173126615 0.4292635658914729 0.5094745908699397 0.43217054263565896 0.5068906115417744 0.43217054263565896 0.48837209302325585 0.42877906976744184 0.4754521963824289 0.4256298449612403 0.4737295434969853 0.4193313953488373 0.4737295434969853 0.4147286821705427 0.4754521963824289 0.4120639534883721 0.4784668389319552 0.4101259689922481 0.48578811369509045 0.40939922480620156 0.49138673557278206 0.4106104651162791 0.4952627045650302
3 0.5021802325581396 0.5133505598621878 0.5053294573643411 0.5155038759689922 0.5123546511627907 0.5129198966408269 0.5138081395348837 0.508182601205857 0.5147771317829457 0.4987080103359173 0.5145348837209303 0.4909560723514212 0.5125968992248062 0.47760551248923344 0.5092054263565892 0.4741602067183463 0.5046027131782945 0.4754521963824289 0.502906976744186 0.47760551248923344 0.5012112403100776 0.48751076658053405 0.5012112403100776 0.5073212747631352 0.5021802325581396 0.5133505598621878
5 0.13711240310077522 0.751937984496124 0.14050387596899225 0.7545219638242894 0.1688468992248062 0.7558139534883721 0.18968023255813954 0.7523686477174849 0.1937984496124031 0.7484926787252368 0.19718992248062014 0.735142118863049 0.2044573643410853 0.7256675279931094 0.21075581395348839 0.7200689061154177 0.21390503875968994 0.7131782945736433 0.216812015503876 0.7032730404823427 0.218265503875969 0.6929371231696813 0.216812015503876 0.6770025839793282 0.21560077519379847 0.6722652885443584 0.21196705426356588 0.6666666666666666 0.20130813953488375 0.6606373815676142 0.1802325581395349 0.6597760551248923 0.17151162790697677 0.661068044788975 0.16497093023255816 0.6666666666666666 0.1492248062015504 0.6925064599483205 0.14631782945736435 0.698105081826012 0.14534883720930233 0.7032730404823427 0.13711240310077522 0.7209302325581396 0.1356589147286822 0.727390180878553 0.1356589147286822 0.7476313522825151 0.13711240310077522 0.751937984496124
1 0.4983042635658915 0.45348837209302323 0.5021802325581396 0.45262704565030143 0.5106589147286822 0.4465977605512489 0.5106589147286822 0.4435831180017227 0.5094476744186047 0.4397071490094746 0.5046027131782945 0.43453919035314387 0.498062015503876 0.43496985357450474 0.4944282945736434 0.4427217915590009 0.4941860465116279 0.4465977605512489 0.4983042635658915 0.45348837209302323
5 0.3355135658914729 0.46080964685615844 0.33696705426356593 0.4672695951765719 0.33842054263565896 0.4694229112833764 0.3488372093023256 0.4685615848406546 0.3507751937984497 0.4672695951765719 0.35198643410852715 0.46425495262704564 0.3507751937984497 0.45305770887166236 0.34932170542635665 0.4500430663221361 0.34544573643410853 0.446167097329888 0.3381782945736434 0.4457364341085271 0.3357558139534884 0.4487510766580534 0.33502906976744184 0.45176571920757963 0.33478682170542634 0.45650301464254955 0.3355135658914729 0.46080964685615844
0 0.496124031007752 0.4280792420327304 0.501937984496124 0.43367786391042207 0.5055717054263567 0.43367786391042207 0.5065406976744187 0.43195521102497847 0.5075096899224806 0.4237726098191214 0.5077519379844961 0.40956072351421186 0.5060562015503876 0.40137812230835485 0.5033914728682171 0.39664082687338503 0.496608527131783 0.3927648578811369 0.49127906976744184 0.3944875107665805 0.4895833333333333 0.400947459086994 0.48837209302325585 0.4142980189491818 0.48837209302325585 0.42592592592592593 0.496124031007752 0.4280792420327304
0 0.46366279069767447 0.48492678725236865 0.46245155038759694 0.4982773471145564 0.46245155038759694 0.5090439276485788 0.46366279069767447 0.5279931093884582 0.466812015503876 0.545219638242894 0.47238372093023256 0.5396210163652024 0.4786821705426357 0.5391903531438414 0.48498062015503873 0.5404823428079242 0.48764534883720934 0.5426356589147286 0.4915213178294574 0.5400516795865633 0.49491279069767447 0.5447889750215332 0.498062015503876 0.545650301464255 0.5021802325581396 0.529285099052541 0.502422480620155 0.5180878552971576 0.500968992248062 0.5060292850990525 0.5007267441860466 0.4909560723514212 0.5021802325581396 0.4827734711455641 0.502422480620155 0.4741602067183463 0.5021802325581396 0.4702842377260982 0.49951550387596905 0.46468561584840656 0.49733527131782945 0.45650301464254955 0.49515503875968997 0.45219638242894056 0.49273255813953487 0.4500430663221361 0.4818313953488373 0.4470284237726098 0.466812015503876 0.4478897502153316 0.46342054263565896 0.4500430663221361 0.4626937984496124 0.45305770887166236 0.4626937984496124 0.4741602067183463 0.46366279069767447 0.48492678725236865
0 0.48861434108527135 0.3858742463393626 0.4922480620155039 0.38845822566752797 0.4983042635658915 0.3880275624461671 0.5002422480620156 0.3850129198966408 0.501453488372093 0.38027562446167096 0.501937984496124 0.3686477174849268 0.5002422480620156 0.3660637381567614 0.49467054263565896 0.36563307493540054 0.49249031007751937 0.36735572782084414 0.4871608527131783 0.3772609819121447 0.4871608527131783 0.3824289405684755 0.48861434108527135 0.3858742463393626
6 0.020106589147286823 0.6520241171403962 0.02107558139534884 0.6968130921619293 0.022286821705426358 0.7080103359173125 0.034156976744186045 0.7002583979328165 0.04433139534883721 0.6907838070628769 0.05014534883720931 0.6877691645133505 0.05377906976744186 0.6881998277347114 0.05717054263565892 0.6916451335055986 0.06080426356589148 0.6894918173987941 0.06468023255813954 0.6791559000861327 0.06516472868217055 0.6714039621016364 0.06661821705426357 0.6645133505598622 0.06952519379844962 0.6597760551248923 0.07437015503875968 0.6559000861326442 0.07558139534883722 0.6515934539190353 0.07388565891472869 0.6145564168819982 0.07315891472868218 0.5745047372954349 0.07122093023255814 0.5723514211886305 0.06613372093023256 0.5714900947459087 0.03173449612403101 0.5693367786391043 0.025193798449612403 0.5706287683031869 0.02059108527131783 0.5740740740740741 0.019379844961240313 0.5766580534022394 0.018895348837209305 0.6309216192937123 0.020106589147286823 0.6520241171403962
3 0.3653100775193799 0.8970714900947458 0.36409883720930236 0.9095607235142119 0.3643410852713178 0.917312661498708 0.3621608527131783 0.9289405684754521 0.36240310077519383 0.9354005167958656 0.36603682170542634 0.946597760551249 0.3667635658914729 0.9526270456503014 0.3667635658914729 0.9702842377260983 0.36845930232558144 0.9771748492678725 0.36991279069767447 0.9788975021533161 0.373062015503876 0.9767441860465117 0.37693798449612403 0.9595176571920758 0.3776647286821706 0.9530577088716624 0.38032945736434115 0.9431524547803618 0.3798449612403101 0.9319552110249784 0.3812984496124031 0.9233419465977605 0.3820251937984497 0.9074074074074074 0.3815406976744186 0.8996554694229113 0.3854166666666667 0.8906115417743324 0.3854166666666667 0.8871662360034454 0.3728197674418605 0.8854435831180018 0.36627906976744184 0.8875968992248062 0.36264534883720934 0.8867355727820844 0.36167635658914726 0.888458225667528 0.36143410852713176 0.8906115417743324 0.3653100775193799 0.8970714900947458
3 0.3905038759689923 0.8789836347975883 0.3909883720930233 0.8763996554694229 0.38953488372093026 0.8763996554694229 0.38929263565891475 0.8776916451335056 0.3905038759689923 0.8789836347975883
3 0.3592538759689923 0.87984496124031 0.3611918604651163 0.8781223083548665 0.36143410852713176 0.8763996554694229 0.3602228682170543 0.8742463393626184 0.35828488372093026 0.8746770025839793 0.35780038759689925 0.8768303186907838 0.3592538759689923 0.87984496124031
3 0.435562015503876 0.5590008613264428 0.43919573643410853 0.5602928509905254 0.44282945736434115 0.5478036175710594 0.44282945736434115 0.5361757105943152 0.435562015503876 0.5357450473729544 0.43483527131782945 0.5422049956933678 0.43459302325581395 0.5499569336778639 0.435562015503876 0.5590008613264428
3 0.34447674418604657 0.6403962101636521 0.3481104651162791 0.6438415159345391 0.3461724806201551 0.6559000861326442 0.34568798449612403 0.665374677002584 0.3485949612403101 0.6679586563307494 0.3592538759689923 0.6675279931093884 0.3604651162790698 0.6619293712316968 0.3602228682170543 0.6425495262704565 0.3594961240310078 0.6412575366063739 0.3544089147286822 0.6416881998277347 0.35125968992248063 0.6399655469422911 0.3476259689922481 0.6356589147286821 0.345203488372093 0.6352282515073213 0.344234496124031 0.6369509043927649 0.34447674418604657 0.6403962101636521
3 0.3863856589147287 0.7695951765719208 0.3871124031007752 0.7764857881136952 0.3905038759689923 0.7825150732127476 0.38929263565891475 0.7937123169681308 0.39001937984496127 0.8040482342807924 0.3897771317829457 0.818690783807063 0.3921996124031008 0.82687338501292 0.3941375968992248 0.8393626184323858 0.39752906976744184 0.8363479758828596 0.3982558139534884 0.8298880275624462 0.40092054263565896 0.8238587424633936 0.402374031007752 0.8173987941429801 0.4040697674418605 0.7941429801894918 0.40310077519379844 0.7829457364341086 0.404796511627907 0.7782084409991387 0.4050387596899225 0.7747631352282516 0.403827519379845 0.7721791559000861 0.40092054263565896 0.7708871662360034 0.38953488372093026 0.7713178294573644 0.38832364341085274 0.7700258397932817 0.3873546511627907 0.7639965546942291 0.3854166666666667 0.764857881136951 0.3849321705426357 0.7657192075796727 0.3863856589147287 0.7695951765719208
3 0.35271317829457366 0.999569336778639 0.35295542635658916 0.9978466838931955 0.35658914728682173 0.9948320413436692 0.3561046511627907 0.9913867355727821 0.35247093023255816 0.9866494401378122 0.33478682170542634 0.9875107665805339 0.3296996124031008 0.9905254091300604 0.3296996124031008 0.999569336778639 0.35271317829457366 0.999569336778639
2 0.3738425925925926 0.8599537037037037 0.03009259259259259 0.059027777777777776
2 0.39814814814814814 0.7488425925925926 0.020833333333333332 0.04976851851851852
2 0.3402777777777778 0.9212962962962963 0.3449074074074074 0.9212962962962963 0.34953703703703703 0.9259259259259259 0.34953703703703703 0.9398148148148148 0.35185185185185186 0.9421296296296297 0.35648148148148145 0.9652777777777778 0.3587962962962963 0.9675925925925926 0.3587962962962963 0.9791666666666666 0.35185185185185186 0.9837962962962963 0.3333333333333333 0.9837962962962963 0.3287037037037037 0.9791666666666666 0.3287037037037037 0.9537037037037037 0.33796296296296297 0.9421296296296297 0.33796296296296297 0.9259259259259259 0.3402777777777778 0.9236111111111112
2 0.3472222222222222 0.6388888888888888 0.3472222222222222 0.6296296296296297 0.35185185185185186 0.625 0.35185185185185186 0.6180555555555556 0.3541666666666667 0.6157407407407407 0.35648148148148145 0.6157407407407407 0.35648148148148145 0.6226851851851852 0.3611111111111111 0.6296296296296297 0.3611111111111111 0.6412037037037037 0.35185185185185186 0.6412037037037037 0.34953703703703703 0.6388888888888888
2 0.4398148148148148 0.5138888888888888 0.44212962962962965 0.5300925925925926 0.4375 0.5300925925925926 0.4351851851851852 0.5254629629629629 0.4375 0.5162037037037037
1 0.34837962962962965 0.7199074074074074 0.061342592592592594 0.10532407407407407
5 0.2337962962962963 0.5555555555555556 0.23842592592592593 0.5578703703703703 0.24768518518518517 0.5694444444444444 0.24768518518518517 0.5902777777777778 0.24537037037037038 0.5925925925925926 0.24537037037037038 0.5972222222222222 0.24074074074074073 0.5972222222222222 0.2337962962962963 0.6087962962962963 0.22453703703703703 0.6134259259259259 0.2013888888888889 0.6134259259259259 0.19675925925925927 0.6041666666666666 0.19675925925925927 0.5949074074074074 0.2013888888888889 0.5833333333333334 0.19907407407407407 0.5787037037037037 0.20601851851851852 0.5740740740740741 0.21296296296296297 0.5578703703703703 0.2175925925925926 0.5532407407407407 0.23148148148148148 0.5555555555555556