8 0.5707720588235294 0.43300653594771243 0.5772058823529411 0.4358660130718955 0.5986519607843137 0.434640522875817 0.6096813725490196 0.4362745098039216 0.6200980392156863 0.43218954248366015 0.6197916666666666 0.423202614379085 0.6176470588235294 0.41870915032679745 0.6053921568627452 0.4101307189542484 0.578125 0.4072712418300654 0.5732230392156863 0.4093137254901961 0.5701593137254902 0.414624183006536 0.5683210784313726 0.42851307189542487 0.5707720588235294 0.43300653594771243
8 0.24785539215686275 0.6172385620915034 0.24969362745098042 0.6188725490196079 0.25153186274509803 0.6200980392156863 0.28952205882352944 0.6200980392156863 0.29381127450980393 0.6086601307189542 0.29748774509803927 0.6029411764705883 0.30361519607843135 0.6000816993464052 0.3069852941176471 0.5955882352941176 0.31096813725490197 0.5959967320261439 0.31403186274509803 0.5939542483660132 0.3161764705882353 0.5845588235294118 0.31587009803921573 0.5649509803921569 0.31403186274509803 0.5559640522875817 0.3085171568627451 0.5473856209150327 0.30575980392156865 0.5359477124183006 0.3030024509803922 0.5330882352941176 0.2925857843137255 0.5306372549019608 0.26991421568627455 0.5322712418300655 0.2536764705882353 0.5428921568627451 0.24540441176470587 0.551062091503268 0.24142156862745098 0.5608660130718954 0.23988970588235295 0.5759803921568628 0.23713235294117646 0.5837418300653595 0.23590686274509803 0.5951797385620915 0.24785539215686275 0.6172385620915034
8 0.12377450980392156 0.6834150326797386 0.12285539215686275 0.690359477124183 0.1253063725490196 0.6960784313725491 0.12745098039215688 0.695669934640523 0.12745098039215688 0.6846405228758171 0.13082107843137256 0.6809640522875817 0.13357843137254902 0.6801470588235295 0.13878676470588236 0.6850490196078431 0.1400122549019608 0.69281045751634 0.14215686274509803 0.6968954248366013 0.1436887254901961 0.6981209150326798 0.1522671568627451 0.698937908496732 0.15747549019607843 0.7050653594771242 0.16145833333333334 0.7075163398692811 0.17218137254901963 0.7083333333333334 0.18229166666666666 0.7124183006535949 0.18566176470588236 0.7152777777777778 0.18903186274509803 0.7152777777777778 0.19607843137254902 0.7103758169934641 0.19852941176470587 0.7140522875816994 0.203125 0.7156862745098039 0.20802696078431374 0.7107843137254902 0.20986519607843135 0.7066993464052288 0.21170343137254902 0.6977124183006537 0.21691176470588236 0.6924019607843137 0.21966911764705882 0.6875 0.22916666666666666 0.6764705882352942 0.23345588235294118 0.6732026143790851 0.2380514705882353 0.6719771241830066 0.2420343137254902 0.6683006535947713 0.24816176470588236 0.6446078431372549 0.2463235294117647 0.6200980392156863 0.2423406862745098 0.6094771241830066 0.23866421568627452 0.6037581699346405 0.23406862745098042 0.5996732026143791 0.23161764705882354 0.5947712418300654 0.22732843137254902 0.5919117647058824 0.21691176470588236 0.5894607843137255 0.18321078431372548 0.5915032679738563 0.17218137254901963 0.59640522875817 0.16237745098039214 0.6041666666666666 0.15073529411764708 0.6090686274509804 0.13357843137254902 0.6221405228758171 0.13020833333333334 0.6270424836601307 0.1280637254901961 0.6335784313725491 0.12346813725490195 0.6593137254901962 0.12285539215686275 0.6764705882352942 0.12377450980392156 0.6834150326797386
8 0.4114583333333333 0.4407679738562092 0.41697303921568624 0.4366830065359477 0.42861519607843135 0.43423202614379086 0.44638480392156865 0.4366830065359477 0.4485294117647059 0.43831699346405234 0.4528186274509804 0.44526143790849676 0.45802696078431376 0.4444444444444444 0.46017156862745096 0.4428104575163399 0.4607843137254902 0.43995098039215685 0.46017156862745096 0.423202614379085 0.4583333333333333 0.417483660130719 0.45618872549019607 0.414624183006536 0.4387254901960784 0.4138071895424837 0.4280024509803922 0.414624183006536 0.41881127450980393 0.4170751633986928 0.41482843137254904 0.4195261437908497 0.40962009803921573 0.42524509803921573 0.40441176470588236 0.434640522875817 0.40441176470588236 0.4428104575163399 0.4114583333333333 0.4407679738562092
8 0.49111519607843135 0.3937908496732026 0.4938725490196078 0.39174836601307195 0.49846813725490197 0.3929738562091504 0.5009191176470589 0.39052287581699346 0.5012254901960784 0.3831699346405229 0.5003063725490196 0.37990196078431376 0.49846813725490197 0.37785947712418305 0.4920343137254902 0.3786764705882353 0.4898897058823529 0.3819444444444444 0.48927696078431376 0.3884803921568628 0.49111519607843135 0.3937908496732026
1 0.47028186274509803 0.4011437908496732 0.47732843137254904 0.3978758169934641 0.4806985294117647 0.3937908496732026 0.48131127450980393 0.39093137254901966 0.4788602941176471 0.3872549019607843 0.47518382352941174 0.3860294117647059 0.4705882352941177 0.3872549019607843 0.46875 0.39052287581699346 0.4684436274509804 0.39665032679738566 0.47028186274509803 0.4011437908496732
1 0.31709558823529416 0.5241013071895425 0.3339460784313726 0.5212418300653595 0.34375 0.5232843137254902 0.3492647058823529 0.5290032679738562 0.3514093137254902 0.5232843137254902 0.3514093137254902 0.5093954248366013 0.35079656862745096 0.5077614379084968 0.34068627450980393 0.4991830065359477 0.33455882352941174 0.4983660130718955 0.32138480392156865 0.5004084967320261 0.31740196078431376 0.502859477124183 0.3134191176470588 0.5077614379084968 0.3072916666666667 0.5200163398692811 0.3072916666666667 0.5298202614379085 0.31709558823529416 0.5241013071895425
1 0.2061887254901961 0.5616830065359477 0.22365196078431374 0.5633169934640523 0.2306985294117647 0.56781045751634 0.23406862745098042 0.56781045751634 0.23897058823529413 0.5641339869281046 0.2417279411764706 0.5575980392156863 0.2423406862745098 0.5526960784313726 0.25428921568627455 0.5400326797385622 0.2552083333333333 0.5363562091503268 0.24785539215686275 0.5277777777777778 0.24295343137254902 0.5273692810457516 0.23927696078431374 0.5241013071895425 0.22824754901960786 0.5257352941176471 0.21783088235294118 0.5306372549019608 0.20496323529411764 0.5514705882352942 0.20404411764705882 0.5580065359477124 0.2061887254901961 0.5616830065359477
1 0.17156862745098042 0.5931372549019608 0.18412990196078433 0.5898692810457516 0.21017156862745098 0.5890522875816994 0.22395833333333334 0.5894607843137255 0.23223039215686275 0.5931372549019608 0.234375 0.5919117647058824 0.23651960784313725 0.5751633986928105 0.23284313725490197 0.5686274509803921 0.22457107843137256 0.5641339869281046 0.2061887254901961 0.5629084967320261 0.203125 0.5612745098039217 0.19209558823529413 0.5629084967320261 0.18627450980392157 0.565359477124183 0.1795343137254902 0.570669934640523 0.17034313725490197 0.5874183006535948 0.17003676470588236 0.5919117647058824 0.17156862745098042 0.5931372549019608
1 0.25245098039215685 0.5400326797385622 0.25490196078431376 0.5396241830065359 0.2539828431372549 0.5383986928104575 0.25153186274509803 0.5383986928104575 0.25153186274509803 0.5416666666666667 0.25245098039215685 0.5400326797385622
1 0.37561274509803927 0.41135620915032683 0.3869485294117647 0.411764705882353 0.3964460784313726 0.4166666666666667 0.4010416666666667 0.4150326797385621 0.40042892156862747 0.41135620915032683 0.3903186274509804 0.40522875816993464 0.3866421568627451 0.40482026143790856 0.3786764705882353 0.4076797385620915 0.37745098039215685 0.41053921568627455 0.37561274509803927 0.41135620915032683
1 0.30912990196078427 0.4803921568627451 0.31740196078431376 0.4893790849673203 0.3201593137254902 0.4893790849673203 0.32138480392156865 0.48856209150326796 0.32628676470588236 0.47589869281045755 0.33272058823529416 0.4632352941176471 0.3259803921568627 0.45996732026143794 0.31433823529411764 0.46200980392156865 0.3103553921568627 0.46813725490196084 0.3085171568627451 0.47385620915032683 0.3082107843137255 0.4775326797385621 0.30912990196078427 0.4803921568627451
1 0.28125 0.5012254901960784 0.288296568627451 0.5089869281045752 0.29473039215686275 0.5126633986928105 0.30392156862745096 0.5134803921568628 0.3069852941176471 0.5159313725490197 0.3183210784313726 0.4983660130718955 0.31893382352941174 0.49468954248366015 0.3177083333333333 0.4901960784313726 0.3146446078431373 0.48774509803921573 0.31066176470588236 0.48120915032679745 0.3088235294117647 0.4803921568627451 0.2956495098039216 0.48080065359477125 0.288296568627451 0.48284313725490197 0.2824754901960784 0.48978758169934644 0.2806372549019608 0.494281045751634 0.2803308823529412 0.4983660130718955 0.28125 0.5012254901960784
1 0.2426470588235294 0.5224673202614379 0.24448529411764708 0.5257352941176471 0.24846813725490197 0.5265522875816994 0.25827205882352944 0.536764705882353 0.2693014705882353 0.5306372549019608 0.29044117647058826 0.5302287581699346 0.29442401960784315 0.5285947712418301 0.29411764705882354 0.5147058823529412 0.28308823529411764 0.5024509803921569 0.2650122549019608 0.5012254901960784 0.25827205882352944 0.5024509803921569 0.2545955882352941 0.5061274509803921 0.2469362745098039 0.5187908496732027 0.2426470588235294 0.5224673202614379
1 0.37162990196078427 0.428921568627451 0.38388480392156865 0.42728758169934644 0.39950980392156865 0.4281045751633987 0.4010416666666667 0.4276960784313726 0.4025735294117647 0.42524509803921573 0.4019607843137255 0.41911764705882354 0.39736519607843135 0.4129901960784314 0.39399509803921573 0.414624183006536 0.38572303921568624 0.4093137254901961 0.3759191176470588 0.41053921568627455 0.36580882352941174 0.417483660130719 0.36580882352941174 0.423202614379085 0.37162990196078427 0.428921568627451
1 0 0.9852941176470589 0.0015318627450980392 0.9852941176470589 0.0039828431372549026 0.9877450980392157 0.0039828431372549026 0.9946895424836603 0.010723039215686276 0.9975490196078433 0.03308823529411765 0.9971405228758171 0.041666666666666664 0.9906045751633988 0.04656862745098039 0.9893790849673203 0.05024509803921569 0.9865196078431373 0.05606617647058824 0.9771241830065359 0.057904411764705885 0.9718137254901962 0.060968137254901966 0.9550653594771242 0.06433823529411764 0.9517973856209151 0.06770833333333333 0.9440359477124184 0.06740196078431372 0.9248366013071896 0.0628063725490196 0.911764705882353 0.06219362745098039 0.9068627450980393 0.06066176470588235 0.9052287581699346 0.05667892156862745 0.9052287581699346 0.036458333333333336 0.8986928104575164 0.011335784313725492 0.897467320261438 0.0030637254901960784 0.8991013071895425 0 0.8999183006535949 0 0.9852941176470589
1 0.4178921568627451 0.4023692810457517 0.42830882352941174 0.40155228758169936 0.43106617647058826 0.39746732026143794 0.43106617647058826 0.3937908496732026 0.42677696078431376 0.38970588235294124 0.4197303921568627 0.38970588235294124 0.4181985294117647 0.39052287581699346 0.4172794117647059 0.3937908496732026 0.41697303921568624 0.4011437908496732 0.4178921568627451 0.4023692810457517
1 0.46691176470588236 0.43790849673202614 0.4699754901960784 0.4387254901960784 0.47365196078431376 0.4366830065359477 0.47947303921568624 0.4362745098039216 0.49509803921568624 0.43831699346405234 0.5018382352941176 0.4358660130718955 0.5036764705882353 0.4334150326797386 0.5036764705882353 0.43014705882352944 0.5024509803921569 0.4276960784313726 0.48897058823529416 0.42075163398692816 0.4806985294117647 0.4178921568627451 0.4767156862745098 0.4178921568627451 0.47028186274509803 0.42034313725490197 0.4626225490196078 0.42524509803921573 0.46231617647058826 0.43259803921568635 0.46691176470588236 0.43790849673202614
1 0.30943627450980393 0.542483660130719 0.31495098039215685 0.5547385620915033 0.3177083333333333 0.565359477124183 0.3290441176470588 0.5649509803921569 0.3434436274509804 0.5665849673202614 0.34620098039215685 0.5645424836601308 0.34712009803921573 0.5600490196078431 0.35232843137254904 0.553921568627451 0.3532475490196078 0.5506535947712419 0.3538602941176471 0.5396241830065359 0.35294117647058826 0.5351307189542484 0.3458946078431373 0.5249183006535948 0.34191176470588236 0.5228758169934641 0.33088235294117646 0.5216503267973857 0.3146446078431373 0.5253267973856209 0.30974264705882354 0.5294117647058824 0.3085171568627451 0.5334967320261439 0.3082107843137255 0.536764705882353 0.30943627450980393 0.542483660130719
1 0.5618872549019608 0.41135620915032683 0.5677083333333334 0.4150326797385621 0.5744485294117647 0.4076797385620915 0.5750612745098039 0.40441176470588236 0.5713848039215687 0.4019607843137255 0.5667892156862745 0.4011437908496732 0.564031862745098 0.4019607843137255 0.5615808823529411 0.40522875816993464 0.560968137254902 0.4084967320261438 0.5618872549019608 0.41135620915032683
5 0.5355392156862745 0.4215686274509804 0.5376838235294118 0.42524509803921573 0.542279411764706 0.4276960784313726 0.5499387254901961 0.42565359477124187 0.5646446078431373 0.42728758169934644 0.5680147058823529 0.42606209150326796 0.569546568627451 0.4219771241830066 0.5686274509803921 0.414624183006536 0.564031862745098 0.41258169934640526 0.5606617647058824 0.4093137254901961 0.5431985294117647 0.41053921568627455 0.5374794730392157 0.41489665032679746 0.5352328431372549 0.4178921568627451 0.5355392156862745 0.4215686274509804
2 0.2653186274509804 0.4983660130718955 0.26715686274509803 0.4991830065359477 0.2689950980392157 0.4995915032679739 0.27236519607843135 0.4979575163398693 0.2766544117647059 0.49101307189542487 0.271139705882353 0.4767156862745099 0.2693014705882353 0.47508169934640526 0.26715686274509803 0.477124183006536 0.26378676470588236 0.48733660130718953 0.26378676470588236 0.49550653594771243 0.2653186274509804 0.4983660130718955
2 0.3042279411764706 0.647467320261438 0.30606617647058826 0.6507352941176471 0.3063725490196078 0.6613562091503269 0.30759803921568624 0.6621732026143791 0.3103553921568627 0.6601307189542484 0.3115808823529412 0.6507352941176471 0.3121936274509804 0.6290849673202615 0.31066176470588236 0.6225490196078431 0.3048406862745098 0.6131535947712418 0.30361519607843135 0.604983660130719 0.29993872549019607 0.6037581699346405 0.2959558823529412 0.607843137254902 0.28952205882352944 0.625 0.289828431372549 0.6470588235294118 0.3042279411764706 0.647467320261438
2 0.8308823529411765 0.5727124183006537 0.8318014705882353 0.5857843137254902 0.8330269607843137 0.5882352941176471 0.8357843137254902 0.5882352941176471 0.8376225490196079 0.5837418300653595 0.8385416666666666 0.5714869281045752 0.8419117647058824 0.5616830065359477 0.8419117647058824 0.5518790849673203 0.8382352941176471 0.5400326797385622 0.8342524509803921 0.5404411764705883 0.8302696078431373 0.5498366013071896 0.8290441176470588 0.556781045751634 0.8287377450980392 0.5641339869281046 0.8308823529411765 0.5727124183006537
2 0.1256127450980392 0.6993464052287582 0.12346813725490195 0.7062908496732027 0.1253063725490196 0.7320261437908497 0.12683823529411764 0.7348856209150327 0.1332720588235294 0.7373366013071896 0.14552696078431374 0.7377450980392157 0.14675245098039216 0.7340686274509804 0.14552696078431374 0.7279411764705883 0.1433823529411765 0.7238562091503269 0.1436887254901961 0.7218137254901962 0.15104166666666666 0.7185457516339869 0.15196078431372548 0.7160947712418301 0.15042892156862744 0.7132352941176471 0.14399509803921567 0.7095588235294118 0.14215686274509803 0.7062908496732027 0.13970588235294118 0.6993464052287582 0.13848039215686275 0.6854575163398693 0.13602941176470587 0.681781045751634 0.13388480392156862 0.6805555555555556 0.13051470588235295 0.6809640522875817 0.1277573529411765 0.6858660130718954 0.1277573529411765 0.6960784313725491 0.1256127450980392 0.6993464052287582
2 0.8918504901960785 0.5870098039215687 0.8924632352941176 0.5882352941176471 0.8943014705882353 0.5882352941176471 0.8995098039215685 0.5743464052287582 0.9016544117647058 0.5637254901960784 0.9001225490196079 0.5433006535947713 0.8973651960784315 0.5396241830065359 0.8939950980392156 0.542483660130719 0.8900122549019608 0.5547385620915033 0.8893995098039217 0.5641339869281046 0.8918504901960785 0.5870098039215687
2 0.27450980392156865 0.4840686274509804 0.27941176470588236 0.4906045751633987 0.2824754901960784 0.4893790849673203 0.2873774509803922 0.48080065359477125 0.2864583333333333 0.477124183006536 0.27941176470588236 0.4665032679738562 0.2735906862745098 0.4763071895424837 0.2732843137254902 0.48080065359477125 0.27450980392156865 0.4840686274509804
2 0.7766544117647058 0.50531045751634 0.7778799019607844 0.5081699346405228 0.7794117647058824 0.5089869281045752 0.7827818627450981 0.50531045751634 0.7858455882352942 0.50531045751634 0.7864583333333334 0.5 0.7833946078431373 0.477124183006536 0.7794117647058824 0.4746732026143791 0.7772671568627452 0.477124183006536 0.7754289215686275 0.4922385620915033 0.7766544117647058 0.50531045751634
2 0.21017156862745098 0.8169934640522876 0.22365196078431374 0.8169934640522876 0.22732843137254902 0.812091503267974 0.2306985294117647 0.8104575163398693 0.23314950980392157 0.8174019607843137 0.23345588235294118 0.8251633986928105 0.2303921568627451 0.834967320261438 0.22732843137254902 0.8382352941176471 0.2270220588235294 0.8415032679738563 0.2306985294117647 0.8415032679738563 0.23406862745098042 0.8431372549019608 0.2380514705882353 0.8423202614379086 0.23713235294117646 0.834967320261438 0.24111519607843135 0.8202614379084968 0.2417279411764706 0.8104575163398693 0.23682598039215688 0.8071895424836603 0.23253676470588236 0.7973856209150327 0.22365196078431374 0.7863562091503269 0.22395833333333334 0.7790032679738563 0.2224264705882353 0.7749183006535949 0.21875 0.7712418300653595 0.21354166666666666 0.7712418300653595 0.2110906862745098 0.7757352941176471 0.21170343137254902 0.786764705882353 0.20833333333333334 0.7933006535947713 0.20649509803921567 0.8063725490196079 0.20649509803921567 0.8145424836601308 0.21017156862745098 0.8169934640522876
6 0.29411764705882354 0.43423202614379086 0.29534313725490197 0.4358660130718955 0.3005514705882353 0.4366830065359477 0.3069852941176471 0.44035947712418305 0.31403186274509803 0.4370915032679739 0.3284313725490196 0.4375 0.3333333333333333 0.4354575163398693 0.34221813725490197 0.4366830065359477 0.34558823529411764 0.43259803921568635 0.34528186274509803 0.4268790849673203 0.3385416666666667 0.41625816993464054 0.33517156862745096 0.41339869281045755 0.3272058823529412 0.4129901960784314 0.30759803921568624 0.41625816993464054 0.29840686274509803 0.41625816993464054 0.29534313725490197 0.417483660130719 0.29442401960784315 0.41911764705882354 0.2931985294117647 0.42442810457516345 0.29411764705882354 0.43423202614379086
5 0.34191176470588236 0.5004084967320261 0.34865196078431376 0.5057189542483661 0.35998774509803927 0.5093954248366013 0.3630514705882353 0.5069444444444444 0.36795343137254904 0.4979575163398693 0.36856617647058826 0.48733660130718953 0.3670343137254902 0.48161764705882354 0.3636642156862745 0.4783496732026144 0.35661764705882354 0.4746732026143791 0.3480392156862745 0.4746732026143791 0.34221813725490197 0.4767156862745099 0.3376225490196078 0.4836601307189543 0.3354779411764706 0.491421568627451 0.3354779411764706 0.4983660130718955 0.34191176470588236 0.5004084967320261
5 0.9433210784313725 0.7062908496732027 0.946078431372549 0.7193627450980393 0.9491421568627452 0.7242647058823529 0.9552696078431373 0.7267156862745098 0.9595588235294118 0.7250816993464052 0.9629289215686275 0.7258986928104576 0.9764093137254902 0.7352941176470589 0.9947916666666666 0.7512254901960785 0.9996936274509804 0.752859477124183 0.9996936274509804 0.6638071895424837 0.984375 0.6646241830065359 0.9776348039215687 0.6633986928104576 0.9638480392156863 0.6633986928104576 0.9534313725490196 0.6650326797385622 0.9469975490196079 0.667483660130719 0.9430147058823529 0.6707516339869282 0.9390318627450981 0.6821895424836603 0.9390318627450981 0.698937908496732 0.9433210784313725 0.7062908496732027
5 0.009497549019607842 0.8688725490196079 0.012254901960784314 0.8733660130718954 0.025735294117647058 0.8754084967320261 0.06372549019607844 0.8741830065359478 0.08517156862745098 0.8700980392156864 0.09528186274509805 0.8656045751633987 0.1096813725490196 0.8643790849673203 0.11274509803921567 0.8619281045751634 0.11642156862745098 0.8553921568627452 0.11795343137254902 0.8390522875816994 0.11948529411764706 0.8357843137254902 0.13143382352941177 0.8218954248366013 0.14583333333333334 0.8014705882352942 0.15073529411764708 0.7973856209150327 0.15839460784313725 0.7973856209150327 0.16207107843137256 0.7937091503267975 0.16482843137254902 0.7843137254901962 0.1669730392156863 0.7663398692810458 0.16544117647058823 0.7487745098039217 0.16237745098039214 0.744281045751634 0.15778186274509803 0.7418300653594772 0.13051470588235295 0.738562091503268 0.1056985294117647 0.7422385620915034 0.06403186274509805 0.7446895424836603 0.06219362745098039 0.7475490196078431 0.06219362745098039 0.7516339869281047 0.05759803921568628 0.7549019607843137 0.04656862745098039 0.7683823529411765 0.032475490196078434 0.7888071895424837 0.025735294117647058 0.803921568627451 0.017769607843137254 0.8145424836601308 0.006433823529411764 0.8341503267973857 0.007352941176470589 0.8594771241830066 0.009497549019607842 0.8688725490196079
5 0.5618872549019608 0.41135620915032683 0.5680147058823529 0.4158496732026144 0.5744485294117647 0.4076797385620915 0.5750612745098039 0.40441176470588236 0.5719975490196079 0.4019607843137255 0.5674019607843137 0.4007352941176471 0.5634191176470589 0.4023692810457517 0.5615808823529411 0.40522875816993464 0.560968137254902 0.40890522875817 0.5618872549019608 0.41135620915032683
0 0 0.5857843137254902 0 0.7986111111111112 0.004901960784313725 0.7977941176470589 0.023897058823529414 0.7806372549019608 0.025735294117647058 0.7777777777777778 0.029105392156862746 0.7785947712418301 0.03278186274509804 0.7818627450980393 0.03615196078431372 0.7798202614379086 0.045343137254901966 0.766748366013072 0.04718137254901961 0.7655228758169935 0.05085784313725491 0.7593954248366013 0.05269607843137255 0.752859477124183 0.055453431372549024 0.7487745098039217 0.06954656862745098 0.7377450980392157 0.0977328431372549 0.7079248366013073 0.109375 0.6981209150326798 0.11580882352941177 0.6940359477124184 0.11764705882352942 0.6940359477124184 0.11948529411764706 0.6960784313725491 0.11825980392156862 0.6944444444444444 0.12040441176470588 0.6895424836601307 0.12346813725490195 0.6441993464052288 0.12683823529411764 0.6348039215686275 0.12867647058823528 0.6258169934640523 0.1332720588235294 0.6184640522875817 0.14276960784313728 0.6107026143790849 0.1485906862745098 0.6066176470588235 0.15410539215686275 0.6053921568627452 0.1642156862745098 0.5976307189542484 0.16666666666666666 0.5923202614379085 0.1669730392156863 0.5849673202614379 0.16482843137254902 0.5514705882352942 0.1639093137254902 0.5457516339869282 0.16207107843137256 0.5420751633986929 0.13143382352941177 0.5404411764705883 0.1289828431372549 0.5408496732026143 0.12653186274509803 0.5433006535947713 0.09712009803921567 0.542483660130719 0.0784313725490196 0.5461601307189543 0.04136029411764706 0.565359477124183 0.027573529411764705 0.5710784313725491 0.022365196078431373 0.5751633986928105 0.008884803921568627 0.5800653594771242 0.0015318627450980392 0.5857843137254902 0 0.5857843137254902
0 0.40441176470588236 0.4983660130718955 0.40778186274509803 0.5040849673202614 0.4157475490196078 0.5020424836601308 0.43259803921568624 0.5016339869281046 0.4427083333333333 0.5044934640522877 0.4448529411764706 0.4963235294117648 0.4494485294117647 0.48774509803921573 0.4494485294117647 0.4665032679738562 0.45128676470588236 0.45424836601307195 0.45128676470588236 0.4464869281045752 0.45036764705882354 0.4419934640522876 0.4476102941176471 0.4375 0.4430147058823529 0.4358660130718955 0.4273897058823529 0.4354575163398693 0.41605392156862747 0.43831699346405234 0.4053308823529412 0.44607843137254904 0.40349264705882354 0.4587418300653595 0.40349264705882354 0.49468954248366015 0.40441176470588236 0.4983660130718955
0 0.5085784313725491 0.39133986928104575 0.5119485294117647 0.3888888888888889 0.5159313725490196 0.39052287581699346 0.517156862745098 0.3888888888888889 0.5193014705882353 0.37745098039215685 0.517156862745098 0.37050653594771243 0.5153186274509804 0.36887254901960786 0.511029411764706 0.36887254901960786 0.507046568627451 0.37050653594771243 0.5045955882352942 0.3737745098039216 0.5045955882352942 0.39052287581699346 0.5085784313725491 0.39133986928104575
3 0.29044117647058826 0.6711601307189542 0.2935049019607843 0.6748366013071896 0.296875 0.6752450980392157 0.29871323529411764 0.6732026143790851 0.3005514705882353 0.6678921568627452 0.30606617647058826 0.6613562091503269 0.30606617647058826 0.6486928104575164 0.30392156862745096 0.6462418300653595 0.2965686274509804 0.6458333333333334 0.289828431372549 0.647467320261438 0.2892156862745098 0.6499183006535949 0.2889093137254902 0.6621732026143791 0.29044117647058826 0.6711601307189542
3 0.375 0.5044934640522877 0.37653186274509803 0.5077614379084968 0.37959558823529416 0.5065359477124184 0.3844975490196078 0.4991830065359477 0.38388480392156865 0.48774509803921573 0.37959558823529416 0.48692810457516345 0.37653186274509803 0.48488562091503273 0.3737745098039216 0.48978758169934644 0.37254901960784315 0.49509803921568635 0.375 0.5044934640522877
3 0.11060049019607844 0.7389705882352942 0.11917892156862744 0.7393790849673203 0.12837009803921567 0.7377450980392157 0.1277573529411765 0.7344771241830066 0.1256127450980392 0.7312091503267973 0.125 0.7218137254901962 0.12316176470588235 0.7169117647058825 0.10876225490196079 0.7308006535947713 0.10845588235294118 0.7369281045751634 0.11060049019607844 0.7389705882352942
3 0.14399509803921567 0.7083333333333334 0.15042892156862744 0.7116013071895425 0.1522671568627451 0.7152777777777778 0.14950980392156865 0.7275326797385622 0.14552696078431374 0.7377450980392157 0.1602328431372549 0.741421568627451 0.1681985294117647 0.75 0.17524509803921567 0.7479575163398693 0.17861519607843135 0.7438725490196079 0.1795343137254902 0.7410130718954249 0.17892156862745098 0.7312091503267973 0.17738970588235295 0.7267156862745098 0.1724877450980392 0.7201797385620915 0.17401960784313725 0.7169117647058825 0.17401960784313725 0.7132352941176471 0.171875 0.7103758169934641 0.16145833333333334 0.709967320261438 0.15441176470588236 0.7038398692810458 0.1513480392156863 0.7030228758169935 0.14736519607843138 0.7026143790849674 0.1436887254901961 0.7046568627450981 0.14307598039215688 0.7066993464052288 0.14399509803921567 0.7083333333333334
3 0.3893995098039216 0.49264705882352944 0.390625 0.49550653594771243 0.3943014705882353 0.4975490196078432 0.3967524509803922 0.49509803921568635 0.39767156862745096 0.4918300653594772 0.39705882352941174 0.4775326797385621 0.39399509803921573 0.4722222222222222 0.390625 0.47344771241830064 0.38909313725490197 0.4775326797385621 0.3884803921568627 0.48774509803921573 0.3893995098039216 0.49264705882352944
3 0.203125 0.8370098039215687 0.203125 0.8419117647058825 0.20557598039215688 0.8480392156862746 0.20404411764705882 0.8541666666666666 0.20435049019607843 0.8615196078431373 0.20772058823529413 0.8741830065359478 0.20986519607843135 0.8770424836601308 0.21323529411764708 0.8770424836601308 0.21752450980392157 0.8705065359477124 0.2224264705882353 0.8586601307189542 0.22824754901960786 0.8533496732026145 0.23253676470588236 0.8455882352941176 0.22855392156862744 0.8410947712418301 0.22763480392156865 0.8382352941176471 0.23468137254901963 0.8218954248366013 0.23468137254901963 0.8169934640522876 0.23253676470588236 0.8137254901960785 0.2303921568627451 0.8129084967320261 0.21752450980392157 0.8165849673202615 0.20649509803921567 0.8157679738562092 0.20557598039215688 0.81781045751634 0.20526960784313725 0.8267973856209151 0.203125 0.8370098039215687
3 0.203125 0.8357843137254902 0.203125 0.8423202614379086 0.20557598039215688 0.8480392156862746 0.20404411764705882 0.8541666666666666 0.20404411764705882 0.8594771241830066 0.20772058823529413 0.8741830065359478 0.20986519607843135 0.8770424836601308 0.21292892156862744 0.8770424836601308 0.21721813725490197 0.8709150326797386 0.2224264705882353 0.8586601307189542 0.22855392156862744 0.8529411764705883 0.23284313725490197 0.8451797385620915 0.22855392156862744 0.8382352941176471 0.2306985294117647 0.834967320261438 0.23223039215686275 0.8272058823529412 0.2349877450980392 0.8214869281045752 0.2349877450980392 0.8169934640522876 0.23284313725490197 0.8129084967320261 0.2303921568627451 0.812091503267974 0.22028186274509803 0.8161764705882354 0.20649509803921567 0.8157679738562092 0.20557598039215688 0.8174019607843137 0.20526960784313725 0.8267973856209151 0.203125 0.8357843137254902