8 0.6531250000000001 0.8680555555555556 0.6570312500000001 0.8902777777777777 0.66328125 0.9 0.6703125000000001 0.9013888888888888 0.6796875 0.9166666666666666 0.7195312500000001 0.9944444444444444 0.7265625 0.998611111111111 0.83125 0.998611111111111 0.8367187500000001 0.9930555555555556 0.8382812500000001 0.9597222222222221 0.83203125 0.9347222222222222 0.83515625 0.9125 0.82734375 0.911111111111111 0.8234375 0.9041666666666666 0.80859375 0.8597222222222222 0.7890625 0.8236111111111112 0.7125 0.725 0.7046875 0.7194444444444444 0.6742187500000001 0.7194444444444444 0.6609375000000001 0.7277777777777777 0.65 0.7569444444444444 0.6453125000000001 0.7944444444444444 0.6453125000000001 0.848611111111111 0.6531250000000001 0.8680555555555556
8 0.49140625000000004 0.4458333333333333 0.49453125000000003 0.4583333333333333 0.5039062500000001 0.4513888888888889 0.5218750000000001 0.45416666666666666 0.525 0.44861111111111107 0.51484375 0.4083333333333333 0.5062500000000001 0.4055555555555555 0.49453125000000003 0.4111111111111111 0.49062500000000003 0.4208333333333333 0.49140625000000004 0.4458333333333333
8 0.4921875 0.5055555555555555 0.49453125000000003 0.5152777777777777 0.49453125000000003 0.5430555555555555 0.5023437500000001 0.5361111111111111 0.5195312500000001 0.5361111111111111 0.52890625 0.5444444444444444 0.5312500000000001 0.5055555555555555 0.52265625 0.4583333333333333 0.5195312500000001 0.45416666666666666 0.5 0.4527777777777778 0.49609375 0.4638888888888889 0.49531250000000004 0.4930555555555556 0.4921875 0.5055555555555555
1 0.6570312500000001 0.39166666666666666 0.67109375 0.39444444444444443 0.67578125 0.3819444444444444 0.675 0.3680555555555556 0.65546875 0.3694444444444444 0.65 0.3819444444444444 0.6570312500000001 0.39166666666666666
1 0.49453125000000003 0.3805555555555556 0.5078125000000001 0.3763888888888889 0.5078125000000001 0.3666666666666667 0.5039062500000001 0.3611111111111111 0.49453125000000003 0.3638888888888889 0.49296875 0.3680555555555556 0.4921875 0.3763888888888889 0.49453125000000003 0.3805555555555556
1 0.46796875000000004 0.4166666666666667 0.4734375 0.4305555555555556 0.4765625 0.4305555555555556 0.4765625 0.4055555555555555 0.4625 0.4055555555555555 0.46015625000000004 0.4013888888888889 0.45625000000000004 0.4097222222222222 0.45546875000000003 0.41805555555555557 0.46796875000000004 0.4166666666666667
1 0.49765625 0.3666666666666667 0.5078125000000001 0.3666666666666667 0.509375 0.3625 0.5046875000000001 0.35138888888888886 0.49453125000000003 0.3527777777777778 0.49453125000000003 0.375 0.49765625 0.3666666666666667
1 0.03125 0.575 0.037500000000000006 0.5638888888888889 0.03671875 0.5402777777777777 0.0023437500000000003 0.5319444444444444 0.0054687500000000005 0.5833333333333334 0.03125 0.575
1 0.4390625 0.39444444444444443 0.44296875 0.38611111111111107 0.43593750000000003 0.3736111111111111 0.42812500000000003 0.3819444444444444 0.42812500000000003 0.39166666666666666 0.4390625 0.39444444444444443
1 0.45937500000000003 0.4319444444444444 0.46640625 0.4513888888888889 0.4734375 0.4583333333333333 0.47578125000000004 0.44861111111111107 0.47500000000000003 0.42777777777777776 0.47109375000000003 0.4166666666666667 0.46718750000000003 0.4111111111111111 0.45625000000000004 0.4125 0.4546875 0.4305555555555556 0.45 0.4222222222222222 0.44843750000000004 0.4305555555555556 0.45937500000000003 0.4319444444444444
1 0.41718750000000004 0.4388888888888889 0.42500000000000004 0.4513888888888889 0.43281250000000004 0.4347222222222222 0.43203125000000003 0.42777777777777776 0.41953125 0.41805555555555557 0.41250000000000003 0.4208333333333333 0.4078125 0.4305555555555556 0.40703125 0.4388888888888889 0.41718750000000004 0.4388888888888889
5 0.49531250000000004 0.6138888888888888 0.5 0.6152777777777778 0.5125000000000001 0.6 0.534375 0.598611111111111 0.534375 0.5666666666666667 0.525 0.5416666666666666 0.5046875000000001 0.5375 0.496875 0.5416666666666666 0.49375 0.5499999999999999 0.49140625000000004 0.5680555555555555 0.49531250000000004 0.6138888888888888
1 0.0546875 0.6958333333333333 0.06015625 0.6958333333333333 0.06875 0.6875 0.08515625 0.686111111111111 0.09453125000000001 0.6888888888888888 0.1 0.6958333333333333 0.10625000000000001 0.6958333333333333 0.11171875 0.6888888888888888 0.115625 0.6722222222222222 0.13281250000000003 0.6527777777777778 0.14375000000000002 0.6472222222222221 0.15078125 0.6319444444444444 0.15078125 0.6194444444444444 0.146875 0.598611111111111 0.14218750000000002 0.5944444444444444 0.08750000000000001 0.5902777777777778 0.078125 0.5944444444444444 0.05234375 0.6180555555555556 0.043750000000000004 0.6430555555555556 0.04296875 0.6749999999999999 0.0546875 0.6958333333333333
1 0.4421875 0.3847222222222222 0.45234375000000004 0.3819444444444444 0.45390625 0.3722222222222222 0.45078125 0.3611111111111111 0.4421875 0.3597222222222222 0.43828125 0.3638888888888889 0.4375 0.375 0.4421875 0.3847222222222222
5 0.36171875000000003 0.5486111111111112 0.3609375 0.5652777777777778 0.37890625 0.5736111111111111 0.3875 0.5874999999999999 0.39375000000000004 0.5874999999999999 0.40234375 0.5486111111111112 0.40078125000000003 0.5249999999999999 0.3953125 0.5180555555555555 0.37265625 0.5180555555555555 0.35859375000000004 0.5430555555555555 0.36171875000000003 0.5486111111111112
1 0.49765625 0.3902777777777778 0.5078125000000001 0.39166666666666666 0.5078125000000001 0.3805555555555556 0.5046875000000001 0.3736111111111111 0.49453125000000003 0.3763888888888889 0.49453125000000003 0.39444444444444443 0.49765625 0.3902777777777778
1 0.41171875 0.4708333333333333 0.41640625000000003 0.47638888888888886 0.41796875 0.4847222222222222 0.421875 0.4847222222222222 0.4296875 0.4361111111111111 0.42734375 0.4333333333333333 0.42421875000000003 0.4388888888888889 0.421875 0.4347222222222222 0.40468750000000003 0.4388888888888889 0.39609375 0.45694444444444443 0.39453125 0.4680555555555555 0.41171875 0.4708333333333333
1 0.39453125 0.5166666666666666 0.40625 0.5277777777777778 0.41171875 0.5208333333333334 0.41718750000000004 0.5041666666666667 0.41875 0.4819444444444444 0.41250000000000003 0.4708333333333333 0.390625 0.4694444444444444 0.3796875 0.49027777777777776 0.37734375000000003 0.5138888888888888 0.39453125 0.5166666666666666
1 0.50546875 0.3583333333333333 0.5078125000000001 0.3527777777777778 0.5046875000000001 0.3458333333333333 0.49453125000000003 0.3458333333333333 0.49453125000000003 0.3611111111111111 0.50546875 0.3583333333333333
1 0.4765625 0.4097222222222222 0.478125 0.4041666666666667 0.47500000000000003 0.39166666666666666 0.46640625 0.39166666666666666 0.46328125000000003 0.3875 0.4578125 0.39999999999999997 0.4578125 0.4083333333333333 0.4765625 0.4097222222222222
1 0.5015625 0.6472222222222221 0.5015625 0.6958333333333333 0.5046875000000001 0.7041666666666666 0.52109375 0.7 0.5468750000000001 0.7013888888888888 0.55 0.6972222222222222 0.55234375 0.6763888888888888 0.5492187500000001 0.65 0.5531250000000001 0.6416666666666666 0.5476562500000001 0.6361111111111112 0.5398437500000001 0.6041666666666666 0.5328125 0.6 0.509375 0.6013888888888889 0.5015625 0.6194444444444444 0.49843750000000003 0.6402777777777777 0.5015625 0.6472222222222221
1 0.47265625 0.39444444444444443 0.47734375 0.4027777777777778 0.47890625000000003 0.3888888888888889 0.47421875 0.375 0.46640625 0.3694444444444444 0.4609375 0.3847222222222222 0.4609375 0.39444444444444443 0.47265625 0.39444444444444443
1 0.40859375000000003 0.6888888888888888 0.45859375 0.6888888888888888 0.46015625000000004 0.6305555555555555 0.4625 0.6194444444444444 0.46015625000000004 0.6138888888888888 0.45937500000000003 0.5958333333333333 0.45390625 0.5777777777777777 0.44765625000000003 0.5736111111111111 0.43125 0.5736111111111111 0.42500000000000004 0.5777777777777777 0.41328125000000004 0.6152777777777778 0.4078125 0.6444444444444444 0.40625 0.6777777777777778 0.40859375000000003 0.6888888888888888
1 0.5015625 0.7638888888888888 0.5062500000000001 0.7736111111111111 0.50546875 0.8375 0.5078125000000001 0.8569444444444444 0.5296875000000001 0.8652777777777778 0.5703125000000001 0.8624999999999999 0.5726562500000001 0.8527777777777777 0.5726562500000001 0.8152777777777778 0.56796875 0.7805555555555556 0.5742187500000001 0.7680555555555556 0.5664062500000001 0.7569444444444444 0.5570312500000001 0.7125 0.5507812500000001 0.7055555555555556 0.52109375 0.7027777777777777 0.5117187500000001 0.7097222222222221 0.5078125000000001 0.7194444444444444 0.5046875000000001 0.7569444444444444 0.5015625 0.7638888888888888
1 0.434375 0.4291666666666667 0.43984375000000003 0.4222222222222222 0.43984375000000003 0.39444444444444443 0.42812500000000003 0.39166666666666666 0.42109375000000004 0.4027777777777778 0.42031250000000003 0.41805555555555557 0.434375 0.4291666666666667
1 0.32343750000000004 0.6472222222222221 0.3203125 0.6708333333333334 0.32421875 0.6888888888888888 0.35781250000000003 0.6888888888888888 0.36953125000000003 0.6666666666666666 0.3765625 0.6666666666666666 0.3796875 0.6583333333333333 0.38515625000000003 0.6388888888888888 0.38671875 0.6013888888888889 0.38359375 0.5847222222222223 0.37890625 0.5763888888888888 0.35234375 0.5708333333333333 0.34453125 0.5777777777777777 0.33125000000000004 0.6138888888888888 0.32578125 0.6208333333333333 0.3296875 0.6319444444444444 0.32343750000000004 0.6472222222222221
2 0.6265625 0.5083333333333333 0.62890625 0.5041666666666667 0.63046875 0.4694444444444444 0.6265625 0.46249999999999997 0.62109375 0.4680555555555555 0.6218750000000001 0.5027777777777778 0.6265625 0.5083333333333333
2 0.9609375 0.3208333333333333 0.9632812500000001 0.2986111111111111 0.9554687500000001 0.2791666666666667 0.9515625000000001 0.27638888888888885 0.9476562500000001 0.29027777777777775 0.94921875 0.3222222222222222 0.9609375 0.3208333333333333
2 0.59375 0.9444444444444444 0.5921875000000001 0.9555555555555556 0.5953125 0.9569444444444444 0.59765625 0.9430555555555555 0.5921875000000001 0.9055555555555556 0.5882812500000001 0.8916666666666666 0.5820312500000001 0.8944444444444444 0.5828125000000001 0.9180555555555555 0.59375 0.9444444444444444
2 0.40937500000000004 0.5930555555555556 0.4109375 0.598611111111111 0.41328125000000004 0.5666666666666667 0.40625 0.5513888888888888 0.40390625 0.5499999999999999 0.4 0.5569444444444445 0.39687500000000003 0.5874999999999999 0.40937500000000004 0.5930555555555556
2 0.7375 0.6791666666666666 0.7421875 0.7125 0.74140625 0.7319444444444444 0.7484375000000001 0.7458333333333333 0.7484375000000001 0.7166666666666666 0.7546875000000001 0.6749999999999999 0.75 0.6625 0.74921875 0.6513888888888888 0.74375 0.6513888888888888 0.7429687500000001 0.6638888888888889 0.7375 0.6791666666666666
2 0.23359375000000002 0.998611111111111 0.25859375 0.998611111111111 0.25781250000000006 0.9916666666666666 0.25234375000000003 0.9861111111111112 0.2484375 0.9638888888888888 0.240625 0.9638888888888888 0.23671875 0.9722222222222222 0.23671875 0.9861111111111112 0.23359375000000002 0.998611111111111
2 0.37421875000000004 0.998611111111111 0.37421875000000004 0.9888888888888888 0.37109375 0.9805555555555555 0.36562500000000003 0.9805555555555555 0.36015625 0.9888888888888888 0.359375 0.998611111111111 0.37421875000000004 0.998611111111111
2 0.5781250000000001 0.7111111111111111 0.5804687500000001 0.7097222222222221 0.58125 0.6916666666666667 0.59296875 0.6833333333333333 0.5945312500000001 0.6652777777777777 0.5867187500000001 0.6402777777777777 0.5820312500000001 0.6430555555555556 0.57578125 0.6638888888888889 0.5750000000000001 0.7 0.5781250000000001 0.7111111111111111
2 0.5843750000000001 0.9638888888888888 0.59140625 0.973611111111111 0.59296875 0.9388888888888888 0.5820312500000001 0.9180555555555555 0.58125 0.8972222222222221 0.5742187500000001 0.8972222222222221 0.5734375 0.9097222222222222 0.56015625 0.9375 0.5585937500000001 0.9597222222222221 0.5843750000000001 0.9638888888888888
2 0.28437500000000004 0.998611111111111 0.31484375000000003 0.998611111111111 0.3046875 0.9541666666666666 0.30000000000000004 0.9527777777777777 0.29296875000000006 0.9638888888888888 0.29296875000000006 0.9763888888888889 0.28437500000000004 0.998611111111111
2 0.5640625 0.45694444444444443 0.5648437500000001 0.4472222222222222 0.56171875 0.4347222222222222 0.55625 0.4375 0.5554687500000001 0.45416666666666666 0.5640625 0.45694444444444443
2 0.37578125 0.7055555555555556 0.375 0.7277777777777777 0.3796875 0.7305555555555555 0.38359375 0.7125 0.3796875 0.6819444444444444 0.37343750000000003 0.6652777777777777 0.36484375 0.6791666666666666 0.36250000000000004 0.6986111111111112 0.37578125 0.7055555555555556
2 0.9203125000000001 0.6763888888888888 0.92890625 0.6930555555555555 0.9343750000000001 0.6958333333333333 0.9343750000000001 0.6847222222222222 0.9265625000000001 0.6625 0.925 0.6416666666666666 0.921875 0.6361111111111112 0.91796875 0.6361111111111112 0.9171875 0.6402777777777777 0.9164062500000001 0.6583333333333333 0.9203125000000001 0.6763888888888888
2 0.14375000000000002 0.6541666666666666 0.14375000000000002 0.6666666666666666 0.146875 0.6777777777777778 0.15156250000000002 0.6819444444444444 0.16484375 0.6694444444444444 0.16484375 0.6819444444444444 0.17109375000000002 0.6930555555555555 0.17500000000000002 0.6930555555555555 0.17500000000000002 0.6638888888888889 0.17265625 0.6569444444444444 0.1625 0.6458333333333334 0.1609375 0.6291666666666667 0.15703125 0.6263888888888888 0.15156250000000002 0.6319444444444444 0.15000000000000002 0.6430555555555556 0.14375000000000002 0.6541666666666666
2 0.67578125 0.4861111111111111 0.675 0.4444444444444444 0.66953125 0.44166666666666665 0.6664062500000001 0.4472222222222222 0.6640625 0.4847222222222222 0.67578125 0.4861111111111111
2 0.9390625 0.6541666666666666 0.9437500000000001 0.623611111111111 0.9421875000000001 0.598611111111111 0.93515625 0.5847222222222223 0.9281250000000001 0.6013888888888889 0.9281250000000001 0.6527777777777778 0.9390625 0.6541666666666666
2 0.59765625 0.8743055555555556 0.5945312500000001 0.8847222222222222 0.59765625 0.8833333333333333 0.5984375000000001 0.8416666666666666 0.60078125 0.8375 0.6109375 0.8375 0.61484375 0.8430555555555556 0.6125 0.85 0.6156250000000001 0.8624999999999999 0.61484375 0.8833333333333333 0.6195312500000001 0.8888888888888888 0.6195312500000001 0.8638888888888888 0.61640625 0.8458333333333333 0.6195312500000001 0.8416666666666666 0.6203125 0.8319444444444444 0.6156250000000001 0.8097222222222222 0.6101562500000001 0.8013888888888888 0.6101562500000001 0.7902777777777777 0.6078125000000001 0.786111111111111 0.60078125 0.7888888888888889 0.6000000000000001 0.7999999999999999 0.5921875000000001 0.8194444444444444 0.59296875 0.8722222222222222 0.59765625 0.8743055555555556
2 0.5632812500000001 0.6124999999999999 0.5640625 0.6370375 0.5687500000000001 0.6375 0.5640625 0.6458333333333334 0.5687500000000001 0.6416666666666666 0.5710937500000001 0.6277777777777778 0.5742187500000001 0.6263888888888888 0.57734375 0.6347222222222222 0.5804687500000001 0.6347222222222222 0.58359375 0.6277777777777778 0.5750000000000001 0.598611111111111 0.5710937500000001 0.5944444444444444 0.5687500000000001 0.5972222222222222 0.5671875000000001 0.6069444444444444 0.5632812500000001 0.6124999999999999
5 0.41328125000000004 0.4708333333333333 0.42109375000000004 0.4861111111111111 0.42578125 0.4694444444444444 0.42578125 0.45416666666666666 0.41953125 0.4388888888888889 0.40546875000000004 0.4388888888888889 0.39609375 0.45694444444444443 0.3953125 0.4680555555555555 0.41328125000000004 0.4708333333333333
6 0.8625 0.6333333333333333 0.8656250000000001 0.6333333333333333 0.86875 0.6083333333333334 0.86640625 0.6013888888888889 0.8578125000000001 0.6 0.8578125000000001 0.623611111111111 0.8625 0.6333333333333333
6 0.81015625 0.6486111111111111 0.8375 0.6486111111111111 0.8453125 0.661111111111111 0.84765625 0.6569444444444444 0.8500000000000001 0.6388888888888888 0.84921875 0.598611111111111 0.8304687500000001 0.5736111111111111 0.8203125 0.5666666666666667 0.7921875 0.5638888888888889 0.78671875 0.5736111111111111 0.784375 0.5958333333333333 0.7828125 0.6361111111111112 0.81015625 0.6486111111111111
6 0.7375 0.6166666666666666 0.7484375000000001 0.6263888888888888 0.7585937500000001 0.6430555555555556 0.765625 0.6430555555555556 0.76875 0.6263888888888888 0.76875 0.5569444444444445 0.74765625 0.5541666666666666 0.7406250000000001 0.5652777777777778 0.7328125000000001 0.5888888888888888 0.7328125000000001 0.6027777777777777 0.7375 0.6166666666666666
6 0.44062500000000004 0.5708333333333333 0.453125 0.575 0.46328125000000003 0.6041666666666666 0.465625 0.6083333333333334 0.46953125 0.6069444444444444 0.47578125000000004 0.5499999999999999 0.47421875 0.475 0.47109375000000003 0.4597222222222222 0.46015625000000004 0.4375 0.44453125000000004 0.4388888888888889 0.42812500000000003 0.4680555555555555 0.421875 0.5055555555555555 0.42109375000000004 0.5763888888888888 0.44062500000000004 0.5708333333333333
6 0.465625 0.36527777777777776 0.47500000000000003 0.3638888888888889 0.48359375000000004 0.3708333333333333 0.48750000000000004 0.3361111111111111 0.48515625 0.3180555555555556 0.4703125 0.31666666666666665 0.46406250000000004 0.33194444444444443 0.46328125000000003 0.3541666666666667 0.465625 0.36527777777777776
3 0.5609375000000001 0.4777777777777778 0.5640625 0.4708333333333333 0.5648437500000001 0.45416666666666666 0.55625 0.4527777777777778 0.5570312500000001 0.4736111111111111 0.5609375000000001 0.4777777777777778
3 0.8562500000000001 0.7472222222222222 0.8796875000000001 0.7472222222222222 0.88671875 0.7555555555555555 0.8914062500000001 0.7555555555555555 0.9007812500000001 0.7402777777777778 0.9015625 0.7291666666666666 0.89765625 0.7125 0.87265625 0.7125 0.8671875 0.6916666666666667 0.8625 0.6847222222222222 0.85859375 0.6875 0.8539062500000001 0.7125 0.8539062500000001 0.7402777777777778 0.8562500000000001 0.7472222222222222
3 0.91328125 0.6916666666666667 0.9148437500000001 0.7111111111111111 0.925 0.7222222222222222 0.9343750000000001 0.723611111111111 0.9343750000000001 0.7027777777777777 0.9398437500000001 0.6916666666666667 0.9320312500000001 0.6791666666666666 0.9242187500000001 0.6569444444444444 0.9187500000000001 0.6555555555555556 0.915625 0.6708333333333334 0.915625 0.686111111111111 0.91328125 0.6916666666666667
3 0.15390625000000002 0.7180555555555556 0.17500000000000002 0.6944444444444444 0.17500000000000002 0.6833333333333333 0.16875 0.6819444444444444 0.1703125 0.6708333333333334 0.16484375 0.6625 0.146875 0.6888888888888888 0.14609375000000002 0.6972222222222222 0.15390625000000002 0.7180555555555556
3 0.16953125000000002 0.661111111111111 0.17500000000000002 0.6777777777777778 0.17578125 0.6638888888888889 0.17343750000000002 0.6527777777777778 0.16328125000000002 0.6472222222222221 0.1640625 0.6569444444444444 0.16953125000000002 0.661111111111111
3 0.36171875000000003 0.7333333333333334 0.36250000000000004 0.7666666666666666 0.3796875 0.7361111111111112 0.38203125000000004 0.7055555555555556 0.3796875 0.6986111111111112 0.36484375 0.7 0.36250000000000004 0.6916666666666667 0.3609375 0.7027777777777777 0.359375 0.723611111111111 0.36171875000000003 0.7333333333333334
3 0.390625 0.6597222222222222 0.39375000000000004 0.6722222222222222 0.39687500000000003 0.6736111111111112 0.40234375 0.6597222222222222 0.40390625 0.6222222222222222 0.39375000000000004 0.6152777777777778 0.38828125 0.6319444444444444 0.3875 0.6430555555555556 0.390625 0.6597222222222222
3 0.58515625 0.7402777777777778 0.5882812500000001 0.7402777777777778 0.5945312500000001 0.7069444444444444 0.59375 0.686111111111111 0.5898437500000001 0.6833333333333333 0.5828125000000001 0.6875 0.5781250000000001 0.6986111111111112 0.57734375 0.7111111111111111 0.58515625 0.7402777777777778
3 0.5671875000000001 0.6736111111111112 0.5742187500000001 0.6819444444444444 0.57578125 0.6569444444444444 0.58125 0.6402777777777777 0.58125 0.6291666666666667 0.5703125000000001 0.625 0.5640625 0.6319444444444444 0.5640625 0.6638888888888889 0.5671875000000001 0.6736111111111112
3 0.5664062500000001 0.6124999999999999 0.5640625 0.6097222222222222 0.5640625 0.6208333333333333 0.5664062500000001 0.6124999999999999
3 0.596875 0.8888888888888888 0.6039062500000001 0.9069444444444444 0.60546875 0.9236111111111112 0.60859375 0.9236111111111112 0.61640625 0.8777777777777778 0.61640625 0.8611111111111112 0.6140625000000001 0.8541666666666666 0.6156250000000001 0.8430555555555556 0.6117187500000001 0.8375 0.6000000000000001 0.8375 0.596875 0.8430555555555556 0.596875 0.8888888888888888
3 0.5257812500000001 0.3819444444444444 0.52890625 0.3722222222222222 0.5273437500000001 0.3638888888888889 0.5234375000000001 0.36527777777777776 0.52265625 0.3763888888888889 0.5257812500000001 0.3819444444444444
3 0.5843750000000001 0.998611111111111 0.5921875000000001 0.9722222222222222 0.5843750000000001 0.9638888888888888 0.5703125000000001 0.9625 0.565625 0.9527777777777777 0.56015625 0.9763888888888889 0.5593750000000001 0.998611111111111 0.5843750000000001 0.998611111111111
3 0.56171875 0.9458333333333333 0.5570312500000001 0.9347222222222222 0.5570312500000001 0.9430555555555555 0.56171875 0.9458333333333333
3 0.51875 0.3638888888888889 0.52109375 0.3583333333333333 0.5203125000000001 0.35 0.51484375 0.35 0.51484375 0.3611111111111111 0.51875 0.3638888888888889
3 0.81953125 0.5666666666666667 0.8226562500000001 0.5638888888888889 0.8234375 0.5527777777777777 0.8203125 0.5458333333333333 0.80078125 0.5333333333333333 0.7953125000000001 0.5361111111111111 0.7976562500000001 0.561111111111111 0.81953125 0.5666666666666667