8 0.3411458333333333 0.8254629629629631 0.3424479166666667 0.8421296296296297 0.3447916666666667 0.8490740740740741 0.3697916666666667 0.852314814814815 0.3877604166666667 0.8518518518518519 0.3940104166666667 0.8500000000000001 0.3955729166666667 0.8449074074074074 0.3971354166666667 0.8337962962962964 0.39765625 0.8240740740740741 0.39687500000000003 0.8162037037037038 0.4002604166666667 0.7935185185185185 0.4026041666666667 0.7689814814814816 0.4015625 0.7245370370370371 0.3984375 0.7125 0.39453125 0.7055555555555556 0.3893229166666667 0.7027777777777778 0.3658854166666667 0.7018518518518518 0.3572916666666667 0.7055555555555556 0.35520833333333335 0.7097222222222223 0.3541666666666667 0.7166666666666667 0.35130208333333335 0.7236111111111112 0.3481770833333333 0.7435185185185186 0.3447916666666667 0.7550925925925926 0.3419270833333333 0.7722222222222223 0.340625 0.7861111111111112 0.3403645833333333 0.8078703703703703 0.3411458333333333 0.8254629629629631
8 0.7466145833333334 0.9995370370370371 0.7976562500000001 0.9995370370370371 0.7979166666666666 0.9976851851851852 0.8049479166666667 0.9967592592592593 0.8083333333333333 0.9972222222222222 0.8091145833333334 0.9995370370370371 0.8424479166666666 0.9995370370370371 0.84140625 0.9949074074074075 0.8315104166666667 0.9763888888888889 0.8143229166666667 0.9481481481481482 0.8020833333333334 0.9319444444444445 0.796875 0.9277777777777778 0.7932291666666667 0.9277777777777778 0.7736979166666667 0.9351851851851852 0.7671875 0.938425925925926 0.7635416666666667 0.9421296296296297 0.7606770833333334 0.9462962962962963 0.7578125 0.9606481481481481 0.7513020833333334 0.9736111111111112 0.74765625 0.9870370370370372 0.7463541666666667 0.9939814814814816 0.7466145833333334 0.9995370370370371
1 0.3171875 0.4976851851851852 0.328125 0.500462962962963 0.33567708333333335 0.48842592592592593 0.3364583333333333 0.4842592592592593 0.33515625 0.4791666666666667 0.33125 0.4726851851851852 0.32395833333333335 0.4726851851851852 0.32005208333333335 0.4763888888888889 0.3169270833333333 0.48981481481481487 0.31614583333333335 0.4944444444444445 0.3171875 0.4976851851851852
1 0.43828125 0.45277777777777783 0.44609375 0.4532407407407408 0.4484375 0.45 0.44817708333333334 0.43888888888888894 0.44609375 0.43333333333333335 0.4393229166666667 0.43333333333333335 0.43645833333333334 0.43842592592592594 0.43645833333333334 0.44907407407407407 0.43828125 0.45277777777777783
1 0.4739583333333333 0.4069444444444445 0.47500000000000003 0.41481481481481486 0.4770833333333333 0.4166666666666667 0.4815104166666667 0.41620370370370374 0.48281250000000003 0.41203703703703703 0.4817708333333333 0.40370370370370373 0.4776041666666667 0.40092592592592596 0.4747395833333333 0.40231481481481485 0.4739583333333333 0.40370370370370373 0.4739583333333333 0.4069444444444445
1 0.4390625 0.4865740740740741 0.44296875 0.4865740740740741 0.4458333333333333 0.4847222222222222 0.4541666666666667 0.4861111111111111 0.45625 0.48333333333333334 0.45625 0.475462962962963 0.4552083333333333 0.4703703703703704 0.4494791666666667 0.45972222222222225 0.4453125 0.45925925925925926 0.44140625 0.4620370370370371 0.4390625 0.46666666666666673 0.4385416666666667 0.4699074074074074 0.43828125 0.4791666666666667 0.4390625 0.4865740740740741
1 0.3671875 0.4356481481481482 0.37005208333333334 0.4365740740740741 0.3744791666666667 0.43287037037037035 0.37473958333333335 0.42500000000000004 0.3729166666666667 0.4199074074074074 0.3690104166666667 0.41898148148148145 0.36614583333333334 0.4212962962962963 0.3653645833333333 0.4236111111111111 0.36562500000000003 0.4305555555555556 0.3671875 0.4356481481481482
1 0.5119791666666667 0.4722222222222222 0.5138020833333333 0.47361111111111115 0.5244791666666667 0.47361111111111115 0.5260416666666666 0.47314814814814815 0.5268229166666667 0.4712962962962963 0.5270833333333333 0.46666666666666673 0.5260416666666666 0.45925925925925926 0.52109375 0.44907407407407407 0.5190104166666667 0.4476851851851852 0.51171875 0.4476851851851852 0.5104166666666666 0.4486111111111111 0.5085937500000001 0.4532407407407408 0.5083333333333333 0.46296296296296297 0.5119791666666667 0.4722222222222222
1 0.4700520833333333 0.42870370370370375 0.4765625 0.4310185185185186 0.4799479166666667 0.42870370370370375 0.48046875 0.4236111111111111 0.4786458333333333 0.4166666666666667 0.4736979166666667 0.4138888888888889 0.4690104166666667 0.4180555555555556 0.46875 0.4226851851851852 0.4700520833333333 0.42870370370370375
5 0.25833333333333336 0.5726851851851852 0.26953125 0.5754629629629631 0.2760416666666667 0.5856481481481481 0.2794270833333333 0.5842592592592593 0.28671874999999997 0.5745370370370371 0.2885416666666667 0.5708333333333334 0.28984375 0.5611111111111111 0.2885416666666667 0.5537037037037037 0.2864583333333333 0.55 0.27760416666666665 0.5458333333333334 0.27187500000000003 0.5458333333333334 0.26458333333333334 0.549537037037037 0.26171875 0.5546296296296297 0.25755208333333335 0.5662037037037038 0.25755208333333335 0.5712962962962963 0.25833333333333336 0.5726851851851852
1 0.3830729166666667 0.46481481481481485 0.38645833333333335 0.46620370370370373 0.3940104166666667 0.4652777777777778 0.3953125 0.4625 0.3950520833333333 0.45 0.3921875 0.44537037037037036 0.39036458333333335 0.4444444444444444 0.38359375 0.44675925925925924 0.3815104166666667 0.44953703703703707 0.3809895833333333 0.45231481481481484 0.38046875 0.45972222222222225 0.3830729166666667 0.46481481481481485
1 0.3307291666666667 0.5222222222222223 0.3463541666666667 0.5236111111111111 0.3489583333333333 0.5217592592592593 0.3510416666666667 0.5120370370370371 0.35078125 0.5055555555555555 0.3489583333333333 0.4976851851851852 0.3455729166666667 0.49074074074074076 0.33828125000000003 0.4902777777777778 0.3346354166666667 0.4921296296296297 0.33046875000000003 0.4981481481481482 0.3296875 0.5018518518518519 0.3283854166666667 0.5138888888888888 0.3307291666666667 0.5222222222222223
1 0.4005208333333333 0.5097222222222223 0.4119791666666667 0.5115740740740741 0.41484375 0.5101851851851852 0.41640625000000003 0.5050925925925926 0.4166666666666667 0.4981481481481482 0.4158854166666667 0.49259259259259264 0.41380208333333335 0.4842592592592593 0.4114583333333333 0.48101851851851857 0.40468750000000003 0.48148148148148145 0.40130208333333334 0.4837962962962963 0.3986979166666667 0.487962962962963 0.3963541666666667 0.4976851851851852 0.3966145833333333 0.5060185185185185 0.4005208333333333 0.5097222222222223
1 0.5833333333333334 0.6921296296296297 0.5932291666666667 0.7120370370370371 0.5953125 0.7203703703703704 0.5989583333333334 0.7268518518518519 0.60546875 0.7287037037037037 0.6302083333333334 0.727314814814815 0.6346354166666667 0.7236111111111112 0.6356770833333334 0.7175925925925926 0.6356770833333334 0.7074074074074075 0.6341145833333334 0.6967592592592593 0.6302083333333334 0.6856481481481481 0.63046875 0.6782407407407407 0.6265625 0.6731481481481482 0.6161458333333334 0.6532407407407407 0.6072916666666667 0.6495370370370371 0.5882812500000001 0.65 0.58359375 0.6550925925925926 0.5812499999999999 0.6666666666666666 0.5812499999999999 0.6824074074074075 0.5833333333333334 0.6921296296296297
1 0.49609375 0.5907407407407408 0.4979166666666667 0.5949074074074074 0.5070312499999999 0.5930555555555556 0.5190104166666667 0.5944444444444444 0.5218750000000001 0.5916666666666667 0.5226562499999999 0.5777777777777778 0.52109375 0.5648148148148148 0.5171875 0.550462962962963 0.5145833333333334 0.5467592592592593 0.5088541666666667 0.5435185185185185 0.5007812500000001 0.5435185185185185 0.4971354166666667 0.5458333333333334 0.4947916666666667 0.55 0.4927083333333333 0.5578703703703703 0.49296875 0.5745370370370371 0.49609375 0.5907407407407408
1 0.33359375 0.4763888888888889 0.33489583333333334 0.4800925925925926 0.3390625 0.47685185185185186 0.3419270833333333 0.4763888888888889 0.3455729166666667 0.4708333333333333 0.3447916666666667 0.46342592592592596 0.34218750000000003 0.45925925925925926 0.3330729166666667 0.4587962962962963 0.3315104166666667 0.45972222222222225 0.33046875000000003 0.46342592592592596 0.33046875000000003 0.47314814814814815 0.33359375 0.4763888888888889
1 0.07213541666666667 0.8435185185185186 0.07395833333333333 0.8606481481481482 0.0765625 0.8666666666666667 0.09609375 0.8694444444444445 0.1015625 0.8731481481481482 0.10625 0.8782407407407408 0.11979166666666667 0.8814814814814815 0.12395833333333334 0.876388888888889 0.12526041666666668 0.8620370370370372 0.12682291666666667 0.8569444444444445 0.13437500000000002 0.8444444444444444 0.13828125000000002 0.8347222222222223 0.14375000000000002 0.8263888888888888 0.14765625000000002 0.825925925925926 0.15156250000000002 0.8222222222222223 0.15442708333333335 0.8078703703703703 0.1546875 0.801388888888889 0.15338541666666666 0.7925925925925926 0.15052083333333335 0.7833333333333334 0.14739583333333334 0.7768518518518519 0.14244791666666667 0.7722222222222223 0.12239583333333333 0.763425925925926 0.11197916666666667 0.7615740740740741 0.10234375 0.7620370370370372 0.096875 0.7652777777777778 0.078125 0.788425925925926 0.07421875 0.7958333333333334 0.07213541666666667 0.8027777777777778 0.0703125 0.8166666666666667 0.07083333333333333 0.838888888888889 0.07213541666666667 0.8435185185185186
1 0.34765625 0.45462962962962966 0.35703125 0.4541666666666667 0.3596354166666667 0.45 0.359375 0.4402777777777778 0.35625 0.4361111111111111 0.3486979166666667 0.437962962962963 0.3458333333333333 0.44583333333333336 0.3458333333333333 0.45277777777777783 0.34765625 0.45462962962962966
5 0.65303828125 0.6990740740740741 0.6618924479166667 0.7092592592592594 0.6689236979166666 0.7203703703703704 0.6738716145833332 0.7342592592592594 0.6785591145833334 0.7375 0.69053828125 0.737962962962963 0.70616328125 0.7347222222222223 0.7098091145833334 0.7310185185185185 0.7113716145833334 0.7226851851851853 0.7111111979166667 0.713425925925926 0.7090278645833332 0.7041666666666666 0.7040799479166666 0.6925925925925925 0.7040799479166666 0.6856481481481481 0.7017361979166666 0.6800925925925926 0.6949653645833332 0.6731481481481482 0.6923611979166666 0.6666666666666666 0.68819453125 0.6601851851851852 0.6855903645833332 0.6578703703703703 0.68038203125 0.6569444444444444 0.6603299479166667 0.6578703703703703 0.6559028645833332 0.6606481481481482 0.65381953125 0.6648148148148147 0.6525174479166667 0.6708333333333334 0.6519966145833332 0.6925925925925925 0.65303828125 0.6990740740740741
1 0.3716145833333333 0.5981481481481482 0.371875 0.6125 0.3731770833333333 0.6157407407407407 0.39687500000000003 0.6148148148148148 0.3989583333333333 0.6125 0.4010416666666667 0.5986111111111112 0.4018229166666667 0.5796296296296296 0.40078125000000003 0.5754629629629631 0.39375 0.5699074074074074 0.38046875 0.5694444444444444 0.3763020833333333 0.5717592592592593 0.3736979166666667 0.5777777777777778 0.3736979166666667 0.5851851851851853 0.3716145833333333 0.5981481481481482
1 0.446875 0.5412037037037037 0.44817708333333334 0.5449074074074074 0.4666666666666667 0.5453703703703704 0.46796875 0.5430555555555556 0.4692708333333333 0.5222222222222223 0.4674479166666667 0.5157407407407407 0.4635416666666667 0.5078703703703704 0.4596354166666667 0.5055555555555555 0.45598958333333334 0.5055555555555555 0.4526041666666667 0.5074074074074074 0.44817708333333334 0.5115740740740741 0.44609375 0.5185185185185185 0.4458333333333333 0.5263888888888889 0.446875 0.5412037037037037
1 0.3651041666666667 0.5240740740740741 0.3802083333333333 0.5240740740740741 0.3822916666666667 0.5222222222222223 0.3833333333333333 0.5189814814814815 0.3833333333333333 0.501388888888889 0.38177083333333334 0.4981481481481482 0.3765625 0.4939814814814815 0.36692708333333335 0.4944444444444445 0.3640625 0.501388888888889 0.3625 0.5083333333333334 0.3627604166666667 0.5222222222222223 0.3651041666666667 0.5240740740740741
5 0.4549479166666667 0.6337962962962963 0.45546875000000003 0.6550925925925926 0.4565104166666667 0.6625 0.47734375 0.6643518518518519 0.4848958333333333 0.6629629629629631 0.4875 0.6606481481481482 0.4885416666666667 0.6523148148148148 0.4877604166666667 0.6314814814814815 0.4890625 0.625 0.4848958333333333 0.6180555555555556 0.47942708333333334 0.6023148148148147 0.4703125 0.6 0.4625 0.600925925925926 0.4565104166666667 0.6060185185185185 0.4546875 0.612962962962963 0.4533854166666667 0.626388888888889 0.4549479166666667 0.6337962962962963
1 0.3940104166666667 0.4486111111111111 0.39765625 0.44953703703703707 0.40130208333333334 0.4462962962962963 0.4015625 0.4342592592592593 0.4005208333333333 0.43009259259259264 0.39375 0.4291666666666667 0.390625 0.4319444444444445 0.38984375 0.4351851851851852 0.38984375 0.4435185185185186 0.3940104166666667 0.4486111111111111
5 0.3453125 0.5671296296296297 0.3651041666666667 0.5666666666666667 0.36614583333333334 0.5657407407407408 0.36640625 0.5606481481481482 0.3690104166666667 0.550462962962963 0.36953125000000003 0.5416666666666666 0.3682291666666667 0.5361111111111112 0.3638020833333333 0.5310185185185186 0.35911458333333335 0.5291666666666667 0.3515625 0.5296296296296297 0.3489583333333333 0.5310185185185186 0.3453125 0.537962962962963 0.3432291666666667 0.5518518518518518 0.3432291666666667 0.563888888888889 0.3453125 0.5671296296296297
1 0.45703125 0.4462962962962963 0.45937500000000003 0.4481481481481482 0.46484375 0.4486111111111111 0.4669270833333333 0.4481481481481482 0.46875 0.44583333333333336 0.4674479166666667 0.4319444444444445 0.46328125000000003 0.4291666666666667 0.4583333333333333 0.4314814814814815 0.45677083333333335 0.4337962962962963 0.45625 0.4430555555555556 0.45703125 0.4462962962962963
1 0.38828125 0.5481481481481482 0.38984375 0.55 0.4015625 0.5486111111111112 0.4078125 0.5509259259259259 0.4096354166666667 0.55 0.4109375 0.5467592592592593 0.4114583333333333 0.5319444444444444 0.4106770833333333 0.5217592592592593 0.4088541666666667 0.5157407407407407 0.4049479166666667 0.5106481481481482 0.39687500000000003 0.5101851851851852 0.3927083333333333 0.5120370370370371 0.39036458333333335 0.5162037037037037 0.3875 0.5324074074074074 0.3875 0.5449074074074074 0.38828125 0.5481481481481482
1 0.45703125 0.42870370370370375 0.4549479166666667 0.42824074074074076 0.4541666666666667 0.42870370370370375 0.45703125 0.42870370370370375
1 0.44921875 0.41898148148148145 0.4533854166666667 0.42083333333333334 0.4580729166666667 0.41481481481481486 0.4565104166666667 0.4078703703703704 0.4533854166666667 0.40370370370370373 0.45286458333333335 0.3990740740740741 0.4494791666666667 0.39861111111111114 0.4494791666666667 0.40416666666666673 0.4479166666666667 0.4083333333333333 0.4479166666666667 0.4157407407407408 0.44921875 0.41898148148148145
1 0.36692708333333335 0.45601851851851855 0.3765625 0.45648148148148154 0.37786458333333334 0.4532407407407408 0.378125 0.4462962962962963 0.37734375000000003 0.44212962962962965 0.37343750000000003 0.437962962962963 0.3682291666666667 0.4398148148148148 0.36562500000000003 0.4481481481481482 0.3651041666666667 0.45277777777777783 0.36692708333333335 0.45601851851851855
1 0.3471354166666667 0.49074074074074076 0.3575520833333333 0.4916666666666667 0.3596354166666667 0.48981481481481487 0.3604166666666667 0.47685185185185186 0.3596354166666667 0.47314814814814815 0.35625 0.46898148148148155 0.35052083333333334 0.4699074074074074 0.3463541666666667 0.47361111111111115 0.34453125 0.47731481481481486 0.34453125 0.48703703703703705 0.3471354166666667 0.49074074074074076
1 0.3640625 0.6962962962962963 0.3651041666666667 0.7000000000000001 0.3911458333333333 0.7004629629629631 0.39453125 0.702314814814815 0.39739583333333334 0.7083333333333334 0.40078125000000003 0.7083333333333334 0.4044270833333333 0.6722222222222223 0.4044270833333333 0.6601851851851852 0.403125 0.6527777777777778 0.4044270833333333 0.6435185185185185 0.39739583333333334 0.6347222222222222 0.39427083333333335 0.6324074074074074 0.3765625 0.6328703703703704 0.3729166666666667 0.6342592592592593 0.3682291666666667 0.6407407407407407 0.3674479166666667 0.6435185185185185 0.36692708333333335 0.6550925925925926 0.3627604166666667 0.6703703703703704 0.3625 0.6796296296296297 0.3640625 0.6962962962962963
1 0.378125 0.437962962962963 0.3802083333333333 0.4393518518518519 0.3869791666666667 0.4393518518518519 0.38906250000000003 0.4365740740740741 0.390625 0.4277777777777778 0.3880208333333333 0.42453703703703705 0.3830729166666667 0.4236111111111111 0.3802083333333333 0.425462962962963 0.3776041666666667 0.4310185185185186 0.37734375000000003 0.4361111111111111 0.378125 0.437962962962963
1 0.4111979166666667 0.4356481481481482 0.4158854166666667 0.4356481481481482 0.4182291666666667 0.4324074074074074 0.4174479166666667 0.42453703703703705 0.4151041666666667 0.4212962962962963 0.4111979166666667 0.4236111111111111 0.40911458333333334 0.4291666666666667 0.4088541666666667 0.43287037037037035 0.4111979166666667 0.4356481481481482
5 0.2890625 0.5995370370370371 0.2908854166666667 0.6023148148148147 0.31171875 0.6018518518518519 0.3140625 0.5990740740740741 0.31536458333333334 0.5921296296296297 0.31927083333333334 0.5847222222222223 0.32005208333333335 0.5740740740740741 0.3190104166666667 0.5671296296296297 0.31640625 0.5634259259259259 0.30703125000000003 0.5578703703703703 0.3028645833333333 0.5578703703703703 0.2973958333333333 0.5601851851851852 0.2916666666666667 0.5699074074074074 0.28828125000000004 0.5865740740740741 0.28802083333333334 0.5953703703703703 0.2890625 0.5995370370370371
1 0.35911458333333335 0.4398148148148148 0.3653645833333333 0.43888888888888894 0.3677083333333333 0.4356481481481482 0.3684895833333333 0.4324074074074074 0.3666666666666667 0.425462962962963 0.3635416666666667 0.4226851851851852 0.359375 0.4222222222222222 0.35546875 0.42592592592592593 0.3559895833333333 0.4356481481481482 0.35911458333333335 0.4398148148148148
1 0.4713541666666667 0.5027777777777778 0.4739583333333333 0.5097222222222223 0.48828125 0.5101851851851852 0.49062500000000003 0.5083333333333334 0.4916666666666667 0.4939814814814815 0.4875 0.4791666666666667 0.4846354166666667 0.4763888888888889 0.4768229166666667 0.47685185185185186 0.4731770833333333 0.4805555555555556 0.47109375000000003 0.48750000000000004 0.4703125 0.49120370370370375 0.4713541666666667 0.5027777777777778
1 0.4934895833333333 0.48287037037037045 0.49453125000000003 0.48703703703703705 0.5018229166666667 0.48935185185185187 0.5088541666666667 0.48935185185185187 0.5104166666666666 0.487962962962963 0.51171875 0.4763888888888889 0.5083333333333333 0.4675925925925926 0.5015625 0.4638888888888889 0.4971354166666667 0.46666666666666673 0.49453125000000003 0.4722222222222222 0.4934895833333333 0.47731481481481486 0.4934895833333333 0.48287037037037045
1 0.4356770833333333 0.43333333333333335 0.4390625 0.43472222222222223 0.44609375 0.43287037037037035 0.4463541666666667 0.42500000000000004 0.4427083333333333 0.4175925925925926 0.4388020833333333 0.4166666666666667 0.4354166666666667 0.42037037037037045 0.4346354166666667 0.43009259259259264 0.4356770833333333 0.43333333333333335
1 0.5153645833333333 0.6495370370370371 0.5205729166666667 0.6652777777777779 0.5216145833333333 0.6745370370370372 0.5231770833333333 0.6791666666666667 0.5252604166666667 0.6805555555555556 0.5390625 0.6810185185185185 0.5533854166666666 0.6800925925925926 0.5572916666666666 0.675 0.5583333333333333 0.6643518518518519 0.5570312500000001 0.6546296296296297 0.5541666666666667 0.6444444444444445 0.5546875 0.6388888888888888 0.5505208333333333 0.6328703703703704 0.5466145833333333 0.6208333333333333 0.5434895833333333 0.6152777777777778 0.5346354166666667 0.6125 0.51953125 0.6157407407407407 0.515625 0.6217592592592593 0.5148437499999999 0.6287037037037038 0.5145833333333334 0.6416666666666666 0.5153645833333333 0.6495370370370371
1 0.4072916666666667 0.46666666666666673 0.41484375 0.4671296296296297 0.41770833333333335 0.4643518518518519 0.4184895833333333 0.4513888888888889 0.4174479166666667 0.44583333333333336 0.4151041666666667 0.4444444444444444 0.4096354166666667 0.44537037037037036 0.4080729166666667 0.4462962962962963 0.4067708333333333 0.45 0.40625 0.4638888888888889 0.4072916666666667 0.46666666666666673
1 0.39348958333333334 0.42870370370370375 0.4010416666666667 0.4296296296296297 0.4044270833333333 0.42731481481481487 0.40598958333333335 0.41481481481481486 0.4041666666666667 0.4087962962962963 0.40078125000000003 0.4069444444444445 0.3994791666666667 0.40925925925925927 0.39427083333333335 0.412962962962963 0.3932291666666667 0.4171296296296297 0.3927083333333333 0.42638888888888893 0.39348958333333334 0.42870370370370375
1 0.440625 0.5097222222222223 0.4424479166666667 0.5125000000000001 0.4463541666666667 0.5129629629629631 0.45625 0.5046296296296297 0.4578125 0.500462962962963 0.4565104166666667 0.4902777777777778 0.453125 0.4851851851851852 0.4458333333333333 0.4851851851851852 0.44114583333333335 0.487962962962963 0.4393229166666667 0.49120370370370375 0.4395833333333333 0.5055555555555555 0.440625 0.5097222222222223
1 0.4552083333333333 0.4314814814814815 0.45937500000000003 0.4314814814814815 0.46458333333333335 0.42870370370370375 0.46380208333333334 0.4212962962962963 0.45989583333333334 0.41620370370370374 0.45703125 0.4152777777777778 0.4565104166666667 0.413425925925926 0.45286458333333335 0.41851851851851857 0.45286458333333335 0.42870370370370375 0.4552083333333333 0.4314814814814815
1 0.5583333333333333 0.5032407407407408 0.5643229166666667 0.5143518518518518 0.5651041666666666 0.5189814814814815 0.5648437500000001 0.5337962962962963 0.5656249999999999 0.537962962962963 0.5671875000000001 0.5398148148148149 0.5744791666666667 0.537962962962963 0.5747395833333333 0.5143518518518518 0.5710937500000001 0.501388888888889 0.5661458333333333 0.4944444444444445 0.5606770833333333 0.48981481481481487 0.5546875 0.48842592592592593 0.5505208333333333 0.4902777777777778 0.5505208333333333 0.4949074074074074 0.5583333333333333 0.5032407407407408
1 0.4643229166666667 0.4726851851851852 0.4729166666666667 0.47500000000000003 0.47734375 0.4726851851851852 0.4776041666666667 0.4615740740740741 0.47552083333333334 0.45277777777777783 0.47421875 0.45092592592592595 0.4708333333333333 0.44953703703703707 0.46640625 0.450462962962963 0.4630208333333333 0.45648148148148154 0.4627604166666667 0.46666666666666673 0.4643229166666667 0.4726851851851852
1 0.4807291666666667 0.8615740740740742 0.4830729166666667 0.8680555555555556 0.4854166666666667 0.8824074074074075 0.4877604166666667 0.925462962962963 0.4893229166666667 0.9282407407407407 0.49114583333333334 0.9296296296296297 0.4979166666666667 0.9300925925925926 0.5286458333333334 0.9305555555555556 0.5403645833333334 0.9287037037037038 0.5434895833333333 0.9273148148148148 0.5466145833333333 0.9231481481481482 0.5481770833333334 0.9120370370370371 0.5492187500000001 0.8930555555555556 0.5424479166666667 0.8620370370370372 0.5403645833333334 0.8490740740740741 0.540625 0.8430555555555557 0.5335937500000001 0.8226851851851853 0.5268229166666667 0.7949074074074075 0.5208333333333334 0.7782407407407409 0.5179687500000001 0.7745370370370371 0.5130208333333334 0.7726851851851853 0.4901041666666667 0.7740740740740741 0.48671875000000003 0.7791666666666667 0.4807291666666667 0.7967592592592594 0.4783854166666667 0.8129629629629631 0.4791666666666667 0.852314814814815 0.4807291666666667 0.8615740740740742
1 0.375 0.48981481481481487 0.3838541666666667 0.49074074074074076 0.3872395833333333 0.48981481481481487 0.38906250000000003 0.48750000000000004 0.3888020833333333 0.4726851851851852 0.3877604166666667 0.46898148148148155 0.384375 0.46481481481481485 0.3799479166666667 0.46481481481481485 0.3768229166666667 0.4671296296296297 0.3731770833333333 0.47685185185185186 0.3729166666666667 0.4861111111111111 0.375 0.48981481481481487
1 0.23072916666666665 0.9171296296296297 0.23307291666666666 0.9240740740740742 0.23697916666666666 0.9287037037037038 0.25234375000000003 0.9333333333333335 0.27734375 0.9342592592592593 0.28958333333333336 0.9328703703703703 0.29192708333333334 0.925462962962963 0.29270833333333335 0.9 0.2947916666666667 0.8879629629629631 0.2986979166666667 0.875 0.30364583333333334 0.8648148148148148 0.30703125000000003 0.8490740740740741 0.3072916666666667 0.826851851851852 0.30390625 0.8064814814814816 0.3 0.801388888888889 0.29062499999999997 0.7967592592592594 0.28020833333333334 0.7949074074074075 0.27239583333333334 0.7953703703703704 0.26015625000000003 0.7990740740740742 0.2513020833333333 0.8050925925925926 0.24713541666666666 0.8111111111111112 0.24192708333333335 0.8296296296296297 0.23515625 0.8467592592592593 0.23307291666666666 0.8550925925925926 0.23255208333333335 0.8620370370370372 0.23020833333333335 0.8694444444444445 0.22916666666666666 0.8787037037037038 0.22916666666666666 0.8953703703703704 0.23072916666666665 0.9171296296296297
4 0.5710937500000001 0.8791666666666667 0.5710937500000001 0.8925925925925926 0.5736979166666667 0.9032407407407409 0.5783854166666667 0.9069444444444444 0.5872395833333334 0.9370370370370371 0.5882812500000001 0.9435185185185185 0.5916666666666667 0.9527777777777778 0.59296875 0.9615740740740741 0.59375 0.9796296296296297 0.5947916666666666 0.9851851851851853 0.5971354166666667 0.9898148148148148 0.5986979166666666 0.9916666666666667 0.6015625 0.9912037037037038 0.60859375 0.9856481481481482 0.6143229166666666 0.9837962962962963 0.6335937500000001 0.9819444444444445 0.6479166666666667 0.9782407407407407 0.6546875 0.9740740740740741 0.6578125 0.9685185185185186 0.6609375000000001 0.9500000000000001 0.6604166666666667 0.938425925925926 0.6578125 0.9259259259259259 0.65234375 0.9111111111111112 0.6484375 0.8958333333333334 0.6484375 0.8935185185185185 0.6518229166666667 0.889351851851852 0.6526041666666667 0.8851851851851853 0.6515625 0.8828703703703704 0.6494791666666666 0.8833333333333334 0.6473958333333334 0.8865740740740741 0.6466145833333334 0.8851851851851853 0.6393229166666666 0.8634259259259259 0.6372395833333334 0.852314814814815 0.63046875 0.8361111111111112 0.6179687500000001 0.813888888888889 0.6130208333333333 0.8097222222222222 0.5765625000000001 0.813425925925926 0.5721354166666667 0.8162037037037038 0.5692708333333334 0.8254629629629631 0.5687500000000001 0.8375 0.5710937500000001 0.8791666666666667
4 0.29270833333333335 0.7106481481481481 0.29661458333333335 0.7185185185185186 0.2986979166666667 0.7203703703703704 0.30364583333333334 0.7222222222222222 0.3106770833333333 0.7222222222222222 0.3221354166666667 0.7194444444444444 0.3315104166666667 0.7231481481481482 0.33515625 0.7175925925925926 0.3359375 0.7050925925925926 0.3411458333333333 0.6856481481481481 0.3424479166666667 0.6666666666666666 0.3419270833333333 0.6560185185185186 0.3322916666666667 0.6439814814814815 0.3283854166666667 0.6421296296296297 0.31328125 0.6421296296296297 0.30703125000000003 0.6449074074074075 0.30312500000000003 0.6509259259259259 0.2986979166666667 0.6712962962962963 0.29296875 0.6856481481481481 0.2911458333333333 0.6939814814814815 0.2908854166666667 0.700925925925926 0.29270833333333335 0.7106481481481481
0 0.5130208333333334 0.5152777777777778 0.5158854166666667 0.5263888888888889 0.5184895833333334 0.5416666666666666 0.5247395833333334 0.5537037037037037 0.52890625 0.5662037037037038 0.5325520833333334 0.5699074074074074 0.5432291666666667 0.5694444444444444 0.5463541666666667 0.5712962962962963 0.55078125 0.5712962962962963 0.5546875 0.5685185185185185 0.5622395833333333 0.5685185185185185 0.5645833333333333 0.5671296296296297 0.5653645833333334 0.5541666666666667 0.5645833333333333 0.5171296296296296 0.5640625 0.5138888888888888 0.5609375000000001 0.5074074074074074 0.5489583333333333 0.49259259259259264 0.540625 0.47870370370370374 0.53671875 0.475462962962963 0.5164062500000001 0.475462962962963 0.5138020833333333 0.4777777777777778 0.5127604166666667 0.4837962962962963 0.5122395833333333 0.49259259259259264 0.5130208333333334 0.5152777777777778
4 0.4838541666666667 0.45925925925925926 0.49192708333333335 0.45925925925925926 0.4942708333333333 0.45787037037037037 0.49505208333333334 0.45277777777777783 0.4940104166666667 0.44398148148148153 0.4940104166666667 0.42731481481481487 0.49296875 0.4217592592592593 0.4901041666666667 0.4194444444444445 0.48411458333333335 0.41851851851851857 0.4815104166666667 0.42037037037037045 0.48046875 0.4236111111111111 0.48046875 0.45601851851851855 0.4838541666666667 0.45925925925925926
6 0.17239583333333336 0.6967592592592593 0.17760416666666667 0.751388888888889 0.17864583333333334 0.7550925925925926 0.18567708333333335 0.7657407407407407 0.18958333333333335 0.7662037037037037 0.19635416666666666 0.7717592592592594 0.20338541666666665 0.7865740740740741 0.20625000000000002 0.7888888888888889 0.20989583333333334 0.788425925925926 0.21354166666666666 0.7847222222222222 0.2203125 0.789814814814815 0.22291666666666665 0.7851851851851853 0.23307291666666666 0.7768518518518519 0.23489583333333336 0.7773148148148148 0.23776041666666667 0.7833333333333334 0.24088541666666666 0.7824074074074074 0.24348958333333334 0.776388888888889 0.25156249999999997 0.7652777777777778 0.2533854166666667 0.7569444444444444 0.25859375 0.7495370370370371 0.26328124999999997 0.7263888888888889 0.27057291666666666 0.7083333333333334 0.2794270833333333 0.6949074074074074 0.2830729166666667 0.6782407407407407 0.28281249999999997 0.6648148148148147 0.28177083333333336 0.6583333333333334 0.28151041666666665 0.6328703703703704 0.2786458333333333 0.6134259259259259 0.2786458333333333 0.6064814814814815 0.27708333333333335 0.5986111111111112 0.27395833333333336 0.5921296296296297 0.2716145833333333 0.5814814814814815 0.26979166666666665 0.5777777777777778 0.26640625 0.575925925925926 0.24140625000000002 0.5740740740740741 0.22369791666666666 0.5791666666666667 0.22057291666666667 0.5814814814814815 0.19088541666666667 0.6180555555555556 0.17421875 0.6365740740740741 0.17135416666666667 0.6402777777777778 0.16979166666666667 0.6462962962962963 0.16953125 0.651388888888889 0.17239583333333336 0.6967592592592593