8 0.2421875 0.5458333333333333 0.24531250000000002 0.5472222222222222 0.25546875 0.5388888888888889 0.26875000000000004 0.5430555555555555 0.27421875 0.5402777777777777 0.27343750000000006 0.4861111111111111 0.27578125000000003 0.48055555555555557 0.26953125000000006 0.4708333333333333 0.24453125 0.4736111111111111 0.240625 0.4833333333333333 0.23984375000000002 0.4958333333333333 0.2390625 0.5305555555555556 0.2421875 0.5458333333333333
1 0.43203125000000003 0.2652777777777778 0.45390625 0.26249999999999996 0.45078125 0.2472222222222222 0.4375 0.2472222222222222 0.4296875 0.25416666666666665 0.4296875 0.26249999999999996 0.43203125000000003 0.2652777777777778
1 0.27265625000000004 0.31527777777777777 0.27265625000000004 0.3041666666666667 0.26328125 0.3041666666666667 0.26328125 0.3125 0.27265625000000004 0.31527777777777777
1 0.33125000000000004 0.3416666666666667 0.34453125 0.3416666666666667 0.34218750000000003 0.3263888888888889 0.33437500000000003 0.3208333333333333 0.33125000000000004 0.3277777777777778 0.33125000000000004 0.3416666666666667
1 0.32578125 0.29027777777777775 0.32421875 0.28194444444444444 0.31953125000000004 0.2833333333333333 0.32109375 0.29027777777777775 0.32578125 0.29027777777777775
1 0.5320312500000001 0.7194444444444444 0.540625 0.7208333333333333 0.55625 0.75 0.5593750000000001 0.7763888888888888 0.5625000000000001 0.7819444444444444 0.61328125 0.775 0.62421875 0.7652777777777777 0.6257812500000001 0.7513888888888888 0.6234375000000001 0.7347222222222222 0.60859375 0.7027777777777777 0.60859375 0.686111111111111 0.6023437500000001 0.6847222222222222 0.5953125 0.6652777777777777 0.5742187500000001 0.6291666666666667 0.565625 0.623611111111111 0.5429687500000001 0.623611111111111 0.53671875 0.6291666666666667 0.52890625 0.6527777777777778 0.52890625 0.7138888888888888 0.5320312500000001 0.7194444444444444
1 0.40078125000000003 0.3986111111111111 0.40390625 0.4041666666666667 0.42109375000000004 0.4041666666666667 0.421875 0.39166666666666666 0.41640625000000003 0.37916666666666665 0.40390625 0.37916666666666665 0.40078125000000003 0.3875 0.40078125000000003 0.3986111111111111
1 0.28828125000000004 0.3277777777777778 0.28906250000000006 0.31666666666666665 0.28671875 0.3111111111111111 0.27968750000000003 0.31666666666666665 0.27968750000000003 0.32916666666666666 0.28828125000000004 0.3277777777777778
1 0.2234375 0.3847222222222222 0.2234375 0.375 0.21796875000000002 0.3638888888888889 0.20625000000000002 0.3638888888888889 0.203125 0.3708333333333333 0.20468750000000002 0.3888888888888889 0.2234375 0.3847222222222222
1 0.27578125000000003 0.2972222222222222 0.278125 0.2861111111111111 0.27187500000000003 0.2833333333333333 0.27109375 0.29305555555555557 0.27578125000000003 0.2972222222222222
1 0.31875000000000003 0.28194444444444444 0.3171875 0.27638888888888885 0.3125 0.27638888888888885 0.31328125 0.2847222222222222 0.31875000000000003 0.28194444444444444
1 0.096875 0.5666666666666667 0.1125 0.5652777777777778 0.115625 0.5583333333333333 0.115625 0.5361111111111111 0.13046875000000002 0.5083333333333333 0.10859375 0.5111111111111111 0.09531250000000001 0.5388888888888889 0.09453125000000001 0.5597222222222222 0.096875 0.5666666666666667
1 0.26171875000000006 0.3 0.26093750000000004 0.29027777777777775 0.25390625000000006 0.29027777777777775 0.2546875 0.3 0.26171875000000006 0.3
1 0.40546875000000004 0.575 0.43984375000000003 0.575 0.4421875 0.5597222222222222 0.43828125 0.5333333333333333 0.42812500000000003 0.5138888888888888 0.40390625 0.5138888888888888 0.39921875 0.5249999999999999 0.3984375 0.5527777777777777 0.40546875000000004 0.575
1 0.2546875 0.3930555555555555 0.25546875 0.3833333333333333 0.25234375000000003 0.3694444444444444 0.240625 0.3680555555555556 0.23750000000000002 0.375 0.23750000000000002 0.39444444444444443 0.2546875 0.3930555555555555
1 0.31875000000000003 0.30277777777777776 0.32656250000000003 0.30277777777777776 0.32656250000000003 0.2944444444444444 0.3203125 0.28888888888888886 0.31796875 0.29305555555555557 0.31875000000000003 0.30277777777777776
1 0.2671875 0.30277777777777776 0.27578125000000003 0.30277777777777776 0.275 0.2916666666666667 0.26875000000000004 0.29305555555555557 0.26640625 0.2972222222222222 0.2671875 0.30277777777777776
1 0.32343750000000004 0.3472222222222222 0.32109375 0.32916666666666666 0.31015625 0.3305555555555555 0.31093750000000003 0.35 0.32343750000000004 0.3472222222222222
5 0.26796875000000003 0.3305555555555555 0.27109375 0.325 0.2703125 0.31666666666666665 0.26640625 0.3125 0.26171875000000006 0.3125 0.25859375 0.3194444444444444 0.259375 0.3263888888888889 0.26796875000000003 0.3305555555555555
1 0.26875000000000004 0.3430555555555555 0.26953125000000006 0.3347222222222222 0.26640625 0.3277777777777778 0.25859375 0.3263888888888889 0.2546875 0.33194444444444443 0.2546875 0.3444444444444444 0.26875000000000004 0.3430555555555555
1 0.42812500000000003 0.42777777777777776 0.446875 0.4263888888888889 0.446875 0.4125 0.44062500000000004 0.3972222222222222 0.42812500000000003 0.39444444444444443 0.4234375 0.39999999999999997 0.4234375 0.4194444444444444 0.42812500000000003 0.42777777777777776
1 0.37265625 0.1902777777777778 0.38515625000000003 0.19583333333333333 0.39375000000000004 0.19583333333333333 0.39765625000000004 0.1902777777777778 0.3984375 0.18194444444444444 0.3921875 0.175 0.38125000000000003 0.16944444444444445 0.37109375 0.17083333333333334 0.36875 0.18333333333333335 0.37265625 0.1902777777777778
1 0.22578125000000002 0.3541666666666667 0.2390625 0.35 0.2390625 0.3402777777777778 0.234375 0.3333333333333333 0.22890625 0.3333333333333333 0.22421875000000002 0.3388888888888889 0.2234375 0.3486111111111111 0.22578125000000002 0.3541666666666667
1 0.33671875 0.28888888888888886 0.34375 0.28888888888888886 0.34375 0.28194444444444444 0.33828125000000003 0.2791666666666667 0.3359375 0.2833333333333333 0.33671875 0.28888888888888886
1 0.28515625000000006 0.3680555555555556 0.28515625000000006 0.3527777777777778 0.2828125 0.3486111111111111 0.27421875 0.3472222222222222 0.27109375 0.3527777777777778 0.27187500000000003 0.3694444444444444 0.28515625000000006 0.3680555555555556
1 0.3125 0.3041666666666667 0.31093750000000003 0.29583333333333334 0.3046875 0.29583333333333334 0.30390625000000004 0.3041666666666667 0.3125 0.3041666666666667
1 0.5078125000000001 0.2847222222222222 0.52109375 0.2861111111111111 0.5257812500000001 0.2805555555555555 0.540625 0.2833333333333333 0.5429687500000001 0.27638888888888885 0.5414062500000001 0.25972222222222224 0.5359375000000001 0.25277777777777777 0.5179687500000001 0.25416666666666665 0.5007812500000001 0.26805555555555555 0.5007812500000001 0.2791666666666667 0.5078125000000001 0.2847222222222222
1 0.35703125 0.3722222222222222 0.35625 0.3583333333333333 0.35234375 0.35138888888888886 0.34453125 0.35 0.34140625 0.3541666666666667 0.34140625 0.3736111111111111 0.35703125 0.3722222222222222
1 0.88203125 0.3708333333333333 0.890625 0.375 0.9031250000000001 0.3680555555555556 0.909375 0.3708333333333333 0.9140625 0.3805555555555556 0.92109375 0.3819444444444444 0.92890625 0.3763888888888889 0.9343750000000001 0.36527777777777776 0.9460937500000001 0.3680555555555556 0.94921875 0.3638888888888889 0.96640625 0.3625 0.971875 0.3722222222222222 0.978125 0.3722222222222222 0.9851562500000001 0.35555555555555557 0.9867187500000001 0.325 0.98046875 0.3083333333333333 0.9734375000000001 0.3 0.94453125 0.2944444444444444 0.925 0.2986111111111111 0.90234375 0.3180555555555556 0.88046875 0.325 0.875 0.3333333333333333 0.87421875 0.3611111111111111 0.88203125 0.3708333333333333
1 0.28515625000000006 0.27499999999999997 0.2828125 0.26805555555555555 0.27890625 0.2708333333333333 0.27890625 0.2777777777777778 0.28515625000000006 0.27499999999999997
1 0.32343750000000004 0.5097222222222222 0.35000000000000003 0.5069444444444444 0.35078125000000004 0.4777777777777778 0.34375 0.46249999999999997 0.328125 0.4611111111111111 0.321875 0.4777777777777778 0.32109375 0.5013888888888889 0.32343750000000004 0.5097222222222222
1 0.36328125 0.4444444444444444 0.36953125000000003 0.44027777777777777 0.38671875 0.4430555555555556 0.38671875 0.4208333333333333 0.37890625 0.4013888888888889 0.36796875 0.39999999999999997 0.36015625 0.4055555555555555 0.359375 0.4222222222222222 0.36328125 0.4444444444444444
1 0.26640625 0.2916666666666667 0.2671875 0.28194444444444444 0.26015625000000003 0.2805555555555555 0.26171875000000006 0.29305555555555557 0.26640625 0.2916666666666667
5 0.4390625 0.5152777777777777 0.46328125000000003 0.5152777777777777 0.465625 0.5111111111111111 0.46640625 0.5 0.46328125000000003 0.48055555555555557 0.45625000000000004 0.4694444444444444 0.44375000000000003 0.4638888888888889 0.43046875 0.4694444444444444 0.4296875 0.4986111111111111 0.4390625 0.5152777777777777
1 0.34921875 0.31666666666666665 0.3484375 0.3055555555555556 0.34218750000000003 0.3013888888888889 0.34218750000000003 0.31527777777777777 0.34921875 0.31666666666666665
1 0.28750000000000003 0.3097222222222222 0.28906250000000006 0.3 0.2859375 0.29583333333333334 0.2828125 0.2986111111111111 0.2828125 0.3097222222222222 0.28750000000000003 0.3097222222222222
2 0.8375 0.31527777777777777 0.8382812500000001 0.3527777777777778 0.8328125000000001 0.3736111111111111 0.8187500000000001 0.3930555555555555 0.8171875000000001 0.4152777777777778 0.81953125 0.4194444444444444 0.8523437500000001 0.41805555555555557 0.8609375 0.4111111111111111 0.8640625000000001 0.4027777777777778 0.8617187500000001 0.3819444444444444 0.87109375 0.3763888888888889 0.8562500000000001 0.3333333333333333 0.8539062500000001 0.30277777777777776 0.85859375 0.29305555555555557 0.8578125000000001 0.2777777777777778 0.8523437500000001 0.2638888888888889 0.84375 0.26249999999999996 0.8375 0.26805555555555555 0.8304687500000001 0.2833333333333333 0.83125 0.3 0.8375 0.31527777777777777
2 0.1796875 0.5708333333333333 0.17421875 0.5527777777777777 0.16953125000000002 0.5513888888888888 0.16640625 0.5569444444444445 0.16640625 0.5736111111111111 0.1796875 0.5708333333333333
2 0.8523437500000001 0.4875 0.8523437500000001 0.44861111111111107 0.84765625 0.4513888888888889 0.8421875000000001 0.475 0.8421875000000001 0.4875 0.8523437500000001 0.4875
2 0.5398437500000001 0.2944444444444444 0.5398437500000001 0.3 0.5429687500000001 0.30277777777777776 0.5476562500000001 0.2986111111111111 0.5484375 0.29027777777777775 0.5531250000000001 0.28194444444444444 0.55625 0.28888888888888886 0.5578125 0.2861111111111111 0.5546875000000001 0.2833333333333333 0.5578125 0.27824027777777777 0.5578125 0.2388888888888889 0.5531250000000001 0.22777777777777775 0.5484375 0.2263888888888889 0.54609375 0.24305555555555555 0.5453125000000001 0.2652777777777778 0.5398437500000001 0.2944444444444444
2 0.6585937500000001 0.3930555555555555 0.6609375000000001 0.3875 0.6609375000000001 0.3736111111111111 0.6570312500000001 0.3708333333333333 0.65546875 0.3902777777777778 0.6585937500000001 0.3930555555555555
0 0.12187500000000001 0.6430555555555556 0.14140625 0.6444444444444444 0.18671875000000002 0.6361111111111112 0.19609375 0.6166666666666666 0.19921875 0.5944444444444444 0.21328125 0.5472222222222222 0.21640625000000002 0.5152777777777777 0.215625 0.4972222222222222 0.21875 0.4847222222222222 0.21406250000000002 0.4736111111111111 0.21171875 0.45416666666666666 0.16640625 0.45694444444444443 0.13359375 0.5055555555555555 0.1171875 0.5361111111111111 0.11796875000000001 0.6069444444444444 0.12187500000000001 0.6430555555555556
4 0.3453125 0.7208333333333333 0.3484375 0.7777777777777778 0.40546875000000004 0.7722222222222221 0.40859375000000003 0.7555555555555555 0.40859375000000003 0.7319444444444444 0.40156250000000004 0.6958333333333333 0.40703125 0.686111111111111 0.4 0.6791666666666666 0.390625 0.6305555555555555 0.38203125000000004 0.6277777777777778 0.340625 0.6333333333333333 0.340625 0.6986111111111112 0.3453125 0.7208333333333333
6 0.34296875000000004 0.3416666666666667 0.34140625 0.3097222222222222 0.33125000000000004 0.3069444444444444 0.33125000000000004 0.3402777777777778 0.34296875000000004 0.3416666666666667