1 0.5057870370370371 0.536522633744856 0.5084876543209876 0.529320987654321 0.5081018518518519 0.522119341563786 0.5057870370370371 0.5190329218106995 0.501929012345679 0.5174897119341564 0.49459876543209874 0.5180041152263374 0.4915123456790123 0.5216049382716049 0.4899691358024691 0.5262345679012346 0.49035493827160487 0.536522633744856 0.5057870370370371 0.536522633744856
1 0.5254629629629629 0.5241769547325102 0.529320987654321 0.5252057613168725 0.5358796296296297 0.5303497942386831 0.5397376543209876 0.529320987654321 0.5420524691358024 0.5205761316872428 0.5416666666666666 0.514917695473251 0.5397376543209876 0.5118312757201645 0.529320987654321 0.5097736625514403 0.5243055555555556 0.5154320987654321 0.5239197530864197 0.522119341563786 0.5254629629629629 0.5241769547325102
4 0.5601851851851852 0.5776748971193415 0.5636574074074074 0.5761316872427984 0.564429012345679 0.5679012345679012 0.5675154320987654 0.5637860082304527 0.5706018518518519 0.5627572016460904 0.5794753086419753 0.5643004115226338 0.58179012345679 0.5673868312757201 0.5810185185185185 0.5745884773662551 0.5821759259259259 0.5766460905349794 0.597608024691358 0.5751028806584362 0.6060956790123456 0.5766460905349794 0.6138117283950616 0.5694444444444444 0.614969135802469 0.5601851851851852 0.6126543209876543 0.5570987654320988 0.6041666666666666 0.5555555555555556 0.5960648148148148 0.5498971193415637 0.5825617283950617 0.5488683127572016 0.5779320987654321 0.5498971193415637 0.5694444444444444 0.5581275720164608 0.5628858024691358 0.5606995884773662 0.5597993827160493 0.5632716049382716 0.5586419753086419 0.566358024691358 0.5586419753086419 0.5751028806584362 0.5601851851851852 0.5776748971193415
1 0.5015432098765432 0.5174897119341564 0.5084876543209876 0.5241769547325102 0.5119598765432098 0.5200617283950617 0.5123456790123456 0.5118312757201645 0.5088734567901234 0.5020576131687243 0.5050154320987654 0.4994855967078189 0.49845679012345673 0.5046296296296297 0.49614197530864196 0.5087448559670782 0.4957561728395061 0.5164609053497942 0.5015432098765432 0.5174897119341564
1 0.3487654320987654 0.8981481481481481 0.3526234567901234 0.9022633744855967 0.38695987654320985 0.9063786008230452 0.4074074074074074 0.904835390946502 0.4151234567901234 0.9068930041152263 0.41820987654320985 0.9043209876543209 0.4228395061728395 0.8837448559670782 0.4239969135802469 0.8693415637860082 0.4324845679012345 0.8425925925925926 0.43904320987654316 0.8348765432098765 0.441358024691358 0.8106995884773662 0.4440586419753086 0.7983539094650205 0.4444444444444444 0.7885802469135802 0.44174382716049376 0.7793209876543209 0.4425154320987654 0.7757201646090535 0.4386574074074074 0.7849794238683127 0.4375 0.7932098765432097 0.43595679012345673 0.7952674897119342 0.43171296296296297 0.7896090534979423 0.43094135802469136 0.7860082304526749 0.4263117283950617 0.7808641975308641 0.41473765432098764 0.7757201646090535 0.41203703703703703 0.7772633744855967 0.39351851851851855 0.7767489711934156 0.38233024691358025 0.7808641975308641 0.36959876543209874 0.8065843621399176 0.3638117283950617 0.8225308641975309 0.3626543209876543 0.8240740740740741 0.3603395061728395 0.8209876543209875 0.35648148148148145 0.8194444444444444 0.3537808641975308 0.8209876543209875 0.3537808641975308 0.8271604938271605 0.3603395061728395 0.83179012345679 0.36188271604938266 0.8348765432098765 0.35223765432098764 0.8564814814814815 0.3468364197530864 0.8801440329218108 0.3472222222222222 0.8935185185185185 0.3487654320987654 0.8981481481481481
1 0.38695987654320985 0.7685185185185185 0.3881172839506173 0.764917695473251 0.38695987654320985 0.764917695473251 0.38695987654320985 0.7685185185185185
1 0.39043209876543206 0.5920781893004116 0.4151234567901234 0.5931069958847737 0.4236111111111111 0.5848765432098765 0.4239969135802469 0.5673868312757201 0.41820987654320985 0.5601851851851852 0.40084876543209874 0.5606995884773662 0.39737654320987653 0.5632716049382716 0.39043209876543206 0.5751028806584362 0.3888888888888889 0.5843621399176955 0.38850308641975306 0.5879629629629629 0.39043209876543206 0.5920781893004116
1 0.3016975308641975 0.6826131687242798 0.30362654320987653 0.684156378600823 0.316358024691358 0.6862139917695472 0.34182098765432095 0.6846707818930041 0.34837962962962965 0.6728395061728394 0.3599537037037037 0.6656378600823045 0.3611111111111111 0.6589506172839505 0.3603395061728395 0.640946502057613 0.35841049382716045 0.6358024691358024 0.35300925925925924 0.632201646090535 0.34452160493827155 0.6301440329218108 0.32407407407407407 0.6311728395061728 0.3159722222222222 0.6388888888888888 0.3125 0.6450617283950616 0.30709876543209874 0.6507201646090535 0.30671296296296297 0.6563786008230452 0.30092592592592593 0.6651234567901234 0.3001543209876543 0.677469135802469 0.3016975308641975 0.6826131687242798
1 0.38348765432098764 0.6790123456790123 0.38580246913580246 0.6815843621399176 0.38850308641975306 0.6810699588477367 0.39313271604938266 0.6748971193415637 0.39699074074074076 0.6748971193415637 0.4131944444444444 0.676440329218107 0.41898148148148145 0.6826131687242798 0.42206790123456783 0.6836419753086419 0.42476851851851855 0.6820987654320987 0.4266975308641975 0.6697530864197531 0.42939814814814814 0.6661522633744856 0.43287037037037035 0.6646090534979423 0.43557098765432095 0.6599794238683127 0.4367283950617284 0.6440329218106996 0.43557098765432095 0.6280864197530863 0.43209876543209874 0.6167695473251029 0.42862654320987653 0.61059670781893 0.4255401234567901 0.6085390946502057 0.41087962962962965 0.6075102880658436 0.4066358024691358 0.6090534979423867 0.40162037037037035 0.6162551440329218 0.3942901234567901 0.6311728395061728 0.3912037037037037 0.6347736625514403 0.38657407407407407 0.6363168724279835 0.3888888888888889 0.6435185185185185 0.38348765432098764 0.6538065843621399 0.38271604938271603 0.6728395061728394 0.38348765432098764 0.6790123456790123
1 0.9772376543209875 0.6121399176954733 0.9807098765432097 0.6213991769547326 0.9841820987654321 0.6203703703703703 0.9868827160493827 0.6167695473251029 0.9934413580246912 0.6162551440329218 0.9969135802469135 0.6126543209876543 0.9976851851851852 0.6069958847736626 0.9996141975308641 0.6064814814814815 0.9996141975308641 0.5797325102880658 0.9922839506172839 0.5802469135802469 0.9807098765432097 0.5843621399176955 0.9749228395061728 0.5905349794238682 0.9745370370370371 0.5992798353909464 0.9772376543209875 0.6121399176954733
1 0.4818672839506173 0.6131687242798353 0.5065586419753086 0.6136831275720164 0.5084876543209876 0.6116255144032922 0.5100308641975309 0.5992798353909464 0.5100308641975309 0.5900205761316872 0.5084876543209876 0.5828189300411523 0.5050154320987654 0.5761316872427984 0.501929012345679 0.5745884773662551 0.49112654320987653 0.5756172839506173 0.4876543209876543 0.5787037037037037 0.48341049382716045 0.5869341563786008 0.48070987654320985 0.5982510288065844 0.48032407407407407 0.6100823045267489 0.4818672839506173 0.6131687242798353
1 0.5150462962962963 0.5689300411522633 0.5243055555555556 0.5709876543209876 0.5297067901234568 0.5694444444444444 0.5320216049382716 0.5534979423868313 0.5304783950617283 0.5452674897119342 0.5281635802469136 0.5421810699588477 0.5239197530864197 0.5401234567901234 0.5158179012345678 0.5411522633744856 0.5084876543209876 0.5514403292181069 0.5084876543209876 0.5709876543209876 0.5150462962962963 0.5689300411522633
5 0.23418209876543208 0.8775720164609053 0.23649691358024688 0.8868312757201645 0.24189814814814814 0.8919753086419753 0.253858024691358 0.8945473251028806 0.28780864197530864 0.8950617283950616 0.2989969135802469 0.8919753086419753 0.30787037037037035 0.8914609053497942 0.3113425925925926 0.8858024691358024 0.3152006172839506 0.8708847736625515 0.3186728395061728 0.8662551440329218 0.3256172839506173 0.8508230452674896 0.33063271604938266 0.8425925925925926 0.33834876543209874 0.8369341563786008 0.3395061728395061 0.8343621399176954 0.34336419753086417 0.8004115226337448 0.34220679012345673 0.7793209876543209 0.33834876543209874 0.7757201646090535 0.33410493827160487 0.7746913580246912 0.3090277777777778 0.772119341563786 0.29475308641975306 0.772633744855967 0.283179012345679 0.7762345679012346 0.27469135802469136 0.7860082304526749 0.25810185185185186 0.8132716049382716 0.2554012345679012 0.8158436213991769 0.25154320987654316 0.8158436213991769 0.2503858024691358 0.8173868312757201 0.2527006172839506 0.823559670781893 0.2523148148148148 0.8266460905349794 0.2503858024691358 0.83179012345679 0.24421296296296297 0.8410493827160493 0.23649691358024688 0.8611111111111112 0.23418209876543208 0.8719135802469135 0.23418209876543208 0.8775720164609053
4 0.4722222222222222 0.5200617283950617 0.4776234567901234 0.5277777777777778 0.48070987654320985 0.5288065843621399 0.4826388888888889 0.5262345679012346 0.4849537037037037 0.514917695473251 0.48148148148148145 0.5066872427983539 0.47029320987654316 0.5066872427983539 0.46682098765432095 0.5118312757201645 0.46566358024691357 0.5154320987654321 0.4722222222222222 0.5200617283950617
1 0.6277006172839505 0.5216049382716049 0.6543209876543209 0.5185185185185185 0.6543209876543209 0.514917695473251 0.6523919753086419 0.5118312757201645 0.6408179012345678 0.5051440329218106 0.6304012345679012 0.5061728395061729 0.6195987654320987 0.5102880658436214 0.6161265432098765 0.5138888888888888 0.6165123456790123 0.5185185185185185 0.6277006172839505 0.5216049382716049
1 0.43557098765432095 0.8379629629629629 0.4378858024691358 0.831275720164609 0.4363425925925926 0.8292181069958848 0.43557098765432095 0.8287037037037037 0.43557098765432095 0.8379629629629629
1 0.38233024691358025 0.7803497942386831 0.3939043209876543 0.7782921810699589 0.4232253086419753 0.779835390946502 0.43094135802469136 0.7875514403292181 0.43287037037037035 0.7962962962962963 0.43557098765432095 0.8019547325102879 0.439429012345679 0.7993827160493827 0.4425154320987654 0.8081275720164608 0.44560185185185186 0.7906378600823045 0.44483024691358025 0.7844650205761317 0.44598765432098764 0.7767489711934156 0.44212962962962965 0.7592592592592593 0.43711419753086417 0.7479423868312757 0.4324845679012345 0.7427983539094649 0.4131944444444444 0.7397119341563786 0.39969135802469136 0.7402263374485597 0.39737654320987653 0.7422839506172839 0.38695987654320985 0.7613168724279835 0.3815586419753086 0.7752057613168724 0.38078703703703703 0.7793209876543209 0.38233024691358025 0.7803497942386831
1 0.5266203703703703 0.5416666666666666 0.5324074074074074 0.5462962962962963 0.5347222222222222 0.5426954732510287 0.5362654320987654 0.5349794238683127 0.5354938271604938 0.529320987654321 0.5335648148148148 0.5267489711934156 0.5266203703703703 0.5231481481481481 0.51929012345679 0.5246913580246914 0.5158179012345678 0.5329218106995884 0.5162037037037037 0.5401234567901234 0.5266203703703703 0.5416666666666666
1 0.6091820987654321 0.4897119341563786 0.6184413580246912 0.4897119341563786 0.6184413580246912 0.48148148148148145 0.6161265432098765 0.47788065843621397 0.6122685185185185 0.47736625514403286 0.6076388888888888 0.4809670781893004 0.6072530864197531 0.4861111111111111 0.6091820987654321 0.4897119341563786
4 0.4876543209876543 0.5051440329218106 0.4949845679012345 0.5066872427983539 0.49961419753086417 0.5015432098765432 0.4992283950617284 0.48868312757201643 0.49807098765432095 0.4871399176954732 0.49112654320987653 0.4871399176954732 0.4895833333333333 0.49022633744855965 0.4876543209876543 0.49845679012345673 0.4876543209876543 0.5051440329218106
2 0.8375771604938271 0.7376543209876543 0.8379629629629629 0.7530864197530863 0.8387345679012346 0.7546296296296297 0.8418209876543209 0.7551440329218108 0.8425925925925926 0.75 0.8445216049382716 0.7469135802469135 0.8460648148148148 0.7489711934156378 0.847608024691358 0.7587448559670782 0.8487654320987653 0.7608024691358024 0.8499228395061728 0.7602880658436213 0.8510802469135802 0.7587448559670782 0.8510802469135802 0.7520576131687242 0.8495370370370371 0.7325102880658435 0.8526234567901234 0.7160493827160493 0.8522376543209875 0.713477366255144 0.8479938271604938 0.7073045267489712 0.847608024691358 0.7021604938271605 0.845679012345679 0.6995884773662552 0.8418209876543209 0.6995884773662552 0.8406635802469135 0.7083333333333334 0.8379629629629629 0.7119341563786008 0.8364197530864197 0.7191358024691357 0.8360339506172839 0.7309670781893004 0.8375771604938271 0.7376543209876543
2 0.4737654320987654 0.6975308641975309 0.47723765432098764 0.6923868312757201 0.48418209876543206 0.6939300411522633 0.4864969135802469 0.6990740740740741 0.4864969135802469 0.7047325102880657 0.4880401234567901 0.7031893004115226 0.4895833333333333 0.6851851851851852 0.4876543209876543 0.6795267489711934 0.4849537037037037 0.6769547325102879 0.48302469135802467 0.6682098765432097 0.47993827160493824 0.6671810699588477 0.4776234567901234 0.6697530864197531 0.4756944444444444 0.6805555555555556 0.47029320987654316 0.6851851851851852 0.47029320987654316 0.6949588477366255 0.4737654320987654 0.6975308641975309
4 0.5636574074074074 0.5200617283950617 0.5709876543209876 0.5185185185185185 0.5860339506172839 0.5185185185185185 0.591820987654321 0.5118312757201645 0.5968364197530863 0.5113168724279835 0.5987654320987653 0.5128600823045267 0.5991512345679012 0.507716049382716 0.5960648148148148 0.5056584362139918 0.5871913580246914 0.5056584362139918 0.58179012345679 0.5015432098765432 0.5760030864197531 0.5015432098765432 0.5628858024691358 0.5087448559670782 0.5601851851851852 0.5128600823045267 0.5601851851851852 0.5169753086419753 0.5636574074074074 0.5200617283950617
5 0.5235339506172839 0.4948559670781893 0.5266203703703703 0.4948559670781893 0.53125 0.4876543209876543 0.5300925925925926 0.48302469135802467 0.5262345679012346 0.47890946502057613 0.5208333333333334 0.4840534979423868 0.5204475308641975 0.4897119341563786 0.5235339506172839 0.4948559670781893
6 0.4367283950617284 0.5951646090534979 0.43904320987654316 0.5982510288065844 0.4429012345679012 0.595679012345679 0.44560185185185186 0.5915637860082305 0.46334876543209874 0.5910493827160493 0.4664351851851852 0.5925925925925926 0.46836419753086417 0.5987654320987653 0.47029320987654316 0.5992798353909464 0.472608024691358 0.5915637860082305 0.478395061728395 0.588991769547325 0.48070987654320985 0.5838477366255144 0.48225308641975306 0.5586419753086419 0.47993827160493824 0.5534979423868313 0.48032407407407407 0.5411522633744856 0.4787808641975308 0.5308641975308641 0.4741512345679012 0.5231481481481481 0.4691358024691358 0.5185185185185185 0.46257716049382713 0.5180041152263374 0.45331790123456783 0.5241769547325102 0.44830246913580246 0.5334362139917695 0.43904320987654316 0.543724279835391 0.43557098765432095 0.5565843621399177 0.4351851851851852 0.5833333333333334 0.4367283950617284 0.5951646090534979
6 0.529320987654321 0.5102880658436214 0.5362654320987654 0.5102880658436214 0.5428240740740741 0.5169753086419753 0.5466820987654321 0.5138888888888888 0.5478395061728395 0.5020576131687243 0.5466820987654321 0.49022633744855965 0.5358796296296297 0.4881687242798354 0.5300925925925926 0.49022633744855965 0.5281635802469136 0.493312757201646 0.5281635802469136 0.5087448559670782 0.529320987654321 0.5102880658436214
3 0.47723765432098764 0.7309670781893004 0.47955246913580246 0.7289094650205761 0.4853395061728395 0.7160493827160493 0.48688271604938266 0.698559670781893 0.4861111111111111 0.6949588477366255 0.48341049382716045 0.691358024691358 0.47608024691358025 0.691358024691358 0.4737654320987654 0.6923868312757201 0.472608024691358 0.6949588477366255 0.4722222222222222 0.7093621399176954 0.47723765432098764 0.7309670781893004