8 0.27265625000000004 0.5777777777777777 0.30000000000000004 0.5777777777777777 0.30000000000000004 0.5430555555555555 0.296875 0.5166666666666666 0.278125 0.5152777777777777 0.27421875 0.5263888888888889 0.27187500000000003 0.5458333333333333 0.27265625000000004 0.5777777777777777
8 0.278125 0.5333333333333333 0.29609375000000004 0.5333333333333333 0.2984375 0.5291666666666667 0.29609375000000004 0.5125000000000001 0.29296875000000006 0.5111111111111111 0.275 0.5138888888888888 0.27265625000000004 0.5194444444444445 0.27265625000000004 0.5388888888888889 0.278125 0.5333333333333333
8 0.4140625 0.561111111111111 0.41718750000000004 0.5625 0.42109375000000004 0.5736111111111111 0.4296875 0.5680555555555555 0.44453125000000004 0.5680555555555555 0.4453125 0.5555555555555556 0.43515625 0.5180555555555555 0.4296875 0.5138888888888888 0.41640625000000003 0.5138888888888888 0.41171875 0.5180555555555555 0.41171875 0.5499999999999999 0.4140625 0.561111111111111
8 0.5109375 0.7402777777777778 0.52265625 0.7458333333333333 0.53046875 0.7583333333333333 0.53671875 0.7847222222222222 0.5398437500000001 0.7875 0.5453125000000001 0.7833333333333333 0.5867187500000001 0.7791666666666666 0.5882812500000001 0.75 0.5789062500000001 0.725 0.5765625000000001 0.7097222222222221 0.5625000000000001 0.6819444444444444 0.5429687500000001 0.6583333333333333 0.5140625000000001 0.6583333333333333 0.50703125 0.6972222222222222 0.50703125 0.7222222222222222 0.5109375 0.7402777777777778
5 0.38515625000000003 0.5083333333333333 0.39296875000000003 0.5208333333333334 0.4 0.5013888888888889 0.40703125 0.4972222222222222 0.40156250000000004 0.4875 0.39375000000000004 0.4861111111111111 0.38671875 0.49027777777777776 0.384375 0.4944444444444444 0.38515625000000003 0.5083333333333333
5 0.6875 0.998611111111111 0.77265625 0.998611111111111 0.7578125 0.9763888888888889 0.7234375000000001 0.9527777777777777 0.69453125 0.9555555555555556 0.6875 0.9597222222222221 0.6820312500000001 0.975 0.68125 0.9944444444444444 0.6875 0.998611111111111
1 0.6125 0.5013888888888889 0.6328125 0.5097222222222222 0.6453125000000001 0.5055555555555555 0.6453125000000001 0.4944444444444444 0.634375 0.475 0.6195312500000001 0.4722222222222222 0.6101562500000001 0.4791666666666667 0.609375 0.4944444444444444 0.6125 0.5013888888888889
1 0.17109375000000002 0.5069444444444444 0.17578125 0.4972222222222222 0.17500000000000002 0.4875 0.16953125000000002 0.4791666666666667 0.15937500000000002 0.4791666666666667 0.15234375 0.4861111111111111 0.15156250000000002 0.5083333333333333 0.17109375000000002 0.5069444444444444
1 0.34140625 0.5055555555555555 0.34375 0.5125000000000001 0.35781250000000003 0.5125000000000001 0.3640625 0.5083333333333333 0.36328125 0.4930555555555556 0.359375 0.4847222222222222 0.35234375 0.4791666666666667 0.34453125 0.4847222222222222 0.34140625 0.49027777777777776 0.34140625 0.5055555555555555
1 0 0.661111111111111 0 0.6958333333333333 0.00390625 0.7 0.01953125 0.6944444444444444 0.0484375 0.6930555555555555 0.053125000000000006 0.6777777777777778 0.06718750000000001 0.6638888888888889 0.06875 0.6583333333333333 0.06796875000000001 0.6361111111111112 0.06406250000000001 0.6319444444444444 0.0328125 0.6291666666666667 0.015625 0.6361111111111112 0.004687500000000001 0.6597222222222222 0 0.661111111111111
5 0.18984375 0.4680555555555555 0.19296875000000002 0.4611111111111111 0.1921875 0.4513888888888889 0.1859375 0.4458333333333333 0.17890625000000002 0.4472222222222222 0.17421875 0.4555555555555555 0.17500000000000002 0.4694444444444444 0.18984375 0.4680555555555555
1 0.92109375 0.6708333333333334 0.93125 0.7055555555555556 0.9421875000000001 0.7097222222222221 0.953125 0.725 0.978125 0.7208333333333333 0.9812500000000001 0.6986111111111112 0.984375 0.6944444444444444 0.984375 0.6819444444444444 0.97421875 0.6638888888888889 0.95234375 0.6513888888888888 0.9343750000000001 0.6513888888888888 0.9242187500000001 0.6569444444444444 0.92109375 0.6625 0.92109375 0.6708333333333334
1 0.26953125000000006 0.6319444444444444 0.26875000000000004 0.6625 0.27187500000000003 0.6666666666666666 0.30312500000000003 0.6625 0.3046875 0.6208333333333333 0.29765625 0.6027777777777777 0.29375 0.5972222222222222 0.27968750000000003 0.5972222222222222 0.27421875 0.6027777777777777 0.26640625 0.625 0.26953125000000006 0.6319444444444444
1 0.38906250000000003 0.6263888888888888 0.39375000000000004 0.6222222222222222 0.41796875 0.623611111111111 0.41796875 0.5958333333333333 0.41484375 0.5819444444444444 0.40703125 0.5680555555555555 0.38828125 0.5666666666666667 0.38125000000000003 0.5805555555555555 0.38203125000000004 0.6083333333333334 0.38906250000000003 0.6263888888888888
1 0.4 0.9944444444444444 0.40703125 0.998611111111111 0.42109375000000004 0.9944444444444444 0.478125 0.998611111111111 0.48046875 0.9944444444444444 0.48125 0.9763888888888889 0.478125 0.9555555555555556 0.46640625 0.911111111111111 0.47265625 0.8972222222222221 0.4703125 0.8916666666666666 0.46328125000000003 0.8944444444444444 0.46015625000000004 0.8888888888888888 0.4546875 0.8652777777777778 0.434375 0.8138888888888888 0.41953125 0.8097222222222222 0.39765625000000004 0.8166666666666667 0.38515625000000003 0.8527777777777777 0.38515625000000003 0.9291666666666666 0.4 0.9944444444444444
1 0.084375 0.7180555555555556 0.09453125000000001 0.7083333333333334 0.10625000000000001 0.7041666666666666 0.11484375000000001 0.7041666666666666 0.1234375 0.7125 0.12734375 0.7097222222222221 0.13046875000000002 0.6888888888888888 0.13984375000000002 0.6777777777777778 0.13984375000000002 0.6486111111111111 0.13671875000000003 0.6388888888888888 0.12421875 0.6319444444444444 0.09843750000000001 0.6347222222222222 0.0921875 0.6402777777777777 0.084375 0.6555555555555556 0.07890625000000001 0.6749999999999999 0.078125 0.6986111111111112 0.084375 0.7180555555555556
5 0.4546875 0.6277777777777778 0.4703125 0.6263888888888888 0.484375 0.6152777777777778 0.48046875 0.5916666666666667 0.46875 0.5722222222222222 0.45625000000000004 0.5708333333333333 0.44375000000000003 0.5791666666666666 0.44296875 0.6083333333333334 0.4546875 0.6277777777777778
1 0.3171875 0.5694444444444444 0.3203125 0.5819444444444444 0.34453125 0.5805555555555555 0.3453125 0.5583333333333333 0.33828125000000003 0.5319444444444444 0.32421875 0.5291666666666667 0.3203125 0.5333333333333333 0.3171875 0.5486111111111112 0.3171875 0.5694444444444444
5 0.20625000000000002 0.4847222222222222 0.209375 0.4736111111111111 0.21250000000000002 0.4847222222222222 0.21796875000000002 0.48055555555555557 0.2171875 0.4694444444444444 0.21328125 0.4597222222222222 0.20234375000000002 0.4597222222222222 0.19921875 0.4666666666666667 0.19921875 0.4847222222222222 0.20625000000000002 0.4847222222222222
1 0.4078125 0.5402777777777777 0.4109375 0.5333333333333333 0.4109375 0.5180555555555555 0.41953125 0.5111111111111111 0.41718750000000004 0.5041666666666667 0.40546875000000004 0.4986111111111111 0.4 0.5027777777777778 0.39609375 0.5125000000000001 0.39687500000000003 0.5319444444444444 0.4078125 0.5402777777777777
1 0.5906250000000001 0.8624999999999999 0.6015625 0.8708333333333333 0.62265625 0.9041666666666666 0.6257812500000001 0.9222222222222222 0.6296875000000001 0.9291666666666666 0.6507812500000001 0.936111111111111 0.6664062500000001 0.936111111111111 0.68671875 0.9277777777777778 0.6890625 0.9180555555555555 0.6882812500000001 0.8916666666666666 0.6726562500000001 0.8541666666666666 0.6726562500000001 0.8416666666666666 0.6664062500000001 0.8375 0.6546875000000001 0.8152777777777778 0.640625 0.7972222222222222 0.6273437500000001 0.7847222222222222 0.609375 0.7847222222222222 0.59921875 0.7916666666666666 0.5906250000000001 0.8055555555555556 0.5882812500000001 0.8180555555555555 0.5875 0.8430555555555556 0.5906250000000001 0.8624999999999999
1 0.509375 0.9583333333333334 0.5125000000000001 0.9666666666666666 0.51875 0.9694444444444444 0.5320312500000001 0.998611111111111 0.609375 0.9958333333333333 0.60703125 0.9805555555555555 0.59609375 0.9513888888888888 0.59921875 0.9444444444444444 0.5984375000000001 0.936111111111111 0.59140625 0.9347222222222222 0.5789062500000001 0.9013888888888888 0.5570312500000001 0.8652777777777778 0.55 0.8597222222222222 0.5265625 0.8638888888888888 0.5109375 0.8972222222222221 0.5085937500000001 0.9152777777777777 0.509375 0.9583333333333334
1 0.359375 0.5486111111111112 0.3828125 0.5472222222222222 0.3828125 0.5277777777777778 0.3765625 0.5125000000000001 0.36250000000000004 0.5097222222222222 0.35703125 0.5166666666666666 0.35546875 0.5333333333333333 0.359375 0.5486111111111112
1 0.48828125 0.6888888888888888 0.5046875000000001 0.6902777777777778 0.5085937500000001 0.6819444444444444 0.5117187500000001 0.6597222222222222 0.5171875 0.6541666666666666 0.51484375 0.6402777777777777 0.49921875000000004 0.6194444444444444 0.4859375 0.6194444444444444 0.47187500000000004 0.6291666666666667 0.47187500000000004 0.6638888888888889 0.48828125 0.6888888888888888
1 0.146875 0.7708333333333334 0.19062500000000002 0.7625 0.19921875 0.7291666666666666 0.20078125000000002 0.6986111111111112 0.18984375 0.6875 0.15937500000000002 0.6916666666666667 0.15234375 0.7013888888888888 0.1453125 0.7305555555555555 0.14375000000000002 0.7625 0.146875 0.7708333333333334
1 0.2625 0.7833333333333333 0.2625 0.7888888888888889 0.26640625 0.7930555555555555 0.26562500000000006 0.8375 0.26875000000000004 0.8569444444444444 0.30859375 0.8513888888888889 0.3203125 0.8444444444444444 0.321875 0.8152777777777778 0.31875000000000003 0.7847222222222222 0.32343750000000004 0.775 0.31796875 0.7680555555555556 0.31484375000000003 0.7472222222222222 0.31015625 0.7374999999999999 0.27890625 0.7374999999999999 0.275 0.7402777777777778 0.26796875000000003 0.7569444444444444 0.2671875 0.775 0.2625 0.7833333333333333
2 0.6687500000000001 0.5027777777777778 0.66953125 0.4791666666666667 0.66796875 0.475 0.6640625 0.4791666666666667 0.6648437500000001 0.5013888888888889 0.6687500000000001 0.5027777777777778
0 0.33437500000000003 0.475 0.35546875 0.4736111111111111 0.3609375 0.45416666666666666 0.3609375 0.4236111111111111 0.34375 0.4236111111111111 0.3359375 0.4291666666666667 0.33125000000000004 0.44027777777777777 0.33046875000000003 0.4652777777777778 0.33437500000000003 0.475