8 0.5984375000000001 0.49027777777777776 0.6179687500000001 0.4986111111111111 0.6296875000000001 0.5 0.6335937500000001 0.49027777777777776 0.63203125 0.4819444444444444 0.6234375000000001 0.47638888888888886 0.6015625 0.4791666666666667 0.59765625 0.4861111111111111 0.5984375000000001 0.49027777777777776
1 0.6804687500000001 0.998611111111111 0.8 0.998611111111111 0.80390625 0.9847222222222222 0.8 0.9777777777777777 0.7937500000000001 0.9791666666666666 0.7796875000000001 0.9513888888888888 0.7625000000000001 0.9263888888888888 0.7203125 0.8847222222222222 0.6921875000000001 0.8888888888888888 0.68359375 0.9041666666666666 0.6765625000000001 0.9097222222222222 0.6726562500000001 0.9208333333333334 0.671875 0.9611111111111111 0.6804687500000001 0.998611111111111
1 0.13203125000000002 0.5194444444444445 0.14062500000000003 0.5152777777777777 0.15156250000000002 0.5166666666666666 0.15781250000000002 0.5041666666666667 0.15625 0.4930555555555556 0.1453125 0.4861111111111111 0.13437500000000002 0.4888888888888889 0.13046875000000002 0.4972222222222222 0.12890625000000003 0.5111111111111111 0.13203125000000002 0.5194444444444445
1 0.27343750000000006 0.5388888888888889 0.29140625000000003 0.5375 0.29140625000000003 0.5125000000000001 0.28671875 0.4944444444444444 0.27421875 0.4930555555555556 0.26796875000000003 0.5111111111111111 0.26875000000000004 0.5430555555555555 0.27343750000000006 0.5388888888888889
1 0.20078125000000002 0.4777777777777778 0.203125 0.4722222222222222 0.2078125 0.47638888888888886 0.21250000000000002 0.4736111111111111 0.21250000000000002 0.4597222222222222 0.21015625000000002 0.45416666666666666 0.203125 0.4597222222222222 0.20078125000000002 0.4527777777777778 0.19765625 0.4527777777777778 0.1921875 0.46249999999999997 0.19296875000000002 0.4777777777777778 0.20078125000000002 0.4777777777777778
5 0.5531250000000001 0.786111111111111 0.565625 0.8055555555555556 0.5742187500000001 0.8319444444444444 0.6046875 0.8347222222222221 0.6234375000000001 0.8263888888888888 0.6257812500000001 0.8055555555555556 0.62109375 0.786111111111111 0.61328125 0.7694444444444444 0.6125 0.7583333333333333 0.6062500000000001 0.7555555555555555 0.5882812500000001 0.723611111111111 0.5781250000000001 0.7180555555555556 0.5625000000000001 0.7180555555555556 0.54609375 0.723611111111111 0.5421875 0.7305555555555555 0.5437500000000001 0.7791666666666666 0.5531250000000001 0.786111111111111
1 0.37343750000000003 0.4527777777777778 0.36953125000000003 0.4388888888888889 0.3609375 0.4375 0.35703125 0.4444444444444444 0.35781250000000003 0.4513888888888889 0.37343750000000003 0.4527777777777778
1 0.053125000000000006 0.6277777777777778 0.05859375 0.6263888888888888 0.06171875 0.6194444444444444 0.07109375000000001 0.6166666666666666 0.0890625 0.6208333333333333 0.09453125000000001 0.6069444444444444 0.1015625 0.6 0.09843750000000001 0.5722222222222222 0.08515625 0.5625 0.06406250000000001 0.5652777777777778 0.05625 0.5736111111111111 0.051562500000000004 0.5847222222222223 0.047656250000000004 0.6069444444444444 0.053125000000000006 0.6277777777777778
1 0.34296875000000004 0.6902777777777778 0.37812500000000004 0.6833333333333333 0.37812500000000004 0.6402777777777777 0.371875 0.6333333333333333 0.36250000000000004 0.6055555555555555 0.34296875000000004 0.6069444444444444 0.33828125000000003 0.6222222222222222 0.33671875 0.661111111111111 0.34296875000000004 0.6902777777777778
1 0.4296875 0.5888888888888888 0.45 0.5874999999999999 0.4546875 0.5833333333333334 0.45625000000000004 0.5638888888888889 0.44609375 0.5416666666666666 0.42812500000000003 0.5402777777777777 0.42109375000000004 0.5458333333333333 0.42109375000000004 0.575 0.4296875 0.5888888888888888
1 0.13984375000000002 0.5861111111111111 0.15234375 0.5791666666666666 0.16640625 0.5805555555555555 0.17500000000000002 0.5652777777777778 0.17500000000000002 0.5430555555555555 0.16796875 0.5333333333333333 0.14921875 0.5333333333333333 0.14218750000000002 0.5388888888888889 0.1375 0.5569444444444445 0.13671875000000003 0.5763888888888888 0.13984375000000002 0.5861111111111111
1 0.29921875000000003 0.4583333333333333 0.31171875000000004 0.4472222222222222 0.31093750000000003 0.4388888888888889 0.30390625000000004 0.4305555555555556 0.29375 0.4319444444444444 0.29296875000000006 0.4388888888888889 0.29921875000000003 0.4583333333333333
1 0.30312500000000003 0.4777777777777778 0.32109375 0.4736111111111111 0.31875000000000003 0.45694444444444443 0.31328125 0.45 0.30546875 0.4513888888888889 0.3015625 0.4583333333333333 0.30078125 0.4694444444444444 0.30312500000000003 0.4777777777777778
1 0.28515625000000006 0.4722222222222222 0.2828125 0.4444444444444444 0.27109375 0.4430555555555556 0.26875000000000004 0.44861111111111107 0.26953125000000006 0.4736111111111111 0.28515625000000006 0.4722222222222222
1 0.23984375000000002 0.4944444444444444 0.240625 0.4819444444444444 0.23750000000000002 0.4708333333333333 0.225 0.4694444444444444 0.22031250000000002 0.47638888888888886 0.22109375 0.4972222222222222 0.23984375000000002 0.4944444444444444
1 0.4578125 0.6305555555555555 0.46640625 0.6375 0.4703125 0.6541666666666666 0.478125 0.6444444444444444 0.5015625 0.6472222222222221 0.5039062500000001 0.623611111111111 0.49765625 0.6083333333333334 0.49765625 0.5944444444444444 0.49062500000000003 0.5777777777777777 0.47734375 0.5652777777777778 0.46015625000000004 0.5680555555555555 0.45625000000000004 0.575 0.45546875000000003 0.623611111111111 0.4578125 0.6305555555555555
1 0.24609375 0.45416666666666666 0.246875 0.4430555555555556 0.24375000000000002 0.4319444444444444 0.23515625 0.4305555555555556 0.22890625 0.4361111111111111 0.22968750000000002 0.45694444444444443 0.24609375 0.45416666666666666
1 0.4 0.5333333333333333 0.421875 0.5333333333333333 0.42109375000000004 0.5152777777777777 0.41328125000000004 0.4986111111111111 0.40234375 0.4958333333333333 0.39921875 0.5013888888888889 0.39765625000000004 0.5277777777777778 0.4 0.5333333333333333
1 0.3484375 0.45 0.35625 0.44861111111111107 0.3609375 0.4388888888888889 0.35859375000000004 0.425 0.35546875 0.4222222222222222 0.35000000000000003 0.4222222222222222 0.3453125 0.42777777777777776 0.34453125 0.4458333333333333 0.3484375 0.45
1 0.33125000000000004 0.5291666666666667 0.33046875000000003 0.5097222222222222 0.32578125 0.4958333333333333 0.3125 0.4944444444444444 0.309375 0.4972222222222222 0.30781250000000004 0.5055555555555555 0.30781250000000004 0.5291666666666667 0.33125000000000004 0.5291666666666667
1 0.20468750000000002 0.623611111111111 0.21484375 0.6055555555555555 0.21406250000000002 0.5805555555555555 0.20703125 0.5874999999999999 0.203125 0.5736111111111111 0.18515625000000002 0.5763888888888888 0.17734375000000002 0.5888888888888888 0.17734375000000002 0.6277777777777778 0.20468750000000002 0.623611111111111
1 0.3885706018518519 0.4746570644718793 0.39296875000000003 0.4694444444444444 0.38671875 0.4694444444444444 0.3885706018518519 0.4746570644718793
1 0.3891493055555556 0.4762860082304527 0.39609375 0.4958333333333333 0.40234375 0.4944444444444444 0.39687500000000003 0.47638888888888886 0.39296875000000003 0.4819444444444444 0.3891493055555556 0.4762860082304527
1 0.45937500000000003 0.8402777777777778 0.45937500000000003 0.848611111111111 0.46406250000000004 0.8541666666666666 0.46640625 0.875 0.49609375 0.8777777777777778 0.51484375 0.873611111111111 0.52265625 0.8666666666666666 0.52265625 0.8402777777777778 0.5125000000000001 0.8041666666666666 0.51484375 0.7930555555555555 0.5085937500000001 0.7902777777777777 0.49062500000000003 0.75 0.4703125 0.748611111111111 0.45234375000000004 0.7527777777777778 0.44609375 0.7625 0.446875 0.8097222222222222 0.45937500000000003 0.8402777777777778
1 0.25781250000000006 0.6472222222222221 0.2625 0.6541666666666666 0.26171875000000006 0.6944444444444444 0.27734375000000006 0.6902777777777778 0.30000000000000004 0.6916666666666667 0.30234375 0.686111111111111 0.30000000000000004 0.6513888888888888 0.30390625000000004 0.6430555555555556 0.2984375 0.6333333333333333 0.29609375000000004 0.6194444444444444 0.29296875000000006 0.6152777777777778 0.26484375000000004 0.6194444444444444 0.26328125 0.6402777777777777 0.25781250000000006 0.6472222222222221
8 0.62109375 0.5 0.6312500000000001 0.4986111111111111 0.6335937500000001 0.4916666666666667 0.6312500000000001 0.48055555555555557 0.6171875 0.475 0.6046875 0.47638888888888886 0.59765625 0.4847222222222222 0.59765625 0.49027777777777776 0.62109375 0.5
2 0.65625 0.4944444444444444 0.659375 0.4708333333333333 0.6578125 0.4652777777777778 0.65390625 0.4680555555555555 0.65234375 0.4875 0.65625 0.4944444444444444
2 0.86328125 0.6 0.8671875 0.5736111111111111 0.8656250000000001 0.5541666666666666 0.8625 0.5541666666666666 0.85859375 0.5666666666666667 0.85546875 0.5916666666666667 0.86328125 0.6
2 0.66171875 0.4944444444444444 0.6625000000000001 0.4722222222222222 0.6609375000000001 0.4680555555555555 0.6578125 0.4694444444444444 0.6570312500000001 0.49027777777777776 0.66171875 0.4944444444444444
0 0.34921875 0.5305555555555556 0.35859375000000004 0.5527777777777777 0.39375000000000004 0.5513888888888888 0.39609375 0.4986111111111111 0.3921875 0.48055555555555557 0.37343750000000003 0.4555555555555555 0.3484375 0.4555555555555555 0.34687500000000004 0.4611111111111111 0.34687500000000004 0.5180555555555555 0.34921875 0.5305555555555556
6 0.33906250000000004 0.4527777777777778 0.3359375 0.4166666666666667 0.32421875 0.41388888888888886 0.32343750000000004 0.4527777777777778 0.33906250000000004 0.4527777777777778