1 0.5625 0.4419753086419753 0.5717013888888889 0.4425925925925926 0.5741319444444444 0.44043209876543205 0.5739583333333333 0.4311728395061728 0.5727430555555555 0.425 0.5706597222222222 0.42191358024691356 0.5666666666666667 0.42160493827160495 0.5647569444444445 0.4228395061728395 0.5635416666666666 0.425 0.5618055555555556 0.4314814814814815 0.5616319444444444 0.4398148148148148 0.5625 0.4419753086419753
1 0.5100694444444445 0.4030864197530864 0.5142361111111111 0.4030864197530864 0.5152777777777777 0.40216049382716046 0.5157986111111111 0.40030864197530863 0.5157986111111111 0.3969135802469136 0.5147569444444444 0.3950617283950617 0.5112847222222222 0.3947530864197531 0.5088541666666666 0.3972222222222222 0.5083333333333333 0.4012345679012346 0.5100694444444445 0.4030864197530864
8 0.5801562499999999 0.49691358024691357 0.58953125 0.49691358024691357 0.5949131944444445 0.49907407407407406 0.5987326388888888 0.49907407407407406 0.5997743055555554 0.49691358024691357 0.6002951388888889 0.4839506172839506 0.5996006944444444 0.4737654320987654 0.5985590277777777 0.4666666666666667 0.5959548611111111 0.45925925925925926 0.5897048611111111 0.45709876543209876 0.5820659722222222 0.4583333333333333 0.5808506944444444 0.45925925925925926 0.5789409722222222 0.4632716049382716 0.5778993055555555 0.4722222222222222 0.5778993055555555 0.4916666666666667 0.5801562499999999 0.49691358024691357
1 0.6260416666666666 0.4274691358024691 0.6307291666666666 0.4287037037037037 0.6347222222222222 0.4274691358024691 0.6352430555555556 0.42592592592592593 0.634375 0.41851851851851857 0.6317708333333334 0.41450617283950614 0.6270833333333333 0.4141975308641975 0.6255208333333333 0.4172839506172839 0.6253472222222222 0.42592592592592593 0.6260416666666666 0.4274691358024691
1 0.4284722222222222 0.7746913580246914 0.4317708333333333 0.7762345679012346 0.43298611111111107 0.7799382716049382 0.4319444444444444 0.782716049382716 0.4317708333333333 0.7870370370370371 0.4288194444444444 0.7956790123456791 0.4276041666666667 0.8046296296296297 0.4253472222222222 0.8126543209876543 0.4253472222222222 0.8219135802469135 0.4244791666666667 0.8277777777777778 0.4248263888888889 0.83179012345679 0.4241319444444444 0.8348765432098766 0.4232638888888889 0.8493827160493828 0.4223958333333333 0.8533950617283951 0.4223958333333333 0.8632716049382716 0.4236111111111111 0.8675925925925926 0.4253472222222222 0.8691358024691357 0.4359375 0.8679012345679012 0.4539930555555556 0.8688271604938271 0.4626736111111111 0.8675925925925926 0.4744791666666667 0.8679012345679012 0.48055555555555557 0.8700617283950618 0.4821180555555556 0.8688271604938271 0.4833333333333333 0.8660493827160494 0.4845486111111111 0.8592592592592593 0.4845486111111111 0.8339506172839506 0.4850694444444444 0.83179012345679 0.4855902777777778 0.8191358024691359 0.4847222222222222 0.8024691358024691 0.4847222222222222 0.7895061728395062 0.4838541666666667 0.7854938271604938 0.4838541666666667 0.7796296296296297 0.4875 0.7753086419753087 0.4880208333333333 0.7722222222222223 0.4868055555555555 0.7691358024691358 0.4829861111111111 0.7675925925925926 0.4779513888888889 0.7614197530864197 0.4748263888888889 0.7592592592592593 0.47204861111111107 0.7583333333333334 0.4550347222222222 0.7570987654320988 0.4467013888888889 0.7574074074074074 0.43906249999999997 0.7592592592592593 0.4354166666666667 0.7654320987654322 0.43298611111111107 0.7666666666666666 0.4288194444444444 0.7666666666666666 0.4272569444444444 0.7679012345679013 0.4269097222222222 0.7691358024691358 0.4270833333333333 0.7725308641975309 0.4284722222222222 0.7746913580246914
1 0.45694444444444443 0.5743827160493827 0.4578125 0.5759259259259258 0.4600694444444444 0.5771604938271605 0.4631944444444444 0.5722222222222222 0.4755208333333333 0.5719135802469135 0.4779513888888889 0.5722222222222222 0.48072916666666665 0.5753086419753086 0.48420138888888886 0.5762345679012346 0.4855902777777778 0.5740740740740741 0.4869791666666667 0.5654320987654321 0.4864583333333333 0.5580246913580247 0.4868055555555555 0.5401234567901235 0.4855902777777778 0.5382716049382716 0.4831597222222222 0.5367283950617284 0.4810763888888889 0.5330246913580247 0.4786458333333333 0.5317901234567901 0.4743055555555556 0.5308641975308642 0.4654513888888889 0.5317901234567901 0.46371527777777777 0.5330246913580247 0.4597222222222222 0.5401234567901235 0.459375 0.5481481481481482 0.4565972222222222 0.5570987654320988 0.4565972222222222 0.570679012345679 0.45694444444444443 0.5743827160493827
1 0.4050347222222222 0.4222222222222222 0.4071180555555556 0.4243827160493827 0.4159722222222222 0.4243827160493827 0.4184027777777778 0.4222222222222222 0.4196180555555556 0.4188271604938272 0.4189236111111111 0.4132716049382716 0.4152777777777778 0.40802469135802466 0.40781249999999997 0.4089506172839506 0.4067708333333333 0.41234567901234565 0.4050347222222222 0.41820987654320985 0.4050347222222222 0.4222222222222222
1 0.4975694444444444 0.4385802469135803 0.4984375 0.4391975308641975 0.5020833333333333 0.4382716049382716 0.5057291666666667 0.4395061728395062 0.5072916666666667 0.4385802469135803 0.5079861111111111 0.4364197530864197 0.5079861111111111 0.42839506172839503 0.5067708333333333 0.425 0.5050347222222222 0.4228395061728395 0.5010416666666666 0.4225308641975309 0.4986111111111111 0.42407407407407405 0.4967013888888889 0.42839506172839503 0.49635416666666665 0.43487654320987656 0.4975694444444444 0.4385802469135803
1 0.5432291666666667 0.4641975308641975 0.5477430555555556 0.4632716049382716 0.5543402777777777 0.4641975308641975 0.5567708333333333 0.4638888888888889 0.5574652777777778 0.46296296296296297 0.5578124999999999 0.45339506172839505 0.5559027777777777 0.4462962962962963 0.5543402777777777 0.4444444444444444 0.5456597222222223 0.4444444444444444 0.5432291666666667 0.4462962962962963 0.5418402777777778 0.44969135802469135 0.5418402777777778 0.4608024691358025 0.5432291666666667 0.4641975308641975
4 0.4395833333333333 0.42685185185185187 0.4461805555555556 0.4277777777777778 0.4498263888888889 0.42654320987654315 0.4513888888888889 0.4246913580246914 0.4517361111111111 0.42160493827160495 0.4498263888888889 0.41450617283950614 0.4475694444444444 0.4138888888888889 0.4461805555555556 0.41234567901234565 0.44079861111111107 0.4132716049382716 0.43906249999999997 0.4154320987654321 0.4388888888888889 0.42314814814814816 0.4395833333333333 0.42685185185185187
1 0.3894097222222222 0.4148148148148148 0.39045138888888886 0.4188271604938272 0.3927083333333333 0.4222222222222222 0.3935763888888889 0.42314814814814816 0.3980902777777778 0.42345679012345677 0.3996527777777778 0.42160493827160495 0.39999999999999997 0.4141975308641975 0.3986111111111111 0.4067901234567901 0.3967013888888889 0.4055555555555555 0.3928819444444444 0.4055555555555555 0.3899305555555555 0.40771604938271605 0.3894097222222222 0.40987654320987654 0.3894097222222222 0.4148148148148148
1 0.5503472222222222 0.5524691358024691 0.5541666666666666 0.5515432098765432 0.5562499999999999 0.5484567901234568 0.5588541666666667 0.5472222222222223 0.5704861111111111 0.5475308641975308 0.5715277777777777 0.5481481481481482 0.5743055555555555 0.5530864197530865 0.5763888888888888 0.5515432098765432 0.5770833333333333 0.5496913580246914 0.5776041666666666 0.5361111111111111 0.576736111111111 0.5302469135802469 0.5763888888888888 0.5212962962962963 0.5746527777777778 0.5148148148148148 0.5727430555555555 0.5117283950617284 0.5697916666666666 0.5095679012345679 0.5668402777777778 0.5089506172839506 0.5560763888888889 0.5089506172839506 0.5534722222222223 0.5104938271604939 0.5513888888888888 0.5145061728395062 0.5498263888888888 0.5157407407407407 0.5486111111111112 0.5188271604938272 0.5486111111111112 0.5324074074074074 0.5503472222222222 0.5524691358024691
1 0 0.5709876543209876 0 0.629320987654321 0.0020833333333333333 0.629320987654321 0.005034722222222222 0.6317901234567901 0.0078125 0.6379629629629631 0.009375 0.6391975308641975 0.012326388888888888 0.6395061728395062 0.016319444444444445 0.6379629629629631 0.019965277777777776 0.633641975308642 0.0234375 0.6253086419753087 0.029340277777777774 0.6212962962962962 0.03784722222222222 0.6182098765432099 0.05173611111111111 0.6157407407407407 0.057812499999999996 0.6123456790123456 0.06024305555555555 0.6074074074074074 0.06041666666666666 0.600925925925926 0.06163194444444445 0.5916666666666667 0.06458333333333333 0.5882716049382716 0.06944444444444445 0.5848765432098765 0.06927083333333332 0.5808641975308642 0.06562499999999999 0.5768518518518518 0.06197916666666666 0.5756172839506173 0.05503472222222222 0.5762345679012346 0.049305555555555554 0.5712962962962963 0.03871527777777777 0.5660493827160494 0.026041666666666668 0.5645061728395062 0.014930555555555556 0.5645061728395062 0.0109375 0.5666666666666667 0.005208333333333333 0.5682098765432099 0.0019097222222222222 0.5709876543209876 0 0.5709876543209876
1 0.50625 0.41358024691358025 0.5130208333333334 0.41358024691358025 0.5151041666666667 0.4117283950617284 0.5152777777777777 0.40802469135802466 0.5145833333333333 0.4046296296296297 0.5123263888888888 0.40216049382716046 0.5081597222222223 0.4024691358024692 0.5064236111111111 0.4046296296296297 0.5053819444444444 0.40771604938271605 0.5052083333333334 0.41203703703703703 0.50625 0.41358024691358025
5 0.5725694444444445 0.7157407407407407 0.5736111111111111 0.7194444444444444 0.5730902777777778 0.7287037037037037 0.5737847222222222 0.7481481481481481 0.5756944444444444 0.7617283950617284 0.5756944444444444 0.7660493827160494 0.5765625 0.7691358024691358 0.5769097222222223 0.7799382716049382 0.578125 0.7885802469135803 0.5817708333333333 0.7901234567901234 0.584548611111111 0.7876543209876543 0.5911458333333334 0.7876543209876543 0.6013888888888889 0.7898148148148147 0.6184027777777777 0.7898148148148147 0.6225694444444444 0.7913580246913581 0.6246527777777777 0.7910493827160494 0.6262152777777777 0.7891975308641975 0.6274305555555556 0.7790123456790122 0.6276041666666666 0.7679012345679013 0.6262152777777777 0.7552469135802469 0.623611111111111 0.7441358024691357 0.6232638888888888 0.7401234567901235 0.6222222222222222 0.7382716049382716 0.6227430555555555 0.7339506172839506 0.6217013888888888 0.7320987654320987 0.6199652777777778 0.7246913580246913 0.6196180555555556 0.720679012345679 0.6217013888888888 0.7169753086419753 0.6211805555555555 0.7135802469135802 0.6170138888888889 0.7108024691358025 0.6154513888888888 0.7061728395061728 0.6131944444444444 0.7027777777777778 0.609375 0.7018518518518518 0.606423611111111 0.6975308641975309 0.5965277777777778 0.6953703703703703 0.5925347222222223 0.6962962962962963 0.5885416666666666 0.7003086419753086 0.5814236111111111 0.7015432098765432 0.5791666666666666 0.7027777777777778 0.5758680555555555 0.707716049382716 0.5732638888888888 0.7092592592592593 0.5718749999999999 0.7114197530864197 0.5713541666666666 0.7138888888888888 0.5725694444444445 0.7157407407407407
1 0.5744791666666667 0.466358024691358 0.5769097222222223 0.4669753086419753 0.5784722222222222 0.4660493827160494 0.5796874999999999 0.46141975308641975 0.5809027777777778 0.4595679012345679 0.5855902777777777 0.45679012345679015 0.5866319444444444 0.45432098765432094 0.5861111111111111 0.44845679012345674 0.5850694444444444 0.4444444444444444 0.5831597222222222 0.4422839506172839 0.5817708333333333 0.4419753086419753 0.5760416666666667 0.4422839506172839 0.5744791666666667 0.44320987654320987 0.5730902777777778 0.4524691358024691 0.5730902777777778 0.4638888888888889 0.5744791666666667 0.466358024691358
1 0.5038194444444445 0.546604938271605 0.5022569444444445 0.553395061728395 0.5032986111111111 0.567283950617284 0.5029513888888889 0.571604938271605 0.5038194444444445 0.5750000000000001 0.5052083333333334 0.5765432098765432 0.5060763888888888 0.5762345679012346 0.5074652777777777 0.5750000000000001 0.5086805555555556 0.5722222222222222 0.5144097222222223 0.5709876543209876 0.5189236111111111 0.571604938271605 0.5225694444444444 0.570679012345679 0.5256944444444445 0.5731481481481482 0.5289930555555555 0.571604938271605 0.5296875 0.5688271604938271 0.5296875 0.5518518518518518 0.5284722222222222 0.546604938271605 0.5286458333333334 0.5404320987654321 0.5295138888888888 0.5370370370370371 0.5298611111111111 0.5317901234567901 0.5296875 0.529320987654321 0.5279513888888888 0.5268518518518518 0.5265624999999999 0.5212962962962963 0.5258680555555555 0.5200617283950617 0.5229166666666667 0.5185185185185185 0.5142361111111111 0.5179012345679012 0.5088541666666666 0.5200617283950617 0.5064236111111111 0.5222222222222223 0.5046875000000001 0.5262345679012346 0.5046875000000001 0.5354938271604939 0.5038194444444445 0.546604938271605
1 0.4395833333333333 0.4074074074074074 0.4442708333333333 0.4070987654320988 0.4456597222222222 0.40432098765432095 0.4447916666666667 0.3993827160493827 0.4427083333333333 0.3950617283950617 0.4392361111111111 0.39598765432098765 0.43732638888888886 0.4006172839506173 0.43732638888888886 0.4049382716049383 0.4395833333333333 0.4074074074074074
7 0.7637152777777778 0.46728395061728395 0.765625 0.4703703703703703 0.7689236111111112 0.47160493827160493 0.7762152777777778 0.4719135802469136 0.7784722222222222 0.4728395061728395 0.7796875 0.4743827160493827 0.7864583333333334 0.4737654320987654 0.7869791666666666 0.4703703703703703 0.7868055555555555 0.4632716049382716 0.7880208333333334 0.45925925925925926 0.7840277777777778 0.45339506172839505 0.7862847222222222 0.45 0.7850694444444444 0.4478395061728395 0.7850694444444444 0.44537037037037036 0.7864583333333334 0.4425925925925926 0.8005208333333333 0.441358024691358 0.801736111111111 0.4364197530864197 0.801736111111111 0.4246913580246914 0.8005208333333333 0.4225308641975309 0.7989583333333333 0.42160493827160495 0.7935763888888888 0.4212962962962963 0.7899305555555556 0.4197530864197531 0.7746527777777777 0.41820987654320985 0.7671875 0.41851851851851857 0.765625 0.4197530864197531 0.7649305555555556 0.42191358024691356 0.7644097222222221 0.42901234567901236 0.7647569444444444 0.4330246913580247 0.7637152777777778 0.4422839506172839 0.7631944444444444 0.46481481481481485 0.7637152777777778 0.46728395061728395
0 0.5354166666666667 0.44043209876543205 0.5364583333333334 0.4416666666666667 0.5381944444444444 0.4419753086419753 0.5470486111111111 0.4419753086419753 0.5494791666666666 0.44043209876543205 0.5501736111111111 0.4385802469135803 0.5501736111111111 0.41450617283950614 0.5493055555555555 0.40956790123456793 0.5480902777777777 0.40771604938271605 0.5451388888888888 0.4067901234567901 0.5390625 0.4067901234567901 0.5362847222222222 0.40802469135802466 0.5350694444444444 0.4108024691358025 0.5347222222222222 0.43703703703703706 0.5354166666666667 0.44043209876543205
0 0.5328124999999999 0.3975308641975308 0.5352430555555555 0.3987654320987654 0.5402777777777777 0.39783950617283953 0.5411458333333333 0.39444444444444443 0.5411458333333333 0.391358024691358 0.5402777777777777 0.38024691358024687 0.5397569444444444 0.3790123456790123 0.5373263888888888 0.37592592592592594 0.5354166666666667 0.37592592592592594 0.5329861111111112 0.3787037037037037 0.5326388888888889 0.38240740740740736 0.5322916666666666 0.3947530864197531 0.5328124999999999 0.3975308641975308
6 0.5342013888888888 0.43209876543209874 0.5342013888888888 0.4361111111111111 0.5354166666666667 0.441358024691358 0.5371527777777777 0.4425925925925926 0.5435763888888888 0.4435185185185185 0.5467013888888889 0.4425925925925926 0.5494791666666666 0.44043209876543205 0.5505208333333333 0.43734567901234567 0.5505208333333333 0.4141975308641975 0.5487847222222222 0.40802469135802466 0.5467013888888889 0.4067901234567901 0.5375 0.4067901234567901 0.5352430555555555 0.4089506172839506 0.5345486111111111 0.41234567901234565 0.5350694444444444 0.4287037037037037 0.5342013888888888 0.43209876543209874
6 0.7864583333333334 0.47160493827160493 0.7868055555555555 0.466358024691358 0.7862847222222222 0.4645061728395061 0.7845486111111112 0.4666666666666667 0.7842013888888888 0.4703703703703703 0.7864583333333334 0.47160493827160493
6 0.7631944444444444 0.45709876543209876 0.7631944444444444 0.4638888888888889 0.7637152777777778 0.46728395061728395 0.7649305555555556 0.4694444444444445 0.7685763888888888 0.47160493827160493 0.7762152777777778 0.4719135802469136 0.7789930555555555 0.4728395061728395 0.7793402777777778 0.4737654320987654 0.7809027777777777 0.47345679012345676 0.7824652777777777 0.47067901234567905 0.7828125 0.46141975308641975 0.7864583333333334 0.462037037037037 0.7868055555555555 0.4608024691358025 0.7868055555555555 0.45925925925925926 0.7854166666666667 0.4589506172839506 0.7838541666666666 0.45679012345679015 0.7836805555555556 0.4524691358024691 0.7843749999999999 0.45 0.7840277777777778 0.44598765432098764 0.7862847222222222 0.4419753086419753 0.8005208333333333 0.44074074074074077 0.8013888888888888 0.4382716049382716 0.801736111111111 0.425 0.7996527777777778 0.42191358024691356 0.7932291666666667 0.4212962962962963 0.7899305555555556 0.4197530864197531 0.7741319444444444 0.41820987654320985 0.7666666666666666 0.41851851851851857 0.7654513888888889 0.4197530864197531 0.7649305555555556 0.42345679012345677 0.7647569444444444 0.4333333333333333 0.7637152777777778 0.44382716049382714 0.7640625 0.4530864197530864 0.7631944444444444 0.45709876543209876
6 0.5171874999999999 0.4222222222222222 0.5189236111111111 0.4243827160493827 0.5215277777777777 0.42345679012345677 0.5296875 0.42345679012345677 0.5307291666666667 0.4225308641975309 0.5314236111111111 0.4191358024691358 0.5309027777777777 0.40648148148148144 0.5315972222222223 0.39629629629629626 0.5302083333333333 0.3907407407407408 0.5260416666666666 0.38765432098765434 0.5215277777777777 0.38765432098765434 0.5189236111111111 0.3888888888888889 0.5166666666666666 0.39351851851851855 0.5166666666666666 0.41358024691358025 0.5171874999999999 0.4222222222222222
6 0.7274305555555556 0.4503086419753086 0.7309027777777778 0.4503086419753086 0.7319444444444444 0.45339506172839505 0.7336805555555556 0.45432098765432094 0.7477430555555555 0.45432098765432094 0.7491319444444444 0.4462962962962963 0.7517361111111112 0.4425925925925926 0.7543402777777778 0.441358024691358 0.7557291666666666 0.4391975308641975 0.7569444444444444 0.42191358024691356 0.7586805555555556 0.4194444444444444 0.7618055555555555 0.41820987654320985 0.7663194444444444 0.4188271604938272 0.7682291666666666 0.41604938271604935 0.7687499999999999 0.4111111111111111 0.7680555555555556 0.40802469135802466 0.7657986111111111 0.4067901234567901 0.7546875 0.4067901234567901 0.7446180555555556 0.4046296296296297 0.7305555555555555 0.4052469135802469 0.7282986111111112 0.40771604938271605 0.7279513888888888 0.42006172839506173 0.7270833333333333 0.42901234567901236 0.7269097222222222 0.44290123456790126 0.7274305555555556 0.4503086419753086
6 0.7838541666666666 0.4675925925925926 0.7840277777777778 0.4700617283950617 0.7828125 0.4722222222222222 0.7828125 0.4743827160493827 0.7864583333333334 0.47469135802469137 0.7890625 0.4808641975308642 0.7947916666666666 0.4842592592592592 0.7998263888888888 0.4867283950617284 0.803125 0.4864197530864197 0.8038194444444444 0.48518518518518516 0.8048611111111111 0.47469135802469137 0.8050347222222222 0.4537037037037037 0.8043402777777777 0.4422839506172839 0.8036458333333334 0.44074074074074077 0.7996527777777778 0.4398148148148148 0.7982638888888888 0.44074074074074077 0.7888888888888889 0.4410493827160494 0.7859375 0.4422839506172839 0.7847222222222222 0.44598765432098764 0.7840277777777778 0.45339506172839505 0.7828125 0.4558641975308642 0.7828125 0.46543209876543207 0.7838541666666666 0.4675925925925926
6 0.4232654513888889 0.4125932098765432 0.4255223958333333 0.41382777777777774 0.4298626736111111 0.41382777777777774 0.43194600694444446 0.41197592592592586 0.43211961805555554 0.4005561728395061 0.43073072916666666 0.3962351851851852 0.4286473958333333 0.3946919753086419 0.42517517361111107 0.3950006172839506 0.42343906249999996 0.3962351851851852 0.4222237847222222 0.39993888888888884 0.4222237847222222 0.40919814814814814 0.4232654513888889 0.4125932098765432
6 0.6916666666666667 0.4521604938271605 0.6986111111111112 0.4537037037037037 0.700173611111111 0.4530864197530864 0.701736111111111 0.4441358024691358 0.7027777777777777 0.4419753086419753 0.7026041666666666 0.429320987654321 0.7010416666666666 0.42314814814814816 0.700173611111111 0.4154320987654321 0.6980902777777778 0.41018518518518515 0.6967013888888888 0.4089506172839506 0.6927083333333334 0.4089506172839506 0.6916666666666667 0.4111111111111111 0.6904513888888888 0.41851851851851857 0.6890625 0.43765432098765433 0.6892361111111112 0.4530864197530864 0.6916666666666667 0.4521604938271605
6 0.6230902777777778 0.557716049382716 0.6265625 0.5592592592592592 0.6282986111111112 0.5626543209876543 0.6289930555555555 0.5666666666666667 0.6288194444444444 0.5817901234567902 0.6267361111111112 0.596604938271605 0.6272569444444444 0.6200617283950618 0.6302083333333334 0.6305555555555555 0.6326388888888889 0.633641975308642 0.6352430555555556 0.6351851851851852 0.6366319444444444 0.6376543209876543 0.6380208333333334 0.6469135802469135 0.6375 0.6592592592592593 0.6381944444444444 0.6651234567901234 0.6435763888888888 0.6820987654320988 0.6472222222222221 0.6873456790123457 0.65 0.6895061728395062 0.6631944444444444 0.6904320987654321 0.6649305555555556 0.6895061728395062 0.6654513888888888 0.6777777777777778 0.6670138888888888 0.6746913580246913 0.6822916666666666 0.6746913580246913 0.6842013888888888 0.6790123456790123 0.684375 0.6898148148148148 0.6855902777777778 0.6925925925925925 0.700173611111111 0.6925925925925925 0.7008680555555555 0.6916666666666667 0.7020833333333334 0.6891975308641975 0.7020833333333334 0.6771604938271604 0.7008680555555555 0.6638888888888889 0.7010416666666666 0.6546296296296297 0.7024305555555556 0.6503086419753087 0.7043402777777777 0.6496913580246914 0.7055555555555556 0.6475308641975309 0.7067708333333333 0.6410493827160494 0.7076388888888888 0.6271604938271605 0.7067708333333333 0.6092592592592593 0.7067708333333333 0.591358024691358 0.7055555555555556 0.5864197530864198 0.7043402777777777 0.5842592592592593 0.7019097222222221 0.582716049382716 0.7013888888888888 0.5811728395061728 0.6982638888888888 0.578395061728395 0.6965277777777777 0.5746913580246913 0.6953125 0.5740740740740741 0.6930555555555555 0.5700617283950616 0.6850694444444444 0.5614197530864198 0.676736111111111 0.549074074074074 0.6694444444444444 0.5453703703703704 0.6654513888888888 0.5404320987654321 0.6623263888888888 0.5382716049382716 0.654861111111111 0.5361111111111111 0.6355902777777778 0.5361111111111111 0.6326388888888889 0.5373456790123456 0.6303819444444444 0.5395061728395062 0.6276041666666666 0.5435185185185185 0.6265625 0.546604938271605 0.6248263888888889 0.5453703703703704 0.6230902777777778 0.5453703703703704 0.6229166666666666 0.5462962962962963 0.6225694444444444 0.5546296296296296 0.6230902777777778 0.557716049382716
6 0.6927083333333334 0.4114197530864197 0.6965277777777777 0.4104938271604939 0.6993055555555555 0.4141975308641975 0.7006944444444444 0.42345679012345677 0.7027777777777777 0.4305555555555556 0.703125 0.44043209876543205 0.7048611111111112 0.4425925925925926 0.707986111111111 0.4425925925925926 0.7083333333333334 0.43796296296296294 0.7076388888888888 0.4361111111111111 0.7076388888888888 0.4314814814814815 0.709375 0.4256172839506173 0.7107638888888889 0.41450617283950614 0.7151041666666667 0.408641975308642 0.7177083333333334 0.4070987654320988 0.7184027777777777 0.4052469135802469 0.7182291666666666 0.40370370370370373 0.7170138888888888 0.4006172839506173 0.7147569444444444 0.3993827160493827 0.7071180555555555 0.39783950617283953 0.6958333333333333 0.39814814814814814 0.6927083333333334 0.4006172839506173 0.6921875 0.403395061728395 0.6927083333333334 0.4114197530864197
6 0.7097222222222221 0.4435185185185185 0.7125 0.4447530864197531 0.7243055555555555 0.4447530864197531 0.7255208333333334 0.44290123456790126 0.7267361111111111 0.4354938271604938 0.7269097222222222 0.41450617283950614 0.7260416666666666 0.4111111111111111 0.7208333333333333 0.4074074074074074 0.7166666666666666 0.4074074074074074 0.7130208333333333 0.41018518518518515 0.7119791666666666 0.4117283950617284 0.7105902777777777 0.4175925925925926 0.7105902777777777 0.4225308641975309 0.7090277777777778 0.42654320987654315 0.7072916666666667 0.42839506172839503 0.7060763888888888 0.4333333333333333 0.7060763888888888 0.4382716049382716 0.7097222222222221 0.4435185185185185
6 0.7479166666666666 0.4608024691358025 0.7526041666666666 0.462037037037037 0.7583333333333333 0.46512345679012346 0.7628472222222222 0.46481481481481485 0.7635416666666666 0.44290123456790126 0.7645833333333334 0.43734567901234567 0.7647569444444444 0.42839506172839503 0.7657986111111111 0.42314814814814816 0.7652777777777777 0.4197530864197531 0.7619791666666667 0.41851851851851857 0.7586805555555556 0.4197530864197531 0.7574652777777777 0.42191358024691356 0.75625 0.4364197530864197 0.7552083333333334 0.44043209876543205 0.7545138888888888 0.4416666666666667 0.7517361111111112 0.44290123456790126 0.748611111111111 0.44814814814814813 0.7473958333333334 0.4537037037037037 0.7472222222222222 0.4580246913580247 0.7479166666666666 0.4608024691358025
3 0.4765625 0.4941358024691358 0.4774305555555556 0.49537037037037035 0.4802083333333333 0.4947530864197531 0.4814236111111111 0.4882716049382716 0.4809027777777778 0.4817901234567901 0.4765625 0.48271604938271606 0.4758680555555555 0.483641975308642 0.4756944444444444 0.4904320987654321 0.4765625 0.4941358024691358
3 0.3345486111111111 0.7487654320987653 0.334375 0.7549382716049382 0.3352430555555555 0.7598765432098765 0.3368055555555556 0.7632716049382716 0.33749999999999997 0.7682098765432099 0.33871527777777777 0.770679012345679 0.3420138888888889 0.7682098765432099 0.3425347222222222 0.7666666666666666 0.346875 0.7623456790123456 0.3493055555555556 0.7555555555555555 0.3494791666666667 0.7475308641975309 0.35 0.7450617283950618 0.3493055555555556 0.7416666666666666 0.3493055555555556 0.7339506172839506 0.3489583333333333 0.7305555555555556 0.3480902777777778 0.7317901234567901 0.3421875 0.7317901234567901 0.3385416666666667 0.7296296296296296 0.33697916666666666 0.7305555555555556 0.33576388888888886 0.7333333333333334 0.33576388888888886 0.7416666666666666 0.3345486111111111 0.7487654320987653
3 0.3345486111111111 0.75 0.3345486111111111 0.7564814814814815 0.3352430555555555 0.7598765432098765 0.3362847222222222 0.7614197530864197 0.3376736111111111 0.7694444444444444 0.33871527777777777 0.770679012345679 0.3420138888888889 0.7682098765432099 0.3425347222222222 0.7666666666666666 0.34357638888888886 0.7660493827160494 0.34479166666666666 0.7635802469135803 0.3461805555555555 0.7629629629629631 0.34704861111111107 0.7611111111111112 0.3489583333333333 0.7555555555555555 0.3494791666666667 0.7450617283950618 0.34774305555555557 0.7407407407407407 0.3473958333333333 0.7339506172839506 0.3461805555555555 0.732716049382716 0.3380208333333333 0.7311728395061728 0.3359375 0.7339506172839506 0.3359375 0.7438271604938271 0.3345486111111111 0.75
2 0.3402777777777778 0.6921296296296297 0.3449074074074074 0.6944444444444444 0.3449074074074074 0.7037037037037037 0.34953703703703703 0.7106481481481481 0.3541666666666667 0.7129629629629629 0.34953703703703703 0.7199074074074074 0.34953703703703703 0.7245370370370371 0.35185185185185186 0.7268518518518519 0.35185185185185186 0.7407407407407407 0.34953703703703703 0.7453703703703703 0.3472222222222222 0.7337962962962963 0.3425925925925926 0.7291666666666666 0.33796296296296297 0.7314814814814815 0.33564814814814814 0.7268518518518519 0.33564814814814814 0.7083333333333334 0.3402777777777778 0.7037037037037037 0.3402777777777778 0.6944444444444444