1 0.5402777777777777 0.5070987654320988 0.5416666666666666 0.5055555555555555 0.5414930555555555 0.5018518518518518 0.5402777777777777 0.49938271604938267 0.5364583333333334 0.5009259259259259 0.5364583333333334 0.5067901234567901 0.5402777777777777 0.5070987654320988
1 0.49618055555555557 0.566358024691358 0.5026041666666666 0.5675925925925925 0.5060763888888888 0.566358024691358 0.5072916666666667 0.5645061728395062 0.5072916666666667 0.5580246913580247 0.5060763888888888 0.553395061728395 0.5048611111111111 0.5518518518518518 0.5015624999999999 0.5499999999999999 0.4975694444444444 0.5521604938271605 0.49635416666666665 0.553395061728395 0.4956597222222222 0.5555555555555556 0.49548611111111107 0.5645061728395062 0.49618055555555557 0.566358024691358
1 0.546875 0.5299382716049382 0.5505208333333333 0.5299382716049382 0.5524305555555555 0.5280864197530865 0.5524305555555555 0.5231481481481481 0.5505208333333333 0.5185185185185185 0.5467013888888889 0.5188271604938272 0.5456597222222223 0.5222222222222223 0.545486111111111 0.5271604938271605 0.546875 0.5299382716049382
4 0.11631944444444445 0.9916666666666666 0.11701388888888888 0.9947530864197531 0.12170138888888887 0.9969135802469137 0.12552083333333333 0.9975308641975309 0.1300347222222222 0.9962962962962962 0.13923611111111112 0.9972222222222222 0.14357638888888888 0.9959876543209876 0.14809027777777775 0.9959876543209876 0.15 0.9969135802469137 0.15538194444444445 0.9962962962962962 0.16180555555555554 0.9975308641975309 0.16215277777777778 0.9996913580246913 0.20381944444444444 0.9996913580246913 0.20381944444444444 0.9984567901234568 0.2046875 0.9975308641975309 0.2074652777777778 0.9969135802469137 0.2097222222222222 0.9950617283950618 0.22065972222222222 0.9929012345679012 0.22552083333333334 0.9882716049382716 0.22621527777777775 0.9858024691358025 0.22743055555555555 0.9842592592592593 0.22899305555555555 0.9743827160493828 0.2293402777777778 0.9657407407407407 0.2314236111111111 0.9617283950617284 0.23333333333333334 0.953395061728395 0.23350694444444445 0.9416666666666667 0.2345486111111111 0.9290123456790123 0.23211805555555554 0.9219135802469135 0.22795138888888888 0.9163580246913581 0.2230902777777778 0.9132716049382715 0.2170138888888889 0.9117283950617284 0.20538194444444444 0.9132716049382715 0.20399305555555555 0.9123456790123456 0.18993055555555555 0.9111111111111112 0.1644097222222222 0.9108024691358024 0.15364583333333334 0.9132716049382715 0.14340277777777777 0.9206790123456791 0.1378472222222222 0.9280864197530865 0.13211805555555556 0.9324074074074075 0.12951388888888887 0.9358024691358025 0.12760416666666666 0.9447530864197531 0.12552083333333333 0.9506172839506173 0.12465277777777778 0.9574074074074074 0.1236111111111111 0.9598765432098766 0.12222222222222222 0.9669753086419753 0.12065972222222222 0.9709876543209875 0.1185763888888889 0.9799382716049382 0.11649305555555554 0.9845679012345678 0.11701388888888888 0.9882716049382716 0.11631944444444445 0.9916666666666666
1 0.4194444444444444 0.6126543209876544 0.42951388888888886 0.6126543209876544 0.4310763888888889 0.6135802469135803 0.43350694444444443 0.6182098765432099 0.43559027777777776 0.6240740740740741 0.4399305555555555 0.6219135802469137 0.4425347222222222 0.6166666666666666 0.4425347222222222 0.6055555555555556 0.4399305555555555 0.6 0.4387152777777778 0.5990740740740741 0.43246527777777777 0.596604938271605 0.4272569444444444 0.5972222222222222 0.4227430555555556 0.5990740740740741 0.4206597222222222 0.6033950617283951 0.4194444444444444 0.6089506172839506 0.4194444444444444 0.6126543209876544
1 0.33749999999999997 0.7450617283950618 0.3381944444444444 0.7469135802469137 0.3413194444444444 0.7490740740740741 0.3463541666666667 0.7506172839506172 0.3487847222222222 0.7524691358024691 0.3612847222222222 0.7506172839506172 0.3644097222222222 0.7524691358024691 0.3671875 0.7567901234567901 0.3697916666666667 0.7580246913580246 0.3715277777777778 0.7546296296296297 0.3722222222222222 0.75 0.3743055555555555 0.7450617283950618 0.3802083333333333 0.7410493827160494 0.3807291666666667 0.7354938271604938 0.3802083333333333 0.7166666666666667 0.37656249999999997 0.7092592592592593 0.375 0.7080246913580247 0.3734375 0.7049382716049382 0.3697916666666667 0.7018518518518518 0.3668402777777778 0.7006172839506173 0.35138888888888886 0.7018518518518518 0.34774305555555557 0.7049382716049382 0.3454861111111111 0.7092592592592593 0.3440972222222222 0.7141975308641975 0.3425347222222222 0.7166666666666667 0.3409722222222222 0.7231481481481481 0.3411458333333333 0.7342592592592593 0.33749999999999997 0.7385802469135803 0.33697916666666666 0.7410493827160494 0.33749999999999997 0.7450617283950618
1 0.4161458333333333 0.6388888888888888 0.4163194444444444 0.6425925925925926 0.4170138888888889 0.6453703703703704 0.4192708333333333 0.6475308641975309 0.43246527777777777 0.6475308641975309 0.4357638888888889 0.6358024691358025 0.4357638888888889 0.6237654320987653 0.4322916666666667 0.6151234567901235 0.4300347222222222 0.612962962962963 0.4215277777777778 0.6126543209876544 0.41822916666666665 0.6148148148148148 0.4163194444444444 0.6185185185185185 0.4145833333333333 0.6274691358024691 0.4145833333333333 0.6330246913580246 0.4161458333333333 0.6388888888888888
5 0.29322916666666665 0.8132716049382716 0.2944444444444444 0.8175925925925925 0.2961805555555555 0.8197530864197531 0.2994791666666667 0.8197530864197531 0.3064236111111111 0.8154320987654321 0.3189236111111111 0.8154320987654321 0.3211805555555556 0.8163580246913581 0.32968749999999997 0.8157407407407407 0.3315972222222222 0.8175925925925925 0.3350694444444444 0.8179012345679012 0.33975694444444443 0.803395061728395 0.3421875 0.8006172839506173 0.3446180555555556 0.7953703703703704 0.3498263888888889 0.7910493827160494 0.3524305555555556 0.7867283950617284 0.35312499999999997 0.7774691358024691 0.3529513888888889 0.7617283950617284 0.3510416666666667 0.7580246913580246 0.3456597222222222 0.7509259259259259 0.3428819444444444 0.7487654320987653 0.3385416666666667 0.7472222222222222 0.3298611111111111 0.7472222222222222 0.3256944444444444 0.7441358024691357 0.3246527777777778 0.742283950617284 0.3211805555555556 0.7432098765432099 0.31875 0.7472222222222222 0.3111111111111111 0.75 0.3069444444444444 0.7549382716049382 0.3055555555555556 0.758641975308642 0.3034722222222222 0.7611111111111112 0.29843749999999997 0.7746913580246914 0.2961805555555555 0.7777777777777778 0.29322916666666665 0.7895061728395062 0.2925347222222222 0.799074074074074 0.29322916666666665 0.8132716049382716
1 0.5064236111111111 0.5879629629629629 0.5184027777777778 0.5898148148148148 0.5204861111111111 0.5888888888888889 0.5217013888888888 0.5854938271604938 0.5211805555555555 0.582716049382716 0.5211805555555555 0.5753086419753086 0.5204861111111111 0.5722222222222222 0.5192708333333333 0.5682098765432099 0.5178819444444445 0.5666666666666667 0.5154513888888889 0.5614197530864198 0.5107638888888889 0.5629629629629629 0.5064236111111111 0.567283950617284 0.5052083333333334 0.5762345679012346 0.5050347222222222 0.5854938271604938 0.5064236111111111 0.5879629629629629
1 0.5046875000000001 0.7895061728395062 0.5038194444444445 0.8200617283950616 0.5026041666666666 0.8407407407407407 0.5029513888888889 0.8493827160493828 0.5041666666666667 0.8521604938271605 0.5052083333333334 0.8530864197530863 0.5067708333333333 0.8527777777777777 0.5119791666666667 0.8487654320987654 0.5345486111111111 0.8484567901234568 0.5402777777777777 0.8493827160493828 0.5432291666666667 0.8540123456790124 0.5467013888888889 0.854320987654321 0.5480902777777777 0.8527777777777777 0.5487847222222222 0.846604938271605 0.5484374999999999 0.8311728395061728 0.5477430555555556 0.8280864197530865 0.5475694444444444 0.8231481481481482 0.5480902777777777 0.8095679012345679 0.5475694444444444 0.807716049382716 0.5477430555555556 0.7969135802469135 0.5467013888888889 0.7901234567901234 0.5505208333333333 0.7870370370370371 0.5505208333333333 0.7858024691358024 0.5487847222222222 0.782716049382716 0.5449652777777777 0.7814814814814816 0.5428819444444444 0.7780864197530865 0.5421874999999999 0.7756172839506172 0.5392361111111111 0.7722222222222223 0.5328124999999999 0.770679012345679 0.5130208333333334 0.7712962962962963 0.5107638888888889 0.7731481481481481 0.5067708333333333 0.7805555555555556 0.5017361111111112 0.782716049382716 0.5015624999999999 0.7867283950617284 0.5046875000000001 0.7895061728395062
1 0.4331597222222222 0.5962962962962963 0.4399305555555555 0.6 0.44340277777777776 0.6049382716049382 0.4498263888888889 0.6058641975308642 0.4517361111111111 0.6027777777777777 0.4532986111111111 0.5962962962962963 0.4538194444444444 0.5848765432098765 0.4526041666666667 0.5790123456790123 0.4501736111111111 0.5756172839506173 0.4453125 0.5753086419753086 0.44375 0.5743827160493827 0.4383680555555556 0.5746913580246913 0.4342013888888889 0.5777777777777777 0.4326388888888889 0.5811728395061728 0.4317708333333333 0.5851851851851851 0.4314236111111111 0.5919753086419752 0.4331597222222222 0.5962962962962963
4 0.4375 0.6987654320987654 0.43906249999999997 0.7024691358024691 0.4435763888888889 0.7024691358024691 0.44913194444444443 0.7 0.45625 0.7 0.4597222222222222 0.6987654320987654 0.46249999999999997 0.700925925925926 0.4645833333333333 0.700925925925926 0.4670138888888889 0.6978395061728394 0.4673611111111111 0.6938271604938272 0.4706597222222222 0.6842592592592593 0.4706597222222222 0.6580246913580247 0.4635416666666667 0.649074074074074 0.45121527777777776 0.6484567901234568 0.4461805555555556 0.65 0.44513888888888886 0.6506172839506172 0.44166666666666665 0.6567901234567901 0.4409722222222222 0.6601851851851852 0.44079861111111107 0.6657407407407407 0.4392361111111111 0.6691358024691358 0.4388888888888889 0.6725308641975308 0.4375 0.6768518518518518 0.43732638888888886 0.6969135802469135 0.4375 0.6987654320987654
6 0.45295138888888886 0.5638888888888889 0.453125 0.570679012345679 0.4548611111111111 0.5824074074074074 0.45642361111111107 0.5845679012345679 0.4635416666666667 0.5836419753086419 0.4670138888888889 0.5802469135802469 0.4694444444444444 0.5709876543209876 0.4694444444444444 0.5601851851851852 0.4682291666666667 0.5564814814814815 0.4671875 0.5552469135802469 0.45642361111111107 0.5555555555555556 0.4548611111111111 0.5583333333333333 0.4545138888888889 0.5611111111111111 0.45295138888888886 0.5638888888888889
6 0.4362847222222222 0.5737654320987654 0.44079861111111107 0.5750000000000001 0.4479166666666667 0.5753086419753086 0.44947916666666665 0.5762345679012346 0.4513888888888889 0.5750000000000001 0.4520833333333333 0.5719135802469135 0.45295138888888886 0.557716049382716 0.45295138888888886 0.5540123456790124 0.4515625 0.5499999999999999 0.4498263888888889 0.5487654320987654 0.44079861111111107 0.549074074074074 0.4380208333333333 0.5499999999999999 0.4354166666666667 0.5540123456790124 0.4350694444444444 0.5679012345679012 0.4362847222222222 0.5737654320987654
6 0.3854166666666667 0.6506172839506172 0.3854166666666667 0.654320987654321 0.38663194444444443 0.6595679012345679 0.3862847222222222 0.6657407407407407 0.38680555555555557 0.6790123456790123 0.3878472222222222 0.6808641975308641 0.3897569444444444 0.6820987654320988 0.4052083333333333 0.6811728395061728 0.4071180555555556 0.682716049382716 0.4114583333333333 0.6830246913580247 0.4119791666666667 0.6746913580246913 0.4133680555555555 0.6725308641975308 0.4152777777777778 0.6722222222222222 0.4184027777777778 0.6688271604938272 0.4184027777777778 0.65 0.41684027777777777 0.645679012345679 0.41562499999999997 0.6379629629629631 0.4149305555555556 0.6305555555555555 0.4154513888888889 0.6243827160493828 0.4154513888888889 0.6185185185185185 0.4149305555555556 0.616358024691358 0.4046875 0.617283950617284 0.39947916666666666 0.616358024691358 0.390625 0.6182098765432099 0.3857638888888889 0.6228395061728395 0.3833333333333333 0.6287037037037038 0.3833333333333333 0.6466049382716049 0.3854166666666667 0.6506172839506172
6 0.5055555555555555 0.5481481481481482 0.5097222222222222 0.5438271604938272 0.5104166666666666 0.5401234567901235 0.5102430555555555 0.532716049382716 0.5086805555555556 0.5287037037037037 0.5046875000000001 0.5274691358024691 0.5029513888888889 0.5287037037037037 0.5015624999999999 0.5314814814814814 0.5017361111111112 0.5487654320987654 0.5055555555555555 0.5481481481481482
6 0.4519097222222222 0.5657407407407408 0.4548611111111111 0.5824074074074074 0.4567708333333333 0.5848765432098765 0.4583333333333333 0.5839506172839506 0.4633680555555555 0.5836419753086419 0.4659722222222222 0.5814814814814815 0.4677083333333333 0.5780864197530864 0.4694444444444444 0.5679012345679012 0.4694444444444444 0.5595679012345679 0.4678819444444444 0.5540123456790124 0.4682291666666667 0.5484567901234568 0.4677083333333333 0.545679012345679 0.4640625 0.5425925925925926 0.459375 0.5416666666666666 0.4557291666666667 0.5435185185185185 0.45416666666666666 0.5462962962962963 0.4536458333333333 0.549074074074074 0.4534722222222222 0.5546296296296296 0.4519097222222222 0.5657407407407408
6 0.5203125000000001 0.5111111111111111 0.5220486111111111 0.5145061728395062 0.5241319444444444 0.5141975308641975 0.5258680555555555 0.512037037037037 0.5265624999999999 0.508641975308642 0.5270833333333333 0.4978395061728395 0.5260416666666666 0.49537037037037035 0.5244791666666666 0.49537037037037035 0.5222222222222223 0.495679012345679 0.5203125000000001 0.49845679012345684 0.5197916666666667 0.5018518518518518 0.5203125000000001 0.5111111111111111
6 0.5045138888888888 0.6385802469135803 0.5026041666666666 0.6478395061728395 0.5034722222222222 0.6567901234567901 0.5026041666666666 0.6728395061728395 0.5029513888888889 0.682716049382716 0.5052083333333334 0.6851851851851852 0.5149305555555556 0.6830246913580247 0.5208333333333334 0.682716049382716 0.5265624999999999 0.6833333333333333 0.5310763888888889 0.686111111111111 0.5369791666666667 0.6854938271604938 0.5381944444444444 0.6811728395061728 0.5392361111111111 0.6574074074074074 0.5387152777777777 0.6549382716049382 0.5385416666666666 0.6462962962962963 0.5369791666666667 0.6351851851851852 0.5373263888888888 0.6095679012345678 0.5361111111111111 0.6033950617283951 0.5288194444444444 0.596604938271605 0.5277777777777778 0.5907407407407407 0.5265624999999999 0.5891975308641976 0.5171874999999999 0.5907407407407407 0.515625 0.5916666666666667 0.5152777777777777 0.5944444444444444 0.5138888888888888 0.5978395061728394 0.5109374999999999 0.600925925925926 0.5078125 0.6024691358024691 0.5052083333333334 0.608641975308642 0.5045138888888888 0.6141975308641975 0.5050347222222222 0.6317901234567901 0.5045138888888888 0.6385802469135803
4 0.5210069444444444 0.5743827160493827 0.5220486111111111 0.5753086419753086 0.5267361111111111 0.5753086419753086 0.5286458333333334 0.5740740740740741 0.5295138888888888 0.5691358024691359 0.5282538194444445 0.5548404320987654 0.5271140625 0.5525231481481482 0.5247531249999999 0.552812962962963 0.5226364583333333 0.551075 0.5193800347222223 0.5516543209876543 0.5183217013888889 0.5520888888888889 0.5175074652777778 0.5522336419753087 0.5171817708333334 0.5536817901234569 0.51685625 0.5561438271604938 0.515625 0.5611111111111111 0.5210069444444444 0.5743827160493827
3 0.475 0.6058641975308642 0.4774305555555556 0.6061728395061728 0.4789930555555555 0.6021604938271605 0.47934027777777777 0.5978395061728394 0.4802083333333333 0.5953703703703703 0.47986111111111107 0.5882716049382716 0.4774305555555556 0.5817901234567902 0.475 0.5842592592592593 0.4739583333333333 0.5879629629629629 0.4741319444444444 0.604320987654321 0.475 0.6058641975308642
3 0.4739583333333333 0.6037037037037037 0.475 0.6058641975308642 0.4774305555555556 0.6061728395061728 0.4789930555555555 0.6027777777777777 0.4796875 0.5950617283950618 0.4774305555555556 0.5925925925925926 0.47465277777777776 0.5938271604938271 0.4739583333333333 0.5950617283950618 0.4739583333333333 0.6037037037037037
3 0.20607638888888888 0.9083333333333333 0.2065972222222222 0.9086419753086419 0.21614583333333334 0.9098765432098765 0.22569444444444445 0.9129629629629629 0.23211805555555554 0.9203703703703704 0.234375 0.9253086419753087 0.23645833333333333 0.9265432098765432 0.24461805555555555 0.9256172839506173 0.2482638888888889 0.9222222222222222 0.25190972222222224 0.9138888888888889 0.25399305555555557 0.899074074074074 0.25763888888888886 0.8916666666666666 0.2621527777777778 0.8864197530864197 0.2630208333333333 0.883641975308642 0.2621527777777778 0.8608024691358025 0.2604166666666667 0.8570987654320987 0.25902777777777775 0.8490740740740741 0.2569444444444444 0.8435185185185184 0.25677083333333334 0.8358024691358025 0.25555555555555554 0.8342592592592593 0.2513888888888889 0.8348765432098766 0.24739583333333334 0.8385802469135802 0.24479166666666666 0.8490740740740741 0.24479166666666666 0.8558641975308642 0.24618055555555554 0.8589506172839506 0.24618055555555554 0.8626543209876544 0.24340277777777775 0.8657407407407407 0.2409722222222222 0.866358024691358 0.23906249999999998 0.8700617283950618 0.23906249999999998 0.8805555555555555 0.23628472222222222 0.8851851851851852 0.2314236111111111 0.8888888888888888 0.2300347222222222 0.8888888888888888 0.22569444444444445 0.8861111111111112 0.2237847222222222 0.8833333333333334 0.22083333333333333 0.8811728395061729 0.2171875 0.8811728395061729 0.21631944444444445 0.8830246913580246 0.21666666666666665 0.8904320987654322 0.21562499999999998 0.8935185185185185 0.21163194444444444 0.9 0.2065972222222222 0.9046296296296297 0.20607638888888888 0.9064814814814816 0.20607638888888888 0.9083333333333333
3 0.4979166666666667 0.6006172839506172 0.4993055555555555 0.6018518518518519 0.5024305555555555 0.6018518518518519 0.5039930555555555 0.595679012345679 0.5036458333333333 0.5882716049382716 0.5024305555555555 0.5842592592592593 0.5019097222222222 0.5833333333333334 0.4984375 0.5833333333333334 0.496875 0.5895061728395061 0.4967013888888889 0.595679012345679 0.4979166666666667 0.6006172839506172
2 0.36574074074074076 0.6689814814814815 0.36574074074074076 0.6736111111111112 0.3680555555555556 0.6759259259259259 0.3680555555555556 0.6851851851851852 0.36574074074074076 0.6875 0.3680555555555556 0.6898148148148148 0.3680555555555556 0.6944444444444444 0.36574074074074076 0.6990740740740741 0.36342592592592593 0.6967592592592593 0.3611111111111111 0.6990740740740741 0.3611111111111111 0.6944444444444444 0.36342592592592593 0.6921296296296297 0.3611111111111111 0.6875 0.36342592592592593 0.6712962962962963
2 0.3587962962962963 0.6550925925925926 0.36342592592592593 0.6620370370370371 0.36342592592592593 0.6689814814814815 0.3611111111111111 0.6712962962962963 0.3611111111111111 0.6759259259259259 0.3587962962962963 0.6759259259259259 0.3587962962962963 0.6643518518518519 0.3611111111111111 0.6620370370370371 0.3587962962962963 0.6574074074074074