8 0.569304435483871 0.3020833333333333 0.5708165322580645 0.3030913978494624 0.5788810483870968 0.3030913978494624 0.5803931451612903 0.3014112903225807 0.5808971774193549 0.29334677419354843 0.5798891129032258 0.29200268817204306 0.5708165322580645 0.2913306451612903 0.5685483870967742 0.29334677419354843 0.5682963709677419 0.3004032258064516 0.569304435483871 0.3020833333333333
8 0.3870967741935484 0.43951612903225806 0.39768145161290325 0.4408602150537635 0.41154233870967744 0.45329301075268824 0.41481854838709675 0.45094086021505375 0.4163306451612903 0.4455645161290323 0.4163306451612903 0.4425403225806452 0.4191028225806452 0.4401881720430108 0.4254032258064516 0.4311155913978495 0.42893145161290325 0.4287634408602151 0.4301915322580645 0.4240591397849463 0.42867943548387094 0.4176747311827957 0.4213709677419355 0.40658602150537637 0.4039818548387097 0.4092741935483871 0.3939012096774193 0.4129704301075269 0.38936491935483875 0.41834677419354843 0.3868447580645161 0.4264112903225807 0.3855846774193548 0.4361559139784947 0.3870967741935484 0.43951612903225806
8 0.30367943548387094 0.5120967741935485 0.31048387096774194 0.5137768817204301 0.328125 0.5144489247311829 0.3308971774193548 0.5161290322580646 0.3329133064516129 0.5161290322580646 0.34904233870967744 0.5104166666666667 0.35282258064516125 0.5043682795698925 0.35912298387096775 0.4996639784946237 0.3626512096774193 0.49899193548387105 0.3674395161290323 0.49495967741935487 0.36970766129032256 0.49193548387096775 0.3714717741935484 0.48555107526881724 0.3717237903225807 0.478494623655914 0.36970766129032256 0.46606182795698925 0.36592741935483875 0.46068548387096775 0.3639112903225807 0.45295698924731187 0.36139112903225806 0.4489247311827957 0.3571068548387097 0.4455645161290323 0.35357862903225806 0.44455645161290325 0.34299395161290325 0.44388440860215056 0.328125 0.4448924731182796 0.32006048387096775 0.4516129032258065 0.30997983870967744 0.45564516129032256 0.3074596774193548 0.45799731182795705 0.3049395161290323 0.4633736559139785 0.3024193548387097 0.4731182795698925 0.30267137096774194 0.5090725806451614 0.30367943548387094 0.5120967741935485
8 0.32661290322580644 0.41801075268817206 0.3276209677419355 0.41969086021505375 0.3314012096774193 0.41801075268817206 0.34551411290322576 0.41969086021505375 0.35080645161290325 0.4223790322580645 0.3558467741935484 0.42338709677419356 0.359375 0.4200268817204301 0.36088709677419356 0.4153225806451613 0.36517137096774194 0.40994623655913986 0.37348790322580644 0.404233870967742 0.37348790322580644 0.40053763440860213 0.37247983870967744 0.39784946236559143 0.36693548387096775 0.38709677419354843 0.3634072580645161 0.38373655913978494 0.3598790322580645 0.3823924731182796 0.34904233870967744 0.3830645161290323 0.33770161290322576 0.3864247311827957 0.33392137096774194 0.3897849462365592 0.3324092741935484 0.3938172043010753 0.32913306451612906 0.41229838709677424 0.32661290322580644 0.41801075268817206
6 0.6189516129032258 0.30846774193548393 0.6197076612903225 0.30947580645161293 0.6244959677419355 0.30846774193548393 0.6267641129032258 0.3037634408602151 0.6252520161290323 0.29670698924731187 0.6234879032258065 0.2956989247311828 0.6189516129032258 0.2956989247311828 0.6166834677419355 0.29704301075268824 0.6166834677419355 0.3037634408602151 0.6189516129032258 0.30846774193548393
8 0.4415322580645161 0.4297715053763441 0.44657258064516125 0.4304435483870968 0.45110887096774194 0.43346774193548393 0.4579133064516129 0.44287634408602156 0.4664818548387097 0.4448924731182796 0.4692540322580645 0.4425403225806452 0.47530241935483875 0.4304435483870968 0.48235887096774194 0.42170698924731187 0.48235887096774194 0.4146505376344087 0.47807459677419356 0.4008736559139785 0.4742943548387097 0.39717741935483875 0.4710181451612903 0.3958333333333333 0.46169354838709675 0.39549731182795705 0.4566532258064516 0.3968413978494624 0.453125 0.39650537634408606 0.4485887096774193 0.3985215053763441 0.4425403225806452 0.4055779569892473 0.4407762096774193 0.41700268817204306 0.4405241935483871 0.4264112903225807 0.4415322580645161 0.4297715053763441
1 0.3941532258064516 0.5709005376344086 0.39667338709677424 0.572244623655914 0.43724798387096775 0.572244623655914 0.43951612903225806 0.5698924731182796 0.4415322580645161 0.5638440860215054 0.4417842741935484 0.5352822580645161 0.44279233870967744 0.5258736559139785 0.44405241935483875 0.5221774193548387 0.43951612903225806 0.5174731182795699 0.4319556451612903 0.5154569892473119 0.42086693548387094 0.5147849462365591 0.4110383064516129 0.5168010752688172 0.40826612903225806 0.5188172043010754 0.4034778225806452 0.5258736559139785 0.39919354838709675 0.5366263440860215 0.39692540322580644 0.5396505376344086 0.3944052419354839 0.5456989247311829 0.39264112903225806 0.5537634408602151 0.3928931451612903 0.5675403225806451 0.3941532258064516 0.5709005376344086
1 0.6320564516129032 0.3383736559139785 0.6328125 0.33568548387096775 0.6325604838709677 0.32930107526881724 0.6305443548387096 0.32459677419354843 0.6232358870967742 0.32358870967741943 0.6199596774193549 0.32795698924731187 0.6197076612903225 0.3383736559139785 0.6320564516129032 0.3383736559139785
1 0.7442036290322581 0.9996639784946237 0.7447076612903225 0.9976478494623656 0.7479838709677419 0.996975806451613 0.7797379032258065 0.9973118279569894 0.78125 0.9979838709677421 0.7815020161290323 0.9996639784946237 0.8329133064516129 0.9996639784946237 0.8341733870967742 0.9952956989247312 0.8288810483870968 0.9831989247311829 0.8245967741935485 0.977486559139785 0.8210685483870968 0.9744623655913979 0.8104838709677419 0.9694220430107527 0.7840221774193549 0.9653897849462366 0.7595766129032258 0.9643817204301075 0.7394153225806451 0.9667338709677421 0.7303427419354839 0.9694220430107527 0.7273185483870968 0.9714381720430109 0.7240423387096775 0.977486559139785 0.7227822580645161 0.9865591397849464 0.7220262096774194 0.9996639784946237 0.7442036290322581 0.9996639784946237
1 0.36063508064516125 0.4287634408602151 0.3626512096774193 0.43313172043010756 0.36542338709677424 0.43649193548387105 0.38256048387096775 0.4375 0.38407258064516125 0.4358198924731183 0.38533266129032256 0.4274193548387097 0.3870967741935484 0.42439516129032256 0.3883568548387097 0.4190188172043011 0.39264112903225806 0.4112903225806452 0.39238911290322576 0.4092741935483871 0.390625 0.40658602150537637 0.3830645161290323 0.4055779569892473 0.3694556451612903 0.40759408602150543 0.36517137096774194 0.4106182795698925 0.3621471774193548 0.41498655913978494 0.36088709677419356 0.41868279569892475 0.36013104838709675 0.4213709677419355 0.36063508064516125 0.4287634408602151
1 0 0.7214381720430109 0.0045362903225806455 0.7200940860215055 0.008064516129032258 0.717741935483871 0.016129032258064516 0.7184139784946237 0.01965725806451613 0.7170698924731184 0.026461693548387098 0.7083333333333334 0.031754032258064516 0.6959005376344086 0.03251008064516129 0.6911962365591399 0.03150201612903226 0.6794354838709679 0.02872983870967742 0.674731182795699 0.018649193548387098 0.6663306451612904 0.0057963709677419355 0.6633064516129032 0 0.6633064516129032 0 0.7214381720430109
1 0.3704637096774193 0.46303763440860224 0.3719758064516129 0.4771505376344087 0.37323588709677424 0.47983870967741943 0.37626008064516125 0.47950268817204306 0.38457661290322576 0.47580645161290325 0.3961693548387097 0.47580645161290325 0.40095766129032256 0.47446236559139787 0.40448588709677424 0.4721102150537635 0.40801411290322576 0.46774193548387105 0.4105342741935484 0.46068548387096775 0.4105342741935484 0.4566532258064516 0.40877016129032256 0.44959677419354843 0.4007056451612903 0.4408602150537635 0.3833165322580645 0.4401881720430108 0.3772681451612903 0.44119623655913986 0.3714717741935484 0.4442204301075269 0.36794354838709675 0.44959677419354843 0.36693548387096775 0.45295698924731187 0.3704637096774193 0.46303763440860224
1 0.14591733870967744 0.6404569892473119 0.14717741935483872 0.6438172043010753 0.1509576612903226 0.6478494623655914 0.18422379032258063 0.6478494623655914 0.19606854838709678 0.6495295698924731 0.19959677419354838 0.6448252688172043 0.2006048387096774 0.6394489247311829 0.20514112903225806 0.6273521505376345 0.20892137096774194 0.6223118279569894 0.21370967741935484 0.6179435483870969 0.21875 0.6112231182795699 0.22983870967741937 0.6011424731182795 0.23664314516129034 0.5961021505376345 0.24193548387096775 0.59375 0.24344758064516128 0.591733870967742 0.24294354838709678 0.5890456989247312 0.24117943548387097 0.5856854838709677 0.23639112903225806 0.5813172043010754 0.2283266129032258 0.5766129032258065 0.22253024193548387 0.5745967741935485 0.21648185483870966 0.5745967741935485 0.19732862903225806 0.5709005376344086 0.18674395161290322 0.5715725806451614 0.1779233870967742 0.5739247311827957 0.1658266129032258 0.5813172043010754 0.15272177419354838 0.5957661290322581 0.15070564516129034 0.5994623655913979 0.14919354838709678 0.6088709677419355 0.14742943548387097 0.6139112903225807 0.14692540322580644 0.6229838709677419 0.1454133064516129 0.6303763440860215 0.14516129032258066 0.6367607526881721 0.14591733870967744 0.6404569892473119
1 0.3928931451612903 0.41196236559139787 0.3936491935483871 0.41330645161290325 0.3954133064516129 0.41330645161290325 0.40372983870967744 0.4096102150537635 0.42162298387096775 0.40725806451612906 0.4248991935483871 0.40053763440860213 0.42363911290322576 0.3975134408602151 0.4173387096774193 0.3928091397849463 0.4097782258064516 0.39045698924731187 0.40599798387096775 0.39045698924731187 0.39768145161290325 0.39348118279569894 0.3933971774193548 0.40053763440860213 0.39238911290322576 0.4049059139784947 0.39188508064516125 0.40793010752688175 0.3928931451612903 0.41196236559139787
1 0.37701612903225806 0.5215053763440861 0.3830645161290323 0.5238575268817205 0.40095766129032256 0.5238575268817205 0.40524193548387094 0.5201612903225806 0.4102822580645161 0.5137768817204301 0.41532258064516125 0.5120967741935485 0.4191028225806452 0.508736559139785 0.42036290322580644 0.5026881720430109 0.42036290322580644 0.49092741935483875 0.4185987903225807 0.4865591397849463 0.41255040322580644 0.47983870967741943 0.40700604838709675 0.4771505376344087 0.38457661290322576 0.4768145161290323 0.3800403225806452 0.4791666666666667 0.37298387096774194 0.4865591397849463 0.36844758064516125 0.49663978494623656 0.36592741935483875 0.5003360215053764 0.3649193548387097 0.5047043010752689 0.36542338709677424 0.5134408602150538 0.37701612903225806 0.5215053763440861
1 0.4163306451612903 0.466733870967742 0.4180947580645161 0.47043010752688175 0.42162298387096775 0.47244623655913986 0.4246471774193548 0.46908602150537637 0.4319556451612903 0.4680779569892473 0.4327116935483871 0.4670698924731183 0.4344758064516129 0.45732526881720437 0.4377520161290323 0.4526209677419355 0.43901209677419356 0.4489247311827957 0.4410282258064516 0.4526209677419355 0.4425403225806452 0.4616935483870968 0.44405241935483875 0.46370967741935487 0.44606854838709675 0.4640456989247312 0.4558971774193548 0.4600134408602151 0.4566532258064516 0.45564516129032256 0.4566532258064516 0.44455645161290325 0.4536290322580645 0.4368279569892473 0.4498487903225807 0.4327956989247312 0.44606854838709675 0.4304435483870968 0.4422883064516129 0.4307795698924732 0.43901209677419356 0.4280913978494624 0.43674395161290325 0.42943548387096775 0.4251512096774193 0.43145161290322587 0.4175907258064516 0.4425403225806452 0.41557459677419356 0.4526209677419355 0.41532258064516125 0.4600134408602151 0.4163306451612903 0.466733870967742
5 0.6945564516129032 0.4905913978494624 0.6958165322580646 0.4983198924731183 0.7305947580645161 0.4996639784946237 0.7323588709677419 0.4976478494623656 0.7331149193548386 0.49495967741935487 0.733366935483871 0.4852150537634409 0.7331149193548386 0.48118279569892475 0.7310987903225806 0.47412634408602156 0.7326108870967742 0.47043010752688175 0.7323588709677419 0.46875 0.7316028225806451 0.466733870967742 0.7278225806451614 0.46471774193548393 0.7260584677419355 0.46034946236559143 0.7205141129032258 0.4519489247311828 0.7169858870967742 0.44993279569892475 0.7114415322580646 0.44959677419354843 0.6993447580645161 0.45094086021505375 0.6958165322580646 0.45295698924731187 0.6925403225806451 0.4566532258064516 0.6897681451612904 0.4680779569892473 0.6902721774193549 0.48118279569892475 0.6945564516129032 0.4905913978494624
1 0.4112903225806452 0.39314516129032256 0.41532258064516125 0.39348118279569894 0.4269153225806452 0.4008736559139785 0.43548387096774194 0.3991935483870968 0.43926411290322576 0.3938172043010753 0.43876008064516125 0.38676075268817206 0.43598790322580644 0.38272849462365593 0.43220766129032256 0.3793682795698925 0.4299395161290323 0.37869623655913975 0.42111895161290325 0.3783602150537635 0.41507056451612906 0.3800403225806452 0.4105342741935484 0.38676075268817206 0.4097782258064516 0.39079301075268824 0.4112903225806452 0.39314516129032256
1 0.3240927419354839 0.43951612903225806 0.32560483870967744 0.4425403225806452 0.32736895161290325 0.44388440860215056 0.3520665322580645 0.44388440860215056 0.36113911290322576 0.447244623655914 0.3626512096774193 0.4489247311827957 0.36466733870967744 0.4459005376344087 0.36517137096774194 0.43649193548387105 0.3623991935483871 0.4307795698924732 0.35761088709677424 0.4264112903225807 0.3492943548387097 0.4223790322580645 0.3397177419354839 0.4210349462365592 0.32787298387096775 0.42473118279569894 0.3245967741935484 0.4270833333333333 0.3235887096774193 0.4311155913978495 0.3233366935483871 0.4361559139784947 0.3240927419354839 0.43951612903225806
1 0.21043346774193547 0.48051075268817206 0.2127016129032258 0.48555107526881724 0.22026209677419356 0.49193548387096775 0.22757056451612903 0.4922715053763441 0.23034274193548387 0.488239247311828 0.23109879032258063 0.48084677419354843 0.22757056451612903 0.4737903225806452 0.22731854838709678 0.47009408602150543 0.2290826612903226 0.46606182795698925 0.23462701612903225 0.45900537634408606 0.23563508064516128 0.4563172043010753 0.23487903225806453 0.45329301075268824 0.22757056451612903 0.45295698924731187 0.2247983870967742 0.4566532258064516 0.2134576612903226 0.4633736559139785 0.20967741935483872 0.46975806451612906 0.20942540322580644 0.47412634408602156 0.21043346774193547 0.48051075268817206
1 0.803679435483871 0.5383064516129032 0.8119959677419355 0.5416666666666667 0.8145161290322581 0.5443548387096775 0.8157762096774194 0.5483870967741935 0.8170362903225806 0.5584677419354839 0.8190524193548386 0.561491935483871 0.8220766129032258 0.5621639784946237 0.8278729838709677 0.5601478494623656 0.8508064516129032 0.5611559139784946 0.8596270161290323 0.5601478494623656 0.8631552419354839 0.5618279569892474 0.8699596774193549 0.5588037634408602 0.8717237903225806 0.5564516129032259 0.8719758064516129 0.539986559139785 0.8676915322580646 0.5258736559139785 0.8651713709677419 0.5221774193548387 0.8651713709677419 0.5154569892473119 0.8618951612903225 0.5141129032258065 0.8596270161290323 0.5114247311827957 0.8520665322580646 0.49697580645161293 0.8460181451612904 0.49092741935483875 0.8419858870967742 0.488239247311828 0.834929435483871 0.48555107526881724 0.8220766129032258 0.48454301075268824 0.8140120967741935 0.48555107526881724 0.8112399193548386 0.48689516129032256 0.8072076612903225 0.49159946236559143 0.8039314516129032 0.497983870967742 0.8004032258064515 0.5117607526881721 0.8006552419354839 0.5325940860215054 0.803679435483871 0.5383064516129032
1 0.47051411290322576 0.45900537634408606 0.4742943548387097 0.4610215053763441 0.47757056451612906 0.46471774193548393 0.4810987903225807 0.46538978494623656 0.48689516129032256 0.46370967741935487 0.49470766129032256 0.46438172043010756 0.4977318548387097 0.46774193548387105 0.5017641129032258 0.46774193548387105 0.508820564516129 0.456989247311828 0.5105846774193549 0.44623655913978494 0.5095766129032258 0.4361559139784947 0.5047883064516129 0.42775537634408606 0.5012600806451613 0.4254032258064516 0.49143145161290325 0.4240591397849463 0.4808467741935484 0.4274193548387097 0.4765625 0.4307795698924732 0.4735383064516129 0.435483870967742 0.47001008064516125 0.44388440860215056 0.46975806451612906 0.45732526881720437 0.47051411290322576 0.45900537634408606
1 0.012096774193548387 0.7725134408602151 0.014868951612903226 0.7768817204301075 0.030997983870967742 0.7799059139784946 0.06779233870967742 0.78125 0.0811491935483871 0.7765456989247312 0.08669354838709678 0.7728494623655914 0.10307459677419356 0.7553763440860216 0.10887096774193548 0.745967741935484 0.12298387096774194 0.737231182795699 0.13331653225806453 0.725470430107527 0.13785282258064516 0.7224462365591399 0.1461693548387097 0.7143817204301075 0.15423387096774194 0.7133736559139785 0.15851814516129034 0.7100134408602151 0.1615423387096774 0.7036290322580646 0.16280241935483872 0.6922043010752689 0.16381048387096775 0.6891801075268817 0.16381048387096775 0.6807795698924731 0.1622983870967742 0.6710349462365592 0.15952620967741937 0.6663306451612904 0.15700604838709678 0.6643145161290323 0.14390120967741934 0.6599462365591399 0.12071572580645161 0.6609543010752689 0.11542338709677419 0.662970430107527 0.10584677419354839 0.6646505376344086 0.08845766129032258 0.664986559139785 0.07560483870967742 0.6683467741935485 0.060735887096774195 0.6787634408602151 0.0390625 0.7019489247311829 0.03528225806451613 0.7066532258064517 0.02721774193548387 0.7207661290322581 0.021169354838709676 0.7291666666666666 0.015372983870967742 0.7365591397849462 0.011844758064516129 0.739247311827957 0.010836693548387098 0.7452956989247312 0.010584677419354838 0.7620967741935485 0.012096774193548387 0.7725134408602151
1 0.42943548387096775 0.4213709677419355 0.4299395161290323 0.4254032258064516 0.4319556451612903 0.42775537634408606 0.4342237903225807 0.42842741935483875 0.43901209677419356 0.42775537634408606 0.44002016129032256 0.4254032258064516 0.4405241935483871 0.41397849462365593 0.4420362903225807 0.404233870967742 0.43926411290322576 0.40120967741935487 0.4339717741935484 0.40053763440860213 0.42867943548387094 0.40188172043010756 0.4254032258064516 0.4038978494623656 0.4248991935483871 0.40524193548387094 0.4246471774193548 0.4112903225806452 0.42943548387096775 0.4213709677419355
5 0.19506048387096775 0.6706989247311829 0.19480846774193547 0.6898521505376345 0.19606854838709678 0.694220430107527 0.20640120967741937 0.6959005376344086 0.20992943548387097 0.6982526881720431 0.22731854838709678 0.6982526881720431 0.24521169354838712 0.6999327956989247 0.25529233870967744 0.6992607526881721 0.2623487903225806 0.6975806451612904 0.265625 0.6995967741935485 0.2689012096774194 0.6992607526881721 0.27242943548387094 0.6948924731182795 0.27620967741935487 0.6787634408602151 0.2878024193548387 0.6670026881720431 0.2956149193548387 0.65625 0.3006552419354839 0.6522177419354839 0.30367943548387094 0.6515456989247312 0.30720766129032256 0.6475134408602151 0.31123991935483875 0.6300403225806451 0.31048387096774194 0.6135752688172043 0.3077116935483871 0.6051747311827957 0.30393145161290325 0.6011424731182795 0.29662298387096775 0.5987903225806451 0.26486895161290325 0.5954301075268817 0.26058467741935487 0.5940860215053765 0.25529233870967744 0.590725806451613 0.2512600806451613 0.5910618279569892 0.2482358870967742 0.59375 0.23487903225806453 0.5984543010752689 0.21950604838709678 0.612231182795699 0.20942540322580644 0.6229838709677419 0.20640120967741937 0.6286962365591399 0.2013608870967742 0.6431451612903226 0.19808467741935484 0.6505376344086022 0.19606854838709678 0.6528897849462366 0.19506048387096775 0.6565860215053765 0.19581653225806453 0.6656586021505376 0.19506048387096775 0.6706989247311829
1 0.5027721774193549 0.38071236559139787 0.506804435483871 0.3894489247311828 0.5080645161290323 0.39717741935483875 0.5120967741935484 0.39818548387096775 0.5128528225806451 0.3958333333333333 0.515625 0.39314516129032256 0.5194052419354839 0.38709677419354843 0.522429435483871 0.37600806451612906 0.522429435483871 0.37197580645161293 0.5204133064516129 0.37163978494623656 0.5189012096774194 0.3686155913978495 0.5189012096774194 0.3733198924731183 0.5151209677419355 0.3733198924731183 0.5126008064516129 0.37163978494623656 0.5083165322580645 0.37163978494623656 0.5055443548387097 0.37197580645161293 0.5035282258064516 0.3736559139784947 0.5025201612903226 0.37634408602150543 0.5027721774193549 0.38071236559139787
1 0.3245967741935484 0.5688844086021506 0.32787298387096775 0.5688844086021506 0.33417338709677424 0.5661962365591399 0.33845766129032256 0.5658602150537635 0.359375 0.5672043010752689 0.3629032258064516 0.5695564516129032 0.36643145161290325 0.5675403225806451 0.36920362903225806 0.5577956989247312 0.37247983870967744 0.5527553763440861 0.37676411290322576 0.549731182795699 0.3800403225806452 0.5493951612903226 0.38382056451612906 0.5460349462365591 0.3850806451612903 0.5396505376344086 0.3850806451612903 0.529233870967742 0.38356854838709675 0.5252016129032259 0.37600806451612906 0.5218413978494624 0.36643145161290325 0.5137768817204301 0.34526209677419356 0.5134408602150538 0.3399697580645161 0.5154569892473119 0.3314012096774193 0.5238575268817205 0.32787298387096775 0.529233870967742 0.3258568548387097 0.5352822580645161 0.32106854838709675 0.5403225806451614 0.31955645161290325 0.5467069892473119 0.31854838709677424 0.560483870967742 0.3245967741935484 0.5688844086021506
1 0.5572076612903226 0.3198924731182796 0.5602318548387097 0.32123655913978494 0.5645161290322581 0.322244623655914 0.5675403225806451 0.32090053763440857 0.5675403225806451 0.31619623655913975 0.5667842741935484 0.31418010752688175 0.5642641129032258 0.3125 0.5574596774193549 0.3121639784946237 0.5551915322580645 0.3168682795698925 0.5549395161290323 0.3175403225806452 0.5572076612903226 0.3198924731182796
1 0.5652721774193549 0.4038978494623656 0.5710685483870968 0.4089381720430108 0.5748487903225806 0.40826612903225806 0.579133064516129 0.4055779569892473 0.6020665322580646 0.4038978494623656 0.6048387096774194 0.4008736559139785 0.6053427419354839 0.39717741935483875 0.6050907258064515 0.3938172043010753 0.6033266129032258 0.39045698924731187 0.5917338709677419 0.38676075268817206 0.5854334677419355 0.3834005376344087 0.5690524193548387 0.3830645161290323 0.5647681451612903 0.3840725806451613 0.5630040322580645 0.38608870967741943 0.5619959677419355 0.39314516129032256 0.5594758064516129 0.3975134408602151 0.5592237903225806 0.4008736559139785 0.5652721774193549 0.4038978494623656
5 0.5834173387096774 0.30409946236559143 0.5919858870967742 0.30443548387096775 0.5932459677419355 0.30342741935483875 0.59375 0.3014112903225807 0.5932459677419355 0.29872311827956993 0.5917338709677419 0.29670698924731187 0.5892137096774194 0.2956989247311828 0.5836693548387097 0.2956989247311828 0.5819052419354839 0.29670698924731187 0.5808971774193549 0.2990591397849463 0.5814012096774194 0.30342741935483875 0.5834173387096774 0.30409946236559143
1 0.15776209677419356 0.5668682795698925 0.16129032258064516 0.5698924731182796 0.16733870967741937 0.571236559139785 0.17666330645161288 0.571236559139785 0.19606854838709678 0.5688844086021506 0.20236895161290322 0.5719086021505377 0.20640120967741937 0.5719086021505377 0.20766129032258063 0.5709005376344086 0.20992943548387097 0.5651881720430109 0.2127016129032258 0.5611559139784946 0.2205141129032258 0.5564516129032259 0.22731854838709678 0.5547715053763441 0.234375 0.550739247311828 0.23765120967741937 0.5460349462365591 0.23991935483870966 0.5396505376344086 0.24117943548387097 0.5312500000000001 0.23916330645161288 0.5225134408602151 0.23462701612903225 0.518481182795699 0.22379032258064516 0.5164650537634409 0.20967741935483872 0.5117607526881721 0.1970766129032258 0.510752688172043 0.18523185483870966 0.5114247311827957 0.17212701612903225 0.5188172043010754 0.16179435483870966 0.5295698924731183 0.15625 0.5423387096774194 0.15398185483870966 0.5514112903225806 0.15423387096774194 0.5608198924731183 0.15776209677419356 0.5668682795698925
1 0.03251008064516129 0.6448252688172043 0.036038306451612906 0.6471774193548389 0.05065524193548387 0.6491935483870969 0.06804435483870967 0.6498655913978495 0.07661290322580644 0.6498655913978495 0.08845766129032258 0.6481854838709679 0.09148185483870969 0.6518817204301075 0.09551411290322581 0.6522177419354839 0.10080645161290322 0.6475134408602151 0.10257056451612903 0.643481182795699 0.10383064516129031 0.6370967741935485 0.10584677419354839 0.6340725806451614 0.10912298387096774 0.632728494623656 0.11391129032258064 0.6283602150537635 0.12550403225806453 0.6209677419354839 0.13684475806451613 0.6149193548387097 0.140625 0.6165994623655914 0.14415322580645162 0.6162634408602151 0.1461693548387097 0.613239247311828 0.14818548387096775 0.6065188172043011 0.14894153225806453 0.5987903225806451 0.1484375 0.5897177419354839 0.1461693548387097 0.5816532258064516 0.14390120967741934 0.5793010752688172 0.13709677419354838 0.5789650537634409 0.12953629032258066 0.5762768817204301 0.11643145161290322 0.5739247311827957 0.09778225806451613 0.572244623655914 0.08014112903225808 0.5739247311827957 0.060735887096774195 0.5840053763440861 0.05745967741935484 0.5893817204301075 0.05393145161290322 0.5913978494623656 0.049899193548387094 0.5961021505376345 0.03452620967741936 0.6162634408602151 0.03150201612903226 0.6233198924731184 0.03125 0.6407930107526881 0.03251008064516129 0.6448252688172043
1 0 0.9895833333333335 0.005040322580645161 0.9889112903225807 0.009828629032258064 0.9912634408602151 0.008820564516129033 0.9926075268817205 0 0.9939516129032259 0 0.994959677419355 0.0020161290322580645 0.9939516129032259 0.0025201612903225806 0.9952956989247312 0.009072580645161291 0.9963037634408602 0.010836693548387098 0.9973118279569894 0.011592741935483871 0.9996639784946237 0.03503024193548387 0.9996639784946237 0.03503024193548387 0.9983198924731184 0.036038306451612906 0.9976478494623656 0.03704637096774194 0.9983198924731184 0.03704637096774194 0.9996639784946237 0.04889112903225806 0.9996639784946237 0.04964717741935484 0.9976478494623656 0.05090725806451613 0.9976478494623656 0.05141129032258065 0.9996639784946237 0.06905241935483872 0.9996639784946237 0.06930443548387097 0.9979838709677421 0.07207661290322581 0.9973118279569894 0.07535282258064517 0.9942876344086022 0.078125 0.9815188172043011 0.07888104838709678 0.9643817204301075 0.078125 0.9593413978494624 0.07207661290322581 0.9516129032258065 0.06476814516129033 0.9485887096774194 0.04889112903225806 0.9455645161290323 0.017389112903225805 0.9445564516129032 0.0017641129032258064 0.945228494623656 0 0.9455645161290323 0 0.9895833333333335
1 0.6643145161290323 0.32963709677419356 0.6683467741935485 0.32997311827956993 0.6789314516129032 0.32930107526881724 0.6804435483870968 0.32795698924731187 0.6809475806451614 0.32358870967741943 0.680695564516129 0.32090053763440857 0.6789314516129032 0.3192204301075269 0.6693548387096775 0.3175403225806452 0.665070564516129 0.31955645161290325 0.6628024193548386 0.32459677419354843 0.6625504032258065 0.32829301075268824 0.6643145161290323 0.32963709677419356
1 0.49117943548387094 0.4240591397849463 0.49848790322580644 0.4250672043010753 0.5035282258064516 0.4270833333333333 0.5113407258064516 0.43884408602150543 0.5141129032258065 0.4408602150537635 0.5189012096774194 0.4401881720430108 0.522429435483871 0.43245967741935487 0.5234375 0.41700268817204306 0.5191532258064516 0.40826612903225806 0.5136088709677419 0.40288978494623656 0.5120967741935484 0.40255376344086025 0.4977318548387097 0.40692204301075274 0.49470766129032256 0.4089381720430108 0.49092741935483875 0.41498655913978494 0.49042338709677424 0.4223790322580645 0.49117943548387094 0.4240591397849463
1 0.5141129032258065 0.404233870967742 0.5209173387096774 0.41196236559139787 0.5246975806451613 0.4210349462365592 0.5332661290322581 0.42204301075268824 0.5395665322580645 0.41801075268817206 0.5420866935483871 0.4143145161290323 0.5428427419354839 0.40793010752688175 0.5423387096774194 0.4049059139784947 0.5408266129032258 0.39818548387096775 0.5388104838709677 0.3951612903225807 0.5327620967741935 0.39348118279569894 0.5257056451612903 0.39314516129032256 0.5194052419354839 0.394489247311828 0.514616935483871 0.39784946236559143 0.5131048387096774 0.4008736559139785 0.5141129032258065 0.404233870967742
1 0.6108870967741935 0.5645161290322581 0.6118951612903225 0.5678763440860215 0.6141633064516129 0.5709005376344086 0.6134072580645161 0.581989247311828 0.6146673387096775 0.5897177419354839 0.6149193548387096 0.6068548387096775 0.6154233870967742 0.6098790322580646 0.6171875 0.6129032258064517 0.6224798387096775 0.6162634408602151 0.6683467741935485 0.6176075268817205 0.670866935483871 0.6155913978494624 0.671875 0.6129032258064517 0.6713709677419355 0.5890456989247312 0.6683467741935485 0.5709005376344086 0.6711189516129032 0.5675403225806451 0.6721270161290323 0.5641801075268817 0.6670866935483871 0.5611559139784946 0.665070564516129 0.5584677419354839 0.6622983870967742 0.5467069892473119 0.6595262096774194 0.5396505376344086 0.6570060483870968 0.5359543010752689 0.6512096774193549 0.5332661290322581 0.6295362903225806 0.532258064516129 0.6189516129032258 0.5356182795698925 0.616179435483871 0.539986559139785 0.6151713709677419 0.5433467741935485 0.6131552419354839 0.5567876344086022 0.6108870967741935 0.5645161290322581
1 0.5826612903225806 0.4633736559139785 0.584929435483871 0.46875 0.5831653225806451 0.47983870967741943 0.5834173387096774 0.49563172043010756 0.5841733870967742 0.4983198924731183 0.584929435483871 0.4993279569892473 0.5914818548387097 0.4976478494623656 0.6129032258064515 0.49731182795698925 0.6156754032258065 0.49899193548387105 0.6197076612903225 0.4986559139784947 0.6214717741935485 0.49495967741935487 0.6247479838709677 0.47076612903225806 0.6244959677419355 0.46270161290322587 0.6232358870967742 0.4553091397849463 0.6197076612903225 0.44623655913978494 0.6159274193548386 0.4425403225806452 0.6073588709677419 0.44119623655913986 0.5990423387096775 0.4415322580645161 0.5952620967741935 0.44455645161290325 0.5879536290322581 0.4600134408602151 0.5826612903225806 0.4633736559139785
1 0.48361895161290325 0.41801075268817206 0.48361895161290325 0.42170698924731187 0.4876512096774193 0.4227150537634409 0.4921875 0.40994623655913986 0.49395161290322576 0.40759408602150543 0.4944556451612903 0.404233870967742 0.49117943548387094 0.40020161290322587 0.4866431451612903 0.3968413978494624 0.4803427419354839 0.3961693548387097 0.47782258064516125 0.3975134408602151 0.47757056451612906 0.40120967741935487 0.48361895161290325 0.41801075268817206
1 0.25756048387096775 0.8188844086021506 0.2595766129032258 0.8215725806451614 0.26486895161290325 0.8229166666666666 0.2746975806451613 0.8229166666666666 0.2830141129032258 0.8249327956989247 0.2973790322580645 0.8252688172043011 0.31955645161290325 0.8249327956989247 0.3316532258064516 0.821236559139785 0.33492943548387094 0.8185483870967742 0.3389616935483871 0.8128360215053765 0.34223790322580644 0.8034274193548389 0.34299395161290325 0.7953629032258065 0.34475806451612906 0.7876344086021506 0.3558467741935484 0.7688172043010753 0.3631552419354839 0.7513440860215055 0.3639112903225807 0.7473118279569894 0.36794354838709675 0.7422715053763441 0.36970766129032256 0.7379032258064517 0.3714717741935484 0.7261424731182795 0.3714717741935484 0.7194220430107527 0.3704637096774193 0.7096774193548389 0.3671875 0.696236559139785 0.3626512096774193 0.6928763440860216 0.3566028225806452 0.6915322580645161 0.34223790322580644 0.6898521505376345 0.32736895161290325 0.6901881720430109 0.30720766129032256 0.6938844086021505 0.3004032258064516 0.6985887096774194 0.28654233870967744 0.7056451612903226 0.28402217741935487 0.7096774193548389 0.28150201612903225 0.7170698924731184 0.2774697580645161 0.7227822580645161 0.27444556451612906 0.7345430107526882 0.27242943548387094 0.737231182795699 0.2701612903225806 0.7442876344086022 0.26587701612903225 0.7516801075268817 0.2638608870967742 0.7584005376344086 0.25756048387096775 0.7691532258064517 0.2547883064516129 0.776209677419355 0.2537802419354839 0.7825940860215055 0.2540322580645161 0.8040994623655914 0.25756048387096775 0.8188844086021506
1 0.43548387096774194 0.5131048387096775 0.4430443548387097 0.5137768817204301 0.4480846774193548 0.5110887096774194 0.453125 0.510752688172043 0.45917338709677424 0.5131048387096775 0.46673387096774194 0.5134408602150538 0.47051411290322576 0.518481182795699 0.4737903225806452 0.5127688172043011 0.47505040322580644 0.5060483870967742 0.4765625 0.5040322580645161 0.4816028225806452 0.5016801075268817 0.48286290322580644 0.49899193548387105 0.4838709677419355 0.49495967741935487 0.4838709677419355 0.48454301075268824 0.4810987903225807 0.4727822580645161 0.47479838709677424 0.46438172043010756 0.47076612903225806 0.4620295698924732 0.4564012096774193 0.4620295698924732 0.4458165322580645 0.46538978494623656 0.4412802419354839 0.47009408602150543 0.4347278225806452 0.48420698924731187 0.4327116935483871 0.4946236559139785 0.4324596774193548 0.508736559139785 0.43548387096774194 0.5131048387096775
1 0.03351814516129032 0.8995295698924731 0.036290322580645164 0.9049059139784946 0.04334677419354839 0.9086021505376345 0.10584677419354839 0.9122983870967742 0.11617943548387097 0.9106182795698926 0.1202116935483871 0.9079301075268817 0.13230846774193547 0.895497311827957 0.13684475806451613 0.8918010752688174 0.14213709677419356 0.8904569892473119 0.14818548387096775 0.8850806451612904 0.15196572580645162 0.8800403225806451 0.15902217741935484 0.8618951612903226 0.16179435483870966 0.8588709677419355 0.16633064516129034 0.850470430107527 0.17893145161290322 0.832997311827957 0.18397177419354838 0.8232526881720431 0.19153225806451615 0.8138440860215055 0.20236895161290322 0.7977150537634409 0.21396169354838712 0.7866263440860216 0.21748991935483872 0.7758736559139785 0.21875 0.7654569892473119 0.21950604838709678 0.7446236559139785 0.21748991935483872 0.7368951612903226 0.21169354838709678 0.7298387096774194 0.20640120967741937 0.7268145161290323 0.19077620967741937 0.7234543010752689 0.17515120967741937 0.7234543010752689 0.1544858870967742 0.7268145161290323 0.14415322580645162 0.7321908602150538 0.13634072580645162 0.7389112903225807 0.11995967741935483 0.7426075268817205 0.11189516129032258 0.7463037634408602 0.10685483870967742 0.7526881720430109 0.09551411290322581 0.7637768817204302 0.08341733870967742 0.7782258064516129 0.06048387096774194 0.8121639784946237 0.05065524193548387 0.8286290322580646 0.04611895161290322 0.8343413978494624 0.038558467741935484 0.850470430107527 0.03528225806451613 0.8551747311827957 0.03326612903225806 0.8672715053763441 0.03150201612903226 0.8726478494623656 0.03125 0.8881048387096775 0.03351814516129032 0.8995295698924731
1 0.609375 0.32022849462365593 0.6156754032258065 0.32022849462365593 0.6184475806451614 0.31787634408602156 0.618195564516129 0.31149193548387094 0.6171875 0.30880376344086025 0.6154233870967742 0.30745967741935487 0.6121471774193549 0.30678763440860213 0.609375 0.30846774193548393 0.6073588709677419 0.31418010752688175 0.6071068548387096 0.3175403225806452 0.609375 0.32022849462365593
1 0.6769153225806451 0.3420698924731183 0.6822076612903225 0.34744623655913975 0.694304435483871 0.3481182795698925 0.6958165322580646 0.3477822580645161 0.6970766129032258 0.34543010752688175 0.696320564516129 0.3373655913978495 0.6925403225806451 0.3323252688172043 0.6837197580645161 0.3326612903225807 0.678679435483871 0.33534946236559143 0.6769153225806451 0.3383736559139785 0.6769153225806451 0.3420698924731183
5 0.23487903225806453 0.5678763440860215 0.23765120967741937 0.571236559139785 0.2517641129032258 0.573252688172043 0.2774697580645161 0.5729166666666667 0.2830141129032258 0.5752688172043011 0.28654233870967744 0.5725806451612904 0.28881048387096775 0.5641801075268817 0.29158266129032256 0.560483870967742 0.3019153225806452 0.551747311827957 0.31123991935483875 0.5487231182795699 0.31350806451612906 0.5403225806451614 0.3130040322580645 0.529233870967742 0.31048387096774194 0.5225134408602151 0.3004032258064516 0.5178091397849462 0.2935987903225806 0.5157930107526882 0.28654233870967744 0.5151209677419355 0.27923387096774194 0.5124327956989247 0.2716733870967742 0.5120967741935485 0.2651209677419355 0.5131048387096775 0.25856854838709675 0.5164650537634409 0.2482358870967742 0.5275537634408602 0.23941532258064516 0.5436827956989247 0.23664314516129034 0.5470430107526882 0.23563508064516128 0.5500672043010754 0.23462701612903225 0.5658602150537635 0.23487903225806453 0.5678763440860215
1 0.13482862903225806 0.9996639784946237 0.1350806451612903 0.9976478494623656 0.13986895161290322 0.9963037634408602 0.14919354838709678 0.9976478494623656 0.14969758064516128 0.9996639784946237 0.15196572580645162 0.9996639784946237 0.15196572580645162 0.9983198924731184 0.1537298387096774 0.9973118279569894 0.15524193548387097 0.9976478494623656 0.15549395161290322 0.9996639784946237 0.20110887096774194 0.9996639784946237 0.20110887096774194 0.9979838709677421 0.20211693548387097 0.9973118279569894 0.20992943548387097 0.9973118279569894 0.21144153225806453 0.9983198924731184 0.21144153225806453 0.9996639784946237 0.2247983870967742 0.9996639784946237 0.22530241935483872 0.9976478494623656 0.22757056451612903 0.9963037634408602 0.22883064516129034 0.9979838709677421 0.22883064516129034 0.9996639784946237 0.23639112903225806 0.9996639784946237 0.23639112903225806 0.9983198924731184 0.23765120967741937 0.996975806451613 0.24722782258064516 0.9976478494623656 0.25100806451612906 0.9963037634408602 0.25504032258064513 0.9936155913978495 0.2600806451612903 0.9875672043010754 0.2638608870967742 0.9781586021505377 0.26764112903225806 0.9606854838709679 0.2691532258064516 0.956989247311828 0.2704133064516129 0.9472446236559141 0.2711693548387097 0.9237231182795699 0.2689012096774194 0.9082661290322581 0.2626008064516129 0.9015456989247312 0.24798387096774194 0.8938172043010754 0.22782258064516128 0.8891129032258065 0.20388104838709678 0.8911290322580646 0.17540322580645162 0.8998655913978495 0.16431451612903225 0.907258064516129 0.16078629032258063 0.9112903225806451 0.15574596774193547 0.9200268817204302 0.15221774193548387 0.9230510752688174 0.14390120967741934 0.9287634408602151 0.1297883064516129 0.934475806451613 0.12878024193548387 0.9358198924731184 0.12878024193548387 0.9395161290322581 0.1310483870967742 0.946236559139785 0.12449596774193548 0.9586693548387097 0.11164314516129031 0.9771505376344087 0.10861895161290322 0.9845430107526882 0.10307459677419356 0.9942876344086022 0.1015625 0.9996639784946237 0.13482862903225806 0.9996639784946237
1 0.6794354838709677 0.39045698924731187 0.6955645161290323 0.3914650537634409 0.6985887096774194 0.39045698924731187 0.6988407258064515 0.3823924731182796 0.6980846774193549 0.37668010752688175 0.696320564516129 0.37197580645161293 0.6932963709677419 0.3686155913978495 0.6849798387096775 0.3679435483870968 0.6809475806451614 0.36895161290322587 0.678679435483871 0.37197580645161293 0.6776713709677419 0.37869623655913975 0.6776713709677419 0.38709677419354843 0.6794354838709677 0.39045698924731187
2 0.8870967741935485 0.48622311827956993 0.8870967741935485 0.4912634408602151 0.8886088709677419 0.5006720430107527 0.8886088709677419 0.5168010752688172 0.8888608870967742 0.5188172043010754 0.8903729838709677 0.5198252688172044 0.8939012096774194 0.5174731182795699 0.8949092741935485 0.5080645161290323 0.8989415322580646 0.4946236559139785 0.899445564516129 0.4889112903225807 0.8959173387096775 0.47345430107526887 0.8933971774193549 0.47110215053763443 0.8908770161290323 0.4721102150537635 0.889616935483871 0.4737903225806452 0.8893649193548386 0.4778225806451613 0.8870967741935485 0.48622311827956993
2 0.12273185483870969 0.5554435483870969 0.12575604838709678 0.560483870967742 0.12651209677419356 0.5635080645161291 0.13029233870967744 0.5621639784946237 0.13356854838709678 0.5675403225806451 0.13709677419354838 0.5698924731182796 0.14415322580645162 0.5668682795698925 0.1466733870967742 0.5601478494623656 0.14692540322580644 0.5504032258064516 0.14415322580645162 0.5483870967741935 0.14087701612903225 0.5430107526881721 0.13029233870967744 0.5339381720430109 0.12928427419354838 0.5325940860215054 0.12777217741935484 0.5258736559139785 0.125 0.5258736559139785 0.12323588709677419 0.5285618279569892 0.12121975806451613 0.5376344086021506 0.12147177419354839 0.550739247311828 0.12273185483870969 0.5554435483870969
2 0.9044858870967742 0.501008064516129 0.9049899193548386 0.5174731182795699 0.905241935483871 0.5188172043010754 0.9077620967741935 0.519489247311828 0.9140625 0.5043682795698925 0.9160786290322581 0.4922715053763441 0.9160786290322581 0.48420698924731187 0.9135584677419355 0.4778225806451613 0.9128024193548386 0.4731182795698925 0.9112903225806451 0.47043010752688175 0.9080141129032258 0.4727822580645161 0.9065020161290323 0.478494623655914 0.9027217741935485 0.4852150537634409 0.9022177419354839 0.4922715053763441 0.9044858870967742 0.501008064516129
2 0.19934475806451615 0.5040322580645161 0.203125 0.508736559139785 0.21496975806451615 0.5120967741935485 0.21799395161290322 0.5117607526881721 0.21799395161290322 0.508736559139785 0.21950604838709678 0.5053763440860215 0.21799395161290322 0.49428763440860224 0.21723790322580644 0.4912634408602151 0.21144153225806453 0.4835349462365592 0.2091733870967742 0.4761424731182796 0.20614919354838712 0.47513440860215056 0.20362903225806453 0.4771505376344087 0.2013608870967742 0.4825268817204301 0.19959677419354838 0.48420698924731187 0.19682459677419356 0.4946236559139785 0.19657258064516128 0.4983198924731183 0.19934475806451615 0.5040322580645161
2 0.1454133064516129 0.5235215053763441 0.15398185483870966 0.5252016129032259 0.15776209677419356 0.5285618279569892 0.16129032258064516 0.5278897849462366 0.16280241935483872 0.5258736559139785 0.16129032258064516 0.519489247311828 0.15625 0.5120967741935485 0.15675403225806453 0.5077284946236559 0.15473790322580644 0.5036962365591399 0.15070564516129034 0.5033602150537635 0.14969758064516128 0.5043682795698925 0.1484375 0.5117607526881721 0.14516129032258066 0.519489247311828 0.14465725806451613 0.5225134408602151 0.1454133064516129 0.5235215053763441
2 0.9889112903225806 0.5695564516129032 0.9871471774193549 0.5749327956989247 0.9881552419354839 0.5779569892473119 0.9909274193548386 0.5789650537634409 0.9944556451612904 0.5786290322580646 0.9957157258064515 0.5776209677419355 0.9964717741935485 0.5745967741935485 0.9974798387096775 0.559475806451613 0.9982358870967742 0.5574596774193549 0.9997479838709677 0.5574596774193549 0.9997479838709677 0.5168010752688172 0.9942036290322581 0.5178091397849462 0.9924395161290323 0.5255376344086022 0.9881552419354839 0.5329301075268817 0.9873991935483871 0.5376344086021506 0.9889112903225806 0.5564516129032259 0.9889112903225806 0.5695564516129032
2 0.4344758064516129 0.478494623655914 0.43573588709677424 0.47950268817204306 0.44455645161290325 0.46370967741935487 0.44329637096774194 0.44926075268817206 0.4422883064516129 0.447244623655914 0.4402721774193548 0.4455645161290323 0.43876008064516125 0.4455645161290323 0.43573588709677424 0.4506048387096775 0.4329637096774193 0.46068548387096775 0.4337197580645161 0.4761424731182796 0.4344758064516129 0.478494623655914
2 0.4251512096774193 0.5077284946236559 0.42943548387096775 0.5020161290322581 0.4296875 0.4983198924731183 0.43220766129032256 0.49563172043010756 0.4334677419354839 0.4879032258064516 0.4329637096774193 0.47983870967741943 0.43069556451612906 0.47412634408602156 0.43044354838709675 0.47009408602150543 0.4291834677419355 0.4684139784946237 0.4254032258064516 0.4684139784946237 0.4241431451612903 0.47009408602150543 0.42162298387096775 0.48084677419354843 0.42162298387096775 0.49193548387096775 0.4251512096774193 0.5077284946236559
2 0.741179435483871 0.41196236559139787 0.7447076612903225 0.4166666666666667 0.7479838709677419 0.4102822580645161 0.7497479838709677 0.4045698924731183 0.75 0.394489247311828 0.7482358870967742 0.3897849462365592 0.7447076612903225 0.38575268817204306 0.741179435483871 0.39045698924731187 0.7399193548387096 0.3975134408602151 0.7396673387096775 0.40288978494623656 0.741179435483871 0.41196236559139787
4 0.3253528225806452 0.6683467741935485 0.3314012096774193 0.6754032258064517 0.34248991935483875 0.6737231182795699 0.3571068548387097 0.6740591397849462 0.3772681451612903 0.6727150537634409 0.3800403225806452 0.6730510752688171 0.3823084677419355 0.6754032258064517 0.3868447580645161 0.6777553763440861 0.3908770161290323 0.6774193548387097 0.39264112903225806 0.675739247311828 0.3941532258064516 0.6720430107526882 0.3951612903225807 0.6532258064516129 0.39667338709677424 0.6475134408602151 0.4012096774193548 0.6421370967741936 0.4057459677419355 0.6330645161290323 0.40776209677419356 0.6303763440860215 0.41305443548387094 0.6270161290322581 0.41507056451612906 0.6229838709677419 0.41582661290322576 0.6018145161290323 0.41481854838709675 0.5890456989247312 0.4135584677419355 0.5853494623655914 0.4100302419354839 0.5813172043010754 0.4007056451612903 0.5789650537634409 0.3928931451612903 0.5752688172043011 0.36517137096774194 0.5752688172043011 0.3555947580645161 0.5779569892473119 0.3492943548387097 0.5843413978494625 0.34375 0.5930779569892474 0.34173387096774194 0.5974462365591399 0.33744959677419356 0.6152553763440861 0.32938508064516125 0.6266801075268817 0.3238407258064516 0.6364247311827957 0.32157258064516125 0.643481182795699 0.32182459677419356 0.6538978494623656 0.3253528225806452 0.6683467741935485
5 0.421875 0.37600806451612906 0.4327116935483871 0.37701612903225806 0.43497983870967744 0.37063172043010756 0.4332157258064516 0.363239247311828 0.42893145161290325 0.3598790322580645 0.421875 0.3598790322580645 0.42111895161290325 0.36088709677419356 0.42061491935483875 0.3696236559139785 0.421875 0.37600806451612906
0 0 0.4899193548387097 0 0.5863575268817205 0.005292338709677419 0.5860215053763441 0.03881048387096774 0.5900537634408602 0.05015120967741935 0.5900537634408602 0.05493951612903226 0.5880376344086022 0.060735887096774195 0.581989247311828 0.06754032258064516 0.5793010752688172 0.07636088709677419 0.573252688172043 0.0811491935483871 0.5715725806451614 0.09450604838709678 0.5695564516129032 0.10483870967741936 0.571236559139785 0.11013104838709678 0.5705645161290323 0.11290322580645161 0.5682123655913979 0.11491935483870969 0.5635080645161291 0.1159274193548387 0.5601478494623656 0.11643145161290322 0.5514112903225806 0.11970766129032258 0.5493951612903226 0.11970766129032258 0.5426747311827957 0.11769153225806452 0.5396505376344086 0.11970766129032258 0.5372983870967742 0.12247983870967742 0.5285618279569892 0.1237399193548387 0.5268817204301075 0.12701612903225806 0.5248655913978495 0.13029233870967744 0.5285618279569892 0.1328125 0.5262096774193549 0.14138104838709678 0.5231854838709677 0.14440524193548387 0.5198252688172044 0.14642137096774194 0.5157930107526882 0.14919354838709678 0.5057123655913979 0.1509576612903226 0.5030241935483871 0.15423387096774194 0.5033602150537635 0.15599798387096775 0.5053763440860215 0.15725806451612903 0.5084005376344086 0.15776209677419356 0.5131048387096775 0.16481854838709678 0.5228494623655914 0.17489919354838712 0.5141129032258065 0.1857358870967742 0.5073924731182796 0.18800403225806453 0.5084005376344086 0.19254032258064516 0.5073924731182796 0.19858870967741937 0.48084677419354843 0.20110887096774194 0.4768145161290323 0.20791330645161288 0.4737903225806452 0.21043346774193547 0.46572580645161293 0.21068548387096775 0.4586693548387097 0.20665322580645162 0.43884408602150543 0.20514112903225806 0.43413978494623656 0.203125 0.4311155913978495 0.17918346774193547 0.42842741935483875 0.16960685483870966 0.4287634408602151 0.1544858870967742 0.43145161290322587 0.14768145161290322 0.43649193548387105 0.13810483870967744 0.4401881720430108 0.11466733870967742 0.4459005376344087 0.10105846774193548 0.45430107526881724 0.08266129032258064 0.45967741935483875 0.05796370967741935 0.46942204301075274 0.036290322580645164 0.4731182795698925 0.02620967741935484 0.4801747311827957 0 0.4899193548387097
0 0.36643145161290325 0.38575268817204306 0.3714717741935484 0.394489247311828 0.37651209677419356 0.3995295698924732 0.3833165322580645 0.4008736559139785 0.3865927419354839 0.40255376344086025 0.3911290322580645 0.40221774193548393 0.3946572580645161 0.3985215053763441 0.39692540322580644 0.3941532258064516 0.39994959677419356 0.3914650537634409 0.4085181451612903 0.38911290322580644 0.41330645161290325 0.38104838709677424 0.41985887096774194 0.37634408602150543 0.42061491935483875 0.37063172043010756 0.4185987903225807 0.3484543010752688 0.41481854838709675 0.34543010752688175 0.3928931451612903 0.3481182795698925 0.36567540322580644 0.3585349462365592 0.35836693548387094 0.3629032258064516 0.35861895161290325 0.3800403225806452 0.36643145161290325 0.38575268817204306
6 0.4800907258064516 0.39784946236559143 0.4881552419354839 0.39885752688172044 0.4944556451612903 0.40625 0.49924395161290325 0.4045698924731183 0.5012600806451613 0.40255376344086025 0.5070564516129032 0.4008736559139785 0.5083165322580645 0.3938172043010753 0.5065524193548387 0.38743279569892475 0.5032762096774194 0.38272849462365593 0.5022681451612903 0.37600806451612906 0.5007560483870968 0.3726478494623656 0.4949596774193548 0.3702956989247312 0.4808467741935484 0.37163978494623656 0.4768145161290323 0.37600806451612906 0.47580645161290325 0.3800403225806452 0.47580645161290325 0.3938172043010753 0.4800907258064516 0.39784946236559143
1 0.5987903225806451 0.31048387096774194 0.6018145161290323 0.31149193548387094 0.6063508064516129 0.31149193548387094 0.6078629032258065 0.31048387096774194 0.6091229838709677 0.30342741935483875 0.608366935483871 0.30006720430107525 0.6066028225806451 0.29838709677419356 0.6020665322580646 0.2977150537634409 0.5992943548387096 0.29973118279569894 0.5980342741935485 0.3024193548387097 0.5977822580645161 0.3054435483870968 0.5987903225806451 0.31048387096774194
6 0.6194556451612904 0.4045698924731183 0.6197076612903225 0.42842741935483875 0.6227318548387096 0.43010752688172044 0.6393649193548386 0.43010752688172044 0.6439012096774194 0.4321236559139785 0.6459173387096775 0.42607526881720437 0.6466733870967742 0.4109543010752688 0.6479334677419355 0.40793010752688175 0.647429435483871 0.39818548387096775 0.6449092741935485 0.3840725806451613 0.6439012096774194 0.38272849462365593 0.641633064516129 0.3823924731182796 0.6229838709677419 0.3823924731182796 0.6214717741935485 0.3834005376344087 0.6202116935483871 0.3894489247311828 0.6222278225806451 0.4008736559139785 0.6194556451612904 0.4045698924731183
6 0.4329637096774193 0.37668010752688175 0.4352318548387097 0.38037634408602156 0.43901209677419356 0.38272849462365593 0.4533770161290323 0.3790322580645161 0.45514112903225806 0.37668010752688175 0.4553931451612903 0.3733198924731183 0.4574092741935484 0.36995967741935487 0.45967741935483875 0.363239247311828 0.45917338709677424 0.3581989247311828 0.4566532258064516 0.353494623655914 0.4498487903225807 0.3518145161290323 0.43876008064516125 0.3528225806451613 0.4339717741935484 0.35584677419354843 0.43119959677419356 0.3588709677419355 0.4332157258064516 0.3655913978494624 0.4329637096774193 0.37668010752688175
6 0.23235887096774194 0.4459005376344087 0.23462701612903225 0.4566532258064516 0.22731854838709678 0.466733870967742 0.22605846774193547 0.47009408602150543 0.22631048387096775 0.4737903225806452 0.22883064516129034 0.4778225806451613 0.23059475806451615 0.4835349462365592 0.22983870967741937 0.4922715053763441 0.2318548387096774 0.5043682795698925 0.23311491935483872 0.5063844086021506 0.23714717741935484 0.5084005376344086 0.2517641129032258 0.508736559139785 0.2547883064516129 0.5067204301075269 0.25856854838709675 0.5063844086021506 0.2623487903225806 0.5070564516129032 0.26537298387096775 0.5090725806451614 0.2794858870967742 0.509744623655914 0.28049395161290325 0.5084005376344086 0.2807459677419355 0.49899193548387105 0.28225806451612906 0.49092741935483875 0.2850302419354839 0.4835349462365592 0.2895665322580645 0.4778225806451613 0.3001512096774193 0.4721102150537635 0.30670362903225806 0.456989247311828 0.3097278225806452 0.45430107526881724 0.32106854838709675 0.44959677419354843 0.3248487903225807 0.4459005376344087 0.3253528225806452 0.4425403225806452 0.3235887096774193 0.43850806451612906 0.3225806451612903 0.4327956989247312 0.32283266129032256 0.4176747311827957 0.3208165322580645 0.4146505376344087 0.3127520161290323 0.4129704301075269 0.28931451612903225 0.4129704301075269 0.2794858870967742 0.4153225806451613 0.2704133064516129 0.41162634408602156 0.2583165322580645 0.4129704301075269 0.25529233870967744 0.41196236559139787 0.2535282258064516 0.40826612903225806 0.2517641129032258 0.40692204301075274 0.23714717741935484 0.40658602150537637 0.23387096774193547 0.40759408602150543 0.23387096774193547 0.4143145161290323 0.23765120967741937 0.42170698924731187 0.2361391129032258 0.4264112903225807 0.22883064516129034 0.4358198924731183 0.22883064516129034 0.43918010752688175 0.23235887096774194 0.4459005376344087
6 0.5506552419354839 0.33400537634408606 0.5541834677419355 0.33467741935483875 0.5564516129032258 0.33803763440860213 0.5572076612903226 0.3413978494623656 0.5582157258064516 0.34005376344086025 0.5630040322580645 0.33803763440860213 0.5652721774193549 0.3350134408602151 0.5675403225806451 0.32426075268817206 0.5650201612903226 0.32090053763440857 0.5602318548387097 0.32022849462365593 0.5572076612903226 0.31854838709677424 0.5516633064516129 0.3205645161290323 0.5491431451612903 0.32661290322580644 0.5486391129032258 0.3316532258064516 0.5506552419354839 0.33400537634408606
3 0.28326612903225806 0.5120967741935485 0.2867943548387097 0.5147849462365591 0.3004032258064516 0.5161290322580646 0.3024193548387097 0.5124327956989247 0.3006552419354839 0.5003360215053764 0.2971270161290323 0.49630376344086025 0.2935987903225806 0.4976478494623656 0.28629032258064513 0.49697580645161293 0.2830141129032258 0.5016801075268817 0.2825100806451613 0.5043682795698925 0.28225806451612906 0.5084005376344086 0.28326612903225806 0.5120967741935485
3 0.11643145161290322 0.571236559139785 0.1171875 0.5725806451612904 0.1202116935483871 0.5739247311827957 0.13256048387096775 0.5759408602150538 0.14415322580645162 0.5759408602150538 0.14742943548387097 0.5745967741935485 0.14969758064516128 0.571236559139785 0.15196572580645162 0.5638440860215054 0.15196572580645162 0.5601478494623656 0.1509576612903226 0.5571236559139785 0.1509576612903226 0.5500672043010754 0.14768145161290322 0.5490591397849462 0.1466733870967742 0.5463709677419355 0.14415322580645162 0.5446908602150538 0.14314516129032256 0.5467069892473119 0.14390120967741934 0.5493951612903226 0.1436491935483871 0.5544354838709677 0.14037298387096775 0.5588037634408602 0.1297883064516129 0.5577956989247312 0.12651209677419356 0.5561155913978495 0.12298387096774194 0.5524193548387097 0.11869959677419356 0.5554435483870969 0.1171875 0.560483870967742 0.11643145161290322 0.5678763440860215 0.11643145161290322 0.571236559139785
3 0.7174899193548386 0.3800403225806452 0.7202620967741935 0.38138440860215056 0.7242943548387096 0.38037634408602156 0.725554435483871 0.37701612903225806 0.725554435483871 0.372983870967742 0.7242943548387096 0.36928763440860213 0.7202620967741935 0.36760752688172044 0.7172379032258065 0.36928763440860213 0.7164818548387096 0.37096774193548393 0.7162298387096775 0.37533602150537637 0.7174899193548386 0.3800403225806452
3 0.4251512096774193 0.5147849462365591 0.4319556451612903 0.5137768817204301 0.4329637096774193 0.5120967741935485 0.4329637096774193 0.49731182795698925 0.43220766129032256 0.4922715053763441 0.4299395161290323 0.4936155913978495 0.42263104838709675 0.4946236559139785 0.42162298387096775 0.49697580645161293 0.42162298387096775 0.5120967741935485 0.4251512096774193 0.5147849462365591