8 0.41171875 0.3847222222222222 0.41015625 0.3694444444444444 0.39921875 0.3722222222222222 0.39921875 0.38611111111111107 0.41171875 0.3847222222222222
8 0.48828125 0.6680555555555555 0.52890625 0.6666666666666666 0.52890625 0.6083333333333334 0.5125000000000001 0.5625 0.48046875 0.561111111111111 0.47734375 0.5763888888888888 0.4765625 0.623611111111111 0.48828125 0.6680555555555555
8 0.4109375 0.38611111111111107 0.4109375 0.3638888888888889 0.4078125 0.3583333333333333 0.39921875 0.3611111111111111 0.3984375 0.3833333333333333 0.4109375 0.38611111111111107
1 0.42109375000000004 0.4666666666666667 0.42421875000000003 0.46249999999999997 0.4234375 0.4444444444444444 0.41875 0.4347222222222222 0.41015625 0.4333333333333333 0.40468750000000003 0.44027777777777777 0.40468750000000003 0.4652777777777778 0.42109375000000004 0.4666666666666667
1 0.42734375 0.3388888888888889 0.42500000000000004 0.3305555555555555 0.41953125 0.3305555555555555 0.41953125 0.3388888888888889 0.42734375 0.3388888888888889
1 0.36328125 0.5680555555555555 0.36562500000000003 0.5291666666666667 0.35781250000000003 0.5222222222222223 0.3453125 0.5222222222222223 0.3359375 0.5319444444444444 0.33515625000000004 0.5708333333333333 0.36328125 0.5680555555555555
1 0.26562500000000006 0.3902777777777778 0.278125 0.3819444444444444 0.27656250000000004 0.3763888888888889 0.26953125000000006 0.3708333333333333 0.2625 0.375 0.26171875000000006 0.38611111111111107 0.26562500000000006 0.3902777777777778
1 0.37734375000000003 0.3430555555555555 0.38125000000000003 0.3388888888888889 0.3796875 0.3263888888888889 0.3765625 0.32916666666666666 0.37265625 0.3416666666666667 0.37734375000000003 0.3430555555555555
1 0.3796875 0.3833333333333333 0.38046875 0.3666666666666667 0.371875 0.3680555555555556 0.36953125000000003 0.3819444444444444 0.3796875 0.3833333333333333
1 0.36875 0.32361111111111107 0.36875 0.31666666666666665 0.3640625 0.31666666666666665 0.3640625 0.32361111111111107 0.36875 0.32361111111111107
1 0.6820312500000001 0.9222222222222222 0.6937500000000001 0.9375 0.71875 0.9944444444444444 0.7984375 0.998611111111111 0.79609375 0.9763888888888889 0.7828125 0.9402777777777778 0.77890625 0.9180555555555555 0.7515625 0.8624999999999999 0.72578125 0.8277777777777777 0.7195312500000001 0.8236111111111112 0.69453125 0.8263888888888888 0.6820312500000001 0.85 0.67890625 0.8680555555555556 0.6781250000000001 0.8902777777777777 0.6820312500000001 0.9222222222222222
1 0.43125 0.4347222222222222 0.44609375 0.4319444444444444 0.44609375 0.4208333333333333 0.44140625 0.4097222222222222 0.43515625 0.4083333333333333 0.4296875 0.41805555555555557 0.42890625000000004 0.4319444444444444 0.43125 0.4347222222222222
1 0.21015625000000002 0.39999999999999997 0.21796875000000002 0.3958333333333333 0.22734375 0.3819444444444444 0.22031250000000002 0.37777777777777777 0.2109375 0.38611111111111107 0.20546875 0.3972222222222222 0.21015625000000002 0.39999999999999997
1 0.16484375 0.8152777777777778 0.1796875 0.8069444444444444 0.21015625000000002 0.8041666666666666 0.22031250000000002 0.8097222222222222 0.22421875000000002 0.8013888888888888 0.225 0.7833333333333333 0.24140625000000002 0.7527777777777778 0.23984375000000002 0.7166666666666666 0.234375 0.7111111111111111 0.21640625000000002 0.7111111111111111 0.184375 0.7180555555555556 0.1765625 0.7263888888888889 0.16171875000000002 0.7708333333333334 0.1609375 0.7972222222222222 0.16484375 0.8152777777777778
1 0.36640625000000004 0.3611111111111111 0.36640625000000004 0.35 0.36250000000000004 0.3472222222222222 0.359375 0.35138888888888886 0.359375 0.3611111111111111 0.36640625000000004 0.3611111111111111
1 0.3828125 0.3541666666666667 0.38359375 0.3444444444444444 0.3796875 0.3388888888888889 0.37578125 0.3402777777777778 0.37578125 0.3527777777777778 0.3828125 0.3541666666666667
1 0.35703125 0.32916666666666666 0.35546875 0.3222222222222222 0.3515625 0.3222222222222222 0.35078125000000004 0.3305555555555555 0.35703125 0.32916666666666666
1 0.37578125 0.425 0.37343750000000003 0.4027777777777778 0.36328125 0.4013888888888889 0.359375 0.4083333333333333 0.359375 0.42777777777777776 0.37578125 0.425
1 0.32343750000000004 0.4583333333333333 0.34218750000000003 0.45416666666666666 0.34296875000000004 0.44027777777777777 0.33906250000000004 0.425 0.32656250000000003 0.4236111111111111 0.321875 0.4361111111111111 0.32109375 0.44861111111111107 0.32343750000000004 0.4583333333333333
1 0.434375 0.35555555555555557 0.43515625 0.3444444444444444 0.42890625000000004 0.3444444444444444 0.42812500000000003 0.3541666666666667 0.434375 0.35555555555555557
1 0.30703125000000003 0.4027777777777778 0.30703125000000003 0.3805555555555556 0.30078125 0.37777777777777777 0.296875 0.3833333333333333 0.29609375000000004 0.4027777777777778 0.30703125000000003 0.4027777777777778
1 0.2015625 0.5263888888888889 0.20859375000000002 0.5222222222222223 0.22734375 0.5236111111111111 0.23046875 0.5152777777777777 0.234375 0.5152777777777777 0.23671875 0.5097222222222222 0.23515625 0.4944444444444444 0.2265625 0.4833333333333333 0.20859375000000002 0.4875 0.19921875 0.5041666666666667 0.19843750000000002 0.5208333333333334 0.2015625 0.5263888888888889
1 0.43046875 0.37777777777777777 0.42812500000000003 0.3638888888888889 0.41953125 0.36527777777777776 0.41953125 0.37916666666666665 0.43046875 0.37777777777777777
1 0.5257812500000001 0.5666666666666667 0.5531250000000001 0.5652777777777778 0.5531250000000001 0.5472222222222222 0.5429687500000001 0.5180555555555555 0.5257812500000001 0.5138888888888888 0.5179687500000001 0.5222222222222223 0.5164062500000001 0.5416666666666666 0.5257812500000001 0.5666666666666667
1 0.46953125 0.5208333333333334 0.46953125 0.4958333333333333 0.46328125000000003 0.48055555555555557 0.44921875 0.48055555555555557 0.4453125 0.49027777777777776 0.44609375 0.5222222222222223 0.46953125 0.5208333333333334
1 0.38359375 0.3638888888888889 0.3828125 0.35555555555555557 0.37421875000000004 0.3583333333333333 0.375 0.3666666666666667 0.38359375 0.3638888888888889
1 0.41484375 0.41388888888888886 0.415625 0.3972222222222222 0.41171875 0.3888888888888889 0.40078125000000003 0.39166666666666666 0.40078125000000003 0.41388888888888886 0.41484375 0.41388888888888886
1 0.36953125000000003 0.3486111111111111 0.36796875 0.3402777777777778 0.36171875000000003 0.3416666666666667 0.36250000000000004 0.35138888888888886 0.36953125000000003 0.3486111111111111
1 0.41718750000000004 0.3416666666666667 0.415625 0.33194444444444443 0.41015625 0.3333333333333333 0.4109375 0.3430555555555555 0.41718750000000004 0.3416666666666667
1 0.48281250000000003 0.475 0.5023437500000001 0.4736111111111111 0.5039062500000001 0.4652777777777778 0.49765625 0.4472222222222222 0.484375 0.4444444444444444 0.47968750000000004 0.4513888888888889 0.47890625000000003 0.4638888888888889 0.48281250000000003 0.475
1 0.4140625 0.3597222222222222 0.42265625 0.3569444444444444 0.42109375000000004 0.3486111111111111 0.41484375 0.3472222222222222 0.41250000000000003 0.35138888888888886 0.4140625 0.3597222222222222
1 0.46875 0.425 0.46953125 0.41388888888888886 0.465625 0.4027777777777778 0.45625000000000004 0.4013888888888889 0.453125 0.4055555555555555 0.45390625 0.4263888888888889 0.46875 0.425
5 0.41328125000000004 0.6208333333333333 0.41484375 0.6583333333333333 0.45078125 0.6555555555555556 0.45078125 0.6180555555555556 0.453125 0.6124999999999999 0.44843750000000004 0.6069444444444444 0.44296875 0.5874999999999999 0.4234375 0.5847222222222223 0.41796875 0.5874999999999999 0.4140625 0.5972222222222222 0.4109375 0.6152777777777778 0.41328125000000004 0.6208333333333333
1 0.35000000000000003 0.4222222222222222 0.35000000000000003 0.4097222222222222 0.3453125 0.4013888888888889 0.33828125000000003 0.4013888888888889 0.33437500000000003 0.4111111111111111 0.33437500000000003 0.4222222222222222 0.35000000000000003 0.4222222222222222
1 0.3296875 0.7611111111111112 0.33203125 0.7958333333333334 0.33437500000000003 0.7944444444444444 0.33828125000000003 0.7652777777777777 0.33906250000000004 0.7180555555555556 0.33125000000000004 0.7097222222222221 0.32890625 0.7152777777777778 0.32656250000000003 0.75 0.3296875 0.7611111111111112
1 0.27578125000000003 0.8333333333333334 0.28515625000000006 0.8263888888888888 0.31562500000000004 0.8208333333333333 0.31640625 0.7402777777777778 0.31328125 0.7083333333333334 0.28906250000000006 0.7125 0.27968750000000003 0.723611111111111 0.28125000000000006 0.7374999999999999 0.27265625000000004 0.7763888888888888 0.27187500000000003 0.8194444444444444 0.27578125000000003 0.8333333333333334
4 0.26171875000000006 0.6166666666666666 0.27109375 0.6097222222222222 0.28828125000000004 0.6069444444444444 0.29765625 0.6138888888888888 0.3015625 0.5944444444444444 0.30703125000000003 0.5847222222222223 0.30703125000000003 0.5583333333333333 0.30546875 0.5513888888888888 0.29609375000000004 0.5430555555555555 0.27187500000000003 0.5458333333333333 0.26093750000000004 0.5722222222222222 0.25859375 0.5972222222222222 0.26171875000000006 0.6166666666666666
0 0.45234375000000004 0.3805555555555556 0.45156250000000003 0.35138888888888886 0.4453125 0.3416666666666667 0.4375 0.3430555555555555 0.4375 0.3805555555555556 0.45234375000000004 0.3805555555555556
0 0.28984375 0.4958333333333333 0.29609375000000004 0.4875 0.30703125000000003 0.4597222222222222 0.30703125000000003 0.4222222222222222 0.3046875 0.41388888888888886 0.29296875000000006 0.4069444444444444 0.2828125 0.4069444444444444 0.27734375000000006 0.41388888888888886 0.26875000000000004 0.4166666666666667 0.2546875 0.44027777777777777 0.25546875 0.4972222222222222 0.28984375 0.4958333333333333
6 0.35859375000000004 0.3847222222222222 0.35859375000000004 0.35555555555555557 0.35390625000000003 0.35138888888888886 0.34765625 0.3541666666666667 0.34765625 0.3833333333333333 0.35859375000000004 0.3847222222222222