5 0.591796875 0.46296296296296297 0.5944010416666666 0.46556712962962965 0.595703125 0.46903935185185186 0.5970052083333334 0.4704861111111111 0.6082899305555556 0.47193287037037035 0.6271701388888888 0.47164351851851855 0.6280381944444444 0.46412037037037035 0.6271701388888888 0.4496527777777778 0.6195746527777778 0.4375 0.6163194444444444 0.43373842592592593 0.6041666666666666 0.4320023148148148 0.5987413194444444 0.4322916666666667 0.5954861111111112 0.43460648148148145 0.5939670138888888 0.43721064814814814 0.591796875 0.43894675925925924 0.5907118055555556 0.4427083333333333 0.5907118055555556 0.4600694444444444 0.591796875 0.46296296296296297
5 0.541015625 0.4615162037037037 0.54296875 0.46556712962962965 0.5538194444444444 0.46412037037037035 0.5627170138888888 0.4652777777777778 0.5677083333333334 0.4675925925925926 0.5709635416666666 0.46383101851851855 0.5718315972222222 0.4586226851851852 0.5713975694444444 0.4461805555555556 0.5700954861111112 0.4429976851851852 0.5685763888888888 0.43547453703703703 0.5666232638888888 0.4322916666666667 0.5635850694444444 0.4296875 0.5570746527777778 0.42766203703703703 0.5466579861111112 0.43113425925925924 0.5399305555555556 0.44241898148148145 0.5399305555555556 0.45717592592592593 0.541015625 0.4615162037037037
1 0.220703125 0.5633680555555556 0.22743055555555555 0.5732060185185185 0.23111979166666666 0.5740740740740741 0.2348090277777778 0.5700231481481481 0.23697916666666666 0.5688657407407407 0.2606336805555556 0.5674189814814815 0.2623697916666667 0.5674189814814815 0.2667100694444444 0.5711805555555556 0.2693142361111111 0.5720486111111112 0.2725694444444444 0.5691550925925926 0.2745225694444444 0.5622106481481481 0.2764756944444444 0.5593171296296297 0.2795138888888889 0.5575810185185185 0.2805989583333333 0.5555555555555556 0.2849392361111111 0.5515046296296297 0.2864583333333333 0.5506365740740741 0.2940538194444444 0.5503472222222222 0.2964409722222222 0.5471643518518519 0.2970920138888889 0.5448495370370371 0.2970920138888889 0.5361689814814815 0.2955729166666667 0.5257523148148148 0.2944878472222222 0.5228587962962963 0.2923177083333333 0.5208333333333334 0.28515625 0.5176504629629629 0.2819010416666667 0.5150462962962963 0.2760416666666667 0.5130208333333334 0.2680121527777778 0.5118634259259259 0.2593315972222222 0.5118634259259259 0.2484809027777778 0.5135995370370371 0.23828125 0.5182291666666666 0.22960069444444445 0.5260416666666666 0.2289496527777778 0.5289351851851852 0.22526041666666666 0.5367476851851852 0.21983506944444445 0.5439814814814815 0.2191840277777778 0.5480324074074074 0.220703125 0.5633680555555556
5 0.5740017361111112 0.3978587962962963 0.5776909722222222 0.40133101851851855 0.5844184027777778 0.40335648148148145 0.5883246527777778 0.4056712962962963 0.5915798611111112 0.4027777777777778 0.5980902777777778 0.3995949074074074 0.5987413194444444 0.39814814814814814 0.5983072916666666 0.39438657407407407 0.5959201388888888 0.390625 0.5920138888888888 0.3854166666666667 0.5887586805555556 0.3836805555555556 0.5835503472222222 0.3828125 0.578125 0.3833912037037037 0.5729166666666666 0.3900462962962963 0.5726996527777778 0.39467592592592593 0.5740017361111112 0.3978587962962963
1 0.5325520833333334 0.4429976851851852 0.5368923611111112 0.44386574074074076 0.5397135416666666 0.4418402777777778 0.5462239583333334 0.4320023148148148 0.5501302083333334 0.42939814814814814 0.5557725694444444 0.4273726851851852 0.5570746527777778 0.42563657407407407 0.5570746527777778 0.4244791666666667 0.5559895833333334 0.4184027777777778 0.5533854166666666 0.4140625 0.5442708333333334 0.4114583333333333 0.5399305555555556 0.4114583333333333 0.53515625 0.41608796296296297 0.5325520833333334 0.421875 0.5319010416666666 0.42679398148148145 0.5316840277777778 0.4392361111111111 0.5325520833333334 0.4429976851851852
1 0.5631510416666666 0.4253472222222222 0.5677083333333334 0.4302662037037037 0.5731336805555556 0.43171296296296297 0.5785590277777778 0.4314236111111111 0.5833333333333334 0.42679398148148145 0.5861545138888888 0.4253472222222222 0.5868055555555556 0.41811342592592593 0.5896267361111112 0.4117476851851852 0.5889756944444444 0.4079861111111111 0.5872395833333334 0.40625 0.5828993055555556 0.4036458333333333 0.5772569444444444 0.40219907407407407 0.5748697916666666 0.4001736111111111 0.5703125 0.40046296296296297 0.5672743055555556 0.40480324074074076 0.5635850694444444 0.40769675925925924 0.5625 0.41116898148148145 0.5622829861111112 0.42216435185185186 0.5631510416666666 0.4253472222222222
5 0.6080729166666666 0.42997685185185186 0.609375 0.43113425925925924 0.6158854166666666 0.4320023148148148 0.623046875 0.4392361111111111 0.6373697916666666 0.4383680555555556 0.6397569444444444 0.4363425925925926 0.6414930555555556 0.43258101851851855 0.6414930555555556 0.4285300925925926 0.6391059027777778 0.4192708333333333 0.6358506944444444 0.41550925925925924 0.6332465277777778 0.41087962962962965 0.6299913194444444 0.40769675925925924 0.6204427083333334 0.4071180555555556 0.6167534722222222 0.4079861111111111 0.6111111111111112 0.41116898148148145 0.6089409722222222 0.4140625 0.607421875 0.41811342592592593 0.6072048611111112 0.42563657407407407 0.6080729166666666 0.42997685185185186
2 0.1482204861111111 0.5396412037037037 0.14756944444444445 0.5425347222222222 0.14778645833333334 0.5465856481481481 0.14930555555555555 0.5491898148148148 0.1499565972222222 0.5535300925925926 0.15342881944444445 0.5561342592592593 0.1547309027777778 0.5581597222222222 0.15559895833333334 0.5662615740740741 0.1566840277777778 0.5674189814814815 0.1586371527777778 0.5674189814814815 0.15950520833333334 0.5648148148148148 0.1623263888888889 0.5431134259259259 0.16297743055555555 0.5286458333333334 0.1623263888888889 0.5248842592592593 0.15928819444444445 0.5190972222222222 0.1584201388888889 0.5130208333333334 0.1547309027777778 0.5101273148148148 0.1538628472222222 0.5104166666666666 0.15234375 0.5144675925925926 0.1519097222222222 0.5190972222222222 0.14756944444444445 0.5277777777777778 0.14713541666666666 0.5295138888888888 0.1482204861111111 0.5396412037037037
2 0.7274305555555556 0.44212962962962965 0.7309027777777778 0.4429976851851852 0.7322048611111112 0.43344907407407407 0.7345920138888888 0.4253472222222222 0.7348090277777778 0.42216435185185186 0.7339409722222222 0.4149305555555556 0.7309027777777778 0.41001157407407407 0.7280815972222222 0.4114583333333333 0.7263454861111112 0.41608796296296297 0.7254774305555556 0.421875 0.7265625 0.4398148148148148 0.7274305555555556 0.44212962962962965
2 0.08159722222222222 0.5350115740740741 0.08485243055555555 0.5387731481481481 0.09071180555555555 0.5367476851851852 0.09266493055555555 0.5329861111111112 0.0915798611111111 0.5248842592592593 0.09309895833333333 0.5182291666666666 0.0978732638888889 0.5124421296296297 0.09678819444444445 0.5089699074074074 0.09309895833333333 0.5037615740740741 0.0920138888888889 0.4994212962962963 0.08919270833333333 0.49797453703703703 0.08702256944444445 0.4994212962962963 0.08550347222222222 0.5034722222222222 0.08203125 0.5078125 0.08094618055555555 0.5150462962962963 0.08072916666666667 0.5295138888888888 0.08159722222222222 0.5350115740740741
2 0.2986111111111111 0.7167245370370371 0.2994791666666667 0.7242476851851852 0.3042534722222222 0.7280092592592593 0.3111979166666667 0.7288773148148148 0.3140190972222222 0.7303240740740741 0.3213975694444444 0.7288773148148148 0.3237847222222222 0.7309027777777778 0.3259548611111111 0.7413194444444444 0.3279079861111111 0.7456597222222222 0.3311631944444444 0.7471064814814815 0.3324652777777778 0.7465277777777778 0.3342013888888889 0.7424768518518519 0.3350694444444444 0.7300347222222222 0.3368055555555556 0.7196180555555556 0.3365885416666667 0.7129629629629629 0.3352864583333333 0.7065972222222222 0.3385416666666667 0.7034143518518519 0.3385416666666667 0.7002314814814815 0.3350694444444444 0.6976273148148148 0.3313802083333333 0.6973379629629629 0.3276909722222222 0.6944444444444444 0.3220486111111111 0.6877893518518519 0.3213975694444444 0.6857638888888888 0.3218315972222222 0.6785300925925926 0.3211805555555556 0.671875 0.3185763888888889 0.6692708333333334 0.3161892361111111 0.6684027777777778 0.3135850694444444 0.6684027777777778 0.310546875 0.6701388888888888 0.3081597222222222 0.6753472222222222 0.3070746527777778 0.6843171296296297 0.3036024305555556 0.6886574074074074 0.3014322916666667 0.6956018518518519 0.3003472222222222 0.6970486111111112 0.3001302083333333 0.7118055555555556 0.2986111111111111 0.7167245370370371
2 0.02734375 0.5708912037037037 0.02734375 0.5732060185185185 0.028428819444444444 0.5760995370370371 0.03428819444444445 0.5844907407407407 0.035590277777777776 0.5879629629629629 0.037109375 0.5995370370370371 0.040364583333333336 0.6067708333333334 0.04210069444444445 0.6160300925925926 0.04709201388888889 0.6163194444444444 0.04709201388888889 0.6119791666666666 0.04470486111111111 0.6070601851851852 0.043619791666666664 0.5983796296296297 0.043402777777777776 0.5954861111111112 0.04470486111111111 0.5882523148148148 0.04383680555555555 0.5850694444444444 0.041666666666666664 0.5818865740740741 0.03927951388888889 0.5677083333333334 0.036675347222222224 0.5636574074074074 0.03537326388888889 0.5570023148148148 0.03233506944444445 0.5564236111111112 0.03125 0.5572916666666666 0.030598958333333332 0.5593171296296297 0.029730902777777776 0.5642361111111112 0.02734375 0.5708912037037037
2 0.2651909722222222 0.6128472222222222 0.2680121527777778 0.6160300925925926 0.2688802083333333 0.6206597222222222 0.2712673611111111 0.6270254629629629 0.2734375 0.6290509259259259 0.2795138888888889 0.6290509259259259 0.2805989583333333 0.6299189814814815 0.2821180555555556 0.6325231481481481 0.2862413194444444 0.6490162037037037 0.2899305555555556 0.6495949074074074 0.2914496527777778 0.6475694444444444 0.2921006944444444 0.6440972222222222 0.2918836805555556 0.6388888888888888 0.2931857638888889 0.6273148148148148 0.2918836805555556 0.6183449074074074 0.2923177083333333 0.6163194444444444 0.2934027777777778 0.6151620370370371 0.2938368055555556 0.6119791666666666 0.2823350694444444 0.5966435185185185 0.2821180555555556 0.5879629629629629 0.2814670138888889 0.5850694444444444 0.2797309027777778 0.5827546296296297 0.2762586805555556 0.5830439814814815 0.2734375 0.5859375 0.2725694444444444 0.5879629629629629 0.2721354166666667 0.5954861111111112 0.265625 0.6030092592592593 0.2647569444444444 0.6059027777777778 0.2643229166666667 0.6096643518518519 0.2651909722222222 0.6128472222222222
2 0.953125 0.9901620370370371 0.9559461805555556 0.9910300925925926 0.9542100694444444 0.9933449074074074 0.9539930555555556 0.9950810185185185 0.9563802083333334 0.9965277777777778 0.9620225694444444 0.9956597222222222 0.9624565972222222 0.9945023148148148 0.9618055555555556 0.9933449074074074 0.9568142361111112 0.9913194444444444 0.958984375 0.9892939814814815 0.9635416666666666 0.9901620370370371 0.9639756944444444 0.9837962962962963 0.9626736111111112 0.9823495370370371 0.9624565972222222 0.9806134259259259 0.9650607638888888 0.9774305555555556 0.9654947916666666 0.9745370370370371 0.9644097222222222 0.9684606481481481 0.9657118055555556 0.9594907407407407 0.9650607638888888 0.9513888888888888 0.9631076388888888 0.9441550925925926 0.9602864583333334 0.9412615740740741 0.9576822916666666 0.9424189814814815 0.9559461805555556 0.9461805555555556 0.9555121527777778 0.9620949074074074 0.9526909722222222 0.9736689814814815 0.9526909722222222 0.9884259259259259 0.953125 0.9901620370370371
2 0.025173611111111112 0.6096643518518519 0.026041666666666668 0.6082175925925926 0.026909722222222224 0.6119791666666666 0.026692708333333332 0.6267361111111112 0.02734375 0.6287615740740741 0.028645833333333332 0.6310763888888888 0.031032986111111112 0.6322337962962963 0.033637152777777776 0.6325231481481481 0.036458333333333336 0.6313657407407407 0.03732638888888889 0.6293402777777778 0.03493923611111111 0.6229745370370371 0.03624131944444445 0.6200810185185185 0.037543402777777776 0.6102430555555556 0.036675347222222224 0.6024305555555556 0.036675347222222224 0.5911458333333334 0.03407118055555555 0.5833333333333334 0.031901041666666664 0.5810185185185185 0.029513888888888888 0.5749421296296297 0.027560763888888888 0.5726273148148148 0.026041666666666668 0.5723379629629629 0.024088541666666668 0.5752314814814815 0.023871527777777776 0.5787037037037037 0.024956597222222224 0.5824652777777778 0.022569444444444444 0.5905671296296297 0.022352430555555556 0.5963541666666666 0.022352430555555556 0.6099537037037037 0.025173611111111112 0.6096643518518519
2 0.1675347222222222 0.5060763888888888 0.1664496527777778 0.5159143518518519 0.1675347222222222 0.5185185185185185 0.1694878472222222 0.5196759259259259 0.1753472222222222 0.5205439814814815 0.17664930555555555 0.5185185185185185 0.1775173611111111 0.5101273148148148 0.17881944444444445 0.5060763888888888 0.17881944444444445 0.49537037037037035 0.1781684027777778 0.4800347222222222 0.1775173611111111 0.4782986111111111 0.1779513888888889 0.4704861111111111 0.17491319444444445 0.4632523148148148 0.1714409722222222 0.4618055555555556 0.1694878472222222 0.4635416666666667 0.16666666666666666 0.4774305555555556 0.166015625 0.4855324074074074 0.1675347222222222 0.5060763888888888
2 0.5737847222222222 0.46383101851851855 0.5746527777777778 0.4644097222222222 0.576171875 0.4618055555555556 0.5785590277777778 0.4603587962962963 0.5807291666666666 0.4626736111111111 0.5815972222222222 0.46498842592592593 0.5824652777777778 0.4603587962962963 0.5828993055555556 0.44936342592592593 0.5802951388888888 0.4383680555555556 0.5779079861111112 0.4357638888888889 0.5740017361111112 0.4409722222222222 0.572265625 0.4453125 0.572265625 0.45515046296296297 0.5737847222222222 0.46383101851851855
2 0.9255642361111112 0.5870949074074074 0.9253472222222222 0.5920138888888888 0.9286024305555556 0.5954861111111112 0.9359809027777778 0.5978009259259259 0.9359809027777778 0.5807291666666666 0.9381510416666666 0.5636574074074074 0.9381510416666666 0.5538194444444444 0.9366319444444444 0.5477430555555556 0.9359809027777778 0.5413773148148148 0.9325086805555556 0.5376157407407407 0.9296875 0.5384837962962963 0.9288194444444444 0.5399305555555556 0.9294704861111112 0.5460069444444444 0.9290364583333334 0.5500578703703703 0.9249131944444444 0.5619212962962963 0.9244791666666666 0.5749421296296297 0.9255642361111112 0.5870949074074074
2 0.3211805555555556 0.5237268518518519 0.32421875 0.5254629629629629 0.3311631944444444 0.5248842592592593 0.3344184027777778 0.5257523148148148 0.3350694444444444 0.5347222222222222 0.3370225694444444 0.5295138888888888 0.3365885416666667 0.5260416666666666 0.3381076388888889 0.5240162037037037 0.3368055555555556 0.5164930555555556 0.3368055555555556 0.5118634259259259 0.3352864583333333 0.5078125 0.3307291666666667 0.5034722222222222 0.3292100694444444 0.4973958333333333 0.3283420138888889 0.49623842592592593 0.3246527777777778 0.49710648148148145 0.3235677083333333 0.5031828703703703 0.3198784722222222 0.5098379629629629 0.3196614583333333 0.5150462962962963 0.3211805555555556 0.5237268518518519
2 0.9090711805555556 0.5882523148148148 0.91796875 0.5917245370370371 0.9220920138888888 0.5905671296296297 0.9229600694444444 0.5891203703703703 0.9242621527777778 0.5827546296296297 0.9240451388888888 0.5726273148148148 0.9246961805555556 0.5642361111111112 0.9225260416666666 0.5607638888888888 0.9220920138888888 0.5546875 0.9207899305555556 0.5503472222222222 0.9184027777777778 0.5480324074074074 0.9153645833333334 0.5483217592592593 0.9131944444444444 0.5503472222222222 0.9125434027777778 0.5590277777777778 0.91015625 0.5682870370370371 0.9086371527777778 0.5839120370370371 0.9090711805555556 0.5882523148148148
2 0.966796875 0.9953703703703703 0.9678819444444444 0.9973958333333334 0.9680989583333334 0.9997106481481481 0.9778645833333334 0.9997106481481481 0.9789496527777778 0.9939236111111112 0.9776475694444444 0.9800347222222222 0.9776475694444444 0.9684606481481481 0.9774305555555556 0.9661458333333334 0.9748263888888888 0.9600694444444444 0.9704861111111112 0.9600694444444444 0.96875 0.9632523148148148 0.9674479166666666 0.9777199074074074 0.9678819444444444 0.9875578703703703 0.966796875 0.9953703703703703
2 0.11371527777777778 0.5381944444444444 0.11371527777777778 0.5457175925925926 0.11263020833333333 0.5541087962962963 0.11328125 0.5552662037037037 0.11631944444444445 0.5555555555555556 0.11827256944444445 0.5541087962962963 0.12152777777777778 0.5535300925925926 0.1228298611111111 0.5503472222222222 0.1232638888888889 0.5347222222222222 0.12239583333333333 0.5295138888888888 0.12196180555555555 0.5147569444444444 0.1193576388888889 0.4994212962962963 0.11631944444444445 0.4965277777777778 0.11284722222222222 0.4956597222222222 0.11241319444444445 0.49681712962962965 0.11241319444444445 0.5228587962962963 0.11371527777777778 0.5381944444444444
2 0.9713541666666666 0.5549768518518519 0.97265625 0.5639467592592593 0.9752604166666666 0.5700231481481481 0.9752604166666666 0.5746527777777778 0.9739583333333334 0.5813078703703703 0.9743923611111112 0.5844907407407407 0.9772135416666666 0.5876736111111112 0.9809027777777778 0.5882523148148148 0.9817708333333334 0.5639467592592593 0.9845920138888888 0.5561342592592593 0.9865451388888888 0.5419560185185185 0.9865451388888888 0.5347222222222222 0.9845920138888888 0.5283564814814815 0.9811197916666666 0.5257523148148148 0.98046875 0.5260416666666666 0.9763454861111112 0.53125 0.9737413194444444 0.5402199074074074 0.9720052083333334 0.5434027777777778 0.9713541666666666 0.546875 0.9713541666666666 0.5549768518518519
2 0.9448784722222222 0.9542824074074074 0.9418402777777778 0.9574652777777778 0.94140625 0.9693287037037037 0.9420572916666666 0.9774305555555556 0.9450954861111112 0.984375 0.9461805555555556 0.9930555555555556 0.9470486111111112 0.9881365740740741 0.9498697916666666 0.9835069444444444 0.9516059027777778 0.9748263888888888 0.9522569444444444 0.9635416666666666 0.9533420138888888 0.9603587962962963 0.9529079861111112 0.9525462962962963 0.9535590277777778 0.9508101851851852 0.9537760416666666 0.9409722222222222 0.9533420138888888 0.9348958333333334 0.9524739583333334 0.9320023148148148 0.9498697916666666 0.9282407407407407 0.9470486111111112 0.9305555555555556 0.9457465277777778 0.9357638888888888 0.9457465277777778 0.9510995370370371 0.9448784722222222 0.9542824074074074
2 0.5538194444444444 0.4826388888888889 0.5546875 0.48842592592592593 0.556640625 0.4904513888888889 0.5609809027777778 0.4904513888888889 0.5627170138888888 0.4916087962962963 0.5642361111111112 0.49623842592592593 0.5674913194444444 0.5005787037037037 0.5666232638888888 0.4991319444444444 0.5677083333333334 0.4982638888888889 0.5687934027777778 0.48061342592592593 0.5668402777777778 0.4739583333333333 0.5638020833333334 0.4704861111111111 0.5627170138888888 0.4670138888888889 0.5601128472222222 0.46585648148148145 0.5581597222222222 0.46730324074074076 0.5570746527777778 0.4710648148148148 0.5544704861111112 0.47511574074074076 0.5538194444444444 0.4765625 0.5538194444444444 0.4826388888888889
2 0.5329861111111112 0.41984953703703703 0.53515625 0.4163773148148148 0.5364583333333334 0.4157986111111111 0.5386284722222222 0.4117476851851852 0.5399305555555556 0.40827546296296297 0.5399305555555556 0.40625 0.5377604166666666 0.3975694444444444 0.5364583333333334 0.39641203703703703 0.5340711805555556 0.3975694444444444 0.5323350694444444 0.40422453703703703 0.5321180555555556 0.4152199074074074 0.5329861111111112 0.41984953703703703
2 0.7354600694444444 0.4288194444444444 0.7369791666666666 0.4348958333333333 0.7371961805555556 0.44039351851851855 0.7378472222222222 0.44241898148148145 0.7415364583333334 0.44212962962962965 0.7426215277777778 0.44126157407407407 0.7432725694444444 0.4392361111111111 0.7434895833333334 0.4340277777777778 0.7454427083333334 0.4241898148148148 0.7450086805555556 0.4192708333333333 0.7419704861111112 0.4131944444444444 0.7413194444444444 0.4088541666666667 0.7380642361111112 0.4097222222222222 0.7356770833333334 0.4149305555555556 0.734375 0.4184027777777778 0.7354600694444444 0.4288194444444444
2 0.6404079861111112 0.44560185185185186 0.6434461805555556 0.44675925925925924 0.646484375 0.4444444444444444 0.6497395833333334 0.44328703703703703 0.6510416666666666 0.43952546296296297 0.6475694444444444 0.4308449074074074 0.6440972222222222 0.42939814814814814 0.6423611111111112 0.4314236111111111 0.6397569444444444 0.4392361111111111 0.6395399305555556 0.44241898148148145 0.6404079861111112 0.44560185185185186
2 0.1820746527777778 0.5112847222222222 0.181640625 0.5153356481481481 0.1831597222222222 0.5164930555555556 0.18619791666666666 0.5164930555555556 0.1870659722222222 0.5159143518518519 0.1870659722222222 0.5121527777777778 0.1859809027777778 0.5063657407407407 0.1859809027777778 0.49074074074074076 0.1840277777777778 0.47453703703703703 0.18229166666666666 0.47019675925925924 0.17838541666666666 0.4704861111111111 0.17838541666666666 0.4982638888888889 0.1820746527777778 0.5112847222222222
0 0.8125 0.7390046296296297 0.8161892361111112 0.7462384259259259 0.8190104166666666 0.7494212962962963 0.8220486111111112 0.7586805555555556 0.8285590277777778 0.7708333333333334 0.833984375 0.7867476851851852 0.8363715277777778 0.7905092592592593 0.837890625 0.7954282407407407 0.8489583333333334 0.8159722222222222 0.8543836805555556 0.8229166666666666 0.8559027777777778 0.8284143518518519 0.8591579861111112 0.8304398148148148 0.8608940972222222 0.8330439814814815 0.861328125 0.8353587962962963 0.8606770833333334 0.8590856481481481 0.8617621527777778 0.8645833333333334 0.8621961805555556 0.8729745370370371 0.865234375 0.8862847222222222 0.8676215277777778 0.890625 0.8697916666666666 0.8969907407407407 0.8723958333333334 0.9013310185185185 0.8763020833333334 0.9048032407407407 0.8806423611111112 0.9050925925925926 0.8836805555555556 0.9045138888888888 0.88671875 0.9004629629629629 0.8908420138888888 0.8987268518518519 0.892578125 0.9016203703703703 0.8947482638888888 0.9033564814814815 0.9001736111111112 0.9143518518518519 0.904296875 0.9212962962962963 0.9066840277777778 0.9239004629629629 0.9114583333333334 0.9325810185185185 0.9129774305555556 0.9340277777777778 0.9190538194444444 0.9461805555555556 0.9229600694444444 0.9519675925925926 0.9314236111111112 0.9696180555555556 0.9459635416666666 0.9959490740740741 0.94921875 0.9976851851851852 0.9524739583333334 0.9968171296296297 0.9741753472222222 0.9976851851851852 0.9754774305555556 0.9979745370370371 0.9759114583333334 0.9997106481481481 0.9871961805555556 0.9997106481481481 0.9876302083333334 0.9979745370370371 0.9884982638888888 0.9979745370370371 0.9889322916666666 0.9997106481481481 0.9958767361111112 0.9997106481481481 0.99609375 0.9982638888888888 0.9997829861111112 0.9971064814814815 0.9997829861111112 0.9539930555555556 0.9982638888888888 0.9537037037037037 0.9982638888888888 0.9496527777777778 0.9997829861111112 0.9493634259259259 0.9997829861111112 0.8984375 0.9978298611111112 0.8978587962962963 0.9969618055555556 0.8885995370370371 0.9978298611111112 0.8767361111111112 0.9978298611111112 0.8550347222222222 0.9984809027777778 0.8530092592592593 0.9997829861111112 0.8530092592592593 0.9997829861111112 0.8243634259259259 0.9984809027777778 0.8243634259259259 0.9976128472222222 0.8217592592592593 0.9978298611111112 0.8171296296296297 0.9997829861111112 0.8165509259259259 0.9997829861111112 0.7667824074074074 0.9978298611111112 0.7659143518518519 0.9973958333333334 0.7627314814814815 0.9978298611111112 0.7595486111111112 0.9997829861111112 0.7589699074074074 0.9997829861111112 0.6501736111111112 0.998046875 0.6501736111111112 0.9963107638888888 0.6475694444444444 0.9937065972222222 0.6464120370370371 0.9809027777777778 0.6354166666666666 0.9676649305555556 0.6258680555555556 0.9611545138888888 0.6192129629629629 0.9485677083333334 0.6111111111111112 0.9381510416666666 0.6015625 0.9220920138888888 0.5931712962962963 0.9058159722222222 0.5896990740740741 0.8851996527777778 0.5882523148148148 0.8591579861111112 0.5885416666666666 0.8528645833333334 0.5899884259259259 0.8424479166666666 0.5905671296296297 0.8348524305555556 0.5928819444444444 0.8274739583333334 0.5986689814814815 0.8237847222222222 0.6203703703703703 0.8218315972222222 0.6264467592592593 0.8207465277777778 0.6435185185185185 0.8181423611111112 0.6524884259259259 0.81640625 0.6646412037037037 0.8168402777777778 0.6704282407407407 0.8142361111111112 0.6857638888888888 0.8120659722222222 0.7175925925925926 0.810546875 0.7233796296296297 0.8103298611111112 0.7311921296296297 0.8125 0.7390046296296297
0 0.650390625 0.4565972222222222 0.650390625 0.46498842592592593 0.6521267361111112 0.4730902777777778 0.6519097222222222 0.47858796296296297 0.6532118055555556 0.4910300925925926 0.6547309027777778 0.4982638888888889 0.6553819444444444 0.5089699074074074 0.6575520833333334 0.5211226851851852 0.6640625 0.5358796296296297 0.6666666666666666 0.5402199074074074 0.66796875 0.5451388888888888 0.6716579861111112 0.5535300925925926 0.6740451388888888 0.5552662037037037 0.6768663194444444 0.5590277777777778 0.6781684027777778 0.5622106481481481 0.6814236111111112 0.5810185185185185 0.6833767361111112 0.5853587962962963 0.6853298611111112 0.5873842592592593 0.6950954861111112 0.5914351851851852 0.7139756944444444 0.5934606481481481 0.7269965277777778 0.5960648148148148 0.7658420138888888 0.5943287037037037 0.7697482638888888 0.5920138888888888 0.7710503472222222 0.5842013888888888 0.7710503472222222 0.5708912037037037 0.7717013888888888 0.5659722222222222 0.7710503472222222 0.5196759259259259 0.7719184027777778 0.5135995370370371 0.7719184027777778 0.4982638888888889 0.7712673611111112 0.4945023148148148 0.7697482638888888 0.4913194444444444 0.7638888888888888 0.48408564814814814 0.7615017361111112 0.48292824074074076 0.7554253472222222 0.4765625 0.7536892361111112 0.4756944444444444 0.7447916666666666 0.4661458333333333 0.7337239583333334 0.45891203703703703 0.7309027777777778 0.4554398148148148 0.7265625 0.4522569444444444 0.7239583333333334 0.4476273148148148 0.7165798611111112 0.4418402777777778 0.7111545138888888 0.4348958333333333 0.7035590277777778 0.4296875 0.6963975694444444 0.4285300925925926 0.6909722222222222 0.42650462962962965 0.6829427083333334 0.42679398148148145 0.6764322916666666 0.42824074074074076 0.6627604166666666 0.4285300925925926 0.6575520833333334 0.42939814814814814 0.654296875 0.43113425925925924 0.6519097222222222 0.4357638888888889 0.6516927083333334 0.4464699074074074 0.650390625 0.4565972222222222
3 0.6438802083333334 0.4644097222222222 0.6480034722222222 0.4664351851851852 0.6499565972222222 0.46469907407407407 0.6506076388888888 0.46238425925925924 0.6512586805555556 0.44241898148148145 0.646484375 0.4427083333333333 0.642578125 0.4447337962962963 0.6419270833333334 0.4461805555555556 0.6419270833333334 0.46122685185185186 0.6438802083333334 0.4644097222222222
3 0.265625 0.6643518518518519 0.2690972222222222 0.6721643518518519 0.2725694444444444 0.6724537037037037 0.2760416666666667 0.6686921296296297 0.2810329861111111 0.6597222222222222 0.2836371527777778 0.6571180555555556 0.2868923611111111 0.6513310185185185 0.2829861111111111 0.6322337962962963 0.2799479166666667 0.6267361111111112 0.2747395833333333 0.6267361111111112 0.2690972222222222 0.625 0.2654079861111111 0.6322337962962963 0.2645399305555556 0.6383101851851852 0.2623697916666667 0.6455439814814815 0.2623697916666667 0.6504629629629629 0.265625 0.6643518518518519
3 0.2899305555555556 0.6061921296296297 0.2931857638888889 0.6059027777777778 0.2951388888888889 0.6027199074074074 0.2938368055555556 0.5989583333333334 0.2897135416666667 0.6015625 0.2888454861111111 0.6027199074074074 0.2899305555555556 0.6061921296296297
3 0.5206163194444444 0.4195601851851852 0.5225694444444444 0.4212962962962963 0.5243055555555556 0.42042824074074076 0.5260416666666666 0.41724537037037035 0.5266927083333334 0.41261574074074076 0.5264756944444444 0.4053819444444444 0.5260416666666666 0.40335648148148145 0.5223524305555556 0.40306712962962965 0.5210503472222222 0.4036458333333333 0.51953125 0.40596064814814814 0.51953125 0.41608796296296297 0.5206163194444444 0.4195601851851852
3 0.322265625 0.5431134259259259 0.326171875 0.5500578703703703 0.3283420138888889 0.5509259259259259 0.3361545138888889 0.5399305555555556 0.3383246527777778 0.5292245370370371 0.3385416666666667 0.5234375 0.3350694444444444 0.5193865740740741 0.3344184027777778 0.5217013888888888 0.3318142361111111 0.5240162037037037 0.322265625 0.5248842592592593 0.3216145833333333 0.5257523148148148 0.322265625 0.5431134259259259
3 0.5559895833333334 0.5104166666666666 0.5572916666666666 0.5141782407407407 0.5607638888888888 0.5144675925925926 0.5631510416666666 0.5104166666666666 0.5653211805555556 0.5083912037037037 0.5666232638888888 0.5046296296296297 0.5670572916666666 0.49681712962962965 0.5659722222222222 0.4916087962962963 0.5627170138888888 0.4895833333333333 0.5564236111111112 0.4895833333333333 0.5546875 0.49363425925925924 0.5538194444444444 0.5011574074074074 0.5540364583333334 0.5081018518518519 0.5559895833333334 0.5104166666666666
3 0.5329861111111112 0.4207175925925926 0.5392795138888888 0.4117476851851852 0.5403645833333334 0.4074074074074074 0.5399305555555556 0.4045138888888889 0.5364583333333334 0.3975694444444444 0.5338541666666666 0.4010416666666667 0.5323350694444444 0.4053819444444444 0.5321180555555556 0.41550925925925924 0.5329861111111112 0.4207175925925926
3 0.5746527777777778 0.47077546296296297 0.5779079861111112 0.47627314814814814 0.5802951388888888 0.47453703703703703 0.5824652777777778 0.4678819444444444 0.5824652777777778 0.4592013888888889 0.5815972222222222 0.45457175925925924 0.57421875 0.4557291666666667 0.5713975694444444 0.46672453703703703 0.5711805555555556 0.4704861111111111 0.5746527777777778 0.47077546296296297
3 0.3003472222222222 0.7690972222222222 0.3036024305555556 0.7728587962962963 0.3044704861111111 0.7795138888888888 0.3064236111111111 0.7844328703703703 0.3107638888888889 0.7867476851851852 0.3129340277777778 0.7841435185185185 0.3148871527777778 0.7798032407407407 0.3161892361111111 0.7734375 0.3181423611111111 0.7696759259259259 0.3253038194444444 0.7615740740740741 0.3283420138888889 0.7566550925925926 0.3313802083333333 0.7482638888888888 0.3268229166666667 0.7427662037037037 0.3255208333333333 0.7378472222222222 0.3255208333333333 0.7340856481481481 0.3244357638888889 0.7311921296296297 0.3211805555555556 0.7291666666666666 0.3138020833333333 0.7300347222222222 0.3114149305555556 0.7288773148148148 0.3038194444444444 0.7280092592592593 0.3020833333333333 0.7306134259259259 0.3023003472222222 0.7418981481481481 0.2996961805555556 0.7523148148148148 0.2994791666666667 0.7621527777777778 0.3003472222222222 0.7690972222222222
3 0.3315972222222222 0.6947337962962963 0.3350694444444444 0.6950231481481481 0.3383246527777778 0.6935763888888888 0.3407118055555556 0.6912615740740741 0.3413628472222222 0.6889467592592593 0.3402777777777778 0.6872106481481481 0.337890625 0.6866319444444444 0.333984375 0.6892361111111112 0.3313802083333333 0.6927083333333334 0.3315972222222222 0.6947337962962963