4 0.4755271084337349 0.6964524765729585 0.4755271084337349 0.6997991967871485 0.473644578313253 0.7085006693440428 0.4719503012048193 0.7312583668005355 0.4702560240963855 0.7362784471218206 0.4695030120481928 0.7439759036144579 0.4695030120481928 0.7781124497991968 0.4702560240963855 0.786813922356091 0.4719503012048193 0.7935073627844711 0.47402108433734935 0.7958500669344042 0.478539156626506 0.7935073627844711 0.48324548192771083 0.7928380187416332 0.4888930722891566 0.7935073627844711 0.4911521084337349 0.7948460508701473 0.5088478915662651 0.7948460508701473 0.5154367469879518 0.7904953145917001 0.5210843373493975 0.789491298527443 0.523531626506024 0.789825970548862 0.525414156626506 0.7941767068273092 0.5272966867469879 0.7931726907630522 0.5291792168674698 0.78714859437751 0.5304969879518072 0.7637215528781793 0.5289909638554217 0.7392904953145917 0.5291792168674698 0.7068273092369478 0.5274849397590361 0.6957831325301205 0.5316265060240963 0.6900937081659974 0.5316265060240963 0.6854082998661312 0.5297439759036144 0.6834002677376171 0.525414156626506 0.6834002677376171 0.5207078313253012 0.6746987951807228 0.5182605421686747 0.6723560910307897 0.5084713855421686 0.6710174029451138 0.48832831325301207 0.6723560910307897 0.48305722891566266 0.6736947791164658 0.4809864457831325 0.6753681392235609 0.4791039156626506 0.6813922356091031 0.47722138554216864 0.6847389558232931 0.4730798192771084 0.6854082998661312 0.4711972891566265 0.6884203480589023 0.4719503012048193 0.6931057563587684 0.4755271084337349 0.6964524765729585
1 0.5481927710843374 0.4742302543507363 0.5493222891566265 0.4832663989290495 0.5504518072289156 0.4859437751004016 0.5534638554216867 0.48427041499330653 0.5553463855421686 0.47791164658634533 0.5587349397590361 0.47456492637215525 0.5660768072289156 0.4738955823293172 0.5711596385542168 0.4752342704149933 0.5717243975903614 0.4738955823293172 0.570406626506024 0.46820615796519405 0.5700301204819277 0.45682730923694775 0.5692771084337349 0.4538152610441767 0.5690888554216867 0.4487951807228916 0.5653237951807228 0.44277108433734935 0.5609939759036144 0.4397590361445783 0.5579819277108433 0.4397590361445783 0.554781626506024 0.44143239625167335 0.550828313253012 0.4471218206157965 0.5489457831325301 0.4558232931726907 0.5487575301204819 0.46987951807228917 0.5481927710843374 0.4742302543507363
1 0.5120481927710844 0.4916331994645248 0.5167545180722891 0.4936412315930388 0.5224021084337349 0.4976572958500669 0.526355421686747 0.4973226238286479 0.5295557228915663 0.500334672021419 0.5331325301204819 0.500669344042838 0.5346385542168675 0.497991967871486 0.5353915662650602 0.4852744310575635 0.5342620481927711 0.46820615796519405 0.5340737951807228 0.46686746987951805 0.5297439759036144 0.4598393574297188 0.5265436746987951 0.4574966532797858 0.5225903614457832 0.45716198125836677 0.5161897590361446 0.4601740294511379 0.5137424698795181 0.46318607764390896 0.5114834337349398 0.46921017402945114 0.5112951807228916 0.48895582329317266 0.5120481927710844 0.4916331994645248
1 0.4632906626506024 0.8587684069611781 0.46837349397590355 0.8621151271753681 0.46912650602409633 0.8661311914323961 0.46686746987951805 0.8778447121820615 0.4666792168674699 0.8845381526104418 0.4651731927710844 0.8952476572958501 0.46498493975903615 0.9029451137884872 0.462914156626506 0.9113119143239624 0.4634789156626506 0.9163319946452476 0.4646084337349397 0.9186746987951807 0.4646084337349397 0.927376171352075 0.4642319277108434 0.9330655957161981 0.4621611445783132 0.9414323962516733 0.4610316265060241 0.9564926372155287 0.4602786144578313 0.9588353413654618 0.45933734939759036 0.9682061579651942 0.4599021084337349 0.9909638554216867 0.4595256024096386 0.9966532797858099 0.46009036144578314 0.999665327978581 0.4945406626506024 0.999665327978581 0.4947289156626506 0.9979919678714859 0.4954819277108434 0.9983266398929048 0.4954819277108434 0.999665327978581 0.5005647590361446 0.999665327978581 0.5007530120481928 0.9979919678714859 0.5080948795180723 0.9973226238286479 0.5169427710843374 0.9976572958500669 0.5178840361445783 0.9983266398929048 0.5178840361445783 0.999665327978581 0.5412274096385542 0.999665327978581 0.5412274096385542 0.9979919678714859 0.5421686746987951 0.995983935742972 0.541980421686747 0.9698795180722891 0.5425451807228916 0.963186077643909 0.5414156626506025 0.9601740294511378 0.5412274096385542 0.9421017402945113 0.5395331325301205 0.93239625167336 0.5395331325301205 0.9253681392235609 0.5404743975903614 0.9200133868808567 0.5412274096385542 0.9076305220883534 0.5400978915662651 0.9042838018741632 0.5400978915662651 0.8878848728246318 0.5408509036144578 0.8798527443105756 0.539156626506024 0.8661311914323961 0.5408509036144578 0.8634538152610441 0.5444277108433735 0.8617804551539491 0.5457454819277109 0.859772423025435 0.5461219879518072 0.8550870147255689 0.5455572289156626 0.8520749665327978 0.5438629518072289 0.8504016064257028 0.5382153614457832 0.8487282463186078 0.5331325301204819 0.8403614457831324 0.5242846385542168 0.8366800535475234 0.5216490963855421 0.8346720214190093 0.5116716867469879 0.8326639892904952 0.4958584337349397 0.8326639892904952 0.48249246987951805 0.8346720214190093 0.4783509036144578 0.8373493975903614 0.4730798192771084 0.8470548862115126 0.4708207831325301 0.8483935742971888 0.4642319277108434 0.8490629183400267 0.46253765060240964 0.8517402945113788 0.46253765060240964 0.856760374832664 0.4632906626506024 0.8587684069611781
1 0.4719503012048193 0.48427041499330653 0.48324548192771083 0.48493975903614456 0.48701054216867473 0.4879518072289156 0.4879518072289156 0.49129852744310576 0.4919051204819277 0.4906291834002677 0.4954819277108434 0.48427041499330653 0.49604668674698793 0.4815930388219545 0.4954819277108434 0.47757697456492637 0.49284638554216864 0.4715528781793842 0.49134036144578314 0.46921017402945114 0.48964608433734935 0.46887550200803213 0.4802334337349397 0.46921017402945114 0.47477409638554213 0.47054886211512714 0.47270331325301207 0.4718875502008032 0.4708207831325301 0.47757697456492637 0.47063253012048195 0.48058902275769744 0.4719503012048193 0.48427041499330653
1 0.5619352409638554 0.5799866131191432 0.561558734939759 0.5853413654618473 0.5640060240963854 0.6014056224899598 0.5666415662650602 0.6010709504685408 0.5715361445783133 0.5973895582329317 0.5747364457831325 0.5967202141900937 0.586031626506024 0.5960508701472557 0.5926204819277109 0.5973895582329317 0.5952560240963856 0.5990629183400267 0.5971385542168675 0.5983935742971888 0.5982680722891566 0.5967202141900937 0.5978915662650602 0.575301204819277 0.5958207831325302 0.5662650602409639 0.5954442771084337 0.5619143239625167 0.5922439759036144 0.5538821954484605 0.590926204819277 0.5525435073627845 0.5847138554216867 0.5495314591700133 0.5721009036144578 0.5495314591700133 0.5640060240963854 0.5538821954484605 0.5613704819277109 0.5568942436412315 0.5606174698795181 0.5589022757697456 0.5604292168674698 0.5696117804551539 0.5619352409638554 0.5799866131191432
1 0.5111069277108433 0.41231593038821956 0.5152484939759036 0.41331994645247655 0.5192018072289156 0.4159973226238286 0.5203313253012047 0.41566265060240964 0.5224021084337349 0.4139892904953146 0.5239081325301205 0.40829986613119146 0.5233433734939759 0.4002677376171352 0.5225903614457832 0.3985943775100402 0.5208960843373494 0.39759036144578314 0.5150602409638554 0.3972556894243641 0.5122364457831325 0.39892904953145913 0.5105421686746988 0.40127175368139223 0.509789156626506 0.4113119143239625 0.5111069277108433 0.41231593038821956
1 0.5216490963855421 0.5317938420348058 0.5218373493975904 0.5404953145917001 0.5225903614457832 0.5428380187416332 0.5248493975903614 0.5425033467202142 0.5265436746987951 0.5404953145917001 0.5256024096385542 0.5127175368139224 0.5227786144578312 0.497991967871486 0.5186370481927711 0.4969879518072289 0.5188253012048193 0.5107095046854083 0.5216490963855421 0.5317938420348058
1 0.5901731927710844 0.8741633199464525 0.5899849397590361 0.9086345381526103 0.5911144578313253 0.9156626506024096 0.5924322289156626 0.9193440428380186 0.5952560240963856 0.9434404283801874 0.6014683734939759 0.9715528781793842 0.6016566265060241 0.9812583668005354 0.6024096385542168 0.9852744310575636 0.6024096385542168 0.995983935742972 0.6057981927710843 0.9979919678714859 0.6059864457831325 0.999665327978581 0.6332831325301205 0.999665327978581 0.6334713855421688 0.9979919678714859 0.6344126506024096 0.9979919678714859 0.6346009036144579 0.999665327978581 0.6383659638554217 0.999665327978581 0.6383659638554217 0.9983266398929048 0.6393072289156626 0.9976572958500669 0.6506024096385542 0.9973226238286479 0.6566265060240964 0.9946452476572958 0.654367469879518 0.9933065595716198 0.6538027108433734 0.9916331994645248 0.6541792168674698 0.9846050870147255 0.6556852409638554 0.9772423025435073 0.6547439759036144 0.9745649263721553 0.6517319277108434 0.9702141900937081 0.6534262048192772 0.963855421686747 0.6579442771084337 0.9561579651941097 0.6596385542168675 0.9508032128514056 0.6596385542168675 0.9427710843373492 0.6566265060240964 0.9360776439089692 0.6566265060240964 0.92904953145917 0.6524849397590361 0.9230254350736279 0.651355421686747 0.9193440428380186 0.6477786144578312 0.9149933065595716 0.6411897590361446 0.9143239625167335 0.638742469879518 0.9126506024096386 0.6378012048192772 0.9109772423025434 0.6374246987951807 0.9082998661311914 0.6349774096385542 0.9049531459170013 0.6336596385542168 0.9042838018741632 0.6315888554216867 0.9069611780455153 0.6263177710843373 0.9093038821954484 0.6248117469879518 0.9066265060240963 0.6244352409638554 0.9042838018741632 0.6244352409638554 0.9002677376171351 0.6261295180722891 0.8915662650602408 0.6295180722891566 0.8865461847389559 0.6336596385542168 0.8831994645247656 0.6359186746987951 0.8801874163319946 0.6362951807228916 0.8765060240963856 0.6346009036144579 0.8728246318607764 0.6342243975903614 0.8661311914323961 0.6374246987951807 0.8557563587684069 0.6374246987951807 0.8520749665327978 0.6334713855421688 0.8490629183400267 0.628012048192771 0.8483935742971888 0.6137048192771084 0.8487282463186078 0.5999623493975903 0.8520749665327978 0.5941265060240964 0.856091030789826 0.5896084337349398 0.8681392235609102 0.5894201807228916 0.8704819277108433 0.5901731927710844 0.8741633199464525
1 0.5384036144578312 0.4400937081659973 0.5399096385542168 0.4417670682730923 0.541980421686747 0.4400937081659973 0.5451807228915663 0.430388219544846 0.5496987951807228 0.4277108433734939 0.5538403614457832 0.42737617135207495 0.5545933734939759 0.42469879518072284 0.5545933734939759 0.4210174029451138 0.5536521084337349 0.41800535475234263 0.5525225903614458 0.41733601070950466 0.5502635542168675 0.41331994645247655 0.5432981927710844 0.41298527443105754 0.5402861445783133 0.4116465863453815 0.5397213855421686 0.4079651941097724 0.5404743975903614 0.40562248995983935 0.5404743975903614 0.4029451137884873 0.5399096385542168 0.4002677376171352 0.5397213855421686 0.40439524765729584 0.5402861445783133 0.40562248995983935 0.5397213855421686 0.40618038821954483 0.5395331325301205 0.41331994645247655 0.5374623493975904 0.42068273092369474 0.5376506024096386 0.4374163319946452 0.5384036144578312 0.4400937081659973
1 0.4555722891566265 0.5338018741633199 0.4567018072289156 0.534471218206158 0.4634789156626506 0.5251004016064257 0.4659262048192771 0.5194109772423025 0.47138554216867473 0.5103748326639893 0.47251506024096385 0.5066934404283802 0.4760918674698795 0.501004016064257 0.4815512048192771 0.4966532797858099 0.48625753012048195 0.49464524765729584 0.48945783132530124 0.4916331994645248 0.48945783132530124 0.4906291834002677 0.48701054216867473 0.48661311914323957 0.4815512048192771 0.4832663989290495 0.4745858433734939 0.48427041499330653 0.4702560240963855 0.4836010709504685 0.4619728915662651 0.48661311914323957 0.45933734939759036 0.48962516733601064 0.4563253012048193 0.49899598393574296 0.4553840361445783 0.5137215528781793 0.45444277108433734 0.5197456492637215 0.45444277108433734 0.5297858099062919 0.4555722891566265 0.5338018741633199
1 0.5487575301204819 0.5123828647925033 0.5491340361445783 0.5153949129852744 0.5498870481927711 0.5163989290495314 0.5528990963855421 0.5153949129852744 0.556664156626506 0.5066934404283802 0.5602409638554217 0.5050200803212851 0.561558734939759 0.5020080321285141 0.5640060240963854 0.500669344042838 0.5749246987951807 0.500334672021419 0.5758659638554217 0.502342704149933 0.5764307228915663 0.5080321285140562 0.5775602409638554 0.5117135207496654 0.578125 0.5127175368139224 0.579066265060241 0.5123828647925033 0.5798192771084337 0.5103748326639893 0.579066265060241 0.5 0.5769954819277109 0.49196787148594373 0.5766189759036144 0.48427041499330653 0.5756777108433735 0.48058902275769744 0.5737951807228916 0.47891566265060237 0.5711596385542168 0.4742302543507363 0.5638177710843374 0.4722222222222222 0.5574171686746988 0.47456492637215525 0.5549698795180723 0.47791164658634533 0.5521460843373494 0.48728246318607765 0.5493222891566265 0.4909638554216867 0.5491340361445783 0.4933065595716198 0.5496987951807228 0.503681392235609 0.5487575301204819 0.5123828647925033
1 0.5775602409638554 0.6904283801874164 0.5768072289156626 0.7018072289156626 0.577183734939759 0.7289156626506025 0.578125 0.7419678714859438 0.5803840361445783 0.7479919678714859 0.5850903614457832 0.786144578313253 0.587914156626506 0.7914993306559571 0.5952560240963856 0.7931726907630522 0.6082454819277109 0.7918340026773761 0.6135165662650602 0.7925033467202142 0.6146460843373495 0.7914993306559571 0.6159638554216867 0.787483266398929 0.6161521084337349 0.7761044176706827 0.6176581325301205 0.7737617135207496 0.6180346385542168 0.7717536813922357 0.623117469879518 0.7653949129852745 0.6332831325301205 0.7590361445783133 0.6349774096385542 0.7553547523427041 0.6349774096385542 0.7513386880856759 0.6321536144578312 0.7486613119143238 0.6312123493975903 0.7416331994645248 0.6321536144578312 0.7272423025435073 0.6336596385542168 0.7259036144578312 0.6364834337349398 0.7295850066934404 0.6400602409638554 0.7315930388219544 0.6434487951807228 0.7305890227576974 0.6434487951807228 0.7232262382864791 0.6423192771084337 0.7125167336010709 0.6385542168674698 0.6977911646586344 0.6370481927710843 0.6860776439089692 0.6310240963855421 0.6740294511378848 0.6302710843373495 0.6710174029451138 0.6268825301204819 0.6676706827309237 0.6176581325301205 0.6659973226238286 0.6050451807228916 0.6659973226238286 0.5965737951807228 0.6673360107095045 0.5884789156626505 0.6666666666666666 0.5849021084337349 0.6693440428380187 0.5801957831325301 0.677710843373494 0.5754894578313253 0.6820615796519411 0.5754894578313253 0.6860776439089692 0.5775602409638554 0.6904283801874164
5 0.5630647590361446 0.6208165997322623 0.5628765060240963 0.6375502008032128 0.5640060240963854 0.6449129852744311 0.5651355421686747 0.6455823293172691 0.5668298192771084 0.6495983935742972 0.5670180722891567 0.6639892904953145 0.5677710843373494 0.6683400267737617 0.5705948795180723 0.6696787148594376 0.5818900602409639 0.6696787148594376 0.5871611445783133 0.6659973226238286 0.602597891566265 0.6656626506024096 0.6063629518072289 0.6643239625167335 0.6071159638554217 0.6629852744310576 0.6078689759036144 0.6582998661311914 0.6082454819277109 0.6439089692101739 0.605421686746988 0.6255020080321285 0.602597891566265 0.6161311914323961 0.6029743975903614 0.6091030789825971 0.5971385542168675 0.6007362784471219 0.5899849397590361 0.5983935742971888 0.572289156626506 0.5987282463186078 0.567394578313253 0.6020749665327978 0.5660768072289156 0.6044176706827309 0.5632530120481928 0.606091030789826 0.5625 0.6080990629183399 0.5623117469879518 0.6131191432396251 0.5630647590361446 0.6208165997322623
1 0.5579819277108433 0.5123828647925033 0.5572289156626505 0.5120481927710843 0.5572289156626505 0.5147255689424364 0.5579819277108433 0.5123828647925033
1 0.5427334337349398 0.4534805890227577 0.5432981927710844 0.45481927710843373 0.5463102409638554 0.4561579651941098 0.5487575301204819 0.45481927710843373 0.5532756024096386 0.4437751004016064 0.5559111445783133 0.44109772423025434 0.5592996987951807 0.4394243641231593 0.5585466867469879 0.4320615796519411 0.5538403614457832 0.42637215528781797 0.5466867469879518 0.428045515394913 0.5427334337349398 0.4327309236947791 0.5416039156626505 0.43708165997322623 0.5417921686746988 0.44946452476572957 0.5427334337349398 0.4534805890227577
4 0.5521460843373494 0.5327978580990629 0.550828313253012 0.537817938420348 0.5506400602409639 0.5435073627844712 0.5530873493975904 0.5502008032128514 0.5530873493975904 0.5575635876840696 0.5536521084337349 0.5609103078982597 0.557605421686747 0.5609103078982597 0.5591114457831325 0.5575635876840696 0.5632530120481928 0.5522088353413654 0.5687123493975904 0.5491967871485944 0.5858433734939759 0.5468540829986613 0.586031626506024 0.5435073627844712 0.5850903614457832 0.534805890227577 0.5832078313253012 0.5294511378848727 0.5803840361445783 0.5127175368139224 0.5785015060240963 0.5083668005354752 0.5783132530120482 0.5013386880856759 0.5769954819277109 0.5 0.5743599397590361 0.497991967871486 0.5653237951807228 0.500669344042838 0.5583584337349398 0.5013386880856759 0.5549698795180723 0.5053547523427041 0.5545933734939759 0.5090361445783133 0.5521460843373494 0.5153949129852744 0.5528990963855421 0.5240963855421686 0.5521460843373494 0.5327978580990629
1 0.5374623493975904 0.3969210174029451 0.5368975903614458 0.40829986613119146 0.5384036144578312 0.41231593038821956 0.5399096385542168 0.4143239625167336 0.5425451807228916 0.41298527443105754 0.5470632530120482 0.41298527443105754 0.5504518072289156 0.4146586345381526 0.5510165662650602 0.40997322623828647 0.5491340361445783 0.3995983935742972 0.5485692771084337 0.3908969210174029 0.5470632530120482 0.3888888888888889 0.5444277108433735 0.3882195448460508 0.5399096385542168 0.3882195448460508 0.5376506024096386 0.3902275769745649 0.5368975903614458 0.393908969210174 0.5374623493975904 0.3969210174029451
4 0.3695406626506024 0.7935073627844711 0.36991716867469876 0.7991967871485944 0.37274096385542166 0.8042168674698794 0.3804593373493976 0.8042168674698794 0.3821536144578313 0.8022088353413653 0.3870481927710844 0.8002008032128514 0.3904367469879518 0.8018741633199463 0.39909638554216864 0.8012048192771084 0.40361445783132527 0.7975234270414993 0.4107680722891566 0.7975234270414993 0.4135918674698795 0.7961847389558232 0.41792168674698793 0.7968540829986613 0.41886295180722893 0.7978580990629183 0.41923945783132527 0.7998661311914324 0.421875 0.8018741633199463 0.42601656626506024 0.8022088353413653 0.42884036144578314 0.8012048192771084 0.4301581325301205 0.7961847389558232 0.4310993975903614 0.787483266398929 0.43128765060240964 0.7771084337349398 0.4307228915662651 0.7704149933065595 0.4322289156626506 0.7643908969210174 0.43354668674698793 0.7617135207496653 0.4339231927710844 0.7587014725568942 0.43599397590361444 0.7553547523427041 0.4373117469879518 0.749665327978581 0.43938253012048195 0.7456492637215528 0.44013554216867473 0.7389558232931727 0.44013554216867473 0.7192101740294511 0.43919427710843373 0.6957831325301205 0.43693524096385544 0.6927710843373495 0.431664156626506 0.6907630522088353 0.42808734939759036 0.6854082998661312 0.4241340361445783 0.6827309236947791 0.4107680722891566 0.681057563587684 0.39759036144578314 0.68239625167336 0.38893072289156627 0.6854082998661312 0.3864834337349397 0.6880856760374833 0.379894578313253 0.6987951807228916 0.38102409638554213 0.7071619812583668 0.379894578313253 0.7111780455153949 0.37876506024096385 0.7238955823293173 0.37612951807228917 0.7325970548862115 0.37330572289156627 0.7389558232931727 0.37123493975903615 0.7476572958500669 0.3682228915662651 0.7543507362784472 0.3674698795180723 0.7580321285140562 0.3674698795180723 0.782463186077644 0.3695406626506024 0.7935073627844711
4 0.5489457831325301 0.5133868808567603 0.5500753012048193 0.5163989290495314 0.552710843373494 0.5153949129852744 0.5553463855421686 0.5083668005354752 0.5572289156626505 0.5053547523427041 0.5585466867469879 0.5046854082998661 0.5606174698795181 0.500669344042838 0.5653237951807228 0.500669344042838 0.567394578313253 0.5020080321285141 0.5749246987951807 0.5020080321285141 0.5758659638554217 0.504016064257028 0.5764307228915663 0.5090361445783133 0.5779367469879518 0.5123828647925033 0.579066265060241 0.5120481927710843 0.5798192771084337 0.5090361445783133 0.5783132530120482 0.49598393574297184 0.5769954819277109 0.49129852744310576 0.5766189759036144 0.48460508701472554 0.5756777108433735 0.4815930388219545 0.5713478915662651 0.47489959839357426 0.567394578313253 0.47489959839357426 0.5645707831325301 0.4735609103078982 0.5570406626506025 0.4742302543507363 0.5549698795180723 0.47724230254350736 0.5545933734939759 0.4815930388219545 0.5523343373493975 0.4876171352074966 0.5500753012048193 0.4909638554216867 0.5496987951807228 0.4933065595716198 0.5498870481927711 0.5033467202141901 0.5489457831325301 0.5133868808567603
5 0.32435993975903615 0.9360776439089692 0.3226656626506024 0.9441097724230254 0.3213478915662651 0.9467871485943775 0.3202183734939759 0.9524765729585006 0.317394578313253 0.9601740294511378 0.3160768072289156 0.9678714859437751 0.3140060240963855 0.9732262382864791 0.31212349397590355 0.9842704149933065 0.30948795180722893 0.9946452476572958 0.30986445783132527 0.999665327978581 0.3413027108433735 0.999665327978581 0.34149096385542166 0.9979919678714859 0.342808734939759 0.9976572958500669 0.3541039156626506 0.9979919678714859 0.35429216867469876 0.999665327978581 0.39006024096385544 0.999665327978581 0.39024849397590355 0.9979919678714859 0.39100150602409633 0.9983266398929048 0.39100150602409633 0.999665327978581 0.3981551204819277 0.999665327978581 0.3983433734939759 0.9979919678714859 0.40229668674698793 0.9956492637215528 0.4064382530120482 0.9846050870147255 0.40794427710843373 0.9775769745649263 0.4085090361445783 0.9518072289156626 0.40813253012048195 0.928714859437751 0.4060617469879518 0.9203480589022758 0.4054969879518072 0.9116465863453814 0.4030496987951807 0.9076305220883534 0.385730421686747 0.9019410977242303 0.37198795180722893 0.9019410977242303 0.3616340361445783 0.9032797858099063 0.34412650602409633 0.9093038821954484 0.33866716867469876 0.9146586345381527 0.3349021084337349 0.9200133868808567 0.327183734939759 0.9250334672021419 0.3253012048192771 0.927376171352075 0.3213478915662651 0.9280455153949129 0.32097138554216864 0.92904953145917 0.3236069277108434 0.9327309236947791 0.32435993975903615 0.9360776439089692
0 0.4390060240963855 0.5987282463186078 0.4390060240963855 0.6147925033467202 0.4397590361445783 0.6368808567603749 0.4395707831325301 0.6542838018741634 0.4407003012048193 0.6579651941097724 0.49529367469879515 0.6579651941097724 0.4975527108433735 0.6552878179384203 0.49962349397590355 0.6495983935742972 0.5022590361445783 0.6479250334672022 0.505835843373494 0.643574297188755 0.5075301204819277 0.6375502008032128 0.5075301204819277 0.6298527443105756 0.5096009036144578 0.6174698795180723 0.5112951807228916 0.6111111111111112 0.5124246987951807 0.6091030789825971 0.5137424698795181 0.6020749665327978 0.5158132530120482 0.5983935742971888 0.5173192771084337 0.5923694779116465 0.5178840361445783 0.5809906291834003 0.5197665662650602 0.574966532797858 0.521460843373494 0.5645917001338687 0.521460843373494 0.5465194109772423 0.5224021084337349 0.5431726907630522 0.5227786144578312 0.5384872824631861 0.5222138554216867 0.5301204819277108 0.5201430722891567 0.5194109772423025 0.5197665662650602 0.502342704149933 0.5192018072289156 0.49832663989290493 0.5120481927710844 0.4939759036144578 0.5045180722891567 0.49230254350736274 0.49962349397590355 0.4936412315930388 0.4887048192771084 0.4939759036144578 0.4766566265060241 0.5013386880856759 0.47138554216867473 0.5110441767068272 0.4695030120481928 0.5130522088353413 0.46912650602409633 0.5150602409638554 0.4631024096385542 0.5257697456492637 0.458019578313253 0.5321285140562249 0.4487951807228916 0.5478580990629184 0.4455948795180723 0.5545515394912985 0.44446536144578314 0.5585676037483266 0.4407003012048193 0.5655957161981258 0.4395707831325301 0.571285140562249 0.4399472891566265 0.5763052208835341 0.4390060240963855 0.5987282463186078
0 0.5077183734939759 0.4079651941097724 0.5086596385542168 0.40963855421686746 0.5103539156626505 0.4079651941097724 0.5112951807228916 0.40160642570281124 0.5137424698795181 0.3985943775100402 0.5199548192771084 0.39825970548862116 0.5225903614457832 0.40093708165997316 0.5240963855421686 0.39926372155287815 0.5252259036144578 0.37550200803212846 0.5239081325301205 0.36981258366800535 0.5224021084337349 0.3681392235609103 0.5169427710843374 0.3654618473895582 0.5122364457831325 0.36613119143239625 0.5086596385542168 0.36981258366800535 0.5071536144578312 0.3798527443105756 0.5071536144578312 0.4006024096385542 0.5077183734939759 0.4079651941097724
6 0.4587725903614458 0.44477911646586343 0.4595256024096386 0.46251673360107093 0.4604668674698795 0.46820615796519405 0.4619728915662651 0.47054886211512714 0.4634789156626506 0.4759036144578313 0.46724397590361444 0.47724230254350736 0.467808734939759 0.47456492637215525 0.47063253012048195 0.4738955823293172 0.4719503012048193 0.4715528781793842 0.47496234939759036 0.4702141900937082 0.4791039156626506 0.46887550200803213 0.4898343373493976 0.4678714859437751 0.49134036144578314 0.465194109772423 0.4915286144578313 0.45716198125836677 0.4939759036144578 0.4467871485943775 0.4939759036144578 0.4397590361445783 0.49604668674698793 0.42637215528781797 0.495105421686747 0.40829986613119146 0.49284638554216864 0.4002677376171352 0.4911521084337349 0.39759036144578314 0.48851656626506024 0.3965863453815261 0.47740963855421686 0.3972556894243641 0.4710090361445783 0.4002677376171352 0.46875 0.4046184738955823 0.46818524096385544 0.41231593038821956 0.46573795180722893 0.41967871485943775 0.45933734939759036 0.4320615796519411 0.4587725903614458 0.43507362784471215 0.4587725903614458 0.44477911646586343
6 0.4971762048192771 0.44946452476572957 0.49868222891566266 0.4538152610441767 0.499058734939759 0.46251673360107093 0.5 0.46820615796519405 0.5015060240963854 0.4715528781793842 0.5099774096385542 0.4712182061579652 0.5120481927710844 0.4678714859437751 0.5144954819277109 0.46151271753681394 0.5178840361445783 0.4585006693440428 0.5199548192771084 0.4578313253012048 0.5224021084337349 0.4534805890227577 0.521460843373494 0.44745649263721554 0.5216490963855421 0.44277108433734935 0.5224021084337349 0.4400937081659973 0.5222138554216867 0.4323962516733601 0.5208960843373494 0.4260374832663989 0.5207078313253012 0.41800535475234263 0.5190135542168675 0.41499330655957156 0.516566265060241 0.41331994645247655 0.5103539156626505 0.4119812583668005 0.5043298192771084 0.4119812583668005 0.5015060240963854 0.41298527443105754 0.4998117469879518 0.41499330655957156 0.499058734939759 0.41767068273092367 0.49736445783132527 0.429718875502008 0.49774096385542166 0.44477911646586343 0.4971762048192771 0.44946452476572957
6 0.483433734939759 0.37617135207496655 0.48550451807228917 0.38353413654618473 0.4858810240963855 0.38788487282463185 0.4879518072289156 0.39190093708165996 0.49849397590361444 0.39257028112449793 0.49962349397590355 0.39190093708165996 0.5028237951807228 0.3865461847389558 0.5035768072289156 0.3788487282463186 0.5033885542168675 0.36445783132530124 0.5026355421686747 0.35642570281124497 0.5003765060240963 0.35207496653279785 0.49811746987951805 0.3504016064257028 0.4907756024096386 0.3507362784471218 0.4868222891566265 0.3544176706827309 0.48381024096385544 0.35943775100401604 0.48249246987951805 0.36378848728246316 0.4823042168674699 0.3674698795180723 0.483433734939759 0.37617135207496655
3 0.5389683734939759 0.4702141900937082 0.5399096385542168 0.47255689424364117 0.5414156626506025 0.4738955823293172 0.5393448795180723 0.47724230254350736 0.5385918674698795 0.4879518072289156 0.541039156626506 0.4956492637215529 0.5436746987951807 0.4966532797858099 0.5453689759036144 0.4949799196787148 0.5472515060240963 0.4879518072289156 0.5464984939759036 0.4839357429718876 0.5463102409638554 0.47757697456492637 0.544051204819277 0.4738955823293172 0.5431099397590361 0.46921017402945114 0.5397213855421686 0.46619812583668 0.5385918674698795 0.46720214190093706 0.5389683734939759 0.4702141900937082
3 0.5583584337349398 0.4113119143239625 0.5591114457831325 0.41733601070950466 0.5606174698795181 0.42001338688085676 0.563441265060241 0.4186746987951807 0.563441265060241 0.4029451137884873 0.5619352409638554 0.4002677376171352 0.5606174698795181 0.3999330655957162 0.5589231927710844 0.40327978580990625 0.5583584337349398 0.40562248995983935 0.5583584337349398 0.4113119143239625
3 0.453125 0.49631860776439085 0.45651355421686746 0.4956492637215529 0.4574548192771084 0.4916331994645248 0.45726656626506024 0.48092369477911645 0.45651355421686746 0.4742302543507363 0.45500753012048195 0.4718875502008032 0.4529367469879518 0.4712182061579652 0.45124246987951805 0.47489959839357426 0.45143072289156627 0.49196787148594373 0.453125 0.49631860776439085
3 0.5291792168674698 0.4143239625167336 0.5331325301204819 0.4146586345381526 0.5338855421686747 0.41231593038821956 0.5340737951807228 0.4076305220883534 0.5329442771084337 0.4002677376171352 0.5295557228915663 0.39892904953145913 0.528426204819277 0.40394912985274434 0.528426204819277 0.4116465863453815 0.5291792168674698 0.4143239625167336
3 0.5698418674698795 0.44310575635876837 0.570406626506024 0.4464524765729585 0.5711596385542168 0.44779116465863456 0.5751129518072289 0.4464524765729585 0.5758659638554217 0.44310575635876837 0.5758659638554217 0.4390896921017403 0.5749246987951807 0.4323962516733601 0.5719126506024096 0.43105756358768405 0.570406626506024 0.4323962516733601 0.5698418674698795 0.43540829986613117 0.5698418674698795 0.44310575635876837
3 0.5779367469879518 0.47289156626506024 0.5805722891566265 0.47824631860776434 0.5824548192771084 0.47824631860776434 0.583960843373494 0.4759036144578313 0.5847138554216867 0.4712182061579652 0.5847138554216867 0.463855421686747 0.5832078313253012 0.4558232931726907 0.5813253012048193 0.45247657295850063 0.5794427710843374 0.4541499330655957 0.5769954819277109 0.4601740294511379 0.5769954819277109 0.46720214190093706 0.5779367469879518 0.47289156626506024