6 0.4914930555555555 0.5151234567901235 0.4947916666666667 0.5172839506172839 0.4993055555555555 0.516358024691358 0.5086805555555556 0.5172839506172839 0.5092013888888889 0.5114197530864197 0.5079861111111111 0.4975308641975309 0.5055555555555555 0.4854938271604938 0.5036458333333333 0.47962962962962963 0.4989583333333333 0.47716049382716047 0.4947916666666667 0.4774691358024691 0.4921875 0.47962962962962963 0.49027777777777776 0.4867283950617284 0.4897569444444444 0.49537037037037035 0.4890625 0.49845679012345684 0.4895833333333333 0.5101851851851852 0.4914930555555555 0.5151234567901235
8 0.24027777777777778 0.6157407407407407 0.24027777777777778 0.6373456790123456 0.24149305555555556 0.641358024691358 0.24479166666666666 0.6438271604938272 0.2701388888888889 0.641358024691358 0.2760416666666667 0.6385802469135803 0.2798611111111111 0.6401234567901234 0.2831597222222222 0.6382716049382716 0.28541666666666665 0.6330246913580246 0.2881944444444444 0.6296296296296297 0.28888888888888886 0.6265432098765432 0.2909722222222222 0.6225308641975309 0.29184027777777777 0.6169753086419753 0.2942708333333333 0.6098765432098765 0.2998263888888889 0.5996913580246913 0.3005208333333333 0.5993827160493828 0.3013888888888889 0.5944444444444444 0.3005208333333333 0.5833333333333334 0.2942708333333333 0.571604938271605 0.2939236111111111 0.5694444444444444 0.2909722222222222 0.5660493827160494 0.28680555555555554 0.5638888888888889 0.2795138888888889 0.5629629629629629 0.2734375 0.5629629629629629 0.26545138888888886 0.5651234567901234 0.2552083333333333 0.5712962962962963 0.24809027777777778 0.5777777777777777 0.2439236111111111 0.5833333333333334 0.2421875 0.591358024691358 0.24131944444444445 0.6114197530864197 0.24027777777777778 0.6157407407407407
5 0.5416666666666666 0.5885802469135802 0.5428819444444444 0.5972222222222222 0.5423611111111111 0.6083333333333334 0.5430555555555555 0.6108024691358025 0.5435763888888888 0.6203703703703703 0.5447916666666667 0.6231481481481481 0.5470486111111111 0.6243827160493828 0.5503472222222222 0.6219135802469137 0.5623263888888889 0.6219135802469137 0.5682291666666667 0.6225308641975309 0.5703125 0.6240740740740741 0.5746527777777778 0.6240740740740741 0.5751736111111111 0.6200617283950618 0.5751736111111111 0.6074074074074074 0.5746527777777778 0.5981481481481481 0.5739583333333333 0.5950617283950618 0.5755208333333334 0.5882716049382716 0.5717013888888889 0.5845679012345679 0.5697916666666666 0.5768518518518518 0.5675347222222222 0.5709876543209876 0.5656249999999999 0.5694444444444444 0.5609375 0.5679012345679012 0.5520833333333334 0.5682098765432099 0.5473958333333333 0.5712962962962963 0.5449652777777777 0.5753086419753086 0.5432291666666667 0.5799382716049383 0.5428819444444444 0.5848765432098765 0.5416666666666666 0.5885802469135802
1 0.4125 0.4947530864197531 0.41684027777777777 0.4975308641975309 0.41996527777777776 0.5027777777777778 0.421875 0.5092592592592593 0.4255208333333333 0.5098765432098765 0.4270833333333333 0.5021604938271605 0.4267361111111111 0.49537037037037035 0.42586805555555557 0.491358024691358 0.4222222222222222 0.4842592592592592 0.4220486111111111 0.48271604938271606 0.4204861111111111 0.4817901234567901 0.4161458333333333 0.4817901234567901 0.4145833333333333 0.48271604938271606 0.4128472222222222 0.4867283950617284 0.4116319444444444 0.49104938271604937 0.4125 0.4947530864197531
1 0.1171875 0.7484567901234568 0.11875 0.7521604938271605 0.12100694444444444 0.753395061728395 0.14131944444444444 0.7524691358024691 0.14635416666666665 0.7506172839506172 0.16180555555555554 0.7490740740740741 0.1684027777777778 0.7429012345679012 0.1753472222222222 0.729320987654321 0.17916666666666664 0.725 0.18072916666666666 0.7219135802469135 0.18680555555555556 0.7175925925925926 0.19166666666666665 0.7160493827160493 0.19652777777777775 0.7160493827160493 0.1996527777777778 0.7138888888888888 0.20052083333333334 0.7064814814814815 0.20052083333333334 0.6959876543209877 0.1996527777777778 0.6895061728395062 0.19791666666666666 0.6854938271604938 0.19618055555555555 0.6836419753086419 0.19218749999999998 0.6842592592592593 0.1892361111111111 0.6830246913580247 0.18333333333333335 0.6780864197530865 0.17864583333333334 0.6762345679012346 0.17152777777777775 0.6756172839506173 0.1685763888888889 0.674074074074074 0.16024305555555554 0.674074074074074 0.15763888888888888 0.6756172839506173 0.14756944444444445 0.6780864197530865 0.14357638888888888 0.6814814814814815 0.1388888888888889 0.6895061728395062 0.1328125 0.6959876543209877 0.1284722222222222 0.7040123456790123 0.12534722222222222 0.7126543209876544 0.11996527777777777 0.7188271604938271 0.11753472222222222 0.7253086419753086 0.11649305555555554 0.7324074074074074 0.11631944444444445 0.7419753086419753 0.1171875 0.7484567901234568
1 0.3520833333333333 0.566358024691358 0.35538194444444443 0.5679012345679012 0.378125 0.5688271604938271 0.3852430555555555 0.5679012345679012 0.3871527777777778 0.5666666666666667 0.3873263888888889 0.5657407407407408 0.3873263888888889 0.5570987654320988 0.3864583333333333 0.553395061728395 0.3817708333333333 0.5444444444444444 0.37829861111111107 0.5425925925925926 0.3659722222222222 0.5425925925925926 0.359375 0.5444444444444444 0.3550347222222222 0.5499999999999999 0.3515625 0.5608024691358025 0.35138888888888886 0.5645061728395062 0.3520833333333333 0.566358024691358
1 0.3857638888888889 0.5459876543209877 0.3871527777777778 0.5462962962962963 0.3899305555555555 0.5444444444444444 0.40243055555555557 0.5450617283950617 0.4045138888888889 0.5438271604938272 0.4069444444444444 0.5398148148148147 0.4076388888888889 0.5354938271604939 0.40781249999999997 0.5262345679012346 0.4065972222222222 0.5228395061728395 0.4036458333333333 0.5200617283950617 0.4005208333333333 0.5148148148148148 0.3987847222222222 0.5138888888888888 0.390625 0.5148148148148148 0.38697916666666665 0.5185185185185185 0.3833333333333333 0.5358024691358024 0.3833333333333333 0.5438271604938272 0.3857638888888889 0.5459876543209877
1 0.30885416666666665 0.570679012345679 0.31059027777777776 0.578395061728395 0.31406249999999997 0.5805555555555555 0.3171875 0.5787037037037037 0.32413194444444443 0.5771604938271605 0.33211805555555557 0.5771604938271605 0.3354166666666667 0.578395061728395 0.3388888888888889 0.5719135802469135 0.340625 0.5700617283950616 0.3456597222222222 0.5679012345679012 0.34652777777777777 0.5623456790123457 0.34652777777777777 0.5540123456790124 0.3458333333333333 0.5509259259259259 0.3407986111111111 0.5435185185185185 0.33871527777777777 0.5416666666666666 0.3295138888888889 0.5410493827160493 0.31875 0.5425925925925926 0.3171875 0.5435185185185185 0.3147569444444444 0.5469135802469135 0.3133680555555556 0.5509259259259259 0.3100694444444444 0.5561728395061728 0.30885416666666665 0.5604938271604938 0.30885416666666665 0.570679012345679
1 0.4861111111111111 0.567283950617284 0.4861111111111111 0.5750000000000001 0.48767361111111107 0.5796296296296296 0.5060763888888888 0.5793209876543209 0.5086805555555556 0.5805555555555555 0.5114583333333333 0.578395061728395 0.5114583333333333 0.5629629629629629 0.5105902777777778 0.5546296296296296 0.5104166666666666 0.5416666666666666 0.5097222222222222 0.5351851851851852 0.5085069444444444 0.5308641975308642 0.5057291666666667 0.5287037037037037 0.5022569444444445 0.5287037037037037 0.49496527777777777 0.5296296296296296 0.4914930555555555 0.5317901234567901 0.4897569444444444 0.5358024691358024 0.48854166666666665 0.5410493827160493 0.48767361111111107 0.5524691358024691 0.4864583333333333 0.5570987654320988 0.4869791666666667 0.5623456790123457 0.4861111111111111 0.567283950617284
1 0.16024305555555554 0.796604938271605 0.16041666666666665 0.811111111111111 0.1612847222222222 0.8145061728395062 0.16354166666666664 0.8166666666666667 0.16701388888888888 0.825 0.16805555555555554 0.825925925925926 0.1722222222222222 0.825 0.17482638888888888 0.8191358024691359 0.17656249999999998 0.8169753086419753 0.17881944444444445 0.8157407407407407 0.20086805555555554 0.8132716049382716 0.2064236111111111 0.811111111111111 0.21006944444444445 0.811111111111111 0.21059027777777775 0.8141975308641975 0.2126736111111111 0.8175925925925925 0.2170138888888889 0.8179012345679012 0.21996527777777775 0.8141975308641975 0.22065972222222222 0.8120370370370371 0.22083333333333333 0.8074074074074075 0.2220486111111111 0.8009259259259259 0.2215277777777778 0.796604938271605 0.22239583333333335 0.7938271604938272 0.2220486111111111 0.7824074074074074 0.22274305555555554 0.778395061728395 0.2267361111111111 0.770679012345679 0.2269097222222222 0.7611111111111112 0.22743055555555555 0.7583333333333334 0.23072916666666665 0.7537037037037038 0.2347222222222222 0.7549382716049382 0.23645833333333333 0.7583333333333334 0.23732638888888888 0.7666666666666666 0.23802083333333335 0.7675925925925926 0.2394097222222222 0.7564814814814815 0.2392361111111111 0.7487654320987653 0.23506944444444444 0.7268518518518519 0.2342013888888889 0.7253086419753086 0.22864583333333333 0.721604938271605 0.22777777777777775 0.7200617283950618 0.22239583333333335 0.7157407407407407 0.2140625 0.7141975308641975 0.2046875 0.7145061728395062 0.19739583333333333 0.717283950617284 0.18888888888888888 0.7188271604938271 0.18541666666666665 0.7200617283950618 0.18125 0.7231481481481481 0.1798611111111111 0.725925925925926 0.17899305555555556 0.7262345679012346 0.1753472222222222 0.7314814814814815 0.17326388888888888 0.7373456790123456 0.17135416666666664 0.7407407407407407 0.16805555555555554 0.7444444444444445 0.1644097222222222 0.7552469135802469 0.16371527777777775 0.762037037037037 0.16145833333333334 0.7688271604938272 0.16093749999999998 0.775 0.16145833333333334 0.7901234567901234 0.16024305555555554 0.796604938271605
1 0.2895833333333333 0.625 0.2881944444444444 0.6299382716049382 0.2881944444444444 0.633641975308642 0.29062499999999997 0.6339506172839506 0.2970486111111111 0.6274691358024691 0.2986111111111111 0.6246913580246913 0.3078125 0.6175925925925926 0.3125 0.6095679012345678 0.3170138888888889 0.604320987654321 0.3192708333333333 0.6027777777777777 0.32013888888888886 0.6006172839506172 0.3215277777777778 0.5993827160493828 0.3215277777777778 0.5981481481481481 0.31875 0.5959876543209875 0.3038194444444444 0.5981481481481481 0.3024305555555556 0.5996913580246913 0.3003472222222222 0.6003086419753086 0.2986111111111111 0.6024691358024691 0.2982638888888889 0.6040123456790124 0.29322916666666665 0.6120370370370369 0.2911458333333333 0.6222222222222222 0.2895833333333333 0.625
1 0.027604166666666666 0.9561728395061728 0.028645833333333332 0.9626543209876544 0.03125 0.9691358024691359 0.03628472222222222 0.9746913580246913 0.03993055555555555 0.9756172839506172 0.04774305555555555 0.9725308641975309 0.06163194444444445 0.9712962962962962 0.06753472222222222 0.9697530864197531 0.0814236111111111 0.9691358024691359 0.08802083333333333 0.9675925925925926 0.09270833333333332 0.9685185185185184 0.09427083333333333 0.971604938271605 0.09756944444444444 0.9734567901234568 0.09947916666666667 0.9734567901234568 0.10347222222222222 0.9712962962962962 0.10642361111111111 0.9669753086419753 0.1076388888888889 0.9638888888888888 0.1079861111111111 0.9614197530864197 0.1095486111111111 0.9580246913580247 0.11145833333333333 0.9484567901234568 0.11388888888888887 0.9429012345679012 0.12395833333333332 0.9296296296296297 0.12916666666666665 0.9209876543209877 0.1376736111111111 0.9114197530864198 0.1407986111111111 0.9074074074074074 0.14288194444444444 0.9030864197530865 0.14652777777777778 0.899074074074074 0.14930555555555555 0.8981481481481481 0.15572916666666664 0.8987654320987654 0.1578125 0.8975308641975309 0.16006944444444443 0.8944444444444444 0.1623263888888889 0.887037037037037 0.1642361111111111 0.8688271604938271 0.16354166666666664 0.8521604938271605 0.16145833333333334 0.8447530864197531 0.15746527777777775 0.8407407407407407 0.15086805555555555 0.8385802469135802 0.14027777777777775 0.8373456790123457 0.12795138888888888 0.8382716049382716 0.12083333333333332 0.8401234567901235 0.1076388888888889 0.8391975308641975 0.09427083333333333 0.8395061728395062 0.08506944444444445 0.8416666666666667 0.07309027777777778 0.8481481481481481 0.06770833333333333 0.8524691358024691 0.060069444444444446 0.8617283950617284 0.05850694444444444 0.8648148148148148 0.05642361111111111 0.866358024691358 0.05260416666666666 0.8728395061728395 0.051909722222222225 0.8762345679012346 0.04722222222222222 0.8824074074074074 0.04496527777777778 0.8879629629629631 0.04236111111111111 0.8919753086419753 0.03819444444444445 0.9040123456790122 0.03211805555555555 0.9123456790123456 0.031076388888888886 0.9151234567901234 0.030902777777777776 0.9280864197530865 0.0296875 0.9324074074074075 0.028645833333333332 0.9429012345679012 0.028645833333333332 0.950925925925926 0.027604166666666666 0.9561728395061728
1 0.9102430555555555 0.5614197530864198 0.9131944444444444 0.5645061728395062 0.9190972222222222 0.566358024691358 0.9262152777777778 0.5654320987654321 0.9314236111111112 0.5623456790123457 0.9407986111111112 0.5592592592592592 0.9510416666666666 0.5601851851851852 0.9520833333333334 0.5598765432098766 0.9527777777777777 0.5583333333333333 0.9520833333333334 0.5509259259259259 0.9496527777777778 0.5425925925925926 0.9454861111111111 0.5351851851851852 0.9402777777777778 0.532716049382716 0.9315972222222222 0.5314814814814814 0.9241319444444444 0.5314814814814814 0.9206597222222221 0.532716049382716 0.9161458333333333 0.5361111111111111 0.9114583333333334 0.5425925925925926 0.9097222222222222 0.5499999999999999 0.9095486111111112 0.5583333333333333 0.9102430555555555 0.5614197530864198
1 0.24687499999999998 0.7006172839506173 0.24687499999999998 0.70679012345679 0.24809027777777778 0.7197530864197531 0.24930555555555556 0.7243827160493828 0.25104166666666666 0.7268518518518519 0.25503472222222223 0.7271604938271605 0.2552083333333333 0.7003086419753086 0.25763888888888886 0.678395061728395 0.26163194444444443 0.6663580246913581 0.2692708333333333 0.6583333333333333 0.271875 0.6549382716049382 0.2717013888888889 0.6537037037037037 0.2701388888888889 0.6524691358024691 0.26493055555555556 0.6537037037037037 0.2604166666666667 0.6580246913580247 0.25972222222222224 0.6595679012345679 0.2583333333333333 0.6601851851851852 0.25416666666666665 0.6666666666666666 0.2517361111111111 0.6725308641975308 0.2513888888888889 0.6759259259259259 0.24930555555555556 0.6824074074074075 0.24809027777777778 0.6901234567901234 0.24809027777777778 0.6938271604938272 0.24687499999999998 0.7006172839506173
1 0.4053819444444444 0.6089506172839506 0.4055555555555555 0.6314814814814815 0.40625 0.6339506172839506 0.4086805555555555 0.6351851851851852 0.4107638888888889 0.633641975308642 0.4131944444444444 0.6237654320987653 0.4184027777777778 0.6175925925925926 0.4190972222222222 0.6132716049382716 0.4184027777777778 0.5962962962962963 0.4189236111111111 0.5916666666666667 0.4184027777777778 0.5895061728395061 0.4140625 0.5879629629629629 0.4105902777777778 0.5811728395061728 0.4081597222222222 0.5796296296296296 0.4055555555555555 0.5808641975308642 0.40434027777777776 0.5839506172839506 0.4038194444444444 0.5873456790123457 0.40434027777777776 0.6027777777777777 0.4053819444444444 0.6089506172839506
1 0.4013888888888889 0.516358024691358 0.40781249999999997 0.5228395061728395 0.4119791666666667 0.5228395061728395 0.41388888888888886 0.5219135802469136 0.4184027777777778 0.5228395061728395 0.4213541666666667 0.519753086419753 0.4220486111111111 0.5175925925925926 0.4227430555555556 0.5052469135802469 0.4196180555555556 0.49845679012345684 0.4145833333333333 0.49537037037037035 0.4126736111111111 0.491358024691358 0.4109375 0.49074074074074076 0.4086805555555555 0.49290123456790125 0.40607638888888886 0.49351851851851847 0.40434027777777776 0.49506172839506174 0.4034722222222222 0.4978395061728395 0.403125 0.5021604938271605 0.4006944444444444 0.5104938271604939 0.4006944444444444 0.5151234567901235 0.4013888888888889 0.516358024691358
2 0.6111111111111112 0.5123456790123457 0.6119791666666666 0.516358024691358 0.6123263888888888 0.5219135802469136 0.6128472222222222 0.5237654320987654 0.6133680555555555 0.5237654320987654 0.6154513888888888 0.5219135802469136 0.6163194444444444 0.5117283950617284 0.6178819444444444 0.508641975308642 0.6185763888888888 0.5055555555555555 0.6185763888888888 0.49876543209876545 0.6163194444444444 0.49104938271604937 0.6138888888888888 0.4901234567901234 0.6128472222222222 0.4901234567901234 0.6104166666666666 0.4978395061728395 0.6104166666666666 0.5058641975308642 0.6111111111111112 0.5123456790123457
2 0.7142361111111112 0.6910493827160493 0.7144097222222222 0.703395061728395 0.7151041666666667 0.7080246913580247 0.7161458333333334 0.7104938271604938 0.7182291666666666 0.7111111111111111 0.7199652777777777 0.7132716049382716 0.7239583333333334 0.720679012345679 0.7255208333333334 0.716358024691358 0.7256944444444444 0.70679012345679 0.7263888888888889 0.7027777777777778 0.7277777777777777 0.7003086419753086 0.7284722222222222 0.696604938271605 0.7286458333333333 0.6907407407407407 0.7279513888888888 0.678395061728395 0.7260416666666666 0.671604938271605 0.7239583333333334 0.6688271604938272 0.7230902777777778 0.6611111111111112 0.7218749999999999 0.6589506172839507 0.7208333333333333 0.657716049382716 0.7180555555555556 0.6580246913580247 0.717361111111111 0.6589506172839507 0.7168402777777778 0.6611111111111112 0.7166666666666666 0.6700617283950616 0.7151041666666667 0.6719135802469135 0.7135416666666666 0.6771604938271604 0.7131944444444444 0.6830246913580247 0.7142361111111112 0.6910493827160493
2 0.5572916666666666 0.5354938271604939 0.5631944444444444 0.5345679012345679 0.5645833333333333 0.5333333333333333 0.5644097222222222 0.5287037037037037 0.5607638888888888 0.5179012345679012 0.5588541666666667 0.5191358024691358 0.5574652777777778 0.5212962962962963 0.5557291666666666 0.5274691358024691 0.5557291666666666 0.5320987654320988 0.5572916666666666 0.5354938271604939
2 0.8819444444444444 0.9712962962962962 0.8862847222222222 0.9722222222222222 0.8869791666666667 0.9820987654320987 0.8885416666666666 0.9891975308641975 0.8894097222222221 0.9996913580246913 0.9015624999999999 0.9996913580246913 0.9024305555555555 0.9953703703703703 0.9029513888888888 0.9867283950617284 0.9036458333333334 0.9839506172839506 0.9045138888888888 0.9830246913580247 0.9053819444444444 0.9780864197530863 0.9074652777777777 0.9734567901234568 0.9076388888888888 0.971604938271605 0.9081597222222222 0.9712962962962962 0.9090277777777778 0.9734567901234568 0.9118055555555555 0.9743827160493828 0.9135416666666666 0.9712962962962962 0.9137152777777777 0.966358024691358 0.912673611111111 0.9537037037037037 0.9125 0.942283950617284 0.9114583333333334 0.9342592592592593 0.9098958333333333 0.9277777777777778 0.9076388888888888 0.9225308641975308 0.9024305555555555 0.9188271604938272 0.9024305555555555 0.9154320987654321 0.9036458333333334 0.9114197530864198 0.9039930555555555 0.907716049382716 0.903298611111111 0.903395061728395 0.9005208333333333 0.8984567901234568 0.8975694444444444 0.8962962962962963 0.8940972222222222 0.8972222222222223 0.8921875 0.9003086419753087 0.8916666666666666 0.9061728395061728 0.8935763888888888 0.9145061728395062 0.8935763888888888 0.91820987654321 0.8918402777777777 0.921604938271605 0.8881944444444444 0.925 0.8857638888888888 0.9305555555555556 0.8836805555555556 0.9379629629629629 0.8831597222222222 0.945679012345679 0.8815972222222221 0.9558641975308642 0.8809027777777778 0.9697530864197531 0.8819444444444444 0.9712962962962962
2 0.225 0.792283950617284 0.2253472222222222 0.8003086419753087 0.2263888888888889 0.807716049382716 0.22708333333333333 0.8092592592592593 0.23038194444444443 0.8120370370370371 0.2328125 0.811111111111111 0.2342013888888889 0.8092592592592593 0.23802083333333335 0.811111111111111 0.24010416666666665 0.8160493827160493 0.24027777777777778 0.821604938271605 0.2409722222222222 0.825 0.24322916666666666 0.8262345679012346 0.24583333333333335 0.825925925925926 0.2470486111111111 0.8219135802469135 0.2472222222222222 0.8123456790123457 0.2482638888888889 0.807716049382716 0.2482638888888889 0.8012345679012346 0.2453125 0.7947530864197531 0.24131944444444445 0.7944444444444444 0.2407986111111111 0.79320987654321 0.24131944444444445 0.792283950617284 0.2449652777777778 0.7919753086419753 0.2482638888888889 0.7898148148148147 0.24913194444444445 0.7861111111111112 0.2423611111111111 0.7777777777777778 0.2409722222222222 0.7771604938271606 0.2371527777777778 0.770679012345679 0.23697916666666666 0.7617283950617284 0.23506944444444444 0.7552469135802469 0.23072916666666665 0.7540123456790124 0.228125 0.7574074074074074 0.2269097222222222 0.7617283950617284 0.2269097222222222 0.7716049382716049 0.2232638888888889 0.779320987654321 0.22291666666666665 0.782716049382716 0.225 0.792283950617284
2 0.7413194444444444 0.7151234567901235 0.7418402777777777 0.7138888888888888 0.7409722222222221 0.7129629629629629 0.7418402777777777 0.7120370370370371 0.7416666666666666 0.7111111111111111 0.7409722222222221 0.7120370370370371 0.740798611111111 0.7138888888888888 0.7413194444444444 0.7151234567901235
2 0.7454861111111112 0.7098765432098766 0.7472222222222222 0.7132716049382716 0.7472222222222222 0.7243827160493828 0.7454861111111112 0.7339506172839506 0.7463541666666667 0.7484567901234568 0.7484375 0.757716049382716 0.7519097222222222 0.7592592592592593 0.7526041666666666 0.758641975308642 0.754861111111111 0.7410493827160494 0.7550347222222222 0.7231481481481481 0.75625 0.7182098765432099 0.75625 0.7114197530864197 0.7569444444444444 0.7058641975308642 0.7567708333333334 0.7015432098765432 0.7545138888888888 0.695679012345679 0.7543402777777778 0.688888888888889 0.7536458333333333 0.6858024691358025 0.7519097222222222 0.6836419753086419 0.7487847222222221 0.6858024691358025 0.7472222222222222 0.6950617283950616 0.74375 0.6996913580246913 0.7432291666666666 0.7040123456790123 0.7432291666666666 0.7086419753086419 0.7454861111111112 0.7098765432098766
2 0.7300347222222222 0.6935185185185185 0.7291666666666666 0.7037037037037037 0.7286458333333333 0.70679012345679 0.7270833333333333 0.7092592592592593 0.7263888888888889 0.7129629629629629 0.7265625 0.7151234567901235 0.7270833333333333 0.7169753086419753 0.7277777777777777 0.717283950617284 0.7310763888888888 0.7132716049382716 0.734375 0.7194444444444444 0.7381944444444444 0.720679012345679 0.7388888888888888 0.7132716049382716 0.7399305555555555 0.7104938271604938 0.7399305555555555 0.6728395061728395 0.739236111111111 0.6666666666666666 0.7355902777777777 0.653395061728395 0.7342013888888889 0.6524691358024691 0.7307291666666667 0.654320987654321 0.7305555555555555 0.6586419753086419 0.7288194444444444 0.6660493827160494 0.7282986111111112 0.671604938271605 0.7298611111111112 0.6836419753086419 0.7300347222222222 0.6935185185185185
4 0.024305555555555556 0.7854938271604938 0.021006944444444443 0.792283950617284 0.020138888888888887 0.7962962962962963 0.01753472222222222 0.8009259259259259 0.015625 0.8021604938271604 0.013888888888888888 0.8049382716049384 0.010590277777777778 0.8064814814814815 0.0019097222222222222 0.8145061728395062 0 0.8145061728395062 0 0.8916666666666666 0.009201388888888887 0.8895061728395062 0.02048611111111111 0.8882716049382716 0.024131944444444442 0.8858024691358025 0.027604166666666666 0.8820987654320988 0.032812499999999994 0.8796296296296297 0.034895833333333334 0.8799382716049382 0.036631944444444446 0.8839506172839506 0.03958333333333333 0.8851851851851852 0.04288194444444444 0.8848765432098765 0.04548611111111111 0.8808641975308641 0.04756944444444445 0.879320987654321 0.052256944444444446 0.8703703703703703 0.05416666666666666 0.8688271604938271 0.060069444444444446 0.8558641975308642 0.06736111111111111 0.8493827160493828 0.07326388888888889 0.8404320987654321 0.07916666666666666 0.8339506172839506 0.08541666666666667 0.8293209876543209 0.090625 0.8231481481481482 0.09322916666666667 0.821604938271605 0.0953125 0.8191358024691359 0.09947916666666667 0.8179012345679012 0.10243055555555555 0.8219135802469135 0.10642361111111111 0.8222222222222222 0.1107638888888889 0.8185185185185185 0.11319444444444444 0.8141975308641975 0.11458333333333333 0.8021604938271604 0.11788194444444444 0.7938271604938272 0.11909722222222222 0.7867283950617284 0.11840277777777777 0.7765432098765431 0.11631944444444445 0.7691358024691358 0.11319444444444444 0.7645061728395062 0.10850694444444445 0.7617283950617284 0.09652777777777777 0.7604938271604937 0.0876736111111111 0.7611111111111112 0.08194444444444444 0.7574074074074074 0.07847222222222222 0.7567901234567901 0.06041666666666666 0.7567901234567901 0.0453125 0.7583333333333334 0.03576388888888889 0.7617283950617284 0.03125 0.7648148148148147 0.025694444444444443 0.775 0.024305555555555556 0.7854938271604938
5 0.5538194444444444 0.9814814814814815 0.5538194444444444 0.9950617283950618 0.5552083333333333 0.9996913580246913 0.6390625 0.9996913580246913 0.6388888888888888 0.9950617283950618 0.6368055555555555 0.9876543209876544 0.634375 0.9734567901234568 0.6340277777777777 0.9614197530864197 0.6329861111111111 0.9570987654320987 0.6307291666666666 0.9521604938271605 0.6282986111111112 0.9441358024691359 0.6274305555555556 0.938888888888889 0.6248263888888889 0.932716049382716 0.6232638888888888 0.9262345679012346 0.6161458333333334 0.9111111111111112 0.6131944444444444 0.9089506172839507 0.5993055555555555 0.9058641975308641 0.5833333333333334 0.9052469135802469 0.5684027777777777 0.9067901234567901 0.5645833333333333 0.907716049382716 0.5612847222222223 0.9098765432098765 0.5600694444444444 0.9111111111111112 0.5569444444444445 0.9175925925925925 0.5546875 0.9259259259259259 0.5538194444444444 0.9478395061728394 0.5527777777777777 0.9558641975308642 0.5526041666666667 0.967283950617284 0.5538194444444444 0.9814814814814815
0 0.2565972222222222 0.7385802469135803 0.25711805555555556 0.7527777777777778 0.2581597222222222 0.7580246913580246 0.25711805555555556 0.7666666666666666 0.25711805555555556 0.7771604938271606 0.2581597222222222 0.7861111111111112 0.2583333333333333 0.8018518518518518 0.2595486111111111 0.8095679012345679 0.2595486111111111 0.8222222222222222 0.26076388888888885 0.8280864197530865 0.2736111111111111 0.8287037037037037 0.2788194444444444 0.8271604938271605 0.2878472222222222 0.8262345679012346 0.3038194444444444 0.8262345679012346 0.3064236111111111 0.825 0.3128472222222222 0.825 0.33871527777777777 0.821604938271605 0.3432291666666667 0.8169753086419753 0.3520833333333333 0.7975308641975308 0.36267361111111107 0.7885802469135803 0.3654513888888889 0.7833333333333333 0.3666666666666667 0.7768518518518519 0.3668402777777778 0.7700617283950618 0.3685763888888889 0.7583333333333334 0.3729166666666667 0.7512345679012346 0.3736111111111111 0.7478395061728395 0.3758680555555556 0.7447530864197531 0.3795138888888889 0.7354938271604938 0.3810763888888889 0.7330246913580247 0.38263888888888886 0.7274691358024691 0.3883680555555556 0.7191358024691359 0.3895833333333333 0.7148148148148148 0.3902777777777778 0.7049382716049382 0.3913194444444444 0.6993827160493827 0.39045138888888886 0.6935185185185185 0.3902777777777778 0.6793209876543209 0.3914930555555556 0.675 0.3935763888888889 0.671604938271605 0.3975694444444444 0.6679012345679012 0.40243055555555557 0.6691358024691358 0.4041666666666667 0.6709876543209877 0.4053819444444444 0.6691358024691358 0.4053819444444444 0.6404320987654322 0.4036458333333333 0.6314814814814815 0.4036458333333333 0.6296296296296297 0.4045138888888889 0.6274691358024691 0.4048611111111111 0.6209876543209876 0.4046875 0.607716049382716 0.4034722222222222 0.595679012345679 0.4034722222222222 0.5895061728395061 0.4039930555555556 0.5867283950617284 0.4036458333333333 0.5811728395061728 0.40225694444444443 0.5777777777777777 0.3975694444444444 0.5703703703703704 0.39444444444444443 0.5691358024691359 0.3833333333333333 0.5688271604938271 0.3769097222222222 0.5703703703703704 0.3659722222222222 0.5709876543209876 0.3630208333333333 0.5725308641975309 0.3520833333333333 0.5725308641975309 0.34791666666666665 0.5746913580246913 0.3256944444444444 0.5950617283950618 0.31875 0.604320987654321 0.3130208333333333 0.6098765432098765 0.3114583333333333 0.6135802469135803 0.30798611111111107 0.6179012345679012 0.3026041666666667 0.6228395061728395 0.3019097222222222 0.6243827160493828 0.2972222222222222 0.6280864197530863 0.2951388888888889 0.6317901234567901 0.29288194444444443 0.6333333333333334 0.2909722222222222 0.6361111111111112 0.2894097222222222 0.6367283950617284 0.2881944444444444 0.6395061728395062 0.2864583333333333 0.6404320987654322 0.284375 0.6438271604938272 0.2777777777777778 0.65 0.2760416666666667 0.6506172839506172 0.2725694444444444 0.6552469135802469 0.2678819444444444 0.6589506172839507 0.26631944444444444 0.6620370370370371 0.26319444444444445 0.6641975308641975 0.2612847222222222 0.6666666666666666 0.25763888888888886 0.6777777777777778 0.25538194444444445 0.7018518518518518 0.25590277777777776 0.7345679012345678 0.2565972222222222 0.7385802469135803
0 0.3416666666666667 0.5228395061728395 0.3413194444444444 0.5324074074074074 0.34184027777777776 0.5376543209876543 0.3434027777777778 0.5407407407407407 0.3451388888888889 0.542283950617284 0.35138888888888886 0.5401234567901235 0.3569444444444444 0.5410493827160493 0.3744791666666667 0.5407407407407407 0.3769097222222222 0.5376543209876543 0.3784722222222222 0.5324074074074074 0.3836805555555556 0.5268518518518518 0.3848958333333333 0.5212962962962963 0.3876736111111111 0.5154320987654321 0.3883680555555556 0.5123456790123457 0.3895833333333333 0.48456790123456794 0.3871527777777778 0.4666666666666667 0.3840277777777778 0.4635802469135802 0.3795138888888889 0.46543209876543207 0.36701388888888886 0.4666666666666667 0.3524305555555556 0.47098765432098766 0.3425347222222222 0.478395061728395 0.3413194444444444 0.48117283950617284 0.340625 0.4858024691358025 0.3404513888888889 0.5145061728395062 0.3416666666666667 0.5228395061728395
6 0.9836805555555556 0.5993827160493828 0.9883680555555555 0.6015432098765432 0.9935763888888888 0.6021604938271605 0.9998263888888889 0.6006172839506172 0.9998263888888889 0.5111111111111111 0.9960069444444444 0.5117283950617284 0.9951388888888888 0.5132716049382716 0.9935763888888888 0.5358024691358024 0.9918402777777777 0.5401234567901235 0.9890625 0.5416666666666666 0.9873263888888888 0.5444444444444444 0.9864583333333333 0.5496913580246914 0.984375 0.5549382716049382 0.9828125 0.5712962962962963 0.9824652777777778 0.5962962962962963 0.9836805555555556 0.5993827160493828
3 0.5815972222222222 0.5398148148148147 0.5850694444444444 0.5462962962962963 0.5871527777777777 0.5450617283950617 0.5883680555555555 0.542283950617284 0.5897569444444444 0.5358024691358024 0.5895833333333333 0.5234567901234568 0.5885416666666666 0.5212962962962963 0.5836805555555555 0.5249999999999999 0.5814236111111111 0.5256172839506172 0.5809027777777778 0.5277777777777778 0.5809027777777778 0.5345679012345679 0.5815972222222222 0.5398148148148147
3 0.5291666666666667 0.5691358024691359 0.5293402777777777 0.5728395061728395 0.5296875 0.5740740740740741 0.5328124999999999 0.5750000000000001 0.5364583333333334 0.5626543209876543 0.5368055555555555 0.5530864197530865 0.5340277777777778 0.5512345679012346 0.5293402777777777 0.5512345679012346 0.5274305555555555 0.553395061728395 0.5276041666666667 0.5632716049382717 0.5291666666666667 0.5691358024691359
3 0.2203125 0.8388888888888888 0.2220486111111111 0.8391975308641975 0.2237847222222222 0.841358024691358 0.22395833333333334 0.854320987654321 0.2253472222222222 0.8580246913580247 0.22708333333333333 0.8595679012345678 0.2309027777777778 0.8574074074074074 0.2371527777777778 0.8493827160493828 0.23975694444444445 0.8441358024691359 0.24166666666666664 0.8419753086419753 0.24461805555555555 0.8354938271604938 0.2454861111111111 0.8308641975308642 0.2453125 0.8268518518518518 0.2407986111111111 0.821604938271605 0.2404513888888889 0.8129629629629629 0.2392361111111111 0.8095679012345679 0.23645833333333333 0.8080246913580247 0.2331597222222222 0.8080246913580247 0.23055555555555554 0.8092592592592593 0.22864583333333333 0.8070987654320988 0.22847222222222222 0.8043209876543209 0.22777777777777775 0.803395061728395 0.22413194444444445 0.8070987654320988 0.22291666666666665 0.8108024691358025 0.2220486111111111 0.8240740740740741 0.2203125 0.8290123456790123 0.21979166666666666 0.8376543209876544 0.2203125 0.8388888888888888
3 0.24687499999999998 0.7774691358024691 0.2482638888888889 0.7774691358024691 0.24895833333333334 0.7762345679012346 0.2482638888888889 0.7728395061728395 0.2456597222222222 0.7756172839506172 0.2456597222222222 0.7771604938271606 0.24687499999999998 0.7774691358024691
3 0.4288194444444444 0.5225308641975308 0.4322916666666667 0.5237654320987654 0.4333333333333333 0.5225308641975308 0.4345486111111111 0.5188271604938272 0.4347222222222222 0.516358024691358 0.4345486111111111 0.5080246913580247 0.4333333333333333 0.5027777777777778 0.4322916666666667 0.5006172839506172 0.4317708333333333 0.5009259259259259 0.4309027777777778 0.5027777777777778 0.4288194444444444 0.5046296296296297 0.4282986111111111 0.5070987654320988 0.428125 0.5175925925925926 0.4288194444444444 0.5225308641975308
3 0.5406249999999999 0.5280864197530865 0.5418402777777778 0.5299382716049382 0.5434027777777778 0.5302469135802469 0.5446180555555555 0.529320987654321 0.545486111111111 0.5228395061728395 0.5451388888888888 0.5114197530864197 0.5446180555555555 0.5101851851851852 0.5435763888888888 0.5089506172839506 0.5413194444444445 0.5095679012345679 0.5390625 0.5126543209876543 0.5378472222222223 0.5169753086419754 0.5378472222222223 0.5209876543209876 0.5406249999999999 0.5280864197530865
3 0.5251736111111112 0.508641975308642 0.5295138888888888 0.5092592592592593 0.5303819444444444 0.5027777777777778 0.5295138888888888 0.491358024691358 0.5260416666666666 0.4898148148148148 0.5237847222222223 0.495679012345679 0.5234375 0.5024691358024691 0.5251736111111112 0.508641975308642
3 0.5286458333333334 0.5364197530864198 0.5310763888888889 0.5385802469135802 0.5343749999999999 0.5385802469135802 0.5352430555555555 0.5367283950617284 0.5345486111111111 0.5253086419753087 0.5333333333333333 0.5234567901234568 0.5322916666666666 0.5234567901234568 0.5293402777777777 0.5243827160493827 0.5281250000000001 0.5265432098765432 0.5279513888888888 0.532716049382716 0.5286458333333334 0.5364197530864198
3 0.5579861111111111 0.5524691358024691 0.5586805555555555 0.5546296296296296 0.5598958333333334 0.5558641975308641 0.5614583333333333 0.5558641975308641 0.5626736111111111 0.5546296296296296 0.5637152777777777 0.5503086419753086 0.5644097222222222 0.5367283950617284 0.5631944444444444 0.5339506172839505 0.5609375 0.532716049382716 0.5572916666666666 0.5339506172839505 0.5567708333333333 0.5351851851851852 0.5564236111111112 0.5401234567901235 0.5579861111111111 0.5524691358024691