5 0.70859375 0.9249999999999999 0.71640625 0.9611111111111111 0.72265625 0.9666666666666666 0.7445312500000001 0.9680555555555556 0.7585937500000001 0.9652777777777778 0.7671875 0.9583333333333334 0.7703125000000001 0.9472222222222222 0.7703125000000001 0.9319444444444444 0.76328125 0.9027777777777778 0.76484375 0.8902777777777777 0.75703125 0.8819444444444444 0.7445312500000001 0.848611111111111 0.7273437500000001 0.8375 0.7078125000000001 0.8375 0.70078125 0.8402777777777778 0.69453125 0.8597222222222222 0.69453125 0.8986111111111111 0.70859375 0.9249999999999999
4 0.64765625 0.6319444444444444 0.6625000000000001 0.6319444444444444 0.6648437500000001 0.6263888888888888 0.6648437500000001 0.6138888888888888 0.66171875 0.5958333333333333 0.6507812500000001 0.5874999999999999 0.64375 0.5916666666666667 0.64453125 0.6277777777777778 0.64765625 0.6319444444444444
4 0.16171875000000002 0.5 0.184375 0.4930555555555556 0.18281250000000002 0.4847222222222222 0.17500000000000002 0.4777777777777778 0.1640625 0.4819444444444444 0.16015625 0.4888888888888889 0.16171875000000002 0.5
1 0.5062500000000001 0.6166666666666666 0.5281250000000001 0.6166666666666666 0.5281250000000001 0.5916666666666667 0.52265625 0.5777777777777777 0.5078125000000001 0.5791666666666666 0.5046875000000001 0.5888888888888888 0.5039062500000001 0.6055555555555555 0.5062500000000001 0.6166666666666666
4 0.49765625 0.5736111111111111 0.5164062500000001 0.5722222222222222 0.5156250000000001 0.5513888888888888 0.5117187500000001 0.5416666666666666 0.5015625 0.5402777777777777 0.49609375 0.5444444444444444 0.49453125000000003 0.561111111111111 0.49765625 0.5736111111111111
4 0.54630390625 0.7680555555555556 0.5806789062500001 0.7722222222222221 0.5845851562500001 0.7527777777777778 0.58146015625 0.7291666666666666 0.5845851562500001 0.7222222222222222 0.57911640625 0.7125 0.5767726562500001 0.7 0.57052265625 0.6930555555555555 0.54630390625 0.6902777777777778 0.54239765625 0.6944444444444444 0.5416164062500001 0.7027777777777777 0.5416164062500001 0.7347222222222222 0.54630390625 0.7680555555555556
6 0.26484375000000004 0.46249999999999997 0.26562500000000006 0.4430555555555556 0.26328125 0.4361111111111111 0.24296875 0.4347222222222222 0.2390625 0.4388888888888889 0.2390625 0.4666666666666667 0.26484375000000004 0.46249999999999997
6 0.6015625 0.6472222222222221 0.60546875 0.6652777777777777 0.60859375 0.6694444444444444 0.6265625 0.6680555555555555 0.6390625000000001 0.6722222222222222 0.64375 0.6583333333333333 0.6429687500000001 0.5638888888888889 0.6234375000000001 0.5375 0.6046875 0.5333333333333333 0.59296875 0.5347222222222222 0.5898437500000001 0.5597222222222222 0.5906250000000001 0.6291666666666667 0.6015625 0.6472222222222221
6 0.4703125 0.5333333333333333 0.478125 0.5388888888888889 0.49062500000000003 0.5361111111111111 0.49609375 0.5263888888888889 0.49453125000000003 0.4833333333333333 0.48125 0.475 0.46796875000000004 0.4777777777777778 0.46718750000000003 0.5222222222222223 0.4703125 0.5333333333333333
6 0.18671875000000002 0.775 0.19062500000000002 0.7833333333333333 0.1953125 0.8541666666666666 0.20859375000000002 0.8638888888888888 0.2484375 0.8708333333333333 0.2515625 0.8763888888888888 0.25781250000000006 0.8777777777777778 0.2625 0.8652777777777778 0.26406250000000003 0.8513888888888889 0.27187500000000003 0.8375 0.27890625 0.8083333333333333 0.28359375000000003 0.8055555555555556 0.29531250000000003 0.8097222222222222 0.29921875000000003 0.7944444444444444 0.30703125000000003 0.7847222222222222 0.31562500000000004 0.7472222222222222 0.31562500000000004 0.6916666666666667 0.30781250000000004 0.6791666666666666 0.26640625 0.6694444444444444 0.22421875000000002 0.723611111111111 0.209375 0.725 0.1953125 0.7472222222222222 0.19140625 0.7597222222222222 0.18984375 0.7708333333333334 0.18671875000000002 0.775
6 0.38828125 0.5972222222222222 0.39453125 0.5819444444444444 0.40156250000000004 0.5777777777777777 0.40703125 0.5569444444444445 0.40937500000000004 0.5208333333333334 0.4078125 0.4986111111111111 0.38593750000000004 0.4958333333333333 0.36640625000000004 0.5097222222222222 0.359375 0.5499999999999999 0.359375 0.5930555555555556 0.38828125 0.5972222222222222
6 0.28515625000000006 0.6138888888888888 0.30390625000000004 0.6152777777777778 0.3140625 0.623611111111111 0.3171875 0.6222222222222222 0.32343750000000004 0.6055555555555555 0.3359375 0.6013888888888889 0.3453125 0.5666666666666667 0.34453125 0.5152777777777777 0.3171875 0.5097222222222222 0.29531250000000003 0.5222222222222223 0.28359375000000003 0.5874999999999999 0.28203125 0.6055555555555555 0.28515625000000006 0.6138888888888888
6 0.3609375 0.4375 0.37343750000000003 0.4361111111111111 0.3765625 0.4291666666666667 0.37578125 0.4208333333333333 0.37265625 0.4166666666666667 0.36250000000000004 0.4166666666666667 0.35859375000000004 0.4222222222222222 0.35781250000000003 0.4347222222222222 0.3609375 0.4375
6 0.5492187500000001 0.5805555555555555 0.55625 0.5958333333333333 0.5789062500000001 0.6 0.5820312500000001 0.5888888888888888 0.5820312500000001 0.5638888888888889 0.58515625 0.5430555555555555 0.5828125000000001 0.5291666666666667 0.5750000000000001 0.5180555555555555 0.55625 0.5166666666666666 0.5468750000000001 0.5027777777777778 0.5437500000000001 0.5125000000000001 0.5421875 0.5569444444444445 0.5492187500000001 0.5805555555555555
3 0.7015625000000001 0.6625 0.7015625000000001 0.6513888888888888 0.6984375 0.6430555555555556 0.6875 0.6375 0.6820312500000001 0.6416666666666666 0.6820312500000001 0.6569444444444444 0.7015625000000001 0.6625
3 0.6898437500000001 0.7902777777777777 0.6921875000000001 0.786111111111111 0.6953125 0.7472222222222222 0.690625 0.7444444444444444 0.6843750000000001 0.748611111111111 0.68359375 0.7805555555555556 0.6898437500000001 0.7902777777777777