8 0.46252100840336136 0.4914772727272727 0.46588235294117647 0.49573863636363635 0.47126050420168064 0.49502840909090906 0.4715966386554622 0.4786931818181819 0.4699159663865546 0.4701704545454546 0.46319327731092436 0.4694602272727273 0.4608403361344538 0.4765625 0.4605042016806722 0.48224431818181823 0.46252100840336136 0.4914772727272727
8 0.3321008403361344 0.47443181818181823 0.3347899159663865 0.4701704545454546 0.3347899159663865 0.45667613636363635 0.3317647058823529 0.4517045454545454 0.3250420168067227 0.4517045454545454 0.32268907563025206 0.4538352272727273 0.3216806722689075 0.45809659090909094 0.32201680672268906 0.4751420454545454 0.3321008403361344 0.47443181818181823
8 0.5173109243697479 0.7308238636363638 0.520672268907563 0.7436079545454546 0.521344537815126 0.7542613636363638 0.5230252100840336 0.7606534090909092 0.5257142857142857 0.7627840909090908 0.5347899159663865 0.7606534090909092 0.5418487394957983 0.7642045454545454 0.5505882352941176 0.7620738636363638 0.5573109243697478 0.7649147727272727 0.5589915966386554 0.7514204545454546 0.5576470588235294 0.7116477272727273 0.5529411764705882 0.6782670454545454 0.5445378151260504 0.6548295454545454 0.5378151260504201 0.6505681818181819 0.5223529411764706 0.6526988636363638 0.5189915966386555 0.6605113636363638 0.5169747899159663 0.6818181818181819 0.5163025210084032 0.6960227272727273 0.5173109243697479 0.7308238636363638
1 0.33411764705882346 0.7478693181818181 0.335126050420168 0.75 0.33848739495798313 0.75 0.34050420168067225 0.7471590909090908 0.3421848739495798 0.7400568181818181 0.3455462184873949 0.7393465909090908 0.3596638655462185 0.7407670454545454 0.3657142857142857 0.7514204545454546 0.36941176470588233 0.7507102272727273 0.3707563025210084 0.7457386363636365 0.37142857142857144 0.734375 0.3764705882352941 0.7279829545454546 0.37781512605042017 0.7208806818181819 0.37747899159663867 0.6839488636363638 0.3741176470588235 0.6647727272727273 0.37142857142857144 0.6598011363636365 0.3657142857142857 0.6576704545454546 0.35798319327731093 0.6576704545454546 0.35193277310924365 0.6612215909090908 0.34487394957983186 0.6768465909090908 0.3428571428571428 0.6846590909090908 0.33747899159663863 0.6924715909090908 0.3388235294117647 0.7002840909090908 0.335126050420168 0.7109375 0.33378151260504196 0.7194602272727273 0.33344537815126046 0.7379261363636365 0.33411764705882346 0.7478693181818181
5 0.1603361344537815 0.5063920454545454 0.1714285714285714 0.5042613636363636 0.173781512605042 0.4985795454545454 0.17176470588235293 0.48792613636363635 0.16907563025210082 0.4857954545454546 0.16100840336134453 0.4857954545454546 0.15596638655462183 0.4936079545454546 0.15596638655462183 0.5021306818181819 0.1603361344537815 0.5063920454545454
1 0.453109243697479 0.4765625 0.45983193277310924 0.4765625 0.46218487394957974 0.4694602272727273 0.46184873949579824 0.4623579545454546 0.45848739495798313 0.45809659090909094 0.4561344537815126 0.45738636363636365 0.4524369747899159 0.4630681818181819 0.4517647058823529 0.47301136363636365 0.453109243697479 0.4765625
1 0.335126050420168 0.44815340909090906 0.34184873949579825 0.44815340909090906 0.3431932773109243 0.4460227272727273 0.3431932773109243 0.44247159090909094 0.34117647058823525 0.4375 0.334453781512605 0.4389204545454546 0.33411764705882346 0.4460227272727273 0.335126050420168 0.44815340909090906
5 0.5005042016806722 0.5568181818181819 0.5152941176470588 0.5582386363636364 0.5163025210084032 0.5561079545454546 0.5163025210084032 0.5447443181818182 0.5119327731092437 0.5241477272727273 0.5045378151260503 0.5241477272727273 0.4998319327731092 0.5326704545454546 0.49915966386554617 0.5475852272727273 0.5005042016806722 0.5568181818181819
1 0.32672268907563023 0.5490056818181819 0.33747899159663863 0.5497159090909091 0.3425210084033613 0.5475852272727273 0.3458823529411764 0.5426136363636364 0.346890756302521 0.5284090909090909 0.34487394957983186 0.5220170454545454 0.3394957983193277 0.5191761363636364 0.33378151260504196 0.5191761363636364 0.3284033613445378 0.5248579545454546 0.3257142857142857 0.5348011363636364 0.3253781512605042 0.5461647727272727 0.32672268907563023 0.5490056818181819
1 0.34386554621848736 0.4453125 0.34890756302521003 0.4438920454545454 0.3505882352941176 0.4396306818181819 0.3502521008403361 0.43536931818181823 0.3472268907563025 0.43323863636363635 0.34050420168067225 0.43536931818181823 0.3401680672268907 0.4389204545454546 0.34386554621848736 0.4453125
1 0.493781512605042 0.4758522727272727 0.5018487394957982 0.4751420454545454 0.5018487394957982 0.4694602272727273 0.4994957983193277 0.46519886363636365 0.493781512605042 0.46377840909090906 0.49243697478991594 0.46590909090909094 0.49243697478991594 0.47372159090909094 0.493781512605042 0.4758522727272727
1 0.16134453781512603 0.5639204545454546 0.1865546218487395 0.5546875 0.19058823529411764 0.5511363636363636 0.1922689075630252 0.546875 0.19025210084033614 0.5376420454545454 0.18352941176470589 0.5291193181818182 0.18084033613445374 0.5284090909090909 0.16705882352941173 0.5291193181818182 0.16336134453781512 0.53125 0.160672268907563 0.5362215909090909 0.15865546218487395 0.5461647727272727 0.15831932773109242 0.5539772727272727 0.16134453781512603 0.5639204545454546
1 0.45008403361344534 0.4907670454545454 0.4527731092436974 0.48863636363636365 0.45344537815126046 0.48082386363636365 0.45042016806722684 0.47230113636363635 0.4460504201680672 0.4701704545454546 0.44235294117647056 0.4772727272727273 0.44268907563025206 0.48934659090909094 0.45008403361344534 0.4907670454545454
5 0.4299159663865546 0.44957386363636365 0.42957983193277305 0.44034090909090906 0.428235294117647 0.4360795454545454 0.4245378151260504 0.43536931818181823 0.4228571428571428 0.4389204545454546 0.4231932773109243 0.45028409090909094 0.4299159663865546 0.44957386363636365
1 0.25293714285714286 0.47370312500000006 0.2529963025210084 0.4775816761363636 0.253781512605042 0.48153409090909094 0.26521008403361346 0.48011363636363635 0.26621848739495796 0.4772727272727273 0.26554621848739496 0.46875 0.2603932773109243 0.46532031250000006 0.2550084033613445 0.4668217329545455 0.25376571428571426 0.46944957386363634 0.25293714285714286 0.47370312500000006
5 0.17478991596638652 0.4992897727272727 0.18789915966386553 0.49786931818181823 0.18924369747899158 0.4943181818181819 0.18789915966386553 0.4865056818181819 0.18218487394957983 0.48011363636363635 0.17848739495798316 0.47940340909090906 0.17310924369747896 0.48721590909090906 0.17310924369747896 0.49502840909090906 0.17478991596638652 0.4992897727272727
1 0.46285714285714286 0.5142045454545454 0.46521008403361336 0.5120738636363636 0.4648739495798319 0.49715909090909094 0.46285714285714286 0.4928977272727273 0.4554621848739495 0.4921875 0.453109243697479 0.49644886363636365 0.4527731092436974 0.5120738636363636 0.46285714285714286 0.5142045454545454
5 0.15798319327731092 0.7159090909090908 0.16201680672268906 0.7173295454545454 0.1815126050420168 0.7151988636363638 0.1895798319327731 0.7180397727272727 0.19260504201680673 0.7137784090909092 0.19394957983193276 0.7073863636363638 0.19697478991596637 0.7017045454545454 0.20672268907563024 0.6988636363636365 0.2087394957983193 0.6960227272727273 0.21075630252100838 0.6825284090909092 0.21008403361344535 0.6619318181818181 0.20773109243697477 0.6555397727272727 0.2030252100840336 0.6519886363636365 0.18924369747899158 0.6470170454545454 0.17983193277310924 0.6477272727272727 0.17176470588235293 0.6569602272727273 0.1657142857142857 0.6697443181818181 0.16369747899159662 0.6711647727272727 0.1576470588235294 0.6860795454545454 0.15596638655462183 0.6953125 0.15563025210084033 0.7066761363636365 0.15798319327731092 0.7159090909090908
5 0.29714285714285715 0.4623579545454546 0.3038655462184874 0.4623579545454546 0.30621848739495794 0.4602272727272727 0.30554621848739494 0.453125 0.30117647058823527 0.44815340909090906 0.2991596638655462 0.44886363636363635 0.2964705882352941 0.4538352272727273 0.2961344537815126 0.4609375 0.29714285714285715 0.4623579545454546
1 0.2863865546218487 0.46448863636363635 0.29445378151260504 0.4630681818181819 0.29512605042016804 0.4595170454545454 0.293781512605042 0.4538352272727273 0.29042016806722687 0.45099431818181823 0.2860504201680672 0.4524147727272727 0.28436974789915964 0.45667613636363635 0.28436974789915964 0.4630681818181819 0.2863865546218487 0.46448863636363635
1 0.19462184873949578 0.6164772727272727 0.1973109243697479 0.6200284090909092 0.20403361344537813 0.6171875 0.2141176470588235 0.6171875 0.2168067226890756 0.6207386363636365 0.22050420168067225 0.6207386363636365 0.2245378151260504 0.6122159090909092 0.22722689075630248 0.6115056818181819 0.23092436974789912 0.6143465909090908 0.23294117647058823 0.6079545454545454 0.23394957983193276 0.5987215909090908 0.2342857142857143 0.5809659090909091 0.23327731092436974 0.5731534090909091 0.23058823529411765 0.5660511363636364 0.2278991596638655 0.5639204545454546 0.21781512605042014 0.5639204545454546 0.21042016806722688 0.5674715909090909 0.2030252100840336 0.5759943181818182 0.1956302521008403 0.5916193181818182 0.19327731092436973 0.6044034090909092 0.19294117647058823 0.609375 0.19462184873949578 0.6164772727272727
1 0.5119327731092437 0.8842329545454546 0.5132773109243698 0.8970170454545454 0.5129411764705881 0.9147727272727273 0.5166386554621849 0.9389204545454546 0.5176470588235293 0.9708806818181819 0.5247058823529411 0.9758522727272727 0.547563025210084 0.9751420454545454 0.5626890756302521 0.9779829545454546 0.5690756302521008 0.9765625 0.5707563025210084 0.9708806818181819 0.5704201680672268 0.9417613636363638 0.5717647058823528 0.9360795454545454 0.5811764705882353 0.9289772727272727 0.5848739495798319 0.9204545454545454 0.5858823529411764 0.9147727272727273 0.5815126050420167 0.8501420454545454 0.5781512605042016 0.8501420454545454 0.5714285714285714 0.8600852272727273 0.5673949579831933 0.8572443181818181 0.5640336134453781 0.8622159090909092 0.5606722689075629 0.8636363636363638 0.5583193277310924 0.8451704545454546 0.5536134453781513 0.8224431818181819 0.550252100840336 0.8153409090909092 0.5438655462184874 0.8132102272727273 0.5216806722689076 0.8139204545454546 0.5189915966386555 0.8217329545454546 0.5156302521008403 0.8416193181818181 0.5136134453781512 0.8728693181818181 0.5119327731092437 0.8842329545454546
1 0.25512605042016806 0.5134943181818182 0.2645378151260504 0.5120738636363636 0.2678991596638655 0.5092329545454546 0.26857142857142857 0.5063920454545454 0.2678991596638655 0.5014204545454546 0.26554621848739496 0.49644886363636365 0.25949579831932773 0.49502840909090906 0.2541176470588235 0.49786931818181823 0.25243697478991595 0.5014204545454546 0.25512605042016806 0.5134943181818182
1 0.4490756302521008 0.4382102272727273 0.4524369747899159 0.4375 0.453109243697479 0.43536931818181823 0.45008403361344534 0.4282670454545454 0.44705882352941173 0.4318181818181819 0.4467226890756302 0.43536931818181823 0.4490756302521008 0.4382102272727273
1 0.4097478991596638 0.4524147727272727 0.41546218487394954 0.453125 0.4174789915966386 0.45028409090909094 0.4164705882352941 0.44247159090909094 0.41478991596638654 0.4396306818181819 0.41109243697478987 0.44105113636363635 0.4090756302521008 0.4446022727272727 0.4087394957983193 0.45028409090909094 0.4097478991596638 0.4524147727272727
5 0.5089075630252101 0.6477272727272727 0.5102521008403361 0.6541193181818181 0.5186554621848739 0.6541193181818181 0.5253781512605041 0.6498579545454546 0.5321008403361345 0.6498579545454546 0.5347899159663865 0.6470170454545454 0.533781512605042 0.6264204545454546 0.5287394957983194 0.6100852272727273 0.5186554621848739 0.6072443181818181 0.5149579831932773 0.6086647727272727 0.5119327731092437 0.6143465909090908 0.5085714285714285 0.625 0.5089075630252101 0.6477272727272727
1 0.373781512605042 0.43536931818181823 0.3801680672268907 0.43465909090909094 0.38352941176470584 0.4318181818181819 0.3808403361344538 0.4225852272727273 0.3761344537815126 0.4232954545454546 0.3727731092436975 0.4296875 0.37243697478991594 0.43252840909090906 0.373781512605042 0.43536931818181823
1 0.3952941176470588 0.6598011363636365 0.3952941176470588 0.6711647727272727 0.3979831932773109 0.6761363636363638 0.42117647058823526 0.6775568181818181 0.42588235294117643 0.6626420454545454 0.42621848739495793 0.6463068181818181 0.4252100840336134 0.6370738636363638 0.4228571428571428 0.6271306818181819 0.4201680672268907 0.6242897727272727 0.40470588235294114 0.625 0.402016806722689 0.6299715909090908 0.400672268907563 0.6363636363636365 0.39630252100840335 0.6434659090909092 0.39697478991596635 0.6491477272727273 0.3952941176470588 0.6598011363636365
4 0.442016806722689 0.5632102272727273 0.45109243697478985 0.5610795454545455 0.4571428571428571 0.5639204545454546 0.45882352941176463 0.5603693181818182 0.45915966386554613 0.5390625 0.4568067226890756 0.5284090909090909 0.4484033613445378 0.5262784090909091 0.4460504201680672 0.5276988636363636 0.4416806722689075 0.5362215909090909 0.440672268907563 0.5568181818181819 0.442016806722689 0.5632102272727273
1 0.4635294117647058 0.46377840909090906 0.4645378151260504 0.45596590909090906 0.4635294117647058 0.44886363636363635 0.45949579831932774 0.44815340909090906 0.45647058823529413 0.4524147727272727 0.4561344537815126 0.4595170454545454 0.4635294117647058 0.46377840909090906
1 0.4907563025210084 0.5085227272727273 0.4974789915966386 0.5078125 0.5011764705882352 0.5 0.5048739495798319 0.49786931818181823 0.5045378151260503 0.49502840909090906 0.5015126050420168 0.4907670454545454 0.4968067226890756 0.48863636363636365 0.4910924369747899 0.49005681818181823 0.48739495798319327 0.49502840909090906 0.48773109243697477 0.5056818181818182 0.4907563025210084 0.5085227272727273
5 0.49915966386554617 0.48934659090909094 0.5021848739495798 0.48721590909090906 0.5028571428571428 0.4836647727272727 0.5011764705882352 0.4751420454545454 0.49478991596638655 0.47372159090909094 0.49310924369747894 0.4765625 0.49310924369747894 0.48792613636363635 0.49915966386554617 0.48934659090909094
6 0.34924369747899153 0.5596590909090909 0.35226890756302515 0.5603693181818182 0.35529411764705876 0.5561079545454546 0.36336134453781505 0.5568181818181819 0.3660504201680672 0.5596590909090909 0.3697478991596639 0.5589488636363636 0.37243697478991594 0.5546875 0.3764705882352941 0.5525568181818182 0.3798319327731092 0.5461647727272727 0.3808403361344538 0.5049715909090909 0.3794957983193277 0.49715909090909094 0.3620168067226891 0.49573863636363635 0.35529411764705876 0.49786931818181823 0.3512605042016807 0.5021306818181819 0.34823529411764703 0.515625 0.3478991596638655 0.5475852272727273 0.34924369747899153 0.5596590909090909
6 0 0.6370738636363638 0.005714285714285714 0.6392045454545454 0.008739495798319327 0.6441761363636365 0.012773109243697478 0.6448863636363638 0.03361344537815126 0.6377840909090908 0.042352941176470586 0.6313920454545454 0.057142857142857134 0.625 0.05915966386554622 0.6221590909090908 0.058823529411764705 0.6065340909090908 0.04436974789915966 0.5930397727272727 0.042689075630252094 0.5880681818181819 0.039999999999999994 0.5688920454545455 0.03630252100840336 0.5625 0.0036974789915966387 0.5674715909090909 0 0.5688920454545455 0 0.6370738636363638
6 0.04201680672268907 0.5767045454545455 0.04302521008403361 0.5880681818181819 0.04403361344537814 0.5916193181818182 0.04873949579831933 0.5958806818181819 0.0645378151260504 0.6072443181818181 0.07260504201680672 0.5987215909090908 0.08504201680672267 0.5965909090909092 0.08739495798319326 0.5916193181818182 0.08806722689075629 0.5845170454545455 0.08672268907563024 0.5788352272727273 0.0749579831932773 0.5632102272727273 0.07294117647058823 0.5433238636363636 0.07126050420168066 0.5404829545454546 0.05647058823529411 0.5390625 0.04302521008403361 0.5433238636363636 0.03831932773109244 0.5490056818181819 0.03798319327731092 0.5610795454545455 0.04201680672268907 0.5767045454545455
6 0.015126050420168067 0.5440340909090909 0.01680672268907563 0.5532670454545455 0.034621848739495795 0.5546875 0.035966386554621844 0.5539772727272727 0.03932773109243697 0.5447443181818182 0.049747899159663864 0.5397727272727273 0.06722689075630252 0.5362215909090909 0.07899159663865546 0.5397727272727273 0.08605042016806722 0.5340909090909091 0.09546218487394957 0.5333806818181819 0.09747899159663866 0.5291193181818182 0.09781512605042016 0.5213068181818182 0.09411764705882353 0.5078125 0.08806722689075629 0.49502840909090906 0.06823529411764706 0.4943181818181819 0.06621848739495798 0.49715909090909094 0.06756302521008403 0.5028409090909091 0.0645378151260504 0.5085227272727273 0.06554621848739496 0.5127840909090909 0.01714285714285714 0.5298295454545454 0.015126050420168067 0.5355113636363636 0.015126050420168067 0.5440340909090909
6 0.47462184873949576 0.4751420454545454 0.4756302521008403 0.4772727272727273 0.48470588235294115 0.4772727272727273 0.48537815126050415 0.4552556818181819 0.48436974789915965 0.44886363636363635 0.48134453781512604 0.4467329545454546 0.47697478991596637 0.4474431818181819 0.4749579831932773 0.453125 0.47394957983193275 0.4616477272727273 0.47462184873949576 0.4751420454545454
6 0.4907563025210084 0.4595170454545454 0.49815126050420167 0.4609375 0.4994957983193277 0.4524147727272727 0.49915966386554617 0.4389204545454546 0.49579831932773105 0.43536931818181823 0.4907563025210084 0.4367897727272727 0.4897478991596638 0.4389204545454546 0.4907563025210084 0.4595170454545454
3 0.10521008403361344 0.5348011363636364 0.10991596638655461 0.5348011363636364 0.11193277310924368 0.5326704545454546 0.11193277310924368 0.5220170454545454 0.10991596638655461 0.5177556818181819 0.10554621848739495 0.5170454545454546 0.1042016806722689 0.5198863636363636 0.10386554621848738 0.5284090909090909 0.10521008403361344 0.5348011363636364
3 0.41478991596638654 0.6036931818181819 0.41815126050420165 0.6044034090909092 0.4201680672268907 0.5958806818181819 0.4201680672268907 0.5852272727272727 0.41512605042016804 0.5816761363636364 0.4124369747899159 0.5845170454545455 0.4121008403361344 0.5880681818181819 0.41478991596638654 0.6036931818181819