8 0.33125000000000004 0.29583333333333334 0.33203125 0.28888888888888886 0.32890625 0.2777777777777778 0.32109375 0.2805555555555555 0.321875 0.29583333333333334 0.33125000000000004 0.29583333333333334
8 0.8343750000000001 0.998611111111111 0.93125 0.998611111111111 0.93125 0.9944444444444444 0.91015625 0.975 0.89453125 0.9541666666666666 0.8851562500000001 0.9486111111111112 0.8640625000000001 0.9527777777777777 0.8445312500000001 0.9625 0.8445312500000001 0.9819444444444444 0.8343750000000001 0.998611111111111
8 0.27187500000000003 0.27638888888888885 0.27187500000000003 0.2611111111111111 0.26406250000000003 0.2611111111111111 0.26406250000000003 0.2736111111111111 0.27187500000000003 0.27638888888888885
6 0.44765625000000003 0.5083333333333333 0.4578125 0.5222222222222223 0.45937500000000003 0.5319444444444444 0.48984375 0.5319444444444444 0.4921875 0.5152777777777777 0.48203125 0.4777777777777778 0.47968750000000004 0.4472222222222222 0.46718750000000003 0.4319444444444444 0.45 0.4319444444444444 0.4453125 0.4361111111111111 0.44375000000000003 0.4444444444444444 0.44296875 0.4861111111111111 0.44765625000000003 0.5083333333333333
6 0.48203125 0.45 0.48750000000000004 0.4930555555555556 0.51484375 0.4958333333333333 0.5156250000000001 0.4694444444444444 0.5085937500000001 0.4513888888888889 0.5046875000000001 0.425 0.49296875 0.41388888888888886 0.47187500000000004 0.41805555555555557 0.47187500000000004 0.4333333333333333 0.48203125 0.45
1 0.39375000000000004 0.3527777777777778 0.4109375 0.3527777777777778 0.4109375 0.3444444444444444 0.40625 0.3305555555555555 0.39296875000000003 0.3305555555555555 0.39140625 0.3458333333333333 0.39375000000000004 0.3527777777777778
1 0.36640625000000004 0.3541666666666667 0.38203125000000004 0.3444444444444444 0.37578125 0.32916666666666666 0.36796875 0.3277777777777778 0.3640625 0.3347222222222222 0.36328125 0.3444444444444444 0.36640625000000004 0.3541666666666667
1 0.34921875 0.29583333333333334 0.3453125 0.2833333333333333 0.33828125000000003 0.2847222222222222 0.3375 0.2972222222222222 0.34921875 0.29583333333333334
1 0.37343750000000003 0.3069444444444444 0.37031250000000004 0.28888888888888886 0.3609375 0.29027777777777775 0.36171875000000003 0.3069444444444444 0.37343750000000003 0.3069444444444444
1 0.8796875000000001 0.3444444444444444 0.890625 0.3472222222222222 0.89609375 0.3402777777777778 0.9031250000000001 0.3402777777777778 0.91328125 0.3541666666666667 0.921875 0.3541666666666667 0.93125 0.3388888888888889 0.9421875000000001 0.3416666666666667 0.95625 0.3347222222222222 0.9625 0.3347222222222222 0.96640625 0.3430555555555555 0.97421875 0.3458333333333333 0.9796875 0.3361111111111111 0.984375 0.3138888888888889 0.98359375 0.2944444444444444 0.97421875 0.27499999999999997 0.95625 0.26805555555555555 0.93359375 0.26805555555555555 0.915625 0.27499999999999997 0.8992187500000001 0.2916666666666667 0.8765625 0.2986111111111111 0.8718750000000001 0.3111111111111111 0.87109375 0.33194444444444443 0.8796875000000001 0.3444444444444444
1 0.4296875 0.24027777777777778 0.45078125 0.2388888888888889 0.45 0.2236111111111111 0.446875 0.21944444444444444 0.43515625 0.21944444444444444 0.42500000000000004 0.22916666666666666 0.42421875000000003 0.23333333333333334 0.4296875 0.24027777777777778
1 0.33203125 0.2638888888888889 0.33828125000000003 0.26666666666666666 0.340625 0.26249999999999996 0.3375 0.25277777777777777 0.3296875 0.25416666666666665 0.32890625 0.2583333333333333 0.33203125 0.2638888888888889
1 0.30781250000000004 0.28194444444444444 0.30703125000000003 0.26805555555555555 0.30000000000000004 0.26666666666666666 0.2984375 0.2791666666666667 0.30781250000000004 0.28194444444444444
1 0.3484375 0.7583333333333333 0.3484375 0.7819444444444444 0.3515625 0.7930555555555555 0.37109375 0.7958333333333334 0.39921875 0.7902777777777777 0.4109375 0.7819444444444444 0.41250000000000003 0.7555555555555555 0.40546875000000004 0.7111111111111111 0.41171875 0.7027777777777777 0.40937500000000004 0.6972222222222222 0.40390625 0.6986111111111112 0.40156250000000004 0.6944444444444444 0.39765625000000004 0.6736111111111112 0.38671875 0.6416666666666666 0.3671875 0.6388888888888888 0.35546875 0.6430555555555556 0.3484375 0.6527777777777778 0.34296875000000004 0.6805555555555556 0.34218750000000003 0.7166666666666666 0.3484375 0.7583333333333333
1 0.13281250000000003 0.4041666666666667 0.15546875000000002 0.4041666666666667 0.1640625 0.3930555555555555 0.1625 0.375 0.15625 0.3666666666666667 0.13671875000000003 0.3680555555555556 0.13125 0.3805555555555556 0.13046875000000002 0.3958333333333333 0.13281250000000003 0.4041666666666667
1 0.32109375 0.3416666666666667 0.321875 0.32916666666666666 0.31875000000000003 0.3208333333333333 0.30859375 0.3222222222222222 0.30781250000000004 0.3416666666666667 0.32109375 0.3416666666666667
1 0.19296875000000002 0.4013888888888889 0.19843750000000002 0.3930555555555555 0.19687500000000002 0.375 0.19062500000000002 0.3666666666666667 0.18046875 0.3666666666666667 0.171875 0.375 0.171875 0.4027777777777778 0.19296875000000002 0.4013888888888889
1 0.2515625 0.3583333333333333 0.2515625 0.3430555555555555 0.24765625000000002 0.3305555555555555 0.23593750000000002 0.3305555555555555 0.23203125000000002 0.3347222222222222 0.23359375000000002 0.3611111111111111 0.2515625 0.3583333333333333
1 0.35546875 0.3638888888888889 0.35625 0.3527777777777778 0.35078125000000004 0.33749999999999997 0.34218750000000003 0.33749999999999997 0.33984375 0.3416666666666667 0.33984375 0.3625 0.35546875 0.3638888888888889
1 0.5046875000000001 0.2583333333333333 0.5171875 0.25972222222222224 0.5281250000000001 0.25277777777777777 0.5375000000000001 0.25555555555555554 0.5398437500000001 0.2486111111111111 0.53828125 0.23333333333333334 0.5312500000000001 0.225 0.51484375 0.2263888888888889 0.49765625 0.24027777777777778 0.49609375 0.2513888888888889 0.5046875000000001 0.2583333333333333
1 0.26640625 0.2944444444444444 0.26562500000000006 0.27638888888888885 0.25703125000000004 0.27499999999999997 0.25546875 0.29305555555555557 0.26640625 0.2944444444444444
5 0.5085937500000001 0.6472222222222221 0.5125000000000001 0.6652777777777777 0.540625 0.6680555555555555 0.5570312500000001 0.6638888888888889 0.5585937500000001 0.6444444444444444 0.55 0.6055555555555555 0.5328125 0.5763888888888888 0.5203125000000001 0.5708333333333333 0.503125 0.5708333333333333 0.49531250000000004 0.5763888888888888 0.49140625000000004 0.5861111111111111 0.49062500000000003 0.6194444444444444 0.5085937500000001 0.6472222222222221
1 0.21640625000000002 0.33194444444444443 0.23125 0.32916666666666666 0.23125 0.3180555555555556 0.22734375 0.3111111111111111 0.2171875 0.3125 0.21484375 0.3194444444444444 0.21406250000000002 0.3277777777777778 0.21640625000000002 0.33194444444444443
1 0.39687500000000003 0.42777777777777776 0.41953125 0.4263888888888889 0.41875 0.4069444444444444 0.4140625 0.3930555555555555 0.40859375000000003 0.3888888888888889 0.40078125000000003 0.3902777777777778 0.39375000000000004 0.4013888888888889 0.39296875000000003 0.41805555555555557 0.39687500000000003 0.42777777777777776
1 0.84375 0.4736111111111111 0.8375 0.4597222222222222 0.83359375 0.4583333333333333 0.83359375 0.475 0.84375 0.4736111111111111
1 0.82734375 0.4680555555555555 0.828125 0.4555555555555555 0.8250000000000001 0.45 0.8054687500000001 0.4513888888888889 0.8234375 0.4736111111111111 0.82734375 0.4680555555555555
1 0.41484375 0.6013888888888889 0.41796875 0.6180555555555556 0.421875 0.6166666666666666 0.42578125 0.6083333333333334 0.44921875 0.6069444444444444 0.4546875 0.6124999999999999 0.45859375 0.6111111111111112 0.45937500000000003 0.5819444444444444 0.45390625 0.5597222222222222 0.45625000000000004 0.5513888888888888 0.4375 0.5152777777777777 0.415625 0.5138888888888888 0.40703125 0.5319444444444444 0.40703125 0.5833333333333334 0.41484375 0.6013888888888889
1 0.19843750000000002 0.4513888888888889 0.20546875 0.4472222222222222 0.22187500000000002 0.44861111111111107 0.2265625 0.4388888888888889 0.22578125000000002 0.4208333333333333 0.22031250000000002 0.4097222222222222 0.203125 0.4097222222222222 0.19687500000000002 0.425 0.19609375 0.4472222222222222 0.19843750000000002 0.4513888888888889
1 0.33125000000000004 0.29583333333333334 0.33203125 0.2861111111111111 0.32890625 0.2791666666666667 0.3203125 0.2805555555555555 0.321875 0.29583333333333334 0.33125000000000004 0.29583333333333334
1 0.3171875 0.31666666666666665 0.31093750000000003 0.3041666666666667 0.30312500000000003 0.3097222222222222 0.30390625000000004 0.32361111111111107 0.3171875 0.31666666666666665
1 0.3328125 0.3180555555555556 0.33828125000000003 0.3083333333333333 0.33515625000000004 0.3013888888888889 0.32734375000000004 0.3041666666666667 0.32656250000000003 0.3194444444444444 0.3328125 0.3180555555555556
1 0.34921875 0.31666666666666665 0.359375 0.31527777777777777 0.35703125 0.30277777777777776 0.3515625 0.2972222222222222 0.34453125 0.30277777777777776 0.34375 0.3097222222222222 0.34921875 0.31666666666666665
1 0.34765625 0.2777777777777778 0.3484375 0.2708333333333333 0.3453125 0.2638888888888889 0.33984375 0.2652777777777778 0.34140625 0.27638888888888885 0.34765625 0.2777777777777778
1 0.25859375 0.3305555555555555 0.26171875000000006 0.3263888888888889 0.26171875000000006 0.3194444444444444 0.25781250000000006 0.3111111111111111 0.24921875000000002 0.3111111111111111 0.246875 0.31527777777777777 0.24765625000000002 0.32916666666666666 0.25859375 0.3305555555555555
1 0.32656250000000003 0.3694444444444444 0.32578125 0.35555555555555557 0.32109375 0.3444444444444444 0.31171875000000004 0.3444444444444444 0.30781250000000004 0.3541666666666667 0.30859375 0.3708333333333333 0.32656250000000003 0.3694444444444444
1 0.33515625000000004 0.3361111111111111 0.3484375 0.3305555555555555 0.3453125 0.3125 0.33828125000000003 0.3097222222222222 0.33437500000000003 0.3138888888888889 0.3328125 0.3305555555555555 0.33515625000000004 0.3361111111111111
1 0.36875 0.1638888888888889 0.3875 0.16944444444444445 0.39453125 0.1611111111111111 0.39296875000000003 0.15 0.38046875 0.14166666666666666 0.36953125000000003 0.14166666666666666 0.36484375 0.14583333333333334 0.36484375 0.1597222222222222 0.36875 0.1638888888888889
1 0.28437500000000004 0.29583333333333334 0.2828125 0.2847222222222222 0.275 0.2861111111111111 0.275 0.2972222222222222 0.28437500000000004 0.29583333333333334
1 0.43515625 0.425 0.45703125 0.425 0.45937500000000003 0.4208333333333333 0.45859375 0.4013888888888889 0.44843750000000004 0.3833333333333333 0.43515625 0.37916666666666665 0.4296875 0.39444444444444443 0.42812500000000003 0.4083333333333333 0.43515625 0.425
1 0.31093750000000003 0.29583333333333334 0.30859375 0.28194444444444444 0.30078125 0.2805555555555555 0.30000000000000004 0.2944444444444444 0.31093750000000003 0.29583333333333334
1 0.3453125 0.28194444444444444 0.33906250000000004 0.2736111111111111 0.3328125 0.27638888888888885 0.33437500000000003 0.2861111111111111 0.3453125 0.28194444444444444
1 0.32343750000000004 0.47638888888888886 0.35000000000000003 0.4736111111111111 0.35078125000000004 0.4458333333333333 0.34375 0.4291666666666667 0.33125000000000004 0.4263888888888889 0.32421875 0.4319444444444444 0.32109375 0.44166666666666665 0.32343750000000004 0.47638888888888886
1 0.27968750000000003 0.31666666666666665 0.27890625 0.3013888888888889 0.275 0.2986111111111111 0.26796875000000003 0.30277777777777776 0.26796875000000003 0.3180555555555556 0.27968750000000003 0.31666666666666665
1 0.15625 0.5930555555555556 0.171875 0.5847222222222223 0.1953125 0.5874999999999999 0.19765625 0.5694444444444444 0.203125 0.5597222222222222 0.203125 0.5416666666666666 0.19921875 0.5291666666666667 0.19062500000000002 0.5208333333333334 0.17421875 0.5222222222222223 0.16640625 0.5249999999999999 0.16171875000000002 0.5319444444444444 0.1546875 0.5555555555555556 0.15390625000000002 0.5861111111111111 0.15625 0.5930555555555556
1 0.38984375000000004 0.39999999999999997 0.39375000000000004 0.4013888888888889 0.39921875 0.3902777777777778 0.4109375 0.38611111111111107 0.4078125 0.3666666666666667 0.40078125000000003 0.3583333333333333 0.390625 0.3569444444444444 0.38671875 0.3666666666666667 0.38515625000000003 0.3902777777777778 0.38984375000000004 0.39999999999999997
1 0.5484375 0.5666666666666667 0.5531250000000001 0.5847222222222223 0.5859375000000001 0.5847222222222223 0.5882812500000001 0.5805555555555555 0.5890625 0.5638888888888889 0.58359375 0.5402777777777777 0.5703125000000001 0.5180555555555555 0.54609375 0.5152777777777777 0.5359375000000001 0.5236111111111111 0.5359375000000001 0.5583333333333333 0.5484375 0.5666666666666667
1 0.44296875 0.75 0.45078125 0.7638888888888888 0.4578125 0.786111111111111 0.4578125 0.7999999999999999 0.4609375 0.811111111111111 0.46875 0.8166666666666667 0.49062500000000003 0.8180555555555555 0.5085937500000001 0.8138888888888888 0.5203125000000001 0.8027777777777778 0.52109375 0.7736111111111111 0.5101562500000001 0.7374999999999999 0.51484375 0.7263888888888889 0.5062500000000001 0.7194444444444444 0.48984375 0.6777777777777778 0.48281250000000003 0.6736111111111112 0.4546875 0.6749999999999999 0.4453125 0.6791666666666666 0.44140625 0.6888888888888888 0.44062500000000004 0.7374999999999999 0.44296875 0.75
1 0.28125000000000006 0.35555555555555557 0.27890625 0.33194444444444443 0.26875000000000004 0.3305555555555555 0.26484375000000004 0.3361111111111111 0.26484375000000004 0.3569444444444444 0.28125000000000006 0.35555555555555557
5 0.37109375 0.3736111111111111 0.384375 0.375 0.3875 0.3541666666666667 0.3796875 0.3458333333333333 0.37265625 0.35 0.37031250000000004 0.3541666666666667 0.37109375 0.3736111111111111
1 0.3296875 0.5527777777777777 0.3296875 0.5833333333333334 0.33203125 0.5902777777777778 0.36171875000000003 0.5916666666666667 0.36796875 0.5861111111111111 0.36875 0.5708333333333333 0.36562500000000003 0.5499999999999999 0.36875 0.5430555555555555 0.35703125 0.5138888888888888 0.3359375 0.5138888888888888 0.328125 0.5333333333333333 0.32656250000000003 0.5472222222222222 0.3296875 0.5527777777777777
1 0.3765625 0.4847222222222222 0.40468750000000003 0.4847222222222222 0.40468750000000003 0.4527777777777778 0.39765625000000004 0.4375 0.39375000000000004 0.4333333333333333 0.38125000000000003 0.4333333333333333 0.37578125 0.4388888888888889 0.37265625 0.4666666666666667 0.3765625 0.4847222222222222
1 0.2484375 0.3 0.24765625000000002 0.2875 0.24531250000000002 0.2847222222222222 0.23593750000000002 0.2875 0.23593750000000002 0.3013888888888889 0.2484375 0.3
1 0.38203125000000004 0.3361111111111111 0.38984375000000004 0.3347222222222222 0.39375000000000004 0.3263888888888889 0.38828125 0.3125 0.37890625 0.3125 0.37734375000000003 0.3180555555555556 0.3765625 0.325 0.38203125000000004 0.3361111111111111
4 0.42734375 0.4694444444444444 0.42812500000000003 0.4777777777777778 0.4421875 0.4791666666666667 0.44296875 0.44166666666666665 0.446875 0.4319444444444444 0.42578125 0.42777777777777776 0.421875 0.4291666666666667 0.41953125 0.4361111111111111 0.42031250000000003 0.46249999999999997 0.42734375 0.4694444444444444
1 0.359375 0.2861111111111111 0.35781250000000003 0.27499999999999997 0.3484375 0.2722222222222222 0.3484375 0.2861111111111111 0.359375 0.2861111111111111
1 0.24765625000000002 0.4736111111111111 0.25703125000000004 0.4694444444444444 0.27343750000000006 0.4708333333333333 0.27265625000000004 0.4305555555555556 0.26171875000000006 0.425 0.25234375000000003 0.4263888888888889 0.24609375 0.4333333333333333 0.24531250000000002 0.4611111111111111 0.24765625000000002 0.4736111111111111
2 0.97578125 0.5180555555555555 0.978125 0.5180555555555555 0.98046875 0.5069444444444444 0.9851562500000001 0.5083333333333333 0.9875 0.5222222222222223 0.9906250000000001 0.5222222222222223 0.9906250000000001 0.5152777777777777 0.9875 0.5125000000000001 0.9906250000000001 0.5083333333333333 0.9906250000000001 0.4694444444444444 0.9875 0.4694444444444444 0.98359375 0.48055555555555557 0.98203125 0.5027777777777778 0.97578125 0.5180555555555555
2 0.8343750000000001 0.2847222222222222 0.8367187500000001 0.3194444444444444 0.8296875 0.3486111111111111 0.81640625 0.3666666666666667 0.8148437500000001 0.3902777777777778 0.8484375000000001 0.39166666666666666 0.8601562500000001 0.3805555555555556 0.859375 0.3541666666666667 0.86875 0.3486111111111111 0.8539062500000001 0.3069444444444444 0.8515625 0.27638888888888885 0.85703125 0.2638888888888889 0.85703125 0.25416666666666665 0.853125 0.2388888888888889 0.8445312500000001 0.23333333333333334 0.8359375 0.24027777777777778 0.828125 0.2611111111111111 0.8289062500000001 0.2708333333333333 0.8343750000000001 0.2847222222222222
2 0.53671875 0.2708333333333333 0.53828125 0.27499999999999997 0.5429687500000001 0.27499999999999997 0.5453125000000001 0.2652777777777778 0.5554687500000001 0.2638888888888889 0.55234375 0.2638888888888889 0.5507812500000001 0.2569444444444444 0.5554687500000001 0.25277777777777777 0.5546875000000001 0.2097222222222222 0.5492187500000001 0.1986111111111111 0.5453125000000001 0.1986111111111111 0.5429687500000001 0.21388888888888888 0.5414062500000001 0.2486111111111111 0.53671875 0.2708333333333333
6 0.6296875000000001 0.6833333333333333 0.63671875 0.6888888888888888 0.6414062500000001 0.6986111111111112 0.63984375 0.7222222222222222 0.6429687500000001 0.7347222222222222 0.64765625 0.7388888888888888 0.65625 0.7374999999999999 0.66796875 0.7527777777777778 0.675 0.7833333333333333 0.6820312500000001 0.7944444444444444 0.6898437500000001 0.7875 0.7015625000000001 0.7958333333333334 0.72578125 0.7958333333333334 0.7406250000000001 0.7916666666666666 0.74609375 0.786111111111111 0.74609375 0.7166666666666666 0.73984375 0.7097222222222221 0.73203125 0.686111111111111 0.7203125 0.6666666666666666 0.7210937500000001 0.6361111111111112 0.71796875 0.6263888888888888 0.67578125 0.5861111111111111 0.6359375 0.5902777777777778 0.6328125 0.5916666666666667 0.6312500000000001 0.6 0.62890625 0.6749999999999999 0.6296875000000001 0.6833333333333333
6 0.32109375 0.2805555555555555 0.328125 0.2791666666666667 0.33125000000000004 0.2833333333333333 0.33203125 0.2652777777777778 0.32890625 0.2611111111111111 0.32265625000000003 0.26249999999999996 0.3203125 0.26666666666666666 0.32109375 0.2805555555555555
6 0.2671875 0.29305555555555557 0.26562500000000006 0.27499999999999997 0.25625000000000003 0.27499999999999997 0.25703125000000004 0.2944444444444444 0.2671875 0.29305555555555557
6 0.0421875 0.5638888888888889 0.037500000000000006 0.5777777777777777 0.0390625 0.5958333333333333 0.0578125 0.598611111111111 0.08750000000000001 0.5916666666666667 0.109375 0.5944444444444444 0.12109375 0.575 0.12265625000000001 0.5499999999999999 0.13437500000000002 0.5347222222222222 0.13359375 0.4819444444444444 0.13671875000000003 0.4722222222222222 0.13671875000000003 0.4597222222222222 0.1203125 0.4527777777777778 0.08828125 0.45416666666666666 0.08046875 0.4583333333333333 0.049218750000000006 0.4944444444444444 0.037500000000000006 0.5208333333333334 0.037500000000000006 0.5472222222222222 0.0421875 0.5638888888888889