8 0.3246527777777778 0.47511574074074076 0.3259548611111111 0.4730902777777778 0.3292100694444444 0.47077546296296297 0.337890625 0.46846064814814814 0.3485243055555556 0.4696180555555556 0.3587239583333333 0.47453703703703703 0.3608940972222222 0.4742476851851852 0.3661024305555556 0.4704861111111111 0.3676215277777778 0.4670138888888889 0.3678385416666667 0.45023148148148145 0.3669704861111111 0.4461805555555556 0.3684895833333333 0.43894675925925924 0.3674045138888889 0.4357638888888889 0.3634982638888889 0.4314236111111111 0.3591579861111111 0.4296875 0.3463541666666667 0.42939814814814814 0.3376736111111111 0.43171296296296297 0.3348524305555556 0.43431712962962965 0.3246527777777778 0.43721064814814814 0.3229166666666667 0.4427083333333333 0.3226996527777778 0.44849537037037035 0.3211805555555556 0.45775462962962965 0.3209635416666667 0.4704861111111111 0.3246527777777778 0.47511574074074076
1 0.5151909722222222 0.36574074074074076 0.5197482638888888 0.3663194444444444 0.5240885416666666 0.36429398148148145 0.5247395833333334 0.3628472222222222 0.5240885416666666 0.3567708333333333 0.5230034722222222 0.3515625 0.5221354166666666 0.3504050925925926 0.5190972222222222 0.34866898148148145 0.515625 0.35127314814814814 0.5147569444444444 0.3532986111111111 0.5141059027777778 0.36342592592592593 0.5151909722222222 0.36574074074074076
1 0.04014756944444445 0.6579861111111112 0.039496527777777776 0.6652199074074074 0.039713541666666664 0.6762152777777778 0.040364583333333336 0.6788194444444444 0.04275173611111111 0.6825810185185185 0.04665798611111111 0.6854745370370371 0.050130208333333336 0.6843171296296297 0.054253472222222224 0.6814236111111112 0.06315104166666667 0.6793981481481481 0.0705295138888889 0.6793981481481481 0.083984375 0.6767939814814815 0.08854166666666667 0.6767939814814815 0.09483506944444445 0.6791087962962963 0.10611979166666667 0.6799768518518519 0.1095920138888889 0.6747685185185185 0.1111111111111111 0.6681134259259259 0.11436631944444445 0.6634837962962963 0.1174045138888889 0.6617476851851852 0.123046875 0.6559606481481481 0.1252170138888889 0.6548032407407407 0.13671875 0.6423611111111112 0.1408420138888889 0.6420717592592593 0.1427951388888889 0.6438078703703703 0.1440972222222222 0.6467013888888888 0.14366319444444445 0.6455439814814815 0.14735243055555555 0.6391782407407407 0.14930555555555555 0.6333912037037037 0.14952256944444445 0.6195023148148148 0.14778645833333334 0.6131365740740741 0.14518229166666666 0.6087962962962963 0.1427951388888889 0.6067708333333334 0.1271701388888889 0.6015625 0.12044270833333333 0.6001157407407407 0.10872395833333333 0.5995370370370371 0.08984375 0.5998263888888888 0.07877604166666667 0.6015625 0.06640625 0.6090856481481481 0.05859375 0.6160300925925926 0.05577256944444445 0.6209490740740741 0.050130208333333336 0.6273148148148148 0.047309027777777776 0.6342592592592593 0.04275173611111111 0.6400462962962963 0.04079861111111111 0.6467013888888888 0.041449652777777776 0.6548032407407407 0.04014756944444445 0.6579861111111112
5 0.3153211805555556 0.5121527777777778 0.3177083333333333 0.5164930555555556 0.3211805555555556 0.5170717592592593 0.3274739583333333 0.5150462962962963 0.3498263888888889 0.5144675925925926 0.3519965277777778 0.5135995370370371 0.3550347222222222 0.5101273148148148 0.3621961805555556 0.5054976851851852 0.3643663194444444 0.5020254629629629 0.3645833333333333 0.4945023148148148 0.3634982638888889 0.48061342592592593 0.3598090277777778 0.47627314814814814 0.3537326388888889 0.47280092592592593 0.3463541666666667 0.47019675925925924 0.3391927083333333 0.4696180555555556 0.3318142361111111 0.4710648148148148 0.3276909722222222 0.47337962962962965 0.32421875 0.4765625 0.3174913194444444 0.48929398148148145 0.3155381944444444 0.4947916666666667 0.314453125 0.5011574074074074 0.3142361111111111 0.5054976851851852 0.3153211805555556 0.5121527777777778
5 0.3765190972222222 0.39091435185185186 0.3845486111111111 0.39091435185185186 0.3927951388888889 0.3871527777777778 0.3938802083333333 0.3839699074074074 0.3934461805555556 0.3767361111111111 0.3921440972222222 0.375 0.3869357638888889 0.37181712962962965 0.3819444444444444 0.3715277777777778 0.3782552083333333 0.3723958333333333 0.3760850694444444 0.37471064814814814 0.3743489583333333 0.37962962962962965 0.3739149305555556 0.3871527777777778 0.3765190972222222 0.39091435185185186
5 0.4609375 0.46296296296296297 0.4626736111111111 0.4652777777777778 0.4743923611111111 0.46383101851851855 0.4869791666666667 0.46469907407407407 0.4887152777777778 0.46412037037037035 0.4895833333333333 0.4592013888888889 0.4891493055555556 0.44849537037037035 0.4878472222222222 0.4429976851851852 0.4884982638888889 0.4357638888888889 0.486328125 0.43431712962962965 0.4845920138888889 0.43113425925925924 0.4828559027777778 0.4296875 0.4787326388888889 0.4285300925925926 0.4713541666666667 0.4285300925925926 0.466796875 0.4305555555555556 0.462890625 0.4357638888888889 0.4605034722222222 0.4447337962962963 0.4602864583333333 0.4592013888888889 0.4609375 0.46296296296296297
5 0.4945746527777778 0.3804976851851852 0.5049913194444444 0.3804976851851852 0.5084635416666666 0.3767361111111111 0.5084635416666666 0.3695023148148148 0.5054253472222222 0.36429398148148145 0.5017361111111112 0.3645833333333333 0.498046875 0.36342592592592593 0.4945746527777778 0.3671875 0.4934895833333333 0.37181712962962965 0.4932725694444444 0.37702546296296297 0.4945746527777778 0.3804976851851852
5 0.4976128472222222 0.48900462962962965 0.4976128472222222 0.5185185185185185 0.4978298611111111 0.5225694444444444 0.4986979166666667 0.5245949074074074 0.5026041666666666 0.5257523148148148 0.5115017361111112 0.5231481481481481 0.5295138888888888 0.5231481481481481 0.5329861111111112 0.5263310185185185 0.5358072916666666 0.5237268518518519 0.5364583333333334 0.5225694444444444 0.5364583333333334 0.5078125 0.5353732638888888 0.49681712962962965 0.5336371527777778 0.4916087962962963 0.5334201388888888 0.48755787037037035 0.5340711805555556 0.48408564814814814 0.53125 0.4826388888888889 0.5258246527777778 0.4774305555555556 0.5158420138888888 0.47337962962962965 0.5123697916666666 0.4754050925925926 0.5047743055555556 0.4774305555555556 0.5004340277777778 0.48234953703703703 0.4973958333333333 0.4837962962962963 0.4969618055555556 0.48466435185185186 0.4976128472222222 0.48900462962962965
5 0.5190972222222222 0.3845486111111111 0.5327690972222222 0.3851273148148148 0.5338541666666666 0.3836805555555556 0.5334201388888888 0.3715277777777778 0.5327690972222222 0.36921296296296297 0.5299479166666666 0.3663194444444444 0.525390625 0.3654513888888889 0.5225694444444444 0.3666087962962963 0.5199652777777778 0.3695023148148148 0.5184461805555556 0.3738425925925926 0.5182291666666666 0.3822337962962963 0.5190972222222222 0.3845486111111111
5 0.14518229166666666 0.6837384259259259 0.14518229166666666 0.6912615740740741 0.1460503472222222 0.6961805555555556 0.14756944444444445 0.6973379629629629 0.1616753472222222 0.6970486111111112 0.1697048611111111 0.6950231481481481 0.1762152777777778 0.6944444444444444 0.20377604166666666 0.6947337962962963 0.2087673611111111 0.6935763888888888 0.2133246527777778 0.6912615740740741 0.2170138888888889 0.6918402777777778 0.21875 0.6935763888888888 0.2211371527777778 0.6938657407407407 0.2248263888888889 0.6889467592592593 0.22721354166666666 0.671875 0.23111979166666666 0.6672453703703703 0.2367621527777778 0.6559606481481481 0.2445746527777778 0.6461226851851852 0.248046875 0.6478587962962963 0.2517361111111111 0.6467013888888888 0.2543402777777778 0.6281828703703703 0.2541232638888889 0.6163194444444444 0.2528211805555556 0.609375 0.2484809027777778 0.6032986111111112 0.240234375 0.6004050925925926 0.2348090277777778 0.5963541666666666 0.2269965277777778 0.59375 0.21223958333333334 0.5923032407407407 0.1853298611111111 0.59375 0.1820746527777778 0.5980902777777778 0.17686631944444445 0.6015625 0.16731770833333334 0.6116898148148148 0.158203125 0.6223958333333334 0.1545138888888889 0.6281828703703703 0.1521267361111111 0.6302083333333334 0.1499565972222222 0.6348379629629629 0.1488715277777778 0.6412037037037037 0.146484375 0.6481481481481481 0.1443142361111111 0.6611689814814815 0.1440972222222222 0.6733217592592593 0.14518229166666666 0.6837384259259259
5 0.4702690972222222 0.36689814814814814 0.4811197916666667 0.36689814814814814 0.4837239583333333 0.36574074074074076 0.4835069444444444 0.3559027777777778 0.4828559027777778 0.3532986111111111 0.4811197916666667 0.35127314814814814 0.4778645833333333 0.3521412037037037 0.4739583333333333 0.35127314814814814 0.4704861111111111 0.3576388888888889 0.4696180555555556 0.3611111111111111 0.4694010416666667 0.36342592592592593 0.4702690972222222 0.36689814814814814
5 0.3802083333333333 0.41695601851851855 0.3812934027777778 0.41724537037037035 0.3838975694444444 0.41724537037037035 0.3869357638888889 0.41435185185185186 0.388671875 0.41116898148148145 0.3917100694444444 0.4085648148148148 0.3986545138888889 0.4068287037037037 0.4016927083333333 0.4045138888888889 0.4016927083333333 0.4007523148148148 0.4001736111111111 0.39872685185185186 0.3995225694444444 0.3949652777777778 0.3938802083333333 0.3897569444444444 0.3871527777777778 0.3914930555555556 0.384765625 0.3929398148148148 0.3797743055555556 0.3984375 0.37890625 0.40162037037037035 0.37890625 0.41116898148148145 0.3802083333333333 0.41695601851851855
0 0.3697916666666667 0.47800925925925924 0.3706597222222222 0.5017361111111112 0.3719618055555556 0.5083912037037037 0.3734809027777778 0.5107060185185185 0.3782552083333333 0.5109953703703703 0.3817274305555556 0.5098379629629629 0.4016927083333333 0.5083912037037037 0.4092881944444444 0.5063657407407407 0.4227430555555556 0.5060763888888888 0.4259982638888889 0.5043402777777778 0.4270833333333333 0.5011574074074074 0.4299045138888889 0.4832175925925926 0.4314236111111111 0.4678819444444444 0.4312065972222222 0.4597800925925926 0.4318576388888889 0.45717592592592593 0.4314236111111111 0.44675925925925924 0.4305555555555556 0.4418402777777778 0.4301215277777778 0.4253472222222222 0.4286024305555556 0.41898148148148145 0.4279513888888889 0.41116898148148145 0.4262152777777778 0.4074074074074074 0.4225260416666667 0.40596064814814814 0.4034288194444444 0.4071180555555556 0.3962673611111111 0.4085648148148148 0.3904079861111111 0.41116898148148145 0.3704427083333333 0.43952546296296297 0.3689236111111111 0.4447337962962963 0.3689236111111111 0.47164351851851855 0.3697916666666667 0.47800925925925924
0 0.4079861111111111 0.4001736111111111 0.4090711805555556 0.40480324074074076 0.4110243055555556 0.40596064814814814 0.4253472222222222 0.40596064814814814 0.4270833333333333 0.40827546296296297 0.4281684027777778 0.4123263888888889 0.4281684027777778 0.4184027777777778 0.4322916666666667 0.4291087962962963 0.4392361111111111 0.42997685185185186 0.4427083333333333 0.4291087962962963 0.4440104166666667 0.42766203703703703 0.4463975694444444 0.4207175925925926 0.4487847222222222 0.4045138888888889 0.4485677083333333 0.37962962962962965 0.4474826388888889 0.37355324074074076 0.4455295138888889 0.3697916666666667 0.4427083333333333 0.3677662037037037 0.4396701388888889 0.3671875 0.4249131944444444 0.3689236111111111 0.4116753472222222 0.3776041666666667 0.4090711805555556 0.37991898148148145 0.4071180555555556 0.3836805555555556 0.4069010416666667 0.3883101851851852 0.4079861111111111 0.4001736111111111
3 0.5896267361111112 0.37991898148148145 0.5913628472222222 0.38078703703703703 0.5952690972222222 0.38078703703703703 0.5963541666666666 0.37876157407407407 0.5974392361111112 0.37355324074074076 0.5974392361111112 0.36921296296296297 0.5963541666666666 0.3663194444444444 0.5948350694444444 0.36574074074074076 0.591796875 0.36689814814814814 0.58984375 0.3695023148148148 0.5887586805555556 0.3738425925925926 0.5885416666666666 0.37702546296296297 0.5896267361111112 0.37991898148148145
3 0.3858506944444444 0.6750578703703703 0.38671875 0.6889467592592593 0.3893229166666667 0.6906828703703703 0.392578125 0.6958912037037037 0.3943142361111111 0.6973379629629629 0.4016927083333333 0.6929976851851852 0.4049479166666667 0.6877893518518519 0.4060329861111111 0.6846064814814815 0.4077690972222222 0.6825810185185185 0.4092881944444444 0.6730324074074074 0.4090711805555556 0.6646412037037037 0.4112413194444444 0.6545138888888888 0.4110243055555556 0.6510416666666666 0.4095052083333333 0.6475694444444444 0.4088541666666667 0.6394675925925926 0.4073350694444444 0.6380208333333334 0.4034288194444444 0.6374421296296297 0.4012586805555556 0.6351273148148148 0.4001736111111111 0.6550925925925926 0.3988715277777778 0.6571180555555556 0.3947482638888889 0.6594328703703703 0.388671875 0.6611689814814815 0.3878038194444444 0.6637731481481481 0.3878038194444444 0.6689814814814815 0.3858506944444444 0.6750578703703703
3 0.4016927083333333 0.6302083333333334 0.4010416666666667 0.6296296296296297 0.4012586805555556 0.6319444444444444 0.4016927083333333 0.6302083333333334
3 0.3949652777777778 0.6212384259259259 0.3975694444444444 0.6278935185185185 0.3986545138888889 0.6270254629629629 0.3995225694444444 0.6241319444444444 0.3995225694444444 0.6189236111111112 0.3986545138888889 0.6140046296296297 0.3975694444444444 0.6119791666666666 0.3940972222222222 0.6119791666666666 0.392578125 0.6137152777777778 0.3912760416666667 0.6163194444444444 0.3949652777777778 0.6212384259259259
3 0.7517361111111112 0.5746527777777778 0.76171875 0.5836226851851852 0.7667100694444444 0.5868055555555556 0.76953125 0.5920138888888888 0.7723524305555556 0.5934606481481481 0.7736545138888888 0.5928819444444444 0.7745225694444444 0.5914351851851852 0.7756076388888888 0.5850694444444444 0.7749565972222222 0.5729166666666666 0.7760416666666666 0.5596064814814815 0.7758246527777778 0.5512152777777778 0.7738715277777778 0.5491898148148148 0.7710503472222222 0.5486111111111112 0.7690972222222222 0.5489004629629629 0.7658420138888888 0.5515046296296297 0.7608506944444444 0.5529513888888888 0.759765625 0.5526620370370371 0.7580295138888888 0.5503472222222222 0.7552083333333334 0.5494791666666666 0.7545572916666666 0.5526620370370371 0.7510850694444444 0.5607638888888888 0.7508680555555556 0.5685763888888888 0.7517361111111112 0.5746527777777778
3 0.5670572916666666 0.3871527777777778 0.568359375 0.3883101851851852 0.5711805555555556 0.3888888888888889 0.5724826388888888 0.38686342592592593 0.5726996527777778 0.3836805555555556 0.5726996527777778 0.3793402777777778 0.5718315972222222 0.37644675925925924 0.5677083333333334 0.3755787037037037 0.56640625 0.3773148148148148 0.5661892361111112 0.3839699074074074 0.5670572916666666 0.3871527777777778
3 0.5086805555555556 0.4027777777777778 0.5101996527777778 0.3949652777777778 0.5095486111111112 0.390625 0.5084635416666666 0.38917824074074076 0.5052083333333334 0.38859953703703703 0.5045572916666666 0.3914930555555556 0.5052083333333334 0.40248842592592593 0.5086805555555556 0.4027777777777778
3 0.5970052083333334 0.3845486111111111 0.5989583333333334 0.3862847222222222 0.6052517361111112 0.38686342592592593 0.6076388888888888 0.38570601851851855 0.6089409722222222 0.3839699074074074 0.6091579861111112 0.37991898148148145 0.6085069444444444 0.37702546296296297 0.6059027777777778 0.3715277777777778 0.6022135416666666 0.37094907407407407 0.5987413194444444 0.37355324074074076 0.5967881944444444 0.3767361111111111 0.595703125 0.3804976851851852 0.5970052083333334 0.3845486111111111
3 0.5572916666666666 0.4710648148148148 0.5575086805555556 0.47337962962962965 0.5572916666666666 0.48582175925925924 0.5564236111111112 0.4913194444444444 0.5614149305555556 0.4976851851851852 0.5640190972222222 0.4982638888888889 0.5666232638888888 0.49508101851851855 0.5677083333333334 0.4913194444444444 0.5681423611111112 0.4670138888888889 0.5677083333333334 0.4661458333333333 0.5646701388888888 0.46730324074074076 0.5572916666666666 0.4661458333333333 0.5555555555555556 0.4670138888888889 0.5572916666666666 0.4710648148148148
3 0.5891927083333334 0.41869212962962965 0.5915798611111112 0.4207175925925926 0.5950520833333334 0.41984953703703703 0.5959201388888888 0.41811342592592593 0.5965711805555556 0.41261574074074076 0.5959201388888888 0.40480324074074076 0.5952690972222222 0.4036458333333333 0.5935329861111112 0.40335648148148145 0.5885416666666666 0.4036458333333333 0.587890625 0.4079861111111111 0.5891927083333334 0.41869212962962965
3 0.5401475694444444 0.36747685185185186 0.5434027777777778 0.36516203703703703 0.5434027777777778 0.35561342592592593 0.5397135416666666 0.3541666666666667 0.5384114583333334 0.35619212962962965 0.5377604166666666 0.36313657407407407 0.5401475694444444 0.36747685185185186
3 0.3856336805555556 0.6750578703703703 0.3865017361111111 0.6880787037037037 0.3871527777777778 0.6895254629629629 0.3908420138888889 0.6924189814814815 0.3932291666666667 0.6964699074074074 0.3947482638888889 0.6970486111111112 0.4010416666666667 0.6932870370370371 0.4045138888888889 0.6872106481481481 0.4060329861111111 0.6820023148148148 0.4060329861111111 0.6715856481481481 0.4047309027777778 0.6684027777777778 0.4016927083333333 0.6649305555555556 0.4025607638888889 0.6579861111111112 0.4012586805555556 0.6568287037037037 0.3880208333333333 0.6614583333333334 0.3878038194444444 0.6698495370370371 0.3856336805555556 0.6750578703703703
2 0.30324074074074076 0.44907407407407407 0.3101851851851852 0.44907407407407407 0.3101851851851852 0.46064814814814814 0.3125 0.46296296296296297 0.3125 0.4699074074074074 0.30787037037037035 0.4675925925925926 0.30324074074074076 0.4583333333333333 0.30324074074074076 0.4513888888888889
2 0.7939814814814815 0.43287037037037035 0.7986111111111112 0.4351851851851852 0.7986111111111112 0.4652777777777778 0.7962962962962963 0.4675925925925926 0.7916666666666666 0.4652777777777778 0.7916666666666666 0.4513888888888889 0.7893518518518519 0.44907407407407407 0.7893518518518519 0.4444444444444444 0.7939814814814815 0.4351851851851852
2 0.38425925925925924 0.6736111111111112 0.3819444444444444 0.6504629629629629 0.38425925925925924 0.6481481481481481 0.38425925925925924 0.6273148148148148 0.3888888888888889 0.6180555555555556 0.39351851851851855 0.6203703703703703 0.40046296296296297 0.6365740740740741 0.40046296296296297 0.6550925925925926 0.3888888888888889 0.6643518518518519 0.38657407407407407 0.6736111111111112
2 0.7199074074074074 0.4375 0.7152777777777778 0.43287037037037035 0.7152777777777778 0.4166666666666667 0.7199074074074074 0.41435185185185186 0.7199074074074074 0.4351851851851852
2 0.39814814814814814 0.6134259259259259 0.39814814814814814 0.6226851851851852 0.40046296296296297 0.6273148148148148 0.4097222222222222 0.6342592592592593 0.4097222222222222 0.6412037037037037 0.4074074074074074 0.6435185185185185 0.4097222222222222 0.6481481481481481 0.4074074074074074 0.6759259259259259 0.4050925925925926 0.6759259259259259 0.4027777777777778 0.6574074074074074 0.40046296296296297 0.6550925925925926 0.4027777777777778 0.6388888888888888 0.3912037037037037 0.6157407407407407 0.3958333333333333 0.6134259259259259
2 0.5069444444444444 0.3912037037037037 0.5046296296296297 0.3819444444444444 0.5092592592592593 0.3773148148148148 0.5092592592592593 0.3912037037037037
2 0.5625 0.4537037037037037 0.5671296296296297 0.46296296296296297 0.5671296296296297 0.4791666666666667 0.5648148148148148 0.47453703703703703 0.5601851851851852 0.47453703703703703 0.5578703703703703 0.47685185185185186 0.5578703703703703 0.4930555555555556 0.5578703703703703 0.4652777777777778 0.5625 0.45601851851851855
2 0.5925925925925926 0.3912037037037037 0.5949074074074074 0.4027777777777778 0.5925925925925926 0.4050925925925926 0.5879629629629629 0.4050925925925926 0.5902777777777778 0.39351851851851855
2 0.7476851851851852 0.41203703703703703 0.7523148148148148 0.4166666666666667 0.7523148148148148 0.42592592592592593 0.75 0.42824074074074076 0.75 0.4375 0.7476851851851852 0.44212962962962965 0.7453703703703703 0.4236111111111111 0.7430555555555556 0.4212962962962963 0.7453703703703703 0.41898148148148145 0.7453703703703703 0.41435185185185186
2 0.5925925925925926 0.36342592592592593 0.5949074074074074 0.36342592592592593 0.5949074074074074 0.3773148148148148 0.5902777777777778 0.3773148148148148 0.5902777777777778 0.3680555555555556 0.5925925925925926 0.36574074074074076
2 0.7337962962962963 0.41203703703703703 0.7337962962962963 0.4444444444444444 0.7291666666666666 0.44212962962962965 0.7291666666666666 0.41898148148148145 0.7314814814814815 0.41435185185185186
2 0.5069444444444444 0.38657407407407407 0.5092592592592593 0.3888888888888889 0.5092592592592593 0.40046296296296297 0.5046296296296297 0.39814814814814814 0.5046296296296297 0.3888888888888889
2 0.5347222222222222 0.35185185185185186 0.5370370370370371 0.35185185185185186 0.5370370370370371 0.3611111111111111 0.5347222222222222 0.3611111111111111 0.5347222222222222 0.3541666666666667
2 0.034722222222222224 0.5185185185185185 0.04398148148148148 0.5300925925925926 0.04398148148148148 0.5347222222222222 0.046296296296296294 0.5370370370370371 0.046296296296296294 0.5439814814814815 0.041666666666666664 0.5509259259259259 0.041666666666666664 0.5717592592592593 0.037037037037037035 0.5740740740740741 0.037037037037037035 0.5532407407407407 0.032407407407407406 0.5486111111111112 0.027777777777777776 0.5370370370370371 0.032407407407407406 0.5208333333333334
2 0.5925925925925926 0.3912037037037037 0.5925925925925926 0.3958333333333333 0.5949074074074074 0.39814814814814814 0.5949074074074074 0.4166666666666667 0.5925925925925926 0.41898148148148145 0.5879629629629629 0.4097222222222222 0.5902777777777778 0.39351851851851855
2 0.5625 0.4537037037037037 0.5671296296296297 0.46296296296296297 0.5671296296296297 0.4699074074074074 0.5601851851851852 0.4699074074074074 0.5578703703703703 0.4675925925925926 0.5625 0.45601851851851855
2 0.7847222222222222 0.43287037037037035 0.7870370370370371 0.4351851851851852 0.7870370370370371 0.44675925925925924 0.7893518518518519 0.44907407407407407 0.7870370370370371 0.4513888888888889 0.7870370370370371 0.46296296296296297 0.7847222222222222 0.4675925925925926 0.7824074074074074 0.4675925925925926 0.7824074074074074 0.4351851851851852
2 0.7916666666666666 0.4351851851851852 0.7939814814814815 0.4351851851851852 0.7939814814814815 0.4398148148148148 0.7916666666666666 0.44212962962962965 0.7939814814814815 0.4675925925925926 0.7893518518518519 0.4652777777777778 0.7893518518518519 0.45601851851851855 0.7870370370370371 0.4537037037037037 0.7870370370370371 0.44675925925925924 0.7916666666666666 0.4375
2 0.5995370370370371 0.35185185185185186 0.6018518518518519 0.35185185185185186 0.6018518518518519 0.36574074074074076 0.5995370370370371 0.36342592592592593 0.5995370370370371 0.3541666666666667
2 0.39814814814814814 0.6226851851851852 0.39814814814814814 0.625 0.4097222222222222 0.6342592592592593 0.4097222222222222 0.6412037037037037 0.4074074074074074 0.6435185185185185 0.4097222222222222 0.6481481481481481 0.4097222222222222 0.6597222222222222 0.4074074074074074 0.6620370370370371 0.4074074074074074 0.6759259259259259 0.4050925925925926 0.6782407407407407 0.4050925925925926 0.6689814814814815 0.4027777777777778 0.6666666666666666 0.4027777777777778 0.6388888888888888 0.40046296296296297 0.6365740740740741 0.39814814814814814 0.625
2 0.7569444444444444 0.5532407407407407 0.7569444444444444 0.5393518518518519 0.7615740740740741 0.5347222222222222 0.7615740740740741 0.5300925925925926 0.7638888888888888 0.5277777777777778 0.7685185185185185 0.5300925925925926 0.7685185185185185 0.5439814814814815 0.7708333333333334 0.5486111111111112 0.7662037037037037 0.5532407407407407 0.7592592592592593 0.5532407407407407
2 0.018518518518518517 0.5185185185185185 0.020833333333333332 0.5185185185185185 0.02546296296296296 0.5254629629629629 0.02546296296296296 0.5370370370370371 0.027777777777777776 0.5393518518518519 0.027777777777777776 0.5532407407407407 0.02546296296296296 0.5578703703703703 0.020833333333333332 0.5578703703703703 0.013888888888888888 0.5648148148148148 0.013888888888888888 0.5717592592592593 0.016203703703703703 0.5740740740740741 0.013888888888888888 0.5763888888888888 0.011574074074074073 0.5740740740740741 0.011574074074074073 0.5347222222222222 0.018518518518518517 0.5208333333333334
2 0.49074074074074076 0.34953703703703703 0.4930555555555556 0.34953703703703703 0.4930555555555556 0.3541666666666667 0.49537037037037035 0.35648148148148145 0.4930555555555556 0.3587962962962963 0.4930555555555556 0.36342592592592593 0.49074074074074076 0.3611111111111111 0.49074074074074076 0.35185185185185186
2 0.6041666666666666 0.37037037037037035 0.6064814814814815 0.375 0.6041666666666666 0.3773148148148148 0.6064814814814815 0.38425925925925924 0.5972222222222222 0.38425925925925924 0.5972222222222222 0.3726851851851852 0.6018518518518519 0.37037037037037035
2 0.5694444444444444 0.3680555555555556 0.5717592592592593 0.37037037037037035 0.5717592592592593 0.37962962962962965 0.5671296296296297 0.3819444444444444 0.5671296296296297 0.37037037037037035
2 0.09953703703703703 0.4722222222222222 0.10416666666666667 0.47453703703703703 0.10416666666666667 0.48148148148148145 0.10648148148148148 0.4837962962962963 0.10648148148148148 0.5023148148148148 0.1111111111111111 0.5115740740740741 0.1087962962962963 0.5138888888888888 0.10648148148148148 0.5092592592592593 0.09953703703703703 0.5046296296296297 0.09953703703703703 0.5 0.09722222222222222 0.4976851851851852 0.09953703703703703 0.47453703703703703
2 0.28703703703703703 0.4212962962962963 0.28935185185185186 0.4212962962962963 0.28935185185185186 0.42824074074074076 0.2916666666666667 0.4305555555555556 0.28935185185185186 0.4398148148148148 0.2847222222222222 0.4375 0.2847222222222222 0.42824074074074076 0.28703703703703703 0.4236111111111111
2 0.38425925925925924 0.3958333333333333 0.38657407407407407 0.40046296296296297 0.38657407407407407 0.41203703703703703 0.3819444444444444 0.4166666666666667 0.37962962962962965 0.41435185185185186 0.37962962962962965 0.40046296296296297 0.3819444444444444 0.39814814814814814
2 0.7847222222222222 0.43287037037037035 0.7870370370370371 0.4351851851851852 0.7870370370370371 0.46296296296296297 0.7847222222222222 0.4675925925925926 0.7824074074074074 0.4675925925925926 0.7824074074074074 0.4351851851851852
2 0.7615740740740741 0.5277777777777778 0.7662037037037037 0.5277777777777778 0.7685185185185185 0.5300925925925926 0.7685185185185185 0.5416666666666666 0.7754629629629629 0.5509259259259259 0.7754629629629629 0.5555555555555556 0.7685185185185185 0.5532407407407407 0.7569444444444444 0.5625 0.7546296296296297 0.5694444444444444 0.7523148148148148 0.5671296296296297 0.7523148148148148 0.5625 0.7546296296296297 0.5601851851851852 0.7546296296296297 0.5462962962962963 0.7569444444444444 0.5439814814814815 0.7569444444444444 0.5393518518518519 0.7615740740740741 0.5347222222222222 0.7615740740740741 0.5300925925925926
2 0.7731481481481481 0.44907407407407407 0.7754629629629629 0.44675925925925924 0.7754629629629629 0.4375 0.7800925925925926 0.4351851851851852 0.7800925925925926 0.4675925925925926 0.7754629629629629 0.4699074074074074 0.7754629629629629 0.4513888888888889
2 0.5393518518518519 0.3541666666666667 0.5416666666666666 0.3541666666666667 0.5416666666666666 0.36574074074074076 0.5393518518518519 0.36574074074074076 0.5393518518518519 0.35648148148148145
2 0.3819444444444444 0.6574074074074074 0.38425925925925924 0.6550925925925926 0.38425925925925924 0.6319444444444444 0.38657407407407407 0.6296296296296297 0.38657407407407407 0.6203703703703703 0.3958333333333333 0.6134259259259259 0.39814814814814814 0.6157407407407407 0.40046296296296297 0.6273148148148148 0.4097222222222222 0.6365740740740741 0.4074074074074074 0.6412037037037037 0.4074074074074074 0.6504629629629629 0.4097222222222222 0.6527777777777778 0.4097222222222222 0.6574074074074074 0.4074074074074074 0.6597222222222222 0.4074074074074074 0.6759259259259259 0.4027777777777778 0.6805555555555556 0.40046296296296297 0.6782407407407407 0.39814814814814814 0.6805555555555556 0.39814814814814814 0.6620370370370371 0.3958333333333333 0.6597222222222222 0.3888888888888889 0.6643518518518519 0.38657407407407407 0.6736111111111112 0.38425925925925924 0.6736111111111112 0.38425925925925924 0.6689814814814815 0.38657407407407407 0.6666666666666666 0.38657407407407407 0.6620370370370371 0.38425925925925924 0.6597222222222222
2 0.5115740740740741 0.3912037037037037 0.5185185185185185 0.3912037037037037 0.5208333333333334 0.39351851851851855 0.5208333333333334 0.39814814814814814 0.5115740740740741 0.39814814814814814 0.5115740740740741 0.39351851851851855