1 0.9828125000000001 0.6937500000000001 0.984375 0.675 0.9796875 0.6640625 0.978125 0.6890625 0.9828125000000001 0.6937500000000001
2 0.42500000000000004 0.5078125000000001 0.4109375 0.49375 0.4109375 0.46875 0.40468750000000003 0.45937500000000003 0.39687500000000003 0.45937500000000003 0.3921875 0.46875 0.39375000000000004 0.5015625 0.38593750000000004 0.509375 0.3828125 0.5265625 0.3828125 0.5578125 0.42500000000000004 0.5078125000000001
5 0.8890625000000001 0.5375000000000001 0.9015625 0.5062500000000001 0.9171875 0.49375 0.921875 0.48281250000000003 0.8875000000000001 0.48125 0.878125 0.496875 0.8765625 0.5171875 0.8890625000000001 0.5375000000000001
5 0.9328125 0.625 0.9453125 0.6109375 0.9453125 0.596875 0.9328125 0.5890625 0.921875 0.5953125 0.9203125000000001 0.6218750000000001 0.9328125 0.625
5 0.6328125 0.596875 0.6390625000000001 0.6078125000000001 0.65 0.6109375 0.65625 0.6046875 0.6546875000000001 0.5843750000000001 0.6390625000000001 0.5796875 0.6328125 0.5859375000000001 0.6328125 0.596875
5 0.6328125 0.8796875000000001 0.6421875 0.8890625000000001 0.6734375 0.9046875000000001 0.696875 0.90625 0.784375 0.9281250000000001 0.8718750000000001 0.9375 0.8875000000000001 0.9437500000000001 0.9343750000000001 0.940625 0.9515625000000001 0.9328125 0.95625 0.859375 0.953125 0.7250000000000001 0.9390625 0.6796875 0.9203125000000001 0.6468750000000001 0.915625 0.6218750000000001 0.878125 0.525 0.8671875 0.5078125000000001 0.8390625 0.4859375 0.8343750000000001 0.46718750000000003 0.7328125000000001 0.46875 0.7328125000000001 0.49062500000000003 0.7140625 0.5 0.6921875000000001 0.5265625 0.6265625 0.7015625000000001 0.6265625 0.8609375 0.6328125 0.8796875000000001
5 0.890625 0.5437500000000001 0.9140625 0.6125 0.9171875 0.596875 0.9281250000000001 0.5828125000000001 0.9281250000000001 0.565625 0.9390625 0.5390625000000001 0.953125 0.5125000000000001 0.9703125 0.496875 0.9703125 0.49062500000000003 0.9640625 0.4859375 0.9234375 0.4859375 0.90625 0.5 0.8984375 0.5140625000000001 0.890625 0.5296875000000001 0.890625 0.5437500000000001
5 0 0.509375 0 0.7625000000000001 0.021875000000000002 0.7578125 0.0390625 0.74375 0.0421875 0.659375 0.05625 0.5890625 0.0921875 0.5578125 0.13125 0.5375000000000001 0.153125 0.5 0.13281250000000003 0.4890625 0.12656250000000002 0.4765625 0.0734375 0.47187500000000004 0.07031250000000001 0.465625 0.0625 0.47187500000000004 0.059375000000000004 0.465625 0.05625 0.4703125 0.0390625 0.4703125 0.021875000000000002 0.49375 0 0.509375
5 0.05 0.75 0.1015625 0.765625 0.22812500000000002 0.7671875 0.234375 0.7828125 0.24531250000000002 0.7921875 0.2703125 0.7890625 0.27968750000000003 0.775 0.27656250000000004 0.696875 0.28906250000000006 0.6531250000000001 0.3140625 0.6218750000000001 0.353125 0.5859375000000001 0.35625 0.565625 0.3765625 0.55625 0.3828125 0.5125000000000001 0.390625 0.5015625 0.390625 0.465625 0.3984375 0.45625000000000004 0.40468750000000003 0.45625000000000004 0.41250000000000003 0.465625 0.4140625 0.49375 0.43125 0.49843750000000003 0.4234375 0.4625 0.3984375 0.44843750000000004 0.37812500000000004 0.44375000000000003 0.3140625 0.44062500000000004 0.309375 0.4375 0.30781250000000004 0.421875 0.296875 0.4140625 0.2828125 0.4234375 0.27968750000000003 0.44062500000000004 0.23750000000000002 0.4453125 0.21250000000000002 0.4578125 0.1703125 0.49062500000000003 0.13281250000000003 0.5437500000000001 0.109375 0.5531250000000001 0.06718750000000001 0.5843750000000001 0.05625 0.6062500000000001 0.046875 0.675 0.0421875 0.728125 0.05 0.75
5 0.6546875000000001 0.625 0.6546875000000001 0.6156250000000001 0.6421875 0.6140625000000001 0.64375 0.6421875 0.6546875000000001 0.625
5 0.6375000000000001 0.5734375 0.6531250000000001 0.5781250000000001 0.6640625 0.5906250000000001 0.6890625 0.525 0.6828125 0.496875 0.6609375000000001 0.48125 0.625 0.47968750000000004 0.609375 0.484375 0.5984375000000001 0.5062500000000001 0.6375000000000001 0.5734375
5 0.36250000000000004 0.5781250000000001 0.36875 0.5703125000000001 0.36562500000000003 0.5671875000000001 0.359375 0.5734375 0.36250000000000004 0.5781250000000001
5 0.27656250000000004 0.80625 0.27968750000000003 0.8234375 0.2859375 0.8265625000000001 0.2984375 0.8203125 0.37031250000000004 0.8390625 0.42031250000000003 0.8421875000000001 0.43281250000000004 0.853125 0.47968750000000004 0.8500000000000001 0.5015625 0.8421875000000001 0.5125000000000001 0.859375 0.5234375000000001 0.8609375 0.5359375000000001 0.8500000000000001 0.5468750000000001 0.8015625000000001 0.5687500000000001 0.775 0.6203125 0.728125 0.6218750000000001 0.6984375 0.6390625000000001 0.6468750000000001 0.6375000000000001 0.6234375000000001 0.6265625 0.59375 0.6312500000000001 0.5687500000000001 0.5953125 0.5078125000000001 0.5750000000000001 0.49531250000000004 0.49062500000000003 0.49062500000000003 0.44843750000000004 0.496875 0.4296875 0.509375 0.37343750000000003 0.5734375 0.296875 0.6484375 0.28125000000000006 0.6953125 0.28437500000000004 0.7796875000000001 0.27656250000000004 0.80625