1 0.014409722222222221 0.3003086419753086 0.015625 0.30185185185185187 0.03506944444444444 0.30154320987654315 0.04027777777777777 0.3006172839506173 0.04114583333333333 0.29814814814814816 0.04097222222222222 0.29537037037037034 0.03871527777777777 0.2916666666666667 0.036458333333333336 0.28950617283950614 0.030381944444444444 0.2861111111111111 0.025868055555555554 0.2851851851851852 0.022048611111111113 0.2851851851851852 0.017187499999999998 0.28734567901234565 0.015451388888888888 0.28950617283950614 0.0140625 0.2935185185185185 0.013715277777777778 0.2972222222222222 0.014409722222222221 0.3003086419753086
5 0.5996527777777778 0.46049382716049386 0.6020833333333333 0.46728395061728395 0.6057291666666667 0.4743827160493827 0.6232638888888888 0.47469135802469137 0.6305555555555555 0.47685185185185186 0.6329861111111111 0.4737654320987654 0.6336805555555556 0.46851851851851856 0.6336805555555556 0.4561728395061728 0.6326388888888889 0.4521604938271605 0.6322916666666666 0.4469135802469136 0.6288194444444444 0.44043209876543205 0.6256944444444444 0.4314814814814815 0.6232638888888888 0.4277777777777778 0.6197916666666666 0.42592592592592593 0.615798611111111 0.4256172839506173 0.6092013888888889 0.42623456790123454 0.6057291666666667 0.4280864197530864 0.6038194444444444 0.4305555555555556 0.6020833333333333 0.43456790123456784 0.5996527777777778 0.4462962962962963 0.5991319444444444 0.4527777777777778 0.5996527777777778 0.46049382716049386
1 0.5310763888888889 0.3037037037037037 0.5399305555555556 0.30401234567901236 0.5409722222222222 0.3006172839506173 0.5402777777777777 0.29259259259259257 0.5364583333333334 0.2879629629629629 0.5328124999999999 0.2879629629629629 0.5310763888888889 0.291358024691358 0.5300347222222223 0.295679012345679 0.5298611111111111 0.30154320987654315 0.5310763888888889 0.3037037037037037
1 0.41215277777777776 0.2759259259259259 0.4185763888888889 0.2759259259259259 0.4201388888888889 0.2728395061728395 0.4189236111111111 0.26450617283950617 0.4166666666666667 0.26265432098765434 0.4149305555555556 0.2623456790123457 0.4114583333333333 0.2638888888888889 0.4097222222222222 0.26851851851851855 0.4097222222222222 0.2740740740740741 0.41215277777777776 0.2759259259259259
4 0.29322916666666665 0.27839506172839507 0.30451388888888886 0.27839506172839507 0.3059027777777778 0.2780864197530864 0.30746527777777777 0.2762345679012346 0.3071180555555555 0.2722222222222222 0.3059027777777778 0.2675925925925926 0.3041666666666667 0.2638888888888889 0.2993055555555555 0.2623456790123457 0.2954861111111111 0.2623456790123457 0.29305555555555557 0.2638888888888889 0.2925347222222222 0.2716049382716049 0.29322916666666665 0.27839506172839507
1 0.371875 0.34012345679012346 0.3725694444444444 0.34228395061728395 0.3734375 0.3425925925925926 0.3756944444444444 0.3391975308641975 0.3769097222222222 0.3308641975308642 0.37656249999999997 0.3277777777777778 0.3751736111111111 0.3243827160493827 0.3729166666666667 0.32345679012345674 0.371875 0.32469135802469135 0.37135416666666665 0.32654320987654323 0.371875 0.34012345679012346
1 0.5576388888888888 0.37345679012345684 0.5600694444444444 0.37623456790123455 0.5628472222222222 0.3771604938271605 0.5746527777777778 0.3771604938271605 0.5760416666666667 0.37345679012345684 0.5758680555555555 0.35987654320987655 0.5748263888888888 0.35555555555555557 0.5711805555555556 0.35030864197530864 0.5651041666666666 0.34814814814814815 0.5612847222222223 0.3490740740740741 0.5586805555555555 0.35216049382716047 0.5569444444444445 0.3604938271604938 0.5569444444444445 0.37037037037037035 0.5576388888888888 0.37345679012345684
1 0.22708333333333333 0.4703703703703703 0.228125 0.4728395061728395 0.23124999999999998 0.47654320987654325 0.23368055555555556 0.4780864197530864 0.23958333333333334 0.4787037037037037 0.25243055555555555 0.4780864197530864 0.2557291666666667 0.47901234567901235 0.25711805555555556 0.48117283950617284 0.2598958333333333 0.48302469135802467 0.2626736111111111 0.48302469135802467 0.2638888888888889 0.4808641975308642 0.26545138888888886 0.47098765432098766 0.2673611111111111 0.4675925925925926 0.2692708333333333 0.4669753086419753 0.2720486111111111 0.4641975308641975 0.2755208333333333 0.46543209876543207 0.2796875 0.46512345679012346 0.28072916666666664 0.46049382716049386 0.2815972222222222 0.44907407407407407 0.2833333333333333 0.44290123456790126 0.2831597222222222 0.4277777777777778 0.2809027777777778 0.4175925925925926 0.2796875 0.41450617283950614 0.2765625 0.40987654320987654 0.2737847222222222 0.40802469135802466 0.2689236111111111 0.4067901234567901 0.25885416666666666 0.4067901234567901 0.25468749999999996 0.40987654320987654 0.253125 0.412962962962963 0.25017361111111114 0.41604938271604935 0.24479166666666666 0.4197530864197531 0.2407986111111111 0.42592592592592593 0.2375 0.4330246913580247 0.23559027777777775 0.4351851851851852 0.23368055555555556 0.43580246913580245 0.2282986111111111 0.4503086419753086 0.2269097222222222 0.4561728395061728 0.2265625 0.4611111111111111 0.22708333333333333 0.4703703703703703
1 0.40225694444444443 0.3175925925925926 0.41006944444444443 0.3191358024691358 0.4137152777777778 0.31882716049382714 0.4149305555555556 0.3175925925925926 0.4154513888888889 0.30185185185185187 0.4152777777777778 0.3 0.4131944444444444 0.2978395061728395 0.40954861111111107 0.29660493827160495 0.4041666666666667 0.2978395061728395 0.40260416666666665 0.30092592592592593 0.40225694444444443 0.30493827160493825 0.4013888888888889 0.30709876543209874 0.40121527777777777 0.3148148148148148 0.40225694444444443 0.3175925925925926
4 0.2565972222222222 0.37006172839506174 0.2578125 0.3709876543209876 0.2760416666666667 0.3725308641975309 0.28229166666666666 0.36604938271604937 0.2864583333333333 0.36574074074074076 0.2875 0.3632716049382716 0.2892361111111111 0.35370370370370374 0.2892361111111111 0.3469135802469136 0.28854166666666664 0.3447530864197531 0.2847222222222222 0.3425925925925926 0.28072916666666664 0.3382716049382716 0.2770833333333333 0.33734567901234563 0.26857638888888885 0.33734567901234563 0.26249999999999996 0.3416666666666667 0.25885416666666666 0.3472222222222222 0.2565972222222222 0.353395061728395 0.25538194444444445 0.3589506172839506 0.25538194444444445 0.3669753086419753 0.2565972222222222 0.37006172839506174
1 0.5918402777777777 0.34845679012345676 0.5993055555555555 0.34845679012345676 0.6057291666666667 0.34567901234567905 0.6130208333333333 0.3453703703703703 0.6137152777777778 0.34228395061728395 0.6137152777777778 0.33425925925925926 0.6130208333333333 0.32839506172839505 0.6100694444444444 0.3256172839506173 0.6072916666666666 0.3253086419753086 0.5989583333333334 0.3277777777777778 0.590625 0.3333333333333333 0.5881944444444445 0.33734567901234563 0.5873263888888889 0.3416666666666667 0.5869791666666666 0.3453703703703703 0.5918402777777777 0.34845679012345676
1 0.5305555555555556 0.27253086419753086 0.5315972222222223 0.2737654320987654 0.5350694444444444 0.2740740740740741 0.5368055555555555 0.27253086419753086 0.5362847222222222 0.2679012345679012 0.5345486111111111 0.2657407407407407 0.5317708333333333 0.2657407407407407 0.5303819444444444 0.2679012345679012 0.5300347222222223 0.2697530864197531 0.5305555555555556 0.27253086419753086
8 0.23611041666666668 0.28487654320987654 0.24027708333333334 0.28641975308641976 0.24808958333333334 0.28703703703703703 0.2501729166666667 0.28641975308641976 0.25086736111111113 0.28425925925925927 0.25138819444444443 0.279320987654321 0.25069375 0.2743827160493827 0.2501729166666667 0.2722222222222222 0.24774236111111114 0.26882716049382716 0.23611041666666668 0.26882716049382716 0.23524236111111113 0.2722222222222222 0.23489513888888888 0.28055555555555556 0.23611041666666668 0.28487654320987654
1 0.6913194444444444 0.7154320987654321 0.6927083333333334 0.720679012345679 0.6996527777777778 0.7225308641975309 0.703125 0.7308641975308642 0.7057291666666666 0.7348765432098765 0.7060763888888888 0.7373456790123456 0.7081597222222222 0.741358024691358 0.7097222222222221 0.7490740740740741 0.7119791666666666 0.7527777777777778 0.7137152777777778 0.7583333333333334 0.7144097222222222 0.7654320987654322 0.7137152777777778 0.7688271604938272 0.7151041666666667 0.7722222222222223 0.7149305555555555 0.7762345679012346 0.715625 0.7799382716049382 0.7168402777777778 0.7854938271604938 0.7184027777777777 0.7873456790123456 0.7204861111111112 0.79320987654321 0.7234375 0.7950617283950616 0.7274305555555556 0.7941358024691358 0.7342013888888889 0.7981481481481482 0.740798611111111 0.7987654320987654 0.7498263888888889 0.8015432098765432 0.7581597222222222 0.8018518518518518 0.7659722222222222 0.8037037037037037 0.7746527777777777 0.8037037037037037 0.7809027777777777 0.8024691358024691 0.7862847222222222 0.8003086419753087 0.7880208333333334 0.7972222222222222 0.7892361111111111 0.7901234567901234 0.7894097222222222 0.7824074074074074 0.7885416666666666 0.7756172839506172 0.787673611111111 0.7731481481481481 0.7868055555555555 0.7552469135802469 0.7848958333333333 0.7478395061728395 0.7840277777777778 0.7469135802469137 0.7831597222222222 0.7419753086419753 0.7774305555555555 0.7287037037037037 0.7753472222222222 0.720679012345679 0.7753472222222222 0.717283950617284 0.7772569444444444 0.7129629629629629 0.7770833333333333 0.70679012345679 0.7760416666666666 0.7058641975308642 0.7725694444444444 0.70679012345679 0.7717013888888888 0.7052469135802469 0.7692708333333333 0.6969135802469135 0.7659722222222222 0.6891975308641975 0.7638888888888888 0.6805555555555556 0.7623263888888888 0.678395061728395 0.7444444444444444 0.6790123456790123 0.7413194444444444 0.6777777777777778 0.7208333333333333 0.6762345679012346 0.7184027777777777 0.6719135802469135 0.7168402777777778 0.6712962962962963 0.7104166666666666 0.6651234567901234 0.7071180555555555 0.6638888888888889 0.7064236111111112 0.6623456790123456 0.703125 0.6595679012345679 0.7052083333333333 0.6620370370370371 0.7043402777777777 0.6638888888888889 0.7029513888888889 0.6626543209876543 0.7048611111111112 0.6663580246913581 0.7071180555555555 0.66820987654321 0.7067708333333333 0.6694444444444444 0.7048611111111112 0.6703703703703704 0.7046875 0.671604938271605 0.7076388888888888 0.6756172839506173 0.7024305555555556 0.678395061728395 0.703125 0.6814814814814815 0.703125 0.6870370370370371 0.7019097222222221 0.6950617283950616 0.7015625 0.7030864197530865 0.6991319444444444 0.7055555555555556 0.6953125 0.7055555555555556 0.693923611111111 0.7024691358024691 0.6925347222222222 0.692283950617284 0.6892361111111112 0.6916666666666667 0.6890625 0.6938271604938272 0.6892361111111112 0.7126543209876544 0.6913194444444444 0.7154320987654321
1 0.7350694444444444 0.6512345679012346 0.7347222222222222 0.6506172839506172 0.7342013888888889 0.6512345679012346 0.7350694444444444 0.6512345679012346
1 0.7390625 0.6382716049382716 0.7397569444444444 0.6395061728395062 0.7425347222222222 0.6404320987654322 0.7442708333333333 0.6422839506172839 0.7449652777777778 0.6422839506172839 0.7458333333333333 0.6404320987654322 0.7440972222222222 0.6364197530864197 0.7416666666666666 0.6342592592592593 0.7395833333333334 0.6345679012345679 0.7390625 0.6354938271604937 0.7390625 0.6382716049382716
1 0.40434027777777776 0.2938271604938272 0.4123263888888889 0.2941358024691358 0.4135416666666667 0.29290123456790124 0.4147569444444444 0.28641975308641976 0.4149305555555556 0.28055555555555556 0.4137152777777778 0.27654320987654324 0.4118055555555556 0.27499999999999997 0.4050347222222222 0.2756172839506173 0.403125 0.2777777777777778 0.40260416666666665 0.28055555555555556 0.40260416666666665 0.2891975308641975 0.40434027777777776 0.2938271604938272
1 0.5203125000000001 0.3367283950617284 0.5284722222222222 0.33765432098765435 0.5328124999999999 0.33765432098765435 0.5331597222222222 0.3367283950617284 0.5333333333333333 0.3219135802469136 0.5331597222222222 0.3191358024691358 0.5321180555555556 0.3172839506172839 0.5296875 0.3160493827160494 0.5220486111111111 0.3160493827160494 0.5208333333333334 0.31790123456790126 0.5196180555555555 0.3256172839506173 0.5190972222222222 0.33549382716049386 0.5203125000000001 0.3367283950617284
1 0.5225694444444444 0.37222222222222223 0.5286458333333334 0.37407407407407406 0.5350694444444444 0.37345679012345684 0.5399305555555556 0.37438271604938267 0.5409722222222222 0.3731481481481481 0.5414930555555555 0.3709876543209876 0.5416666666666666 0.35555555555555557 0.5402777777777777 0.3524691358024691 0.5375 0.3490740740740741 0.5331597222222222 0.3472222222222222 0.5267361111111111 0.34814814814814815 0.5237847222222223 0.3524691358024691 0.5222222222222223 0.35771604938271606 0.521875 0.37037037037037035 0.5225694444444444 0.37222222222222223
4 0.5442708333333334 0.3358024691358025 0.5456597222222223 0.33765432098765435 0.5572916666666666 0.33796296296296297 0.5583333333333333 0.3358024691358025 0.5590277777777778 0.33179012345679015 0.5583333333333333 0.3222222222222222 0.5572916666666666 0.31820987654320987 0.5543402777777777 0.31296296296296294 0.5472222222222222 0.31296296296296294 0.5456597222222223 0.3148148148148148 0.5440972222222222 0.3212962962962963 0.54375 0.3330246913580247 0.5442708333333334 0.3358024691358025
4 0.6796875 0.6095679012345678 0.6810763888888888 0.6182098765432099 0.6819444444444444 0.6305555555555555 0.6836805555555555 0.6342592592592593 0.6850694444444444 0.6419753086419753 0.6850694444444444 0.6481481481481481 0.6838541666666667 0.6558641975308641 0.6835069444444444 0.6660493827160494 0.6826388888888888 0.66820987654321 0.6826388888888888 0.671604938271605 0.6871527777777777 0.6864197530864197 0.6871527777777777 0.696604938271605 0.6875 0.7 0.6883680555555556 0.7018518518518518 0.6892361111111112 0.7132716049382716 0.6927083333333334 0.720679012345679 0.700173611111111 0.7256172839506172 0.7046875 0.7339506172839506 0.7081597222222222 0.742283950617284 0.7130208333333333 0.7580246913580246 0.7131944444444444 0.7682098765432099 0.7168402777777778 0.7854938271604938 0.7204861111111112 0.7929012345679012 0.7237847222222222 0.7950617283950616 0.7277777777777777 0.7941358024691358 0.7357638888888888 0.7981481481481482 0.7519097222222222 0.8009259259259259 0.7539930555555555 0.8024691358024691 0.7586805555555556 0.8037037037037037 0.7802083333333334 0.8024691358024691 0.7864583333333334 0.8003086419753087 0.7887152777777777 0.7938271604938272 0.7894097222222222 0.7870370370370371 0.7887152777777777 0.7756172839506172 0.787673611111111 0.7709876543209876 0.7875 0.7617283950617284 0.786111111111111 0.7530864197530863 0.7833333333333333 0.7450617283950618 0.7831597222222222 0.742283950617284 0.7815972222222222 0.7395061728395061 0.7795138888888888 0.732716049382716 0.7777777777777778 0.7299382716049382 0.7762152777777778 0.7246913580246913 0.7758680555555556 0.7200617283950618 0.7779513888888888 0.7138888888888888 0.7779513888888888 0.707716049382716 0.7765624999999999 0.7055555555555556 0.772048611111111 0.7052469135802469 0.7701388888888888 0.700925925925926 0.7692708333333333 0.6959876543209877 0.7671875 0.6919753086419753 0.764236111111111 0.68179012345679 0.764236111111111 0.678395061728395 0.7657986111111111 0.6722222222222222 0.7664930555555556 0.6469135802469135 0.7671875 0.6404320987654322 0.7671875 0.617283950617284 0.7663194444444444 0.6126543209876544 0.762673611111111 0.6067901234567901 0.7600694444444444 0.6040123456790124 0.7585069444444444 0.6003086419753086 0.7541666666666667 0.5944444444444444 0.7512152777777777 0.5885802469135802 0.75 0.5879629629629629 0.7484375 0.5842592592592593 0.7475694444444444 0.5839506172839506 0.7447916666666666 0.5790123456790123 0.7430555555555556 0.5774691358024692 0.7387152777777778 0.5694444444444444 0.7362847222222222 0.567283950617284 0.7302083333333333 0.5651234567901234 0.7208333333333333 0.5638888888888889 0.693923611111111 0.5626543209876543 0.6859375 0.5629629629629629 0.6824652777777778 0.5651234567901234 0.6814236111111112 0.567283950617284 0.6810763888888888 0.5984567901234568 0.6796875 0.6095679012345678
6 0.39045138888888886 0.30679012345679013 0.3932291666666667 0.3077160493827161 0.3991319444444444 0.3077160493827161 0.4008680555555555 0.30679012345679013 0.4034722222222222 0.2972222222222222 0.4029513888888889 0.2787037037037037 0.40121527777777777 0.27654320987654324 0.39340277777777777 0.2771604938271605 0.3911458333333333 0.2787037037037037 0.390625 0.2796296296296296 0.3909722222222222 0.2833333333333333 0.3902777777777778 0.2941358024691358 0.3892361111111111 0.2975308641975309 0.3890625 0.30401234567901236 0.39045138888888886 0.30679012345679013
3 0.6756944444444444 0.4777777777777778 0.6788194444444444 0.4787037037037037 0.6803819444444444 0.47469135802469137 0.68125 0.466358024691358 0.6833333333333333 0.4595679012345679 0.6836805555555555 0.4527777777777778 0.6828124999999999 0.44969135802469135 0.678298611111111 0.44907407407407407 0.6741319444444444 0.45185185185185184 0.6734375 0.4527777777777778 0.671875 0.45987654320987653 0.671875 0.4694444444444445 0.6756944444444444 0.4777777777777778
3 0.5463541666666666 0.3006172839506173 0.5463541666666666 0.29012345679012347 0.5435763888888888 0.2882716049382716 0.5430555555555555 0.29012345679012347 0.5432291666666667 0.30154320987654315 0.5463541666666666 0.3006172839506173
3 0.5857638888888889 0.36358024691358026 0.5869791666666666 0.3654320987654321 0.5890624999999999 0.3654320987654321 0.5902777777777778 0.3626543209876543 0.5907986111111111 0.35956790123456794 0.5907986111111111 0.3490740740740741 0.5895833333333333 0.3472222222222222 0.5880208333333333 0.34660493827160493 0.5859375 0.3487654320987654 0.5852430555555556 0.35185185185185186 0.5850694444444444 0.35648148148148145 0.5857638888888889 0.36358024691358026