8 0.39045138888888886 0.44907407407407407 0.3973958333333333 0.44876543209876546 0.3980902777777778 0.4441358024691358 0.3975694444444444 0.42592592592592593 0.3979166666666667 0.42191358024691356 0.3956597222222222 0.41450617283950614 0.3909722222222222 0.4089506172839506 0.3899305555555555 0.40987654320987654 0.3892361111111111 0.4138888888888889 0.3894097222222222 0.4469135802469136 0.39045138888888886 0.44907407407407407
8 0.43906249999999997 0.4104938271604939 0.4501736111111111 0.4104938271604939 0.4527777777777778 0.4117283950617284 0.45416666666666666 0.41450617283950614 0.4548611111111111 0.41790123456790124 0.4576388888888889 0.420679012345679 0.4600694444444444 0.4327160493827161 0.4623263888888889 0.4287037037037037 0.4630208333333333 0.42160493827160495 0.4618055555555556 0.4126543209876543 0.4621527777777778 0.4 0.4616319444444444 0.39413580246913577 0.4595486111111111 0.3867283950617284 0.4567708333333333 0.38240740740740736 0.45121527777777776 0.3811728395061728 0.44635416666666666 0.38240740740740736 0.4427083333333333 0.3854938271604938 0.4392361111111111 0.39382716049382716 0.43854166666666666 0.4006172839506173 0.4383680555555556 0.408641975308642 0.43906249999999997 0.4104938271604939
1 0.4203125 0.4697530864197531 0.4206597222222222 0.47345679012345676 0.42170138888888886 0.4743827160493827 0.4305555555555556 0.47469135802469137 0.43368055555555557 0.4759259259259259 0.4364583333333333 0.47901234567901235 0.44131944444444443 0.4904320987654321 0.4427083333333333 0.49290123456790125 0.4440972222222222 0.4938271604938272 0.4496527777777778 0.4941358024691358 0.4508680555555556 0.4919753086419753 0.4520833333333333 0.48518518518518516 0.45295138888888886 0.4645061728395061 0.4510416666666667 0.45987654320987653 0.4498263888888889 0.44969135802469135 0.4472222222222222 0.4441358024691358 0.4376736111111111 0.44290123456790126 0.4288194444444444 0.4441358024691358 0.428125 0.44660493827160497 0.4253472222222222 0.4506172839506173 0.4244791666666667 0.45432098765432094 0.42170138888888886 0.4601851851851852 0.4215277777777778 0.4641975308641975 0.4203125 0.4697530864197531
1 0.4829861111111111 0.3697530864197531 0.4923611111111111 0.37006172839506174 0.4944444444444444 0.37191358024691357 0.49618055555555557 0.37191358024691357 0.4984375 0.37037037037037035 0.4989583333333333 0.35956790123456794 0.4982638888888889 0.3552469135802469 0.49618055555555557 0.353395061728395 0.48767361111111107 0.3524691358024691 0.484375 0.35432098765432096 0.4836805555555555 0.35555555555555557 0.4815972222222222 0.3638888888888889 0.48072916666666665 0.3651234567901234 0.48072916666666665 0.36790123456790125 0.4829861111111111 0.3697530864197531
1 0.4810763888888889 0.3910493827160494 0.4847222222222222 0.3910493827160494 0.48715277777777777 0.3885802469135803 0.48854166666666665 0.38827160493827156 0.4958333333333333 0.38796296296296295 0.4982638888888889 0.3848765432098765 0.4984375 0.38024691358024687 0.4977430555555556 0.3746913580246914 0.4958333333333333 0.36851851851851847 0.4866319444444444 0.36790123456790125 0.484375 0.366358024691358 0.48072916666666665 0.3694444444444444 0.48055555555555557 0.37160493827160496 0.4800347222222222 0.38148148148148153 0.4810763888888889 0.3910493827160494
1 0.48541666666666666 0.35370370370370374 0.4869791666666667 0.3549382716049383 0.49027777777777776 0.35401234567901235 0.4984375 0.3549382716049383 0.4994791666666667 0.35185185185185186 0.4994791666666667 0.3444444444444445 0.4982638888888889 0.341358024691358 0.49496527777777777 0.33734567901234563 0.4873263888888889 0.33734567901234563 0.4848958333333333 0.3450617283950617 0.4848958333333333 0.35216049382716047 0.48541666666666666 0.35370370370370374
1 0.3722222222222222 0.39228395061728394 0.37100694444444443 0.3972222222222222 0.37135416666666665 0.4009259259259259 0.3734375 0.40216049382716046 0.3835069444444444 0.4030864197530864 0.3876736111111111 0.4055555555555555 0.3928819444444444 0.41574074074074074 0.3970486111111111 0.4212962962962963 0.3979166666666667 0.42098765432098767 0.3987847222222222 0.4172839506172839 0.3991319444444444 0.40432098765432095 0.3979166666666667 0.39845679012345675 0.3958333333333333 0.3925925925925926 0.3949652777777778 0.3867283950617284 0.3913194444444444 0.37808641975308643 0.3871527777777778 0.3756172839506173 0.37777777777777777 0.3756172839506173 0.3743055555555555 0.3768518518518519 0.3722222222222222 0.38024691358024687 0.3723958333333333 0.3885802469135803 0.3722222222222222 0.39228395061728394
1 0.4342013888888889 0.4425925925925926 0.4447916666666667 0.4425925925925926 0.4479166666666667 0.44382716049382714 0.44930555555555557 0.4462962962962963 0.44947916666666665 0.44876543209876546 0.4506944444444444 0.45185185185185184 0.4517361111111111 0.45679012345679015 0.4517361111111111 0.4608024691358025 0.4527777777777778 0.4638888888888889 0.4567708333333333 0.4638888888888889 0.45711805555555557 0.4589506172839506 0.4581597222222222 0.45648148148148143 0.4598958333333333 0.44598765432098764 0.4595486111111111 0.4314814814814815 0.4574652777777778 0.4212962962962963 0.45295138888888886 0.4111111111111111 0.43906249999999997 0.4108024691358025 0.43559027777777776 0.4154320987654321 0.4347222222222222 0.4188271604938272 0.4333333333333333 0.4212962962962963 0.4302083333333333 0.425 0.42951388888888886 0.429320987654321 0.4296875 0.44074074074074077 0.4342013888888889 0.4425925925925926
1 0.5647569444444445 0.70679012345679 0.5666666666666667 0.7182098765432099 0.56875 0.7228395061728394 0.5723958333333333 0.737962962962963 0.5729166666666666 0.742283950617284 0.5732638888888888 0.766358024691358 0.5744791666666667 0.7774691358024691 0.5756944444444444 0.7799382716049382 0.5774305555555556 0.7820987654320988 0.5821180555555555 0.7836419753086419 0.5852430555555556 0.7858024691358024 0.5871527777777777 0.7858024691358024 0.5904513888888888 0.7876543209876543 0.5998263888888888 0.7885802469135803 0.6024305555555556 0.7898148148148147 0.6065972222222222 0.7888888888888889 0.6126736111111112 0.7910493827160494 0.6159722222222221 0.7901234567901234 0.6189236111111112 0.7910493827160494 0.6277777777777778 0.7910493827160494 0.6340277777777777 0.7901234567901234 0.6371527777777778 0.7885802469135803 0.639236111111111 0.7759259259259259 0.6401041666666666 0.766358024691358 0.6401041666666666 0.7450617283950618 0.637673611111111 0.7314814814814815 0.6348958333333333 0.7237654320987654 0.6336805555555556 0.7148148148148148 0.6336805555555556 0.7098765432098766 0.6345486111111112 0.7080246913580247 0.6368055555555555 0.7064814814814815 0.6380208333333334 0.703395061728395 0.6373263888888888 0.7015432098765432 0.6321180555555556 0.7012345679012346 0.6302083333333334 0.7003086419753086 0.6293402777777778 0.6987654320987654 0.6281249999999999 0.692283950617284 0.6253472222222222 0.6839506172839506 0.6244791666666666 0.6790123456790123 0.6223958333333334 0.6737654320987654 0.6197916666666666 0.6623456790123456 0.61875 0.6604938271604938 0.6166666666666666 0.6524691358024691 0.614236111111111 0.6484567901234568 0.6072916666666666 0.6429012345679013 0.598611111111111 0.6407407407407407 0.5798611111111112 0.6404320987654322 0.5744791666666667 0.6429012345679013 0.5708333333333333 0.6484567901234568 0.5696180555555556 0.6549382716049382 0.5678819444444444 0.6598765432098765 0.5654513888888888 0.6814814814814815 0.5657986111111111 0.6870370370370371 0.5647569444444445 0.70679012345679
1 0.4576388888888889 0.38425925925925924 0.4588541666666667 0.38641975308641974 0.4597222222222222 0.391358024691358 0.46371527777777777 0.39969135802469136 0.4706597222222222 0.4009259259259259 0.47204861111111107 0.39783950617283953 0.47256944444444443 0.39444444444444443 0.4723958333333333 0.3830246913580247 0.4711805555555555 0.37654320987654316 0.4690972222222222 0.3728395061728395 0.4673611111111111 0.3712962962962963 0.4597222222222222 0.37160493827160496 0.4565972222222222 0.3728395061728395 0.4539930555555556 0.37808641975308643 0.4536458333333333 0.3805555555555556 0.4576388888888889 0.38425925925925924
1 0.4388888888888889 0.4104938271604939 0.4501736111111111 0.4104938271604939 0.4526041666666667 0.4117283950617284 0.45468749999999997 0.4141975308641975 0.4553819444444444 0.4169753086419753 0.4581597222222222 0.42191358024691356 0.4585069444444444 0.4274691358024691 0.4600694444444444 0.4339506172839506 0.4628472222222222 0.42901234567901236 0.4635416666666667 0.416358024691358 0.4628472222222222 0.4126543209876543 0.4630208333333333 0.4074074074074074 0.4623263888888889 0.40432098765432095 0.4621527777777778 0.3969135802469136 0.4604166666666667 0.38765432098765434 0.4576388888888889 0.3833333333333333 0.4532986111111111 0.3808641975308642 0.4461805555555556 0.38240740740740736 0.44166666666666665 0.38641975308641974 0.44079861111111107 0.39012345679012345 0.43854166666666666 0.39413580246913577 0.4380208333333333 0.40771604938271605 0.4388888888888889 0.4104938271604939
1 0.3647569444444444 0.3873456790123457 0.3659722222222222 0.39444444444444443 0.3694444444444444 0.39969135802469136 0.37048611111111107 0.39969135802469136 0.3723958333333333 0.3975308641975308 0.3729166666666667 0.39382716049382716 0.3739583333333333 0.391358024691358 0.3734375 0.37993827160493826 0.375 0.3771604938271605 0.37656249999999997 0.3756172839506173 0.3842013888888889 0.37438271604938267 0.3848958333333333 0.37345679012345684 0.3840277777777778 0.3648148148148148 0.38125 0.36203703703703705 0.36874999999999997 0.3608024691358025 0.3659722222222222 0.36203703703703705 0.3640625 0.366358024691358 0.3638888888888889 0.37777777777777777 0.3647569444444444 0.3873456790123457
1 0.4762152777777778 0.47623456790123453 0.4762152777777778 0.49907407407407406 0.4765625 0.5021604938271605 0.4774305555555556 0.5033950617283951 0.4809027777777778 0.5012345679012346 0.484375 0.4975308641975309 0.48819444444444443 0.4962962962962963 0.4982638888888889 0.4959876543209876 0.5038194444444445 0.49691358024691357 0.5052083333333334 0.4959876543209876 0.5048611111111111 0.47716049382716047 0.5057291666666667 0.4697530864197531 0.5027777777777778 0.4641975308641975 0.5019097222222222 0.4601851851851852 0.4991319444444444 0.4561728395061728 0.4947916666666667 0.4537037037037037 0.4840277777777778 0.45185185185185184 0.48072916666666665 0.45493827160493827 0.4791666666666667 0.4617283950617284 0.4758680555555555 0.4679012345679012 0.4753472222222222 0.4719135802469136 0.4762152777777778 0.47623456790123453
1 0.1440972222222222 0.8790123456790124 0.1440972222222222 0.8839506172839506 0.14479166666666665 0.887037037037037 0.14756944444444445 0.8922839506172839 0.15243055555555554 0.8953703703703704 0.16545138888888888 0.8975308641975309 0.1734375 0.8966049382716049 0.1925347222222222 0.8966049382716049 0.20052083333333334 0.8944444444444444 0.20277777777777775 0.8925925925925926 0.21041666666666664 0.8891975308641975 0.21302083333333333 0.8864197530864197 0.21684027777777778 0.8848765432098765 0.21979166666666666 0.887037037037037 0.22430555555555554 0.8861111111111112 0.22777777777777775 0.8796296296296297 0.22899305555555555 0.8753086419753087 0.2298611111111111 0.8660493827160494 0.2309027777777778 0.8614197530864197 0.2310763888888889 0.8564814814814815 0.23211805555555554 0.8521604938271605 0.2345486111111111 0.8484567901234568 0.2347222222222222 0.8469135802469135 0.23802083333333335 0.8410493827160493 0.24131944444444445 0.8320987654320987 0.24375 0.8280864197530865 0.2449652777777778 0.8231481481481482 0.2498263888888889 0.8117283950617284 0.2545138888888889 0.8040123456790123 0.2586805555555556 0.8024691358024691 0.26024305555555555 0.8003086419753087 0.2626736111111111 0.7919753086419753 0.26336805555555554 0.7824074074074074 0.26336805555555554 0.7601851851851852 0.2621527777777778 0.7472222222222222 0.2611111111111111 0.7441358024691357 0.26024305555555555 0.7376543209876544 0.25763888888888886 0.7302469135802468 0.25729166666666664 0.7274691358024691 0.25381944444444443 0.721604938271605 0.24947916666666664 0.7092592592592593 0.24427083333333333 0.7061728395061728 0.23524305555555555 0.7046296296296296 0.22569444444444445 0.7049382716049382 0.2112847222222222 0.7092592592592593 0.2046875 0.7135802469135802 0.20277777777777775 0.717283950617284 0.1980902777777778 0.7222222222222222 0.19479166666666664 0.7280864197530863 0.18802083333333333 0.7361111111111112 0.18645833333333334 0.7398148148148148 0.18506944444444445 0.7410493827160494 0.1829861111111111 0.7469135802469137 0.1782986111111111 0.7552469135802469 0.17656249999999998 0.7598765432098765 0.1746527777777778 0.7626543209876543 0.1734375 0.7672839506172839 0.17118055555555556 0.7722222222222223 0.1703125 0.7762345679012346 0.16597222222222222 0.7848765432098765 0.16371527777777775 0.7867283950617284 0.15885416666666666 0.7882716049382715 0.15729166666666666 0.7901234567901234 0.15763888888888888 0.7938271604938272 0.1597222222222222 0.7969135802469135 0.1607638888888889 0.8009259259259259 0.16006944444444443 0.8040123456790123 0.1579861111111111 0.8083333333333333 0.1560763888888889 0.8166666666666667 0.15225694444444443 0.8271604938271605 0.1501736111111111 0.8311728395061728 0.14774305555555556 0.8404320987654321 0.14635416666666665 0.8506172839506172 0.1456597222222222 0.8524691358024691 0.1456597222222222 0.8583333333333334 0.14479166666666665 0.8657407407407407 0.14513888888888887 0.8700617283950618 0.1440972222222222 0.8790123456790124
1 0.459375 0.3527777777777778 0.46475694444444443 0.3552469135802469 0.4671875 0.35956790123456794 0.4671875 0.3666666666666667 0.4706597222222222 0.3666666666666667 0.4711805555555555 0.36574074074074076 0.4743055555555556 0.3549382716049383 0.4744791666666667 0.3487654320987654 0.4736111111111111 0.3450617283950617 0.471875 0.3429012345679012 0.4659722222222222 0.3416666666666667 0.4626736111111111 0.3429012345679012 0.4597222222222222 0.3469135802469136 0.45902777777777776 0.35030864197530864 0.459375 0.3527777777777778
1 0.4019097222222222 0.5601851851851852 0.40173611111111107 0.5709876543209876 0.4046875 0.5737654320987654 0.4114583333333333 0.5719135802469135 0.42517361111111107 0.571604938271605 0.4315972222222222 0.5731481481481482 0.4359375 0.5759259259259258 0.4394097222222222 0.5762345679012346 0.4411458333333333 0.5731481481481482 0.4425347222222222 0.5685185185185185 0.4427083333333333 0.558641975308642 0.4439236111111111 0.5537037037037037 0.44375 0.5395061728395062 0.4427083333333333 0.5342592592592592 0.4430555555555556 0.5296296296296296 0.43906249999999997 0.5172839506172839 0.4381944444444444 0.5117283950617284 0.4357638888888889 0.5049382716049382 0.4282986111111111 0.5030864197530864 0.4225694444444444 0.5049382716049382 0.41510416666666666 0.5052469135802469 0.4125 0.5089506172839506 0.41041666666666665 0.5104938271604939 0.4092013888888889 0.5126543209876543 0.40902777777777777 0.5160493827160494 0.4067708333333333 0.5200617283950617 0.4059027777777778 0.5246913580246914 0.4038194444444444 0.5308641975308642 0.40243055555555557 0.5462962962962963 0.40260416666666665 0.5530864197530865 0.4019097222222222 0.5601851851851852
5 0.3569444444444444 0.5299382716049382 0.3616319444444444 0.5333333333333333 0.3685763888888889 0.5342592592592592 0.3800347222222222 0.5333333333333333 0.3888888888888889 0.5311728395061729 0.3907986111111111 0.529320987654321 0.39218749999999997 0.5222222222222223 0.3954861111111111 0.5154320987654321 0.3967013888888889 0.5114197530864197 0.3979166666666667 0.49290123456790125 0.3973958333333333 0.4839506172839506 0.3942708333333333 0.47623456790123453 0.3897569444444444 0.47314814814814815 0.3802083333333333 0.47314814814814815 0.3694444444444444 0.47530864197530864 0.3659722222222222 0.47962962962962963 0.3640625 0.48518518518518516 0.3623263888888889 0.48796296296296293 0.3619791666666667 0.49074074074074076 0.3581597222222222 0.5030864197530864 0.3560763888888889 0.5157407407407407 0.35572916666666665 0.5237654320987654 0.3569444444444444 0.5299382716049382
1 0.5185763888888889 0.41512345679012347 0.5185763888888889 0.42654320987654315 0.5190972222222222 0.43179012345679013 0.5203125000000001 0.4361111111111111 0.5225694444444444 0.4385802469135803 0.5248263888888889 0.43734567901234567 0.5272569444444445 0.4314814814814815 0.5300347222222223 0.4277777777777778 0.5357638888888888 0.4246913580246914 0.5414930555555555 0.42314814814814816 0.5421874999999999 0.42160493827160495 0.5423611111111111 0.4172839506172839 0.5434027777777778 0.41512345679012347 0.5434027777777778 0.4117283950617284 0.5411458333333333 0.40617283950617283 0.5397569444444444 0.4006172839506173 0.5373263888888888 0.39598765432098765 0.5260416666666666 0.39382716049382716 0.5220486111111111 0.3972222222222222 0.5203125000000001 0.4055555555555555 0.5194444444444445 0.412962962962963 0.5185763888888889 0.41512345679012347
1 0.45121527777777776 0.37623456790123455 0.4532986111111111 0.37962962962962965 0.4548611111111111 0.37623456790123455 0.4578125 0.37345679012345684 0.4659722222222222 0.3709876543209876 0.46857638888888886 0.3632716049382716 0.46857638888888886 0.35956790123456794 0.4657986111111111 0.3552469135802469 0.4600694444444444 0.35216049382716047 0.453125 0.35648148148148145 0.44947916666666665 0.3626543209876543 0.44947916666666665 0.37006172839506174 0.45121527777777776 0.37623456790123455
1 0.48072916666666665 0.4416666666666667 0.4819444444444444 0.44598765432098764 0.4831597222222222 0.4478395061728395 0.4850694444444444 0.44876543209876546 0.48819444444444443 0.44598765432098764 0.4935763888888889 0.44598765432098764 0.4984375 0.44814814814814813 0.5003472222222223 0.45 0.5052083333333334 0.45 0.5057291666666667 0.44012345679012344 0.5050347222222222 0.42160493827160495 0.5019097222222222 0.40648148148148144 0.4984375 0.3993827160493827 0.49374999999999997 0.3993827160493827 0.4923611111111111 0.39845679012345675 0.4840277777777778 0.3993827160493827 0.4831597222222222 0.4006172839506173 0.48072916666666665 0.4111111111111111 0.48072916666666665 0.41574074074074074 0.4800347222222222 0.4197530864197531 0.47986111111111107 0.4361111111111111 0.48072916666666665 0.4416666666666667
1 0.4901041666666667 0.38827160493827156 0.4918402777777778 0.38827160493827156 0.4934027777777778 0.387037037037037 0.48854166666666665 0.3867283950617284 0.4888888888888889 0.38796296296296295 0.4901041666666667 0.38827160493827156
1 0.484375 0.3891975308641975 0.48715277777777777 0.3873456790123457 0.484375 0.3845679012345679 0.4836805555555555 0.38641975308641974 0.484375 0.3891975308641975
1 0.4880208333333333 0.37345679012345684 0.4869791666666667 0.3728395061728395 0.4864583333333333 0.37345679012345684 0.4880208333333333 0.37345679012345684
1 0.48072916666666665 0.41574074074074074 0.4814236111111111 0.4148148148148148 0.4828125 0.40802469135802466 0.4845486111111111 0.40617283950617283 0.4852430555555556 0.40370370370370373 0.48767361111111107 0.4 0.4947916666666667 0.4 0.496875 0.40185185185185185 0.5002604166666667 0.4024691358024692 0.5015624999999999 0.4049382716049383 0.5019097222222222 0.40432098765432095 0.5012152777777777 0.4024691358024692 0.5015624999999999 0.4012345679012346 0.5006944444444444 0.3972222222222222 0.49982638888888886 0.39567901234567904 0.4984375 0.38981481481481484 0.4947916666666667 0.38765432098765434 0.4847222222222222 0.38981481481481484 0.48246527777777776 0.39197530864197533 0.48055555555555557 0.3972222222222222 0.4800347222222222 0.4117283950617284 0.48072916666666665 0.41574074074074074
1 0.4717013888888889 0.5320987654320988 0.4751736111111111 0.5367283950617284 0.4739583333333333 0.5583333333333333 0.47465277777777776 0.5666666666666667 0.47465277777777776 0.5787037037037037 0.47638888888888886 0.5848765432098765 0.47812499999999997 0.5854938271604938 0.48072916666666665 0.5814814814814815 0.4831597222222222 0.5805555555555555 0.4947916666666667 0.5824074074074074 0.5024305555555555 0.5817901234567902 0.5090277777777777 0.5824074074074074 0.5116319444444445 0.5839506172839506 0.5157986111111111 0.5836419753086419 0.5163194444444444 0.5814814814814815 0.5163194444444444 0.5527777777777777 0.5147569444444444 0.5361111111111111 0.5175347222222222 0.5324074074074074 0.5184027777777778 0.529320987654321 0.5149305555555556 0.5271604938271605 0.5128472222222222 0.5237654320987654 0.5121527777777778 0.5200617283950617 0.5098958333333333 0.5141975308641975 0.5090277777777777 0.5089506172839506 0.5055555555555555 0.49876543209876545 0.5045138888888888 0.4978395061728395 0.49982638888888886 0.4972222222222222 0.4901041666666667 0.4972222222222222 0.4857638888888889 0.4978395061728395 0.48246527777777776 0.4996913580246914 0.4795138888888889 0.5040123456790123 0.4791666666666667 0.5064814814814814 0.4765625 0.5135802469135803 0.475 0.5225308641975308 0.4710069444444444 0.5287037037037037 0.4708333333333333 0.5299382716049382 0.4717013888888889 0.5320987654320988
1 0.3854166666666667 0.6145061728395061 0.38697916666666665 0.6185185185185185 0.38663194444444443 0.6231481481481481 0.38437499999999997 0.6333333333333334 0.3824652777777778 0.6537037037037037 0.3824652777777778 0.6617283950617284 0.3815972222222222 0.6660493827160494 0.3815972222222222 0.6691358024691358 0.3833333333333333 0.6743827160493827 0.3862847222222222 0.6756172839506173 0.3909722222222222 0.6756172839506173 0.3980902777777778 0.6737654320987654 0.4052083333333333 0.6737654320987654 0.40781249999999997 0.6753086419753087 0.4154513888888889 0.6753086419753087 0.4288194444444444 0.6731481481481482 0.4328125 0.6688271604938272 0.43368055555555557 0.6648148148148147 0.4342013888888889 0.6567901234567901 0.4357638888888889 0.6509259259259259 0.4361111111111111 0.6450617283950618 0.4376736111111111 0.6401234567901234 0.4378472222222222 0.6361111111111112 0.4394097222222222 0.6277777777777778 0.4399305555555555 0.5959876543209875 0.4394097222222222 0.5885802469135802 0.4387152777777778 0.5861111111111111 0.43385416666666665 0.5799382716049383 0.43246527777777777 0.5768518518518518 0.4227430555555556 0.5725308641975309 0.40434027777777776 0.5712962962962963 0.3972222222222222 0.5790123456790123 0.3960069444444444 0.5833333333333334 0.3951388888888889 0.5898148148148148 0.3935763888888889 0.5929012345679012 0.39166666666666666 0.6006172839506172 0.3888888888888889 0.6061728395061728 0.3859375 0.6083333333333334 0.3828125 0.6089506172839506 0.3836805555555556 0.6135802469135803 0.3854166666666667 0.6145061728395061
1 0.4288194444444444 0.5070987654320988 0.43124999999999997 0.5055555555555555 0.428125 0.5049382716049382 0.4272569444444444 0.5055555555555555 0.4288194444444444 0.5070987654320988
1 0.4861111111111111 0.33549382716049386 0.48767361111111107 0.3367283950617284 0.4923611111111111 0.33549382716049386 0.4940972222222222 0.3324074074074074 0.4940972222222222 0.3277777777777778 0.4934027777777778 0.3243827160493827 0.4913194444444444 0.3194444444444444 0.4873263888888889 0.3212962962962963 0.48541666666666666 0.32654320987654323 0.48541666666666666 0.3330246913580247 0.4861111111111111 0.33549382716049386
1 0.4711805555555555 0.7086419753086419 0.47204861111111107 0.7120370370370371 0.4713541666666667 0.720679012345679 0.47031249999999997 0.7262345679012346 0.4704861111111111 0.7311728395061728 0.4696180555555556 0.7416666666666666 0.46875 0.745679012345679 0.46875 0.757716049382716 0.4680555555555555 0.7614197530864197 0.46857638888888886 0.7666666666666666 0.46857638888888886 0.7799382716049382 0.4704861111111111 0.7888888888888889 0.475 0.7907407407407407 0.47812499999999997 0.7907407407407407 0.48072916666666665 0.7891975308641975 0.48767361111111107 0.7891975308641975 0.4901041666666667 0.7907407407407407 0.49496527777777777 0.7901234567901234 0.4973958333333333 0.7910493827160494 0.5032986111111111 0.7910493827160494 0.5229166666666667 0.7891975308641975 0.5270833333333333 0.7864197530864198 0.5289930555555555 0.7799382716049382 0.5295138888888888 0.7688271604938272 0.5289930555555555 0.7666666666666666 0.5291666666666667 0.7410493827160494 0.5284722222222222 0.7283950617283951 0.5262152777777778 0.7123456790123457 0.5267361111111111 0.7098765432098766 0.5279513888888888 0.7080246913580247 0.5309027777777777 0.7064814814814815 0.5315972222222223 0.7018518518518518 0.5302083333333333 0.6984567901234568 0.5269097222222222 0.6969135802469135 0.5262152777777778 0.6950617283950616 0.5241319444444444 0.6805555555555556 0.5211805555555555 0.6688271604938272 0.5199652777777778 0.6586419753086419 0.5187499999999999 0.6546296296296297 0.5147569444444444 0.6472222222222223 0.5126736111111111 0.6450617283950618 0.5098958333333333 0.6441358024691358 0.49982638888888886 0.6429012345679013 0.4918402777777778 0.6429012345679013 0.47986111111111107 0.6462962962962963 0.4770833333333333 0.6512345679012346 0.4762152777777778 0.6555555555555556 0.47291666666666665 0.6651234567901234 0.4717013888888889 0.6851851851851852 0.47204861111111107 0.6935185185185185 0.4706597222222222 0.6962962962962963 0.4673611111111111 0.6975308641975309 0.4661458333333333 0.6996913580246913 0.4663194444444444 0.7046296296296296 0.4711805555555555 0.7086419753086419
5 0.5357638888888888 0.5287037037037037 0.5364583333333334 0.5358024691358024 0.5378472222222223 0.5385802469135802 0.5395833333333333 0.5398148148148147 0.5432291666666667 0.5385802469135802 0.5644097222222222 0.5398148148148147 0.5675347222222222 0.5429012345679012 0.5699652777777777 0.5407407407407407 0.5710069444444444 0.5358024691358024 0.5711805555555556 0.5240740740740741 0.5704861111111111 0.5126543209876543 0.568923611111111 0.5083333333333333 0.5717013888888889 0.5015432098765432 0.5664930555555555 0.4959876543209876 0.5626736111111111 0.4839506172839506 0.5618055555555556 0.4833333333333333 0.5607638888888888 0.48055555555555557 0.5578124999999999 0.47901234567901235 0.5517361111111111 0.4780864197530864 0.5432291666666667 0.4780864197530864 0.5404513888888889 0.47962962962962963 0.5364583333333334 0.4839506172839506 0.5342013888888888 0.49104938271604937 0.5329861111111112 0.49876543209876545 0.5329861111111112 0.5182098765432099 0.5357638888888888 0.5287037037037037
1 0.3151041666666667 0.9950617283950618 0.3144097222222222 0.9941358024691357 0.31059027777777776 0.9941358024691357 0.3100694444444444 0.9947530864197531 0.3151041666666667 0.9950617283950618
1 0.3381944444444444 0.9959876543209876 0.3428819444444444 0.9947530864197531 0.3421875 0.9935185185185185 0.3385416666666667 0.992283950617284 0.3368055555555556 0.9947530864197531 0.3381944444444444 0.9959876543209876
1 0.3227430555555555 0.782716049382716 0.32447916666666665 0.7861111111111112 0.32413194444444443 0.79320987654321 0.3232638888888889 0.7953703703703704 0.3229166666666667 0.8009259259259259 0.32135416666666666 0.8070987654320988 0.3199652777777778 0.8197530864197531 0.3178819444444444 0.8268518518518518 0.3171875 0.83179012345679 0.31649305555555557 0.850925925925926 0.31666666666666665 0.8561728395061728 0.3177083333333333 0.8601851851851853 0.3282986111111111 0.8608024691358025 0.34652777777777777 0.8592592592592593 0.3527777777777778 0.8601851851851853 0.3565972222222222 0.8651234567901235 0.3586805555555555 0.8740740740740741 0.3607638888888889 0.8756172839506172 0.3623263888888889 0.878395061728395 0.36354166666666665 0.8787037037037038 0.36701388888888886 0.8787037037037038 0.3708333333333333 0.8771604938271605 0.37777777777777777 0.8731481481481481 0.3795138888888889 0.8712962962962962 0.3835069444444444 0.8700617283950618 0.3850694444444444 0.8682098765432099 0.3873263888888889 0.8675925925925926 0.3907986111111111 0.8626543209876544 0.3914930555555556 0.8311728395061728 0.3942708333333333 0.8191358024691359 0.3958333333333333 0.8061728395061728 0.3975694444444444 0.7993827160493827 0.39826388888888886 0.7925925925925925 0.3993055555555556 0.7882716049382715 0.4010416666666667 0.7845679012345679 0.4015625 0.7802469135802469 0.4029513888888889 0.7398148148148148 0.4015625 0.7299382716049382 0.4015625 0.7132716049382716 0.4010416666666667 0.7098765432098766 0.3986111111111111 0.7058641975308642 0.39444444444444443 0.7027777777777778 0.3810763888888889 0.6993827160493827 0.3694444444444444 0.6996913580246913 0.3625 0.7024691358024691 0.3545138888888889 0.7040123456790123 0.3501736111111111 0.7061728395061728 0.3493055555555556 0.707716049382716 0.34791666666666665 0.7083333333333334 0.34479166666666666 0.7135802469135802 0.3434027777777778 0.7203703703703703 0.3413194444444444 0.7240740740740741 0.33975694444444443 0.7308641975308642 0.3376736111111111 0.7345679012345678 0.3368055555555556 0.7398148148148148 0.3347222222222222 0.7444444444444445 0.3331597222222222 0.7521604938271605 0.3286458333333333 0.7672839506172839 0.3263888888888889 0.770679012345679 0.3206597222222222 0.7712962962962963 0.3194444444444444 0.7722222222222223 0.3175347222222222 0.7762345679012346 0.3190972222222222 0.7799382716049382 0.3227430555555555 0.782716049382716
1 0.4048611111111111 0.5249999999999999 0.4041666666666667 0.5262345679012346 0.4045138888888889 0.5274691358024691 0.4053819444444444 0.5234567901234568 0.4081597222222222 0.520679012345679 0.41006944444444443 0.5114197530864197 0.4112847222222222 0.5092592592592593 0.4192708333333333 0.5037037037037037 0.43124999999999997 0.5027777777777778 0.43350694444444443 0.5037037037037037 0.4354166666666667 0.5061728395061729 0.4371527777777778 0.5101851851851852 0.4380208333333333 0.5151234567901235 0.4394097222222222 0.5188271604938272 0.4423611111111111 0.5123456790123457 0.4423611111111111 0.5046296296296297 0.4418402777777778 0.5027777777777778 0.4423611111111111 0.49320987654320986 0.4401041666666667 0.48487654320987655 0.4347222222222222 0.47623456790123453 0.4220486111111111 0.4737654320987654 0.4163194444444444 0.47530864197530864 0.4140625 0.47716049382716047 0.4116319444444444 0.4817901234567901 0.4088541666666667 0.4925925925925925 0.40729166666666666 0.4944444444444444 0.40625 0.4996913580246914 0.40607638888888886 0.508641975308642 0.40434027777777776 0.5135802469135803 0.4041666666666667 0.5246913580246914 0.4048611111111111 0.5249999999999999
1 0.5269097222222222 0.46728395061728395 0.5288194444444444 0.47129629629629627 0.5414930555555555 0.4703703703703703 0.5506944444444444 0.47160493827160493 0.5529513888888888 0.4697530864197531 0.553298611111111 0.45709876543209876 0.5517361111111111 0.4416666666666667 0.5505208333333333 0.4351851851851852 0.5470486111111111 0.42839506172839503 0.5456597222222223 0.4277777777777778 0.5439236111111111 0.425 0.5416666666666666 0.42407407407407405 0.5354166666666667 0.425 0.5288194444444444 0.429320987654321 0.5251736111111112 0.4364197530864197 0.5251736111111112 0.4552469135802469 0.5269097222222222 0.46728395061728395
2 0.5357638888888888 0.6438271604938272 0.5354166666666667 0.6617283950617284 0.5362847222222222 0.6691358024691358 0.5380208333333333 0.6694444444444444 0.5392361111111111 0.6688271604938272 0.5397569444444444 0.6651234567901234 0.5392361111111111 0.6620370370370371 0.5392361111111111 0.6546296296296297 0.5404513888888889 0.6475308641975309 0.5406249999999999 0.6388888888888888 0.5411458333333333 0.6364197530864197 0.5432291666666667 0.6339506172839506 0.545486111111111 0.6339506172839506 0.5472222222222222 0.6342592592592593 0.5505208333333333 0.637037037037037 0.5526041666666667 0.6339506172839506 0.5536458333333333 0.6290123456790124 0.5512152777777778 0.616358024691358 0.5505208333333333 0.6138888888888888 0.5496527777777778 0.6132716049382716 0.5489583333333333 0.6101851851851853 0.5487847222222222 0.6055555555555556 0.5480902777777777 0.6030864197530863 0.5470486111111111 0.6012345679012346 0.5444444444444444 0.6 0.5434027777777778 0.5978395061728394 0.5418402777777778 0.6024691358024691 0.5423611111111111 0.6092592592592593 0.5404513888888889 0.6126543209876544 0.5364583333333334 0.6157407407407407 0.5347222222222222 0.6243827160493828 0.5347222222222222 0.6379629629629631 0.5357638888888888 0.6438271604938272
2 0.3133680555555556 0.5160493827160494 0.3211805555555556 0.5172839506172839 0.3246527777777778 0.516358024691358 0.3246527777777778 0.5030864197530864 0.32309027777777777 0.5003086419753087 0.3211805555555556 0.48858024691358026 0.3171875 0.48919753086419754 0.31631944444444443 0.49691358024691357 0.3142361111111111 0.5009259259259259 0.3125 0.5080246913580247 0.31232638888888886 0.512962962962963 0.3133680555555556 0.5160493827160494
2 0.5534722222222223 0.5962962962962963 0.5574652777777778 0.5953703703703703 0.5614583333333333 0.5978395061728394 0.5621527777777777 0.5990740740740741 0.5633680555555556 0.6055555555555556 0.5633680555555556 0.6197530864197531 0.5675347222222222 0.6197530864197531 0.5677083333333334 0.6033950617283951 0.568923611111111 0.5839506172839506 0.5661458333333333 0.5753086419753086 0.561111111111111 0.5685185185185185 0.5607638888888888 0.5617283950617283 0.5585069444444444 0.5601851851851852 0.5555555555555556 0.5608024691358025 0.5546875 0.5626543209876543 0.5538194444444444 0.5709876543209876 0.5515625 0.5746913580246913 0.5515625 0.5759259259259258 0.5503472222222222 0.578395061728395 0.5503472222222222 0.5919753086419752 0.5534722222222223 0.5962962962962963
0 0.5128472222222222 0.39012345679012345 0.5118055555555555 0.39413580246913577 0.5118055555555555 0.39783950617283953 0.5123263888888888 0.4 0.5125000000000001 0.4074074074074074 0.5131944444444444 0.4114197530864197 0.5142361111111111 0.4126543209876543 0.5189236111111111 0.4126543209876543 0.5199652777777778 0.4104938271604939 0.5213541666666667 0.4 0.5234375 0.39598765432098765 0.5249999999999999 0.3947530864197531 0.5397569444444444 0.39567901234567904 0.5421874999999999 0.37407407407407406 0.5421874999999999 0.36604938271604937 0.5414930555555555 0.35956790123456794 0.5404513888888889 0.3567901234567901 0.5368055555555555 0.35216049382716047 0.5357638888888888 0.35123456790123453 0.5277777777777778 0.35030864197530864 0.5178819444444445 0.35030864197530864 0.5166666666666666 0.35185185185185186 0.5159722222222223 0.3558641975308642 0.5144097222222223 0.358641975308642 0.5135416666666667 0.3651234567901234 0.5131944444444444 0.38425925925925924 0.5128472222222222 0.39012345679012345
6 0.3538194444444444 0.4808641975308642 0.35572916666666665 0.48302469135802467 0.3630208333333333 0.48209876543209873 0.3680555555555556 0.4759259259259259 0.3743055555555555 0.4728395061728395 0.3854166666666667 0.47129629629629627 0.3920138888888889 0.46512345679012346 0.3930555555555555 0.4632716049382716 0.3920138888888889 0.45925925925925926 0.3897569444444444 0.45432098765432094 0.3901041666666667 0.4419753086419753 0.3895833333333333 0.4395061728395062 0.3895833333333333 0.4111111111111111 0.3888888888888889 0.40771604938271605 0.3876736111111111 0.4058641975308642 0.38437499999999997 0.40370370370370373 0.3697916666666667 0.4027777777777778 0.3640625 0.4067901234567901 0.359375 0.41234567901234565 0.3585069444444444 0.42901234567901236 0.3590277777777778 0.43796296296296294 0.3585069444444444 0.4472222222222222 0.3578125 0.45 0.3550347222222222 0.4537037037037037 0.3536458333333333 0.46141975308641975 0.35312499999999997 0.47716049382716047 0.3538194444444444 0.4808641975308642
6 0.2642361111111111 0.582716049382716 0.26406250000000003 0.6104938271604938 0.26197916666666665 0.6157407407407407 0.26163194444444443 0.6188271604938271 0.25885416666666666 0.628395061728395 0.25763888888888886 0.6296296296296297 0.2545138888888889 0.6302469135802469 0.25295138888888885 0.6333333333333334 0.2526041666666667 0.6358024691358025 0.2517361111111111 0.6367283950617284 0.2522569444444444 0.6410493827160494 0.25399305555555557 0.6444444444444444 0.2560763888888889 0.645679012345679 0.25711805555555556 0.6478395061728395 0.2564236111111111 0.6567901234567901 0.2564236111111111 0.6787037037037037 0.25711805555555556 0.6895061728395062 0.2581597222222222 0.696604938271605 0.2612847222222222 0.7 0.26493055555555556 0.700925925925926 0.28541666666666665 0.7 0.2935763888888889 0.700925925925926 0.3038194444444444 0.7 0.3067708333333333 0.6987654320987654 0.3109375 0.6993827160493827 0.31406249999999997 0.7021604938271605 0.3173611111111111 0.700925925925926 0.3185763888888889 0.6987654320987654 0.3192708333333333 0.6935185185185185 0.3197916666666667 0.6876543209876543 0.3194444444444444 0.6703703703703704 0.3206597222222222 0.6645061728395062 0.3223958333333333 0.6620370370370371 0.3282986111111111 0.6626543209876543 0.33125 0.6614197530864198 0.3324652777777778 0.6592592592592593 0.3342013888888889 0.6518518518518519 0.334375 0.6425925925925926 0.3350694444444444 0.6379629629629631 0.3350694444444444 0.6302469135802469 0.334375 0.6234567901234568 0.3355902777777778 0.6182098765432099 0.3383680555555555 0.6123456790123456 0.3402777777777778 0.6058641975308642 0.3402777777777778 0.5925925925925926 0.3409722222222222 0.5891975308641976 0.3411458333333333 0.5796296296296296 0.3421875 0.5746913580246913 0.3440972222222222 0.571604938271605 0.3449652777777778 0.5679012345679012 0.34357638888888886 0.5645061728395062 0.34357638888888886 0.5530864197530865 0.3423611111111111 0.5410493827160493 0.3432291666666667 0.5367283950617284 0.3427083333333333 0.5287037037037037 0.3420138888888889 0.5262345679012346 0.33993055555555557 0.5228395061728395 0.3395833333333333 0.5191358024691358 0.3362847222222222 0.5179012345679012 0.3255208333333333 0.5185185185185185 0.30746527777777777 0.5169753086419754 0.2961805555555555 0.5179012345679012 0.2923611111111111 0.5191358024691358 0.2890625 0.5234567901234568 0.2809027777777778 0.537962962962963 0.2786458333333333 0.5401234567901235 0.27413194444444444 0.5484567901234568 0.2722222222222222 0.5499999999999999 0.2704861111111111 0.5540123456790124 0.2689236111111111 0.5555555555555556 0.2661458333333333 0.5651234567901234 0.26545138888888886 0.5753086419753086 0.2642361111111111 0.582716049382716
6 0.3725694444444444 0.391358024691358 0.37118055555555557 0.39413580246913577 0.37135416666666665 0.40030864197530863 0.371875 0.4012345679012346 0.38437499999999997 0.4024691358024692 0.3890625 0.40617283950617283 0.390625 0.4104938271604939 0.3930555555555555 0.4126543209876543 0.39652777777777776 0.4188271604938272 0.3979166666666667 0.4191358024691358 0.3991319444444444 0.4104938271604939 0.3991319444444444 0.4055555555555555 0.3979166666666667 0.3993827160493827 0.3958333333333333 0.3932098765432099 0.3942708333333333 0.3833333333333333 0.3907986111111111 0.3768518518518519 0.3871527777777778 0.3746913580246914 0.3784722222222222 0.375 0.3737847222222222 0.37654320987654316 0.371875 0.38024691358024687 0.3725694444444444 0.3854938271604938 0.3725694444444444 0.391358024691358
6 0.365625 0.38981481481481484 0.3659722222222222 0.3947530864197531 0.3697916666666667 0.39969135802469136 0.3715277777777778 0.3987654320987654 0.3727430555555556 0.396604938271605 0.3734375 0.39228395061728394 0.3734375 0.37962962962962965 0.37482638888888886 0.37623456790123455 0.3770833333333333 0.3746913580246914 0.3836805555555556 0.37438271604938267 0.3847222222222222 0.37345679012345684 0.3847222222222222 0.36820987654320986 0.3840277777777778 0.3648148148148148 0.3807291666666667 0.36203703703703705 0.3685763888888889 0.3611111111111111 0.3659722222222222 0.362962962962963 0.3645833333333333 0.366358024691358 0.3647569444444444 0.3873456790123457 0.365625 0.38981481481481484
3 0.6315972222222221 0.4395061728395062 0.6336805555555556 0.4425925925925926 0.6373263888888888 0.445679012345679 0.6395833333333334 0.4425925925925926 0.6407986111111111 0.4382716049382716 0.6413194444444444 0.43209876543209874 0.6401041666666666 0.4256172839506173 0.6380208333333334 0.4228395061728395 0.6368055555555555 0.4228395061728395 0.6326388888888889 0.4280864197530864 0.6302083333333334 0.433641975308642 0.6302083333333334 0.4364197530864197 0.6315972222222221 0.4395061728395062
3 0.9232638888888888 0.692283950617284 0.9248263888888888 0.7055555555555556 0.9260416666666667 0.7074074074074075 0.9288194444444444 0.7086419753086419 0.9329861111111112 0.7074074074074075 0.9385416666666666 0.7138888888888888 0.9411458333333333 0.7151234567901235 0.9425347222222222 0.7179012345679012 0.9427083333333334 0.7203703703703703 0.94375 0.7219135802469135 0.9453125 0.7271604938271605 0.9493055555555555 0.7320987654320987 0.9519097222222221 0.7330246913580247 0.9559027777777778 0.7320987654320987 0.9604166666666666 0.7246913580246913 0.9616319444444444 0.7169753086419753 0.9616319444444444 0.7120370370370371 0.9605902777777777 0.7024691358024691 0.9600694444444444 0.6996913580246913 0.9586805555555555 0.6969135802469135 0.9586805555555555 0.6953703703703703 0.9616319444444444 0.6895061728395062 0.9623263888888888 0.6864197530864197 0.9623263888888888 0.6814814814814815 0.9605902777777777 0.675 0.9590277777777778 0.6734567901234568 0.9562499999999999 0.66820987654321 0.9571180555555555 0.6629629629629629 0.957986111111111 0.6617283950617284 0.9565972222222222 0.6611111111111112 0.9560763888888888 0.6635802469135803 0.9545138888888888 0.6651234567901234 0.9491319444444444 0.6638888888888889 0.946875 0.6617283950617284 0.9467013888888888 0.657716049382716 0.9458333333333333 0.6555555555555556 0.9446180555555556 0.6567901234567901 0.9449652777777777 0.6614197530864198 0.9435763888888888 0.6632716049382715 0.9427083333333334 0.6641975308641975 0.9388888888888888 0.6638888888888889 0.9324652777777778 0.6567901234567901 0.9284722222222221 0.6567901234567901 0.9272569444444444 0.6601851851851852 0.9269097222222222 0.6688271604938272 0.9253472222222222 0.671604938271605 0.9232638888888888 0.6796296296296297 0.921875 0.6820987654320988 0.9217013888888889 0.6870370370370371 0.9232638888888888 0.692283950617284
3 0.5395833333333333 0.6756172839506173 0.5411458333333333 0.6793209876543209 0.5425347222222222 0.6904320987654321 0.5432291666666667 0.6925925925925925 0.5446180555555555 0.6925925925925925 0.5467013888888889 0.6904320987654321 0.5477430555555556 0.6793209876543209 0.5512152777777778 0.6722222222222222 0.5524305555555555 0.6660493827160494 0.553125 0.6512345679012346 0.5529513888888888 0.6478395061728395 0.5519097222222222 0.6438271604938272 0.5517361111111111 0.6367283950617284 0.5470486111111111 0.6320987654320988 0.5420138888888888 0.6330246913580246 0.5399305555555556 0.6367283950617284 0.5401041666666666 0.6438271604938272 0.5388888888888889 0.6481481481481481 0.5387152777777777 0.6709876543209877 0.5395833333333333 0.6756172839506173
3 0.4368055555555555 0.38796296296296295 0.4380208333333333 0.39043209876543206 0.4394097222222222 0.391358024691358 0.4411458333333333 0.3873456790123457 0.4418402777777778 0.38209876543209875 0.4418402777777778 0.375 0.44131944444444443 0.3728395061728395 0.4395833333333333 0.370679012345679 0.4380208333333333 0.370679012345679 0.4362847222222222 0.37222222222222223 0.4359375 0.3771604938271605 0.4368055555555555 0.38796296296296295
3 0.5013888888888889 0.4024691358024692 0.5017361111111112 0.4104938271604939 0.5052083333333334 0.41358024691358025 0.50625 0.4117283950617284 0.5069444444444444 0.4030864197530864 0.5069444444444444 0.39197530864197533 0.50625 0.3873456790123457 0.5043402777777778 0.3833333333333333 0.5013888888888889 0.38240740740740736 0.5 0.38425925925925924 0.4987847222222222 0.3888888888888889 0.4987847222222222 0.39166666666666666 0.5013888888888889 0.4024691358024692
3 0.29496527777777776 0.3614197530864197 0.2960069444444444 0.3632716049382716 0.2970486111111111 0.36358024691358026 0.2993055555555555 0.35833333333333334 0.3 0.34814814814814815 0.2982638888888889 0.3447530864197531 0.29322916666666665 0.3450617283950617 0.29322916666666665 0.35370370370370374 0.29496527777777776 0.3614197530864197
3 0.3138888888888889 0.5175925925925926 0.3217013888888889 0.5182098765432099 0.32430555555555557 0.5172839506172839 0.3248263888888889 0.5160493827160494 0.3246527777777778 0.5061728395061729 0.3229166666666667 0.5052469135802469 0.3142361111111111 0.5049382716049382 0.3125 0.5083333333333333 0.3118055555555555 0.5117283950617284 0.3116319444444444 0.5160493827160494 0.3138888888888889 0.5175925925925926
3 0.7546875 0.4777777777777778 0.7576388888888889 0.48302469135802467 0.7619791666666667 0.48518518518518516 0.7699652777777778 0.48518518518518516 0.771875 0.4842592592592592 0.7730902777777777 0.48148148148148145 0.7737847222222222 0.47067901234567905 0.7729166666666666 0.4679012345679012 0.765625 0.46296296296296297 0.7623263888888888 0.4583333333333333 0.7578125 0.45709876543209876 0.7553819444444444 0.4611111111111111 0.7546875 0.46574074074074073 0.7541666666666667 0.4722222222222222 0.7546875 0.4777777777777778
3 0.3359375 0.5089506172839506 0.33697916666666666 0.5141975308641975 0.3381944444444444 0.5160493827160494 0.34774305555555557 0.5160493827160494 0.3498263888888889 0.5077160493827161 0.3506944444444444 0.5012345679012346 0.3505208333333333 0.49320987654320986 0.3493055555555556 0.48796296296296293 0.3487847222222222 0.48703703703703705 0.3432291666666667 0.48487654320987655 0.340625 0.48487654320987655 0.3385416666666667 0.4867283950617284 0.3364583333333333 0.4944444444444444 0.3359375 0.4978395061728395 0.3359375 0.5089506172839506
3 0.5520833333333334 0.6169753086419753 0.553125 0.6203703703703703 0.5534722222222223 0.6274691358024691 0.5555555555555556 0.6339506172839506 0.5579861111111111 0.6376543209876543 0.5588541666666667 0.6432098765432099 0.5607638888888888 0.6453703703703704 0.5619791666666666 0.6438271604938272 0.5623263888888889 0.6333333333333334 0.5644097222222222 0.6271604938271605 0.5649305555555555 0.6203703703703703 0.5649305555555555 0.604320987654321 0.5644097222222222 0.6 0.5637152777777777 0.5972222222222222 0.5621527777777777 0.5950617283950618 0.5572916666666666 0.5944444444444444 0.5538194444444444 0.5947530864197531 0.5520833333333334 0.5990740740740741 0.5515625 0.6074074074074074 0.5520833333333334 0.6169753086419753
3 0.8743055555555556 0.6851851851851852 0.8753472222222222 0.696604938271605 0.8762152777777777 0.6972222222222222 0.8789930555555555 0.7030864197530865 0.8810763888888888 0.7046296296296296 0.8826388888888889 0.7074074074074075 0.889236111111111 0.7120370370370371 0.8904513888888889 0.7138888888888888 0.8925347222222222 0.7141975308641975 0.8937499999999999 0.7154320987654321 0.8956597222222222 0.7209876543209875 0.8960069444444444 0.7237654320987654 0.8977430555555556 0.7277777777777777 0.9010416666666666 0.729320987654321 0.9045138888888888 0.725925925925926 0.9057291666666666 0.7191358024691359 0.9060763888888889 0.6972222222222222 0.9071180555555556 0.6870370370370371 0.9069444444444444 0.6811728395061728 0.9057291666666666 0.675 0.9102430555555555 0.6722222222222222 0.9098958333333333 0.6694444444444444 0.9081597222222222 0.6651234567901234 0.8914930555555556 0.6623456790123456 0.8836805555555556 0.6620370370370371 0.8791666666666667 0.6654320987654321 0.8755208333333333 0.6725308641975308 0.8753472222222222 0.6820987654320988 0.8743055555555556 0.6851851851851852