8 0.49635416666666665 0.4777777777777778 0.5031249999999999 0.48148148148148145 0.5059027777777777 0.4861111111111111 0.5064236111111111 0.4882716049382716 0.5078125 0.4898148148148148 0.5121527777777778 0.4898148148148148 0.5126736111111111 0.4888888888888889 0.5126736111111111 0.46728395061728395 0.5121527777777778 0.4632716049382716 0.5093749999999999 0.4561728395061728 0.5026041666666666 0.4558641975308642 0.49809027777777776 0.4583333333333333 0.496875 0.46141975308641975 0.49600694444444443 0.4666666666666667 0.4956597222222222 0.475 0.49635416666666665 0.4777777777777778
1 0.6114583333333333 0.4435185185185185 0.6197916666666666 0.4435185185185185 0.6215277777777778 0.4395061728395062 0.6215277777777778 0.43425925925925923 0.6208333333333333 0.42993827160493825 0.6196180555555556 0.42685185185185187 0.6185763888888888 0.42623456790123454 0.6128472222222222 0.42623456790123454 0.609375 0.433641975308642 0.609375 0.4395061728395062 0.6114583333333333 0.4435185185185185
1 0.4909722222222222 0.5049382716049382 0.4914930555555555 0.5058641975308642 0.49496527777777777 0.5064814814814814 0.49618055555555557 0.5055555555555555 0.5005208333333333 0.4962962962962963 0.5074652777777777 0.49104938271604937 0.5072916666666667 0.4876543209876543 0.5055555555555555 0.483641975308642 0.5024305555555555 0.48055555555555557 0.49982638888888886 0.47962962962962963 0.4947916666666667 0.47962962962962963 0.4914930555555555 0.483641975308642 0.4907986111111111 0.4854938271604938 0.49027777777777776 0.49290123456790125 0.4909722222222222 0.5049382716049382
1 0.4663194444444444 0.441358024691358 0.4671875 0.4425925925925926 0.4706597222222222 0.4419753086419753 0.4723958333333333 0.4391975308641975 0.47274305555555557 0.4354938271604938 0.4743055555555556 0.4327160493827161 0.4744791666666667 0.42839506172839503 0.4713541666666667 0.42623456790123454 0.4696180555555556 0.42623456790123454 0.465625 0.42839506172839503 0.46493055555555557 0.4311728395061728 0.4654513888888889 0.4382716049382716 0.4663194444444444 0.441358024691358
1 0.5428819444444444 0.7166666666666667 0.5428819444444444 0.7364197530864197 0.5435763888888888 0.7484567901234568 0.545486111111111 0.7555555555555555 0.5470486111111111 0.7570987654320988 0.5494791666666666 0.7623456790123456 0.5510416666666667 0.7891975308641975 0.5522569444444444 0.7941358024691358 0.5534722222222223 0.7953703703703704 0.5562499999999999 0.7950617283950616 0.5579861111111111 0.7938271604938272 0.5585069444444444 0.7916666666666666 0.5600694444444444 0.7891975308641975 0.5628472222222222 0.7870370370370371 0.5671875 0.7845679012345679 0.5720486111111112 0.7833333333333333 0.5958333333333333 0.7833333333333333 0.5991319444444444 0.7864197530864198 0.6024305555555556 0.7885802469135803 0.6027777777777777 0.7879629629629629 0.6048611111111112 0.7799382716049382 0.6041666666666666 0.7728395061728395 0.6039930555555556 0.7444444444444445 0.6029513888888888 0.7401234567901235 0.5987847222222222 0.7308641975308642 0.5982638888888888 0.7274691358024691 0.5968749999999999 0.7237654320987654 0.5944444444444444 0.7203703703703703 0.5921875 0.7132716049382716 0.5934027777777777 0.7117283950617284 0.5975694444444444 0.7104938271604938 0.5980902777777778 0.7098765432098766 0.5982638888888888 0.70679012345679 0.5956597222222222 0.7046296296296296 0.5934027777777777 0.7046296296296296 0.5897569444444444 0.7024691358024691 0.5862847222222222 0.6975308641975309 0.5821180555555555 0.6944444444444444 0.5677083333333334 0.6932098765432099 0.5572916666666666 0.6953703703703703 0.5505208333333333 0.7015432098765432 0.5461805555555556 0.7040123456790123 0.5432291666666667 0.7070987654320987 0.5423611111111111 0.7092592592592593 0.5420138888888888 0.7141975308641975 0.5428819444444444 0.7166666666666667
1 0.49635416666666665 0.5046296296296297 0.4975694444444444 0.508641975308642 0.5050347222222222 0.5101851851851852 0.5067708333333333 0.5123456790123457 0.5123263888888888 0.5231481481481481 0.5154513888888889 0.5203703703703704 0.5154513888888889 0.4975308641975309 0.5138888888888888 0.4944444444444444 0.5111111111111111 0.4922839506172839 0.5052083333333334 0.4919753086419753 0.4991319444444444 0.495679012345679 0.4975694444444444 0.49845679012345684 0.4972222222222222 0.5024691358024691 0.49635416666666665 0.5046296296296297
1 0.8347222222222221 0.5614197530864198 0.8385416666666666 0.5654320987654321 0.8421875 0.5626543209876543 0.8461805555555556 0.5626543209876543 0.85 0.5645061728395062 0.8600694444444444 0.5645061728395062 0.8626736111111112 0.5654320987654321 0.8727430555555555 0.5645061728395062 0.8810763888888888 0.5657407407407408 0.8836805555555556 0.5654320987654321 0.8842013888888888 0.5641975308641975 0.8840277777777777 0.5540123456790124 0.8817708333333334 0.5469135802469135 0.8741319444444444 0.5373456790123456 0.8696180555555556 0.5339506172839505 0.8663194444444444 0.532716049382716 0.8586805555555556 0.5324074074074074 0.8546874999999999 0.5308641975308642 0.8482638888888888 0.5317901234567901 0.8447916666666666 0.5339506172839505 0.8350694444444444 0.5432098765432098 0.8340277777777778 0.5496913580246914 0.8338541666666666 0.5537037037037037 0.8347222222222221 0.5614197530864198
1 0.4392361111111111 0.9574074074074074 0.4449652777777778 0.9589506172839506 0.4467013888888889 0.9611111111111111 0.44687499999999997 0.9648148148148148 0.4461805555555556 0.9685185185185184 0.4461805555555556 0.985185185185185 0.4439236111111111 0.9950617283950618 0.4449652777777778 0.9969135802469137 0.4465277777777778 0.9975308641975309 0.44687499999999997 0.9996913580246913 0.4802083333333333 0.9996913580246913 0.48038194444444443 0.9981481481481481 0.4826388888888889 0.9972222222222222 0.48420138888888886 0.9953703703703703 0.49635416666666665 0.9975308641975309 0.5092013888888889 0.9975308641975309 0.5104166666666666 0.9981481481481481 0.5105902777777778 0.9996913580246913 0.5223958333333333 0.9996913580246913 0.5225694444444444 0.9981481481481481 0.5296875 0.9972222222222222 0.5314236111111111 0.9950617283950618 0.5303819444444444 0.957716049382716 0.5310763888888889 0.9558641975308642 0.537673611111111 0.953395061728395 0.5381944444444444 0.9469135802469135 0.5373263888888888 0.9429012345679012 0.5362847222222222 0.9410493827160493 0.5300347222222223 0.9385802469135802 0.5276041666666667 0.9364197530864197 0.5270833333333333 0.9336419753086419 0.5237847222222223 0.9265432098765432 0.5229166666666667 0.9228395061728395 0.5192708333333333 0.9175925925925925 0.5083333333333333 0.9160493827160494 0.5055555555555555 0.9145061728395062 0.48072916666666665 0.9129629629629629 0.4605902777777778 0.9206790123456791 0.4560763888888889 0.924074074074074 0.4484375 0.9398148148148148 0.4409722222222222 0.9441358024691359 0.4392361111111111 0.9469135802469135 0.43854166666666666 0.9512345679012346 0.4383680555555556 0.9537037037037037 0.4392361111111111 0.9574074074074074
1 0.46979166666666666 0.47160493827160493 0.47031249999999997 0.4743827160493827 0.4755208333333333 0.475 0.4770833333333333 0.47654320987654325 0.47934027777777777 0.47716049382716047 0.4800347222222222 0.4808641975308642 0.4809027777777778 0.48148148148148145 0.4809027777777778 0.4774691358024691 0.4828125 0.4666666666666667 0.4850694444444444 0.4638888888888889 0.4845486111111111 0.45925925925925926 0.4828125 0.4561728395061728 0.48038194444444443 0.45401234567901233 0.4770833333333333 0.4537037037037037 0.4744791666666667 0.45493827160493827 0.4704861111111111 0.4601851851851852 0.46979166666666666 0.4632716049382716 0.46979166666666666 0.47160493827160493
1 0.8350694444444444 0.5969135802469135 0.8380208333333333 0.5987654320987654 0.8428819444444444 0.5987654320987654 0.8468749999999999 0.6 0.8489583333333334 0.6018518518518519 0.8524305555555556 0.6018518518518519 0.8536458333333333 0.6033950617283951 0.8560763888888888 0.6101851851851853 0.8581597222222221 0.6114197530864197 0.8600694444444444 0.6117283950617284 0.8631944444444444 0.6101851851851853 0.8732638888888888 0.6104938271604938 0.8753472222222222 0.6095679012345678 0.8817708333333334 0.6095679012345678 0.8855902777777778 0.6108024691358025 0.8868055555555555 0.6123456790123456 0.8883680555555555 0.6123456790123456 0.8904513888888889 0.6114197530864197 0.8927083333333333 0.6074074074074074 0.8942708333333333 0.6061728395061728 0.8942708333333333 0.5925925925925926 0.8934027777777778 0.5882716049382716 0.8897569444444444 0.582716049382716 0.8883680555555555 0.5790123456790123 0.8847222222222222 0.5728395061728395 0.8835069444444444 0.5691358024691359 0.879861111111111 0.5660493827160494 0.8711805555555555 0.5648148148148148 0.8489583333333334 0.5660493827160494 0.8449652777777777 0.5691358024691359 0.8381944444444444 0.5725308641975309 0.8352430555555556 0.5756172839506173 0.8335069444444444 0.5790123456790123 0.8333333333333334 0.5898148148148148 0.8350694444444444 0.5969135802469135
1 0.3850694444444444 0.7203703703703703 0.38697916666666665 0.7228395061728394 0.40121527777777777 0.7225308641975309 0.4088541666666667 0.720679012345679 0.4262152777777778 0.7203703703703703 0.4286458333333333 0.7160493827160493 0.4300347222222222 0.7018518518518518 0.4322916666666667 0.696604938271605 0.43350694444444443 0.6916666666666667 0.4342013888888889 0.6787037037037037 0.43368055555555557 0.6663580246913581 0.4345486111111111 0.6580246913580247 0.4333333333333333 0.6558641975308641 0.4296875 0.653395061728395 0.42517361111111107 0.6462962962962963 0.4201388888888889 0.6450617283950618 0.4144097222222222 0.645679012345679 0.409375 0.644753086419753 0.4029513888888889 0.6450617283950618 0.39947916666666666 0.6462962962962963 0.3972222222222222 0.6481481481481481 0.3911458333333333 0.6586419753086419 0.3897569444444444 0.6709876543209877 0.3878472222222222 0.6790123456790123 0.3857638888888889 0.6833333333333333 0.3845486111111111 0.692283950617284 0.3842013888888889 0.7169753086419753 0.3850694444444444 0.7203703703703703
1 0.5095486111111112 0.6231481481481481 0.5102430555555555 0.6234567901234568 0.5116319444444445 0.6268518518518519 0.5125000000000001 0.6379629629629631 0.5131944444444444 0.6391975308641975 0.5159722222222223 0.6410493827160494 0.521875 0.6385802469135803 0.5467013888888889 0.6373456790123456 0.5482638888888889 0.6358024691358025 0.5487847222222222 0.6342592592592593 0.5489583333333333 0.6274691358024691 0.5482638888888889 0.6160493827160494 0.5472222222222222 0.6126543209876544 0.5470486111111111 0.608641975308642 0.5446180555555555 0.6037037037037037 0.5434027777777778 0.5993827160493828 0.5434027777777778 0.5950617283950618 0.5442708333333334 0.5941358024691359 0.5447916666666667 0.591358024691358 0.5439236111111111 0.5895061728395061 0.5420138888888888 0.5882716049382716 0.5402777777777777 0.5842592592592593 0.5336805555555555 0.5811728395061728 0.5190972222222222 0.5811728395061728 0.5180555555555555 0.582716049382716 0.5149305555555556 0.5842592592592593 0.5128472222222222 0.5882716049382716 0.5102430555555555 0.591358024691358 0.5086805555555556 0.5916666666666667 0.5086805555555556 0.6200617283950618 0.5095486111111112 0.6231481481481481
1 0.45295138888888886 0.47345679012345676 0.4545138888888889 0.4743827160493827 0.4581597222222222 0.4743827160493827 0.4604166666666667 0.47345679012345676 0.4616319444444444 0.47129629629629627 0.4628472222222222 0.4638888888888889 0.4628472222222222 0.45925925925925926 0.4604166666666667 0.4537037037037037 0.4567708333333333 0.4524691358024691 0.453125 0.4527777777777778 0.44930555555555557 0.45679012345679015 0.44947916666666665 0.46481481481481485 0.45295138888888886 0.47345679012345676
1 0.43854166666666666 0.48148148148148145 0.4404513888888889 0.48518518518518516 0.4425347222222222 0.4867283950617284 0.4496527777777778 0.4858024691358025 0.4527777777777778 0.4808641975308642 0.4538194444444444 0.4759259259259259 0.4538194444444444 0.4737654320987654 0.4526041666666667 0.4700617283950617 0.4496527777777778 0.4645061728395061 0.4421875 0.4645061728395061 0.4392361111111111 0.4666666666666667 0.4380208333333333 0.47160493827160493 0.4378472222222222 0.4777777777777778 0.43854166666666666 0.48148148148148145
1 0.45295138888888886 0.4858024691358025 0.453125 0.4864197530864197 0.45642361111111107 0.4842592592592592 0.4640625 0.483641975308642 0.4652777777777778 0.48456790123456794 0.46857638888888886 0.4901234567901234 0.46979166666666666 0.5003086419753087 0.4710069444444444 0.5046296296296297 0.4744791666666667 0.5055555555555555 0.4760416666666667 0.504320987654321 0.4767361111111111 0.5021604938271605 0.4774305555555556 0.49537037037037035 0.4784722222222222 0.49104938271604937 0.4784722222222222 0.47716049382716047 0.47204861111111107 0.47530864197530864 0.4661458333333333 0.47530864197530864 0.4635416666666667 0.47623456790123453 0.4604166666666667 0.47901234567901235 0.45729166666666665 0.47962962962962963 0.45590277777777777 0.48055555555555557 0.45468749999999997 0.4833333333333333 0.453125 0.483641975308642 0.4536458333333333 0.4854938271604938 0.45295138888888886 0.4858024691358025
1 0.43385416666666665 0.5425925925925926 0.43385416666666665 0.5503086419753086 0.44027777777777777 0.5503086419753086 0.4461805555555556 0.5527777777777777 0.4519097222222222 0.5632716049382717 0.453125 0.5641975308641975 0.4586805555555556 0.5641975308641975 0.4611111111111111 0.562037037037037 0.4621527777777778 0.557716049382716 0.46249999999999997 0.5361111111111111 0.4633680555555555 0.5330246913580247 0.4600694444444444 0.5212962962962963 0.4543402777777778 0.5179012345679012 0.4461805555555556 0.5179012345679012 0.4427083333333333 0.5188271604938272 0.4375 0.5256172839506172 0.4350694444444444 0.532716049382716 0.4347222222222222 0.5388888888888889 0.43385416666666665 0.5425925925925926
1 0.41024305555555557 0.5228395061728395 0.4137152777777778 0.5249999999999999 0.41822916666666665 0.5302469135802469 0.42170138888888886 0.5280864197530865 0.4291666666666667 0.5280864197530865 0.4310763888888889 0.5259259259259259 0.4317708333333333 0.5228395061728395 0.4321180555555555 0.5157407407407407 0.4305555555555556 0.512037037037037 0.4298611111111111 0.5074074074074074 0.4286458333333333 0.5058641975308642 0.4255208333333333 0.4978395061728395 0.41822916666666665 0.4978395061728395 0.4116319444444444 0.5006172839506172 0.41041666666666665 0.5018518518518518 0.4079861111111111 0.5123456790123457 0.4079861111111111 0.5182098765432099 0.41024305555555557 0.5228395061728395
1 0.41736111111111107 0.5805555555555555 0.41788194444444443 0.582716049382716 0.42170138888888886 0.5824074074074074 0.4248263888888889 0.5805555555555555 0.4298611111111111 0.5805555555555555 0.4369791666666667 0.582716049382716 0.4420138888888889 0.5916666666666667 0.4440972222222222 0.5987654320987654 0.4461805555555556 0.6006172839506172 0.4477430555555555 0.595679012345679 0.44809027777777777 0.5925925925925926 0.4496527777777778 0.5898148148148148 0.4503472222222222 0.5802469135802469 0.4505208333333333 0.5604938271604938 0.4479166666666667 0.553395061728395 0.4357638888888889 0.5484567901234568 0.4263888888888889 0.5499999999999999 0.42465277777777777 0.5509259259259259 0.421875 0.554320987654321 0.4203125 0.562037037037037 0.41822916666666665 0.5679012345679012 0.41805555555555557 0.5762345679012346 0.41736111111111107 0.5805555555555555
1 0.5753472222222222 0.8527777777777777 0.5769097222222223 0.8882716049382716 0.578125 0.8925925925925926 0.5812499999999999 0.894753086419753 0.5831597222222222 0.8972222222222223 0.5847222222222223 0.9030864197530865 0.5873263888888889 0.9086419753086419 0.5881944444444445 0.9135802469135803 0.5897569444444444 0.917283950617284 0.5904513888888888 0.9265432098765432 0.5894097222222222 0.9320987654320988 0.5888888888888888 0.9530864197530865 0.5901041666666667 0.9617283950617284 0.5918402777777777 0.9660493827160493 0.5963541666666666 0.9669753086419753 0.603125 0.9620370370370369 0.60625 0.9608024691358025 0.6229166666666666 0.9617283950617284 0.6265625 0.9641975308641975 0.6383680555555555 0.9638888888888888 0.6418402777777777 0.9629629629629629 0.6590277777777778 0.9651234567901235 0.6618055555555555 0.9648148148148148 0.6637152777777777 0.9626543209876544 0.6652777777777777 0.95679012345679 0.665625 0.942283950617284 0.6647569444444444 0.9293209876543209 0.6638888888888889 0.9265432098765432 0.662673611111111 0.9169753086419753 0.6623263888888888 0.9006172839506172 0.6590277777777778 0.8891975308641975 0.6574652777777777 0.8811728395061729 0.6560763888888889 0.878395061728395 0.654861111111111 0.8734567901234568 0.6546875 0.8660493827160494 0.6529513888888888 0.8632716049382716 0.6520833333333333 0.8598765432098765 0.6491319444444444 0.8540123456790124 0.647048611111111 0.845679012345679 0.6475694444444444 0.8416666666666667 0.6503472222222222 0.8382716049382716 0.6503472222222222 0.8348765432098766 0.6427083333333333 0.8305555555555556 0.6380208333333334 0.8234567901234568 0.6335069444444444 0.8194444444444444 0.6246527777777777 0.8169753086419753 0.6048611111111112 0.8166666666666667 0.5947916666666666 0.817283950617284 0.5862847222222222 0.8203703703703703 0.5815972222222222 0.8243827160493827 0.5795138888888889 0.8302469135802469 0.5762152777777777 0.8342592592592593 0.5755208333333334 0.8364197530864197 0.5760416666666667 0.845679012345679 0.5753472222222222 0.8527777777777777
1 0.44687499999999997 0.519753086419753 0.4498263888888889 0.5185185185185185 0.4538194444444444 0.5185185185185185 0.459375 0.5209876543209876 0.46076388888888886 0.5234567901234568 0.4635416666666667 0.532716049382716 0.4670138888888889 0.5268518518518518 0.4670138888888889 0.5222222222222223 0.4657986111111111 0.5154320987654321 0.4645833333333333 0.5117283950617284 0.46076388888888886 0.5074074074074074 0.4576388888888889 0.5061728395061729 0.4510416666666667 0.5061728395061729 0.4482638888888889 0.5070987654320988 0.4453125 0.5092592592592593 0.4428819444444444 0.5148148148148148 0.4428819444444444 0.5194444444444445 0.44687499999999997 0.519753086419753
1 0.6506944444444444 0.4938271604938272 0.6536458333333334 0.4972222222222222 0.6565972222222222 0.49691358024691357 0.6574652777777777 0.49506172839506174 0.6552083333333334 0.48487654320987655 0.6515624999999999 0.4774691358024691 0.6510416666666666 0.47685185185185186 0.6498263888888888 0.478395061728395 0.6494791666666666 0.48456790123456794 0.6506944444444444 0.4938271604938272
1 0.4482638888888889 0.491358024691358 0.44635416666666666 0.4944444444444444 0.44809027777777777 0.5009259259259259 0.4473958333333333 0.5055555555555555 0.44861111111111107 0.5064814814814814 0.45642361111111107 0.5070987654320988 0.4598958333333333 0.5098765432098765 0.46249999999999997 0.5154320987654321 0.4623263888888889 0.5188271604938272 0.4631944444444444 0.5219135802469136 0.4631944444444444 0.529320987654321 0.4635416666666667 0.5302469135802469 0.46475694444444443 0.5299382716049382 0.4671875 0.5262345679012346 0.4664930555555556 0.5222222222222223 0.4670138888888889 0.5219135802469136 0.4678819444444444 0.5169753086419754 0.4706597222222222 0.5141975308641975 0.4708333333333333 0.512962962962963 0.4713541666666667 0.5009259259259259 0.4694444444444444 0.48487654320987655 0.4670138888888889 0.47962962962962963 0.4628472222222222 0.478395061728395 0.45642361111111107 0.47901234567901235 0.4519097222222222 0.4839506172839506 0.4498263888888889 0.4904320987654321 0.4482638888888889 0.491358024691358
1 0.4743055555555556 0.5033950617283951 0.4751736111111111 0.5021604938271605 0.475 0.4996913580246914 0.4744791666666667 0.49876543209876545 0.4734375 0.4996913580246914 0.4732638888888889 0.5021604938271605 0.4743055555555556 0.5033950617283951
1 0.4704861111111111 0.4808641975308642 0.47256944444444443 0.48148148148148145 0.47465277777777776 0.4839506172839506 0.4762152777777778 0.4876543209876543 0.4770833333333333 0.4938271604938272 0.4774305555555556 0.4941358024691358 0.4782986111111111 0.49104938271604937 0.4814236111111111 0.4882716049382716 0.4815972222222222 0.4700617283950617 0.4809027777777778 0.46728395061728395 0.4809027777777778 0.4632716049382716 0.4782986111111111 0.46296296296296297 0.4767361111111111 0.4601851851851852 0.4739583333333333 0.45925925925925926 0.4723958333333333 0.46296296296296297 0.4704861111111111 0.4635802469135802 0.4701388888888889 0.4697530864197531 0.46875 0.4737654320987654 0.46857638888888886 0.4777777777777778 0.4704861111111111 0.4808641975308642
1 0.39218749999999997 0.557716049382716 0.3935763888888889 0.5592592592592592 0.3958333333333333 0.5589506172839506 0.4006944444444444 0.5561728395061728 0.4048611111111111 0.5561728395061728 0.40729166666666666 0.5549382716049382 0.4114583333333333 0.5552469135802469 0.4130208333333333 0.5509259259259259 0.41388888888888886 0.5404320987654321 0.41684027777777777 0.5364197530864198 0.41736111111111107 0.5296296296296296 0.4152777777777778 0.5256172839506172 0.4118055555555556 0.5228395061728395 0.3989583333333333 0.5234567901234568 0.3972222222222222 0.5243827160493827 0.3940972222222222 0.5287037037037037 0.3932291666666667 0.533641975308642 0.390625 0.5413580246913581 0.390625 0.5527777777777777 0.39218749999999997 0.557716049382716
5 0.3628472222222222 0.6182098765432099 0.3758680555555556 0.6154320987654321 0.3848958333333333 0.6160493827160494 0.3907986111111111 0.6179012345679012 0.39392361111111107 0.6123456790123456 0.3951388888888889 0.607716049382716 0.3986111111111111 0.6027777777777777 0.3996527777777778 0.5993827160493828 0.3996527777777778 0.5817901234567902 0.3942708333333333 0.5731481481481482 0.3907986111111111 0.5703703703703704 0.3810763888888889 0.5682098765432099 0.3741319444444444 0.5694444444444444 0.3701388888888889 0.5731481481481482 0.3685763888888889 0.5771604938271605 0.3659722222222222 0.5811728395061728 0.3644097222222222 0.5876543209876544 0.3623263888888889 0.5925925925925926 0.3611111111111111 0.6003086419753086 0.3611111111111111 0.6123456790123456 0.3628472222222222 0.6182098765432099
1 0.49809027777777776 0.562037037037037 0.5015624999999999 0.5688271604938271 0.5074652777777777 0.5654320987654321 0.5123263888888888 0.5654320987654321 0.5147569444444444 0.5685185185185185 0.5170138888888889 0.5697530864197531 0.5194444444444445 0.5697530864197531 0.5204861111111111 0.5675925925925925 0.5211805555555555 0.5635802469135802 0.5211805555555555 0.5570987654320988 0.5194444444444445 0.5487654320987654 0.5189236111111111 0.5395061728395062 0.5170138888888889 0.5361111111111111 0.5144097222222223 0.5345679012345679 0.5123263888888888 0.5317901234567901 0.5015624999999999 0.5324074074074074 0.4975694444444444 0.5351851851851852 0.49548611111111107 0.5441358024691358 0.49548611111111107 0.5537037037037037 0.49809027777777776 0.562037037037037
1 0.5989583333333334 0.4595679012345679 0.6060763888888888 0.4589506172839506 0.6095486111111111 0.45987654320987653 0.6105902777777777 0.4595679012345679 0.6118055555555556 0.4574074074074074 0.6118055555555556 0.45185185185185184 0.6100694444444444 0.4450617283950617 0.6072916666666666 0.4422839506172839 0.6020833333333333 0.4410493827160494 0.5991319444444444 0.4444444444444444 0.5984375 0.4462962962962963 0.5979166666666667 0.4574074074074074 0.5989583333333334 0.4595679012345679
1 0.47812499999999997 0.4391975308641975 0.48038194444444443 0.441358024691358 0.48715277777777777 0.44043209876543205 0.4894097222222222 0.4354938271604938 0.4892361111111111 0.4324074074074074 0.4880208333333333 0.4302469135802469 0.4826388888888889 0.4271604938271605 0.48072916666666665 0.4271604938271605 0.4779513888888889 0.4324074074074074 0.47760416666666666 0.43703703703703706 0.47812499999999997 0.4391975308641975
1 0.9138888888888889 0.4947530864197531 0.9222222222222222 0.49506172839506174 0.928298611111111 0.4981481481481481 0.9328124999999999 0.4975308641975309 0.9383680555555556 0.49938271604938267 0.9425347222222222 0.49845679012345684 0.9435763888888888 0.4959876543209876 0.9442708333333334 0.491358024691358 0.9411458333333333 0.4839506172839506 0.9399305555555556 0.4817901234567901 0.9368055555555556 0.47932098765432096 0.9336805555555555 0.4722222222222222 0.9288194444444444 0.4679012345679012 0.9237847222222222 0.46574074074074073 0.9151041666666666 0.46512345679012346 0.9140625 0.4679012345679012 0.9133680555555556 0.4740740740740741 0.9131944444444444 0.4919753086419753 0.9138888888888889 0.4947530864197531
1 0.46684027777777776 0.6567901234567901 0.46684027777777776 0.6598765432098765 0.465625 0.671604938271605 0.4659722222222222 0.6830246913580247 0.4654513888888889 0.6854938271604938 0.46493055555555557 0.703395061728395 0.46684027777777776 0.7089506172839506 0.47031249999999997 0.7089506172839506 0.4734375 0.7074074074074075 0.5003472222222223 0.707716049382716 0.5019097222222222 0.7080246913580247 0.5050347222222222 0.7117283950617284 0.5067708333333333 0.7104938271604938 0.5086805555555556 0.703395061728395 0.5090277777777777 0.6876543209876543 0.5081597222222223 0.682716049382716 0.5081597222222223 0.675 0.5072916666666667 0.6697530864197531 0.5052083333333334 0.6626543209876543 0.5043402777777778 0.654320987654321 0.5053819444444444 0.6518518518518519 0.5072916666666667 0.6509259259259259 0.5085069444444444 0.649074074074074 0.5086805555555556 0.6472222222222223 0.5041666666666667 0.6459876543209876 0.4994791666666667 0.6388888888888888 0.4979166666666667 0.6382716049382716 0.49374999999999997 0.6373456790123456 0.48055555555555557 0.6373456790123456 0.4739583333333333 0.6398148148148147 0.47152777777777777 0.645679012345679 0.4701388888888889 0.6469135802469135 0.4663194444444444 0.6472222222222223 0.46510416666666665 0.6493827160493827 0.46493055555555557 0.6512345679012346 0.46684027777777776 0.6567901234567901
1 0.4878472222222222 0.529320987654321 0.4878472222222222 0.5450617283950617 0.4907986111111111 0.5472222222222223 0.4916666666666667 0.5472222222222223 0.4934027777777778 0.5450617283950617 0.4947916666666667 0.5429012345679012 0.49618055555555557 0.5382716049382716 0.5003472222222223 0.532716049382716 0.5034722222222222 0.5314814814814814 0.5086805555555556 0.5320987654320988 0.5114583333333333 0.529320987654321 0.5114583333333333 0.5243827160493827 0.5090277777777777 0.5157407407407407 0.5071180555555556 0.5135802469135803 0.5052083333333334 0.5095679012345679 0.5015624999999999 0.5074074074074074 0.49809027777777776 0.5074074074074074 0.49618055555555557 0.5089506172839506 0.4913194444444444 0.5104938271604939 0.4878472222222222 0.5200617283950617 0.4873263888888889 0.5222222222222223 0.4878472222222222 0.529320987654321
1 0.49635416666666665 0.4777777777777778 0.5043402777777778 0.4824074074074074 0.5059027777777777 0.48487654320987655 0.5065972222222223 0.4882716049382716 0.5088541666666666 0.4904320987654321 0.5121527777777778 0.4904320987654321 0.5126736111111111 0.4895061728395062 0.5128472222222222 0.4666666666666667 0.5121527777777778 0.462037037037037 0.5102430555555555 0.4561728395061728 0.5090277777777777 0.45493827160493827 0.4984375 0.4561728395061728 0.49635416666666665 0.4601851851851852 0.4956597222222222 0.46574074074074073 0.49548611111111107 0.47469135802469137 0.49635416666666665 0.4777777777777778
1 0.49809027777777776 0.4555555555555556 0.5098958333333333 0.4558641975308642 0.5121527777777778 0.45462962962962966 0.5121527777777778 0.44537037037037036 0.5093749999999999 0.4419753086419753 0.5017361111111112 0.4416666666666667 0.4986111111111111 0.4450617283950617 0.4975694444444444 0.44814814814814813 0.4973958333333333 0.4530864197530864 0.49809027777777776 0.4555555555555556
1 0.6303819444444444 0.45771604938271604 0.6348958333333333 0.458641975308642 0.6414930555555556 0.45771604938271604 0.6430555555555556 0.45648148148148143 0.6430555555555556 0.45401234567901233 0.6407986111111111 0.4441358024691358 0.6373263888888888 0.44012345679012344 0.6333333333333333 0.44074074074074077 0.6303819444444444 0.4444444444444444 0.6291666666666667 0.44845679012345674 0.6289930555555555 0.45339506172839505 0.6303819444444444 0.45771604938271604
1 0.4732638888888889 0.8305555555555556 0.4732638888888889 0.842283950617284 0.4739583333333333 0.8561728395061728 0.4762152777777778 0.8632716049382716 0.48055555555555557 0.8648148148148148 0.5055555555555555 0.8648148148148148 0.5140625 0.8638888888888888 0.5213541666666667 0.8645061728395061 0.5258680555555555 0.8632716049382716 0.5277777777777778 0.8601851851851853 0.5295138888888888 0.8515432098765432 0.5298611111111111 0.8395061728395062 0.5307291666666667 0.8324074074074075 0.5295138888888888 0.8120370370370371 0.5296875 0.7796296296296297 0.5286458333333334 0.7762345679012346 0.5282986111111111 0.7722222222222223 0.5293402777777777 0.769753086419753 0.5326388888888889 0.7685185185185185 0.5331597222222222 0.7675925925925926 0.5331597222222222 0.7648148148148147 0.5295138888888888 0.7626543209876543 0.5260416666666666 0.7623456790123456 0.5239583333333333 0.7601851851851852 0.5225694444444444 0.7574074074074074 0.5210069444444444 0.7567901234567901 0.5204861111111111 0.7552469135802469 0.5145833333333333 0.7530864197530863 0.4944444444444444 0.7527777777777778 0.4878472222222222 0.7537037037037038 0.4848958333333333 0.7552469135802469 0.4814236111111111 0.7601851851851852 0.4741319444444444 0.7657407407407407 0.4751736111111111 0.7694444444444444 0.4774305555555556 0.7722222222222223 0.4774305555555556 0.7759259259259259 0.4765625 0.7787037037037037 0.475 0.7944444444444444 0.4739583333333333 0.7978395061728395 0.4734375 0.8145061728395062 0.4737847222222222 0.828395061728395 0.4732638888888889 0.8305555555555556
1 0.3380208333333333 0.8416666666666667 0.3381944444444444 0.8469135802469135 0.3394097222222222 0.8521604938271605 0.3416666666666667 0.8549382716049382 0.3451388888888889 0.8561728395061728 0.3559027777777778 0.8574074074074074 0.3590277777777778 0.8564814814814815 0.3774305555555555 0.8561728395061728 0.38263888888888886 0.854320987654321 0.4010416666666667 0.8515432098765432 0.4027777777777778 0.846604938271605 0.4029513888888889 0.8416666666666667 0.4045138888888889 0.8330246913580247 0.4041666666666667 0.8179012345679012 0.4053819444444444 0.8114197530864197 0.4065972222222222 0.8064814814814815 0.4081597222222222 0.8040123456790123 0.40902777777777777 0.7978395061728395 0.4111111111111111 0.7938271604938272 0.4119791666666667 0.7895061728395062 0.4137152777777778 0.7858024691358024 0.4152777777777778 0.7506172839506172 0.4161458333333333 0.7447530864197531 0.4159722222222222 0.7398148148148148 0.4147569444444444 0.7370370370370369 0.4079861111111111 0.7333333333333334 0.4045138888888889 0.7296296296296296 0.40121527777777777 0.7274691358024691 0.3949652777777778 0.7253086419753086 0.3717013888888889 0.7274691358024691 0.36267361111111107 0.7305555555555556 0.3585069444444444 0.7395061728395061 0.35572916666666665 0.742283950617284 0.35486111111111107 0.7444444444444445 0.3529513888888889 0.7524691358024691 0.3520833333333333 0.7540123456790124 0.3512152777777778 0.7592592592592593 0.35 0.7629629629629631 0.3491319444444444 0.7638888888888888 0.34704861111111107 0.7716049382716049 0.3454861111111111 0.7743827160493827 0.3434027777777778 0.7836419753086419 0.34184027777777776 0.7870370370370371 0.3404513888888889 0.7950617283950616 0.3385416666666667 0.8 0.3364583333333333 0.8151234567901234 0.3368055555555556 0.8336419753086419 0.3380208333333333 0.8416666666666667
1 0.7595486111111112 0.570679012345679 0.7611111111111112 0.5743827160493827 0.7635416666666666 0.5759259259259258 0.7699652777777778 0.5765432098765432 0.772048611111111 0.5799382716049383 0.7722222222222221 0.5814814814814815 0.7760416666666666 0.5848765432098765 0.7833333333333333 0.5817901234567902 0.7934027777777778 0.5805555555555555 0.7958333333333334 0.5830246913580247 0.796875 0.5854938271604938 0.8005208333333333 0.5854938271604938 0.8029513888888888 0.5765432098765432 0.8029513888888888 0.5638888888888889 0.801736111111111 0.5595679012345679 0.793923611111111 0.546604938271605 0.7899305555555556 0.5435185185185185 0.7873263888888888 0.5425925925925926 0.7772569444444444 0.5425925925925926 0.7706597222222222 0.5447530864197531 0.7664930555555556 0.5469135802469135 0.7619791666666667 0.5509259259259259 0.7588541666666666 0.5570987654320988 0.7586805555555556 0.5641975308641975 0.7595486111111112 0.570679012345679
4 0.10625 0.9959876543209876 0.10694444444444444 0.9969135802469137 0.11024305555555555 0.9975308641975309 0.1111111111111111 0.9984567901234568 0.1111111111111111 0.9996913580246913 0.14427083333333332 0.9996913580246913 0.14479166666666665 0.9975308641975309 0.15052083333333333 0.9953703703703703 0.15590277777777775 0.9972222222222222 0.16788194444444443 0.9981481481481481 0.16805555555555554 0.9996913580246913 0.2171875 0.9996913580246913 0.2173611111111111 0.9981481481481481 0.22013888888888888 0.9969135802469137 0.22118055555555555 0.9947530864197531 0.2215277777777778 0.982716049382716 0.22256944444444443 0.9774691358024691 0.22447916666666665 0.975 0.22743055555555555 0.9743827160493828 0.2314236111111111 0.9691358024691359 0.23628472222222222 0.9598765432098766 0.23645833333333333 0.9583333333333334 0.23993055555555554 0.9506172839506173 0.24583333333333335 0.9398148148148148 0.24635416666666665 0.9376543209876543 0.25156249999999997 0.9299382716049384 0.2586805555555556 0.9290123456790123 0.2600694444444444 0.9268518518518518 0.2621527777777778 0.9256172839506173 0.26336805555555554 0.91820987654321 0.2642361111111111 0.8975308641975309 0.2638888888888889 0.8725308641975309 0.2621527777777778 0.857716049382716 0.2611111111111111 0.8558641975308642 0.2592013888888889 0.8490740740740741 0.2569444444444444 0.8450617283950618 0.25017361111111114 0.8416666666666667 0.24409722222222222 0.8407407407407407 0.234375 0.8407407407407407 0.20885416666666665 0.8444444444444444 0.18888888888888888 0.8459876543209875 0.1842013888888889 0.8472222222222222 0.17777777777777778 0.8512345679012346 0.17256944444444444 0.8574074074074074 0.16996527777777778 0.8589506172839506 0.16770833333333335 0.8635802469135803 0.1640625 0.8682098765432099 0.16041666666666665 0.8746913580246913 0.15885416666666666 0.883641975308642 0.15677083333333333 0.8873456790123456 0.15590277777777775 0.8925925925925926 0.15104166666666666 0.9027777777777778 0.14982638888888888 0.9188271604938272 0.14895833333333333 0.9209876543209877 0.13836805555555556 0.9376543209876543 0.1328125 0.9441358024691359 0.12864583333333332 0.9515432098765432 0.12083333333333332 0.9620370370370369 0.1189236111111111 0.9635802469135802 0.11475694444444444 0.9700617283950618 0.11302083333333332 0.9740740740740741 0.10850694444444445 0.9805555555555555 0.10607638888888887 0.9910493827160494 0.10572916666666667 0.9950617283950618 0.10625 0.9959876543209876
4 0.4079861111111111 0.6422839506172839 0.4114583333333333 0.6416666666666666 0.4149305555555556 0.6382716049382716 0.43246527777777777 0.6382716049382716 0.4347222222222222 0.6410493827160494 0.4378472222222222 0.6410493827160494 0.4394097222222222 0.6382716049382716 0.44027777777777777 0.6296296296296297 0.44131944444444443 0.6259259259259259 0.4427083333333333 0.6240740740740741 0.4435763888888889 0.6175925925925926 0.4435763888888889 0.5981481481481481 0.4399305555555555 0.5873456790123457 0.4366319444444444 0.5830246913580247 0.43124999999999997 0.5811728395061728 0.42777777777777776 0.5811728395061728 0.41822916666666665 0.5833333333333334 0.41510416666666666 0.5851851851851851 0.4116319444444444 0.592283950617284 0.40954861111111107 0.6040123456790124 0.40625 0.6120370370370369 0.4050347222222222 0.6169753086419753 0.4050347222222222 0.632716049382716 0.4079861111111111 0.6422839506172839
4 0.46684027777777776 0.596604938271605 0.4671875 0.5993827160493828 0.46857638888888886 0.600925925925926 0.4708333333333333 0.6018518518518519 0.4734375 0.5996913580246913 0.4880208333333333 0.5993827160493828 0.4911458333333333 0.6 0.4947916666666667 0.6040123456790124 0.4965277777777778 0.6015432098765432 0.4973958333333333 0.5947530864197531 0.4982638888888889 0.592283950617284 0.4996527777777778 0.5750000000000001 0.4994791666666667 0.5669753086419753 0.4984375 0.5626543209876543 0.4953125 0.557716049382716 0.4928819444444444 0.5521604938271605 0.4916666666666667 0.5509259259259259 0.4762152777777778 0.5512345679012346 0.47291666666666665 0.553395061728395 0.4704861111111111 0.558641975308642 0.4701388888888889 0.5641975308641975 0.46875 0.5691358024691359 0.4684027777777778 0.5731481481481482 0.4663194444444444 0.5777777777777777 0.4661458333333333 0.5858024691358025 0.46684027777777776 0.596604938271605
4 0.47031249999999997 0.5123456790123457 0.47031249999999997 0.5114197530864197 0.46979166666666666 0.5123456790123457 0.47031249999999997 0.5123456790123457
4 0.4538194444444444 0.4858024691358025 0.45295138888888886 0.4861111111111111 0.453125 0.48858024691358026 0.4543402777777778 0.4839506172839506 0.45295138888888886 0.4839506172839506 0.4538194444444444 0.4858024691358025
4 0.4595486111111111 0.48302469135802467 0.4659722222222222 0.4858024691358025 0.4680555555555555 0.48919753086419754 0.4692708333333333 0.4981481481481481 0.4710069444444444 0.5046296296296297 0.4739583333333333 0.5055555555555555 0.4760416666666667 0.5033950617283951 0.4774305555555556 0.4975308641975309 0.4779513888888889 0.4861111111111111 0.4777777777777778 0.4839506172839506 0.4751736111111111 0.478395061728395 0.47204861111111107 0.47623456790123453 0.4666666666666667 0.4759259259259259 0.4635416666666667 0.47685185185185186 0.4621527777777778 0.47901234567901235 0.4588541666666667 0.48055555555555557 0.4585069444444444 0.48148148148148145 0.4595486111111111 0.48302469135802467
6 0.5005208333333333 0.4391975308641975 0.5015624999999999 0.4416666666666667 0.5064236111111111 0.44290123456790126 0.5092013888888889 0.44290123456790126 0.5102430555555555 0.4419753086419753 0.5109374999999999 0.4398148148148148 0.5104166666666666 0.4280864197530864 0.5086805555555556 0.4228395061728395 0.5050347222222222 0.42160493827160495 0.5017361111111112 0.4228395061728395 0.5005208333333333 0.425 0.5003472222222223 0.4364197530864197 0.5005208333333333 0.4391975308641975
6 0.4595486111111111 0.5070987654320988 0.4645833333333333 0.5132716049382716 0.46684027777777776 0.5185185185185185 0.4701388888888889 0.5151234567901235 0.4706597222222222 0.5135802469135803 0.4713541666666667 0.49876543209876545 0.47031249999999997 0.4959876543209876 0.4699652777777778 0.491358024691358 0.4690972222222222 0.4904320987654321 0.4677083333333333 0.4839506172839506 0.46076388888888886 0.48117283950617284 0.4548611111111111 0.4817901234567901 0.453125 0.4824074074074074 0.45121527777777776 0.4861111111111111 0.4505208333333333 0.48919753086419754 0.4506944444444444 0.5049382716049382 0.4595486111111111 0.5070987654320988
6 0.45468749999999997 0.44814814814814813 0.4592013888888889 0.45154320987654323 0.4602430555555555 0.45432098765432094 0.46249999999999997 0.4574074074074074 0.46371527777777777 0.45771604938271604 0.4652777777777778 0.4558641975308642 0.4664930555555556 0.4478395061728395 0.4666666666666667 0.4388888888888889 0.4645833333333333 0.4324074074074074 0.4635416666666667 0.4314814814814815 0.4616319444444444 0.4330246913580247 0.4560763888888889 0.433641975308642 0.4536458333333333 0.4364197530864197 0.453125 0.44074074074074077 0.45468749999999997 0.44814814814814813
3 0.8039930555555556 0.5237654320987654 0.8107638888888888 0.5253086419753087 0.8131944444444444 0.5228395061728395 0.8137152777777777 0.5188271604938272 0.8131944444444444 0.5117283950617284 0.8119791666666666 0.5083333333333333 0.8069444444444444 0.5083333333333333 0.8045138888888889 0.5095679012345679 0.8038194444444444 0.5111111111111111 0.8034722222222221 0.519753086419753 0.8039930555555556 0.5237654320987654
3 0.14947916666666666 0.8830246913580246 0.15 0.8910493827160494 0.15104166666666666 0.8944444444444444 0.1545138888888889 0.8938271604938272 0.1564236111111111 0.8876543209876543 0.15815972222222222 0.8842592592592593 0.16024305555555554 0.8743827160493828 0.16336805555555556 0.8682098765432099 0.16527777777777775 0.8666666666666666 0.16961805555555554 0.8601851851851853 0.1706597222222222 0.8574074074074074 0.1720486111111111 0.8570987654320987 0.1734375 0.8537037037037037 0.17552083333333335 0.8527777777777777 0.1763888888888889 0.85 0.1800347222222222 0.8493827160493828 0.1828125 0.8462962962962963 0.18368055555555554 0.8333333333333334 0.1842013888888889 0.83179012345679 0.1840277777777778 0.8253086419753086 0.18194444444444444 0.8240740740740741 0.17760416666666665 0.8277777777777778 0.1784722222222222 0.8324074074074075 0.1800347222222222 0.8348765432098766 0.18020833333333333 0.8419753086419753 0.17777777777777778 0.8447530864197531 0.175 0.85 0.171875 0.8512345679012346 0.17083333333333334 0.8540123456790124 0.16822916666666665 0.8555555555555556 0.16770833333333335 0.8574074074074074 0.16597222222222222 0.858641975308642 0.1546875 0.8589506172839506 0.15069444444444444 0.8657407407407407 0.15 0.8694444444444445 0.15 0.8799382716049382 0.14947916666666666 0.8830246913580246
3 0.4140625 0.5691358024691359 0.4166666666666667 0.5688271604938271 0.4189236111111111 0.5657407407407408 0.4201388888888889 0.5611111111111111 0.4204861111111111 0.553395061728395 0.4189236111111111 0.5499999999999999 0.4149305555555556 0.5487654320987654 0.4131944444444444 0.5509259259259259 0.4116319444444444 0.5570987654320988 0.4116319444444444 0.5675925925925925 0.4140625 0.5691358024691359
3 0.6074652777777778 0.7685185185185185 0.614236111111111 0.775 0.615625 0.7777777777777778 0.6159722222222221 0.7799382716049382 0.6197916666666666 0.7848765432098765 0.6215277777777778 0.7842592592592593 0.6246527777777777 0.7799382716049382 0.6262152777777777 0.7759259259259259 0.6262152777777777 0.7679012345679013 0.6269097222222222 0.7641975308641975 0.6265625 0.7435185185185185 0.6232638888888888 0.7333333333333334 0.6123263888888888 0.733641975308642 0.6095486111111111 0.7311728395061728 0.6081597222222221 0.7317901234567901 0.6072916666666666 0.733641975308642 0.6074652777777778 0.7385802469135803 0.6067708333333334 0.7481481481481481 0.6057291666666667 0.7518518518518519 0.6057291666666667 0.7651234567901234 0.6074652777777778 0.7685185185185185
3 0.6060763888888888 0.7194444444444444 0.6076388888888888 0.7160493827160493 0.6078125 0.7132716049382716 0.606423611111111 0.7098765432098766 0.6050347222222222 0.7098765432098766 0.6048611111111112 0.7141975308641975 0.6060763888888888 0.7194444444444444