4 0.6116319444444444 0.6290123456790124 0.6114583333333333 0.6339506172839506 0.6104166666666666 0.6373456790123456 0.6102430555555556 0.6518518518518519 0.6119791666666666 0.6617283950617284 0.6128472222222222 0.6709876543209877 0.6144097222222222 0.6756172839506173 0.6147569444444444 0.6830246913580247 0.615798611111111 0.688888888888889 0.615625 0.6947530864197531 0.6144097222222222 0.6990740740740741 0.6126736111111112 0.7182098765432099 0.6128472222222222 0.7234567901234568 0.6145833333333334 0.7296296296296296 0.615625 0.7370370370370369 0.6151041666666666 0.7524691358024691 0.615625 0.7549382716049382 0.6159722222222221 0.7703703703703704 0.6175347222222222 0.7799382716049382 0.6194444444444444 0.7845679012345679 0.6217013888888888 0.7864197530864198 0.6258680555555556 0.7879629629629629 0.6272569444444444 0.7895061728395062 0.6279513888888888 0.7938271604938272 0.6295138888888888 0.7969135802469135 0.6328125 0.811111111111111 0.6361111111111112 0.8200617283950616 0.6369791666666667 0.825925925925926 0.6390625 0.832716049382716 0.6399305555555556 0.8410493827160493 0.6420138888888888 0.8450617283950618 0.6421875 0.8493827160493828 0.6439236111111112 0.8524691358024691 0.6446180555555555 0.8552469135802468 0.6440972222222222 0.8799382716049382 0.6460069444444444 0.8938271604938272 0.6475694444444444 0.8975308641975309 0.6513888888888888 0.9018518518518519 0.6545138888888888 0.9024691358024691 0.65625 0.9052469135802469 0.6609375 0.9092592592592593 0.6734375 0.9135802469135803 0.6850694444444444 0.9157407407407407 0.6935763888888888 0.9141975308641975 0.7149305555555555 0.9179012345679012 0.725 0.9169753086419753 0.7293402777777778 0.9148148148148147 0.731423611111111 0.9114197530864198 0.7333333333333334 0.8987654320987654 0.7326388888888888 0.8660493827160494 0.7309027777777778 0.8552469135802468 0.7274305555555556 0.842283950617284 0.7272569444444444 0.8395061728395062 0.7208333333333333 0.8179012345679012 0.7185763888888889 0.807716049382716 0.7185763888888889 0.8040123456790123 0.7213541666666666 0.8003086419753087 0.7225694444444444 0.7972222222222222 0.7230902777777778 0.7925925925925925 0.7223958333333333 0.7895061728395062 0.7213541666666666 0.7882716049382715 0.7203125 0.7873456790123456 0.7166666666666666 0.7882716049382715 0.7140624999999999 0.7845679012345679 0.7125 0.7790123456790122 0.7121527777777777 0.7756172839506172 0.7112847222222222 0.7737654320987654 0.7107638888888889 0.7691358024691358 0.7064236111111112 0.7555555555555555 0.7064236111111112 0.7518518518518519 0.7086805555555555 0.7382716049382716 0.709548611111111 0.7240740740740741 0.7104166666666666 0.7194444444444444 0.7112847222222222 0.6996913580246913 0.7123263888888888 0.695679012345679 0.7128472222222222 0.6777777777777778 0.7116319444444444 0.6719135802469135 0.7083333333333334 0.6669753086419753 0.7059027777777778 0.6604938271604938 0.7055555555555556 0.6580246913580247 0.7010416666666666 0.6496913580246914 0.6925347222222222 0.6302469135802469 0.6914930555555555 0.629320987654321 0.6894097222222222 0.6234567901234568 0.6878472222222222 0.6219135802469137 0.6857638888888888 0.6160493827160494 0.6848958333333334 0.6154320987654321 0.68125 0.6080246913580247 0.6809027777777777 0.6061728395061728 0.6786458333333334 0.6021604938271605 0.6763888888888888 0.6003086419753086 0.6713541666666666 0.5981481481481481 0.6614583333333334 0.596604938271605 0.6581597222222222 0.5950617283950618 0.6319444444444444 0.5935185185185184 0.6199652777777778 0.5916666666666667 0.6171875 0.5929012345679012 0.6151041666666666 0.5950617283950618 0.6128472222222222 0.6018518518518519 0.6126736111111112 0.6231481481481481 0.6116319444444444 0.6290123456790124
1 0.4774305555555556 0.6913580246913581 0.4782986111111111 0.6987654320987654 0.4791666666666667 0.7015432098765432 0.4795138888888889 0.7098765432098766 0.48038194444444443 0.7151234567901235 0.48072916666666665 0.7324074074074074 0.4819444444444444 0.7382716049382716 0.484375 0.7425925925925926 0.4878472222222222 0.7462962962962962 0.4925347222222222 0.7462962962962962 0.49635416666666665 0.7490740740740741 0.5041666666666667 0.7512345679012346 0.5149305555555556 0.7524691358024691 0.5307291666666667 0.7521604938271605 0.5387152777777777 0.7490740740740741 0.5416666666666666 0.7450617283950618 0.5427083333333333 0.7388888888888888 0.5434027777777778 0.7070987654320987 0.5418402777777778 0.6987654320987654 0.5414930555555555 0.692283950617284 0.5397569444444444 0.6845679012345679 0.5387152777777777 0.682716049382716 0.5381944444444444 0.6719135802469135 0.5390625 0.6703703703703704 0.5427083333333333 0.6679012345679012 0.5439236111111111 0.6645061728395062 0.5434027777777778 0.6617283950617284 0.5421874999999999 0.6601851851851852 0.5375 0.6586419753086419 0.5357638888888888 0.6561728395061728 0.5315972222222223 0.6404320987654322 0.5295138888888888 0.6280864197530863 0.5286458333333334 0.6271604938271605 0.5267361111111111 0.6209876543209876 0.5260416666666666 0.616358024691358 0.5236111111111111 0.608641975308642 0.5201388888888888 0.6012345679012346 0.5157986111111111 0.5981481481481481 0.5097222222222222 0.5969135802469135 0.4979166666666667 0.596604938271605 0.4909722222222222 0.5981481481481481 0.4873263888888889 0.6021604938271605 0.4845486111111111 0.6083333333333334 0.48072916666666665 0.612962962962963 0.4795138888888889 0.616358024691358 0.4791666666666667 0.6246913580246913 0.4770833333333333 0.6354938271604937 0.4765625 0.641358024691358 0.4758680555555555 0.6583333333333333 0.4774305555555556 0.6913580246913581
1 0.2170138888888889 0.39166666666666666 0.21770833333333334 0.379320987654321 0.2171875 0.3728395061728395 0.21614583333333334 0.37345679012345684 0.2137152777777778 0.37808641975308643 0.21354166666666666 0.3910493827160494 0.2170138888888889 0.39166666666666666
1 0.2407986111111111 0.35555555555555557 0.2407986111111111 0.3617283950617284 0.24010416666666665 0.36574074074074076 0.24010416666666665 0.37037037037037035 0.2388888888888889 0.37407407407407406 0.2394097222222222 0.3768518518518519 0.24010416666666665 0.39382716049382716 0.240625 0.39537037037037037 0.24166666666666664 0.39598765432098765 0.2449652777777778 0.39444444444444443 0.24600694444444443 0.39043209876543206 0.24618055555555554 0.38641975308641974 0.24809027777777778 0.38179012345679014 0.24965277777777775 0.38364197530864197 0.25277777777777777 0.38364197530864197 0.2548611111111111 0.379320987654321 0.25503472222222223 0.3728395061728395 0.2543402777777778 0.37006172839506174 0.25364583333333335 0.3567901234567901 0.25190972222222224 0.3524691358024691 0.2482638888888889 0.3490740740740741 0.2467013888888889 0.3487654320987654 0.24131944444444445 0.34814814814814815 0.24027777777777778 0.3490740740740741 0.23975694444444445 0.3509259259259259 0.23975694444444445 0.3530864197530864 0.2407986111111111 0.35555555555555557
1 0.22274305555555554 0.3932098765432099 0.22395833333333334 0.3947530864197531 0.23385416666666664 0.39351851851851855 0.2345486111111111 0.39166666666666666 0.2347222222222222 0.3851851851851852 0.23524305555555555 0.38364197530864197 0.23506944444444444 0.37993827160493826 0.2342013888888889 0.3787037037037037 0.23402777777777775 0.3756172839506173 0.23506944444444444 0.3728395061728395 0.23402777777777775 0.3709876543209876 0.23385416666666664 0.36604938271604937 0.2329861111111111 0.36358024691358026 0.2328125 0.353395061728395 0.2315972222222222 0.34814814814814815 0.2310763888888889 0.3472222222222222 0.22951388888888888 0.3472222222222222 0.22586805555555556 0.3487654320987654 0.22343749999999998 0.353395061728395 0.22256944444444443 0.3608024691358025 0.2220486111111111 0.3891975308641975 0.22274305555555554 0.3932098765432099
4 0.4427083333333333 0.3666666666666667 0.4600694444444444 0.3669753086419753 0.4635416666666667 0.37006172839506174 0.4657986111111111 0.36759259259259264 0.4664930555555556 0.3632716049382716 0.4664930555555556 0.34969135802469137 0.4659722222222222 0.3469135802469136 0.4664930555555556 0.3382716049382716 0.4612847222222222 0.32685185185185184 0.4574652777777778 0.3243827160493827 0.44635416666666666 0.32469135802469135 0.4427083333333333 0.33209876543209876 0.44166666666666665 0.3358024691358025 0.44149305555555557 0.35833333333333334 0.4427083333333333 0.3666666666666667
5 0.5418402777777778 0.4361111111111111 0.5428819444444444 0.4391975308641975 0.5439236111111111 0.4398148148148148 0.546875 0.4447530864197531 0.5727430555555555 0.44907407407407407 0.5746527777777778 0.44876543209876546 0.5770833333333333 0.4425925925925926 0.5772569444444444 0.42839506172839503 0.5760416666666667 0.4225308641975309 0.5765625 0.41450617283950614 0.5730902777777778 0.4104938271604939 0.5715277777777777 0.40432098765432095 0.5685763888888888 0.39845679012345675 0.5644097222222222 0.39413580246913577 0.5609375 0.3929012345679012 0.5526041666666667 0.3929012345679012 0.545486111111111 0.3972222222222222 0.5425347222222222 0.4024691358024692 0.5411458333333333 0.41358024691358025 0.5401041666666666 0.4172839506172839 0.5401041666666666 0.4280864197530864 0.5418402777777778 0.4361111111111111
4 0.4972222222222222 0.283641975308642 0.49809027777777776 0.29074074074074074 0.5057291666666667 0.2932098765432099 0.5121527777777778 0.29012345679012347 0.5133680555555555 0.279320987654321 0.5133680555555555 0.2722222222222222 0.5128472222222222 0.26882716049382716 0.5121527777777778 0.2679012345679012 0.5085069444444444 0.2657407407407407 0.5017361111111112 0.2648148148148148 0.4972222222222222 0.2669753086419753 0.49496527777777777 0.27098765432098765 0.4947916666666667 0.27685185185185185 0.4972222222222222 0.283641975308642
0 0.4692708333333333 0.3274691358024691 0.4704861111111111 0.3308641975308642 0.47274305555555557 0.32839506172839505 0.4777777777777778 0.3280864197530864 0.48072916666666665 0.32962962962962966 0.4868055555555555 0.3308641975308642 0.4913194444444444 0.33487654320987653 0.4947916666666667 0.3305555555555556 0.4958333333333333 0.325 0.49618055555555557 0.30925925925925923 0.4970486111111111 0.2975308641975309 0.4965277777777778 0.2851851851851852 0.4958333333333333 0.28086419753086417 0.4947916666666667 0.27839506172839507 0.49027777777777776 0.27345679012345675 0.4880208333333333 0.2679012345679012 0.4845486111111111 0.266358024691358 0.4782986111111111 0.266358024691358 0.4737847222222222 0.2648148148148148 0.47031249999999997 0.26851851851851855 0.4692708333333333 0.27499999999999997 0.4684027777777778 0.29074074074074074 0.4673611111111111 0.2962962962962963 0.4675347222222222 0.3185185185185185 0.4692708333333333 0.3274691358024691
4 0.7901041666666666 0.8003086419753087 0.7961805555555556 0.807716049382716 0.8050347222222222 0.8126543209876543 0.8140625 0.820679012345679 0.8201388888888889 0.8231481481481482 0.8241319444444444 0.825925925925926 0.8305555555555556 0.8274691358024691 0.8335069444444444 0.8293209876543209 0.8473958333333333 0.8324074074074075 0.8487847222222222 0.8342592592592593 0.8491319444444444 0.8379629629629629 0.8526041666666666 0.8419753086419753 0.8565972222222222 0.842283950617284 0.8590277777777777 0.8401234567901235 0.8612847222222222 0.8354938271604938 0.8630208333333333 0.828395061728395 0.8651041666666666 0.8117283950617284 0.8673611111111111 0.8052469135802469 0.8703124999999999 0.8003086419753087 0.8711805555555555 0.7956790123456791 0.8737847222222221 0.7913580246913581 0.8769097222222222 0.7879629629629629 0.8831597222222222 0.7771604938271606 0.8873263888888888 0.7762345679012346 0.8899305555555556 0.7780864197530865 0.8914930555555556 0.7780864197530865 0.8942708333333333 0.7768518518518519 0.8946180555555555 0.7759259259259259 0.8963541666666666 0.7669753086419753 0.9010416666666666 0.7537037037037038 0.9012152777777778 0.7487654320987653 0.9024305555555555 0.7419753086419753 0.9074652777777777 0.725925925925926 0.9100694444444444 0.7129629629629629 0.9102430555555555 0.7024691358024691 0.9107638888888888 0.6993827160493827 0.912673611111111 0.6910493827160493 0.9149305555555556 0.6854938271604938 0.9154513888888888 0.6719135802469135 0.9178819444444444 0.657716049382716 0.9180555555555555 0.6462962962962963 0.9168402777777778 0.6407407407407407 0.9131944444444444 0.6367283950617284 0.9078125 0.6333333333333334 0.8947916666666667 0.6287037037037038 0.8902777777777777 0.6259259259259259 0.884375 0.6243827160493828 0.8826388888888889 0.6228395061728395 0.8753472222222222 0.6212962962962962 0.8680555555555556 0.6179012345679012 0.8663194444444444 0.6160493827160494 0.8619791666666666 0.6148148148148148 0.8586805555555556 0.6148148148148148 0.8557291666666667 0.6160493827160494 0.8548611111111112 0.6179012345679012 0.8496527777777778 0.6228395061728395 0.8461805555555556 0.6277777777777778 0.8442708333333333 0.6290123456790124 0.8427083333333334 0.6317901234567901 0.8376736111111112 0.6364197530864197 0.832986111111111 0.6435185185185185 0.8315972222222222 0.6441358024691358 0.8279513888888889 0.6484567901234568 0.8244791666666667 0.6546296296296297 0.8213541666666666 0.6651234567901234 0.8203125 0.6780864197530865 0.8206597222222222 0.6895061728395062 0.8201388888888889 0.6925925925925925 0.8142361111111112 0.7018518518518518 0.8107638888888888 0.7089506172839506 0.8074652777777778 0.707716049382716 0.8055555555555556 0.7058641975308642 0.803298611111111 0.7058641975308642 0.8022569444444444 0.7070987654320987 0.8022569444444444 0.7120370370370371 0.8034722222222221 0.7175925925925926 0.8046875 0.7200617283950618 0.8043402777777777 0.7237654320987654 0.796875 0.7370370370370369 0.7901041666666666 0.7518518518518519 0.7864583333333334 0.7719135802469135 0.7864583333333334 0.79320987654321 0.7901041666666666 0.8003086419753087
4 0.4996527777777778 0.40030864197530863 0.4993055555555555 0.408641975308642 0.49982638888888886 0.41358024691358025 0.4987847222222222 0.4327160493827161 0.5 0.441358024691358 0.5050347222222222 0.458641975308642 0.5098958333333333 0.4589506172839506 0.5144097222222223 0.46049382716049386 0.5260416666666666 0.4611111111111111 0.5326388888888889 0.4641975308641975 0.5364583333333334 0.4641975308641975 0.5380208333333333 0.458641975308642 0.5385416666666666 0.4524691358024691 0.5385416666666666 0.44320987654320987 0.5368055555555555 0.43179012345679013 0.5368055555555555 0.4277777777777778 0.5375 0.4246913580246914 0.5373263888888888 0.42191358024691356 0.5345486111111111 0.416358024691358 0.5340277777777778 0.4111111111111111 0.5331597222222222 0.4083333333333333 0.5333333333333333 0.40154320987654324 0.5343749999999999 0.39783950617283953 0.5345486111111111 0.3929012345679012 0.5336805555555555 0.3873456790123457 0.5314236111111111 0.3808641975308642 0.5293402777777777 0.37777777777777777 0.5281250000000001 0.3808641975308642 0.5272569444444445 0.38827160493827156 0.5255208333333333 0.39043209876543206 0.5116319444444445 0.3895061728395061 0.5052083333333334 0.3854938271604938 0.5015624999999999 0.3756172839506173 0.5 0.37777777777777777 0.4991319444444444 0.38827160493827156 0.4991319444444444 0.3975308641975308 0.4996527777777778 0.40030864197530863
0 0.44809027777777777 0.23425925925925928 0.44947916666666665 0.23549382716049383 0.4527777777777778 0.23580246913580247 0.4583333333333333 0.23518518518518516 0.4595486111111111 0.23148148148148148 0.4600694444444444 0.225 0.4600694444444444 0.21574074074074076 0.4586805555555556 0.21018518518518517 0.4557291666666667 0.20617283950617282 0.4506944444444444 0.20617283950617282 0.44947916666666665 0.20709876543209876 0.4482638888888889 0.21018518518518517 0.4479166666666667 0.21512345679012346 0.4475694444444444 0.23209876543209876 0.44809027777777777 0.23425925925925928
6 0.43559027777777776 0.27253086419753086 0.4465277777777778 0.2728395061728395 0.4472222222222222 0.26882716049382716 0.4472222222222222 0.24290123456790125 0.4465277777777778 0.23703703703703705 0.44375 0.23487654320987655 0.4395833333333333 0.2339506172839506 0.4362847222222222 0.23487654320987655 0.434375 0.23703703703703705 0.434375 0.2697530864197531 0.43559027777777776 0.27253086419753086
6 0.46684027777777776 0.23827160493827163 0.4704861111111111 0.23981481481481481 0.4791666666666667 0.23950617283950618 0.48038194444444443 0.23827160493827163 0.48055555555555557 0.22746913580246914 0.4814236111111111 0.220679012345679 0.4809027777777778 0.21419753086419752 0.4786458333333333 0.21018518518518517 0.47638888888888886 0.20925925925925928 0.4732638888888889 0.20925925925925928 0.4704861111111111 0.2111111111111111 0.46875 0.21358024691358024 0.4684027777777778 0.2175925925925926 0.46684027777777776 0.22191358024691357 0.4663194444444444 0.22592592592592592 0.4661458333333333 0.2330246913580247 0.46684027777777776 0.23827160493827163
3 0.7418402777777777 0.5441358024691358 0.7388888888888888 0.5574074074074074 0.7383680555555555 0.5641975308641975 0.7390625 0.5685185185185185 0.740625 0.571604938271605 0.7463541666666667 0.5750000000000001 0.7489583333333334 0.5750000000000001 0.7515625 0.5731481481481482 0.7550347222222222 0.5722222222222222 0.7597222222222222 0.5731481481481482 0.7647569444444444 0.5765432098765432 0.7690972222222222 0.582716049382716 0.772048611111111 0.5839506172839506 0.7765624999999999 0.5836419753086419 0.7795138888888888 0.5787037037037037 0.7803819444444444 0.5740740740740741 0.7795138888888888 0.5496913580246914 0.7732638888888889 0.5453703703703704 0.7694444444444444 0.5404320987654321 0.7684027777777778 0.5404320987654321 0.7666666666666666 0.5425925925925926 0.7659722222222222 0.5481481481481482 0.7645833333333334 0.5506172839506173 0.7618055555555555 0.5521604938271605 0.7581597222222222 0.5469135802469135 0.7557291666666666 0.5462962962962963 0.7536458333333333 0.5438271604938272 0.7532986111111112 0.5391975308641975 0.7550347222222222 0.5314814814814814 0.754861111111111 0.528395061728395 0.7536458333333333 0.5256172839506172 0.7513888888888888 0.5249999999999999 0.747048611111111 0.5212962962962963 0.74375 0.520679012345679 0.7413194444444444 0.5212962962962963 0.7397569444444444 0.5262345679012346 0.7397569444444444 0.5342592592592592 0.7418402777777777 0.5441358024691358