8 0.2755208333333333 0.49583333333333335 0.29609375000000004 0.49583333333333335 0.29921875000000003 0.48981481481481487 0.30364583333333334 0.4861111111111111 0.3052083333333333 0.48101851851851857 0.3057291666666667 0.45972222222222225 0.30312500000000003 0.44953703703703707 0.2994791666666667 0.4444444444444444 0.29270833333333335 0.4435185185185186 0.2833333333333333 0.44675925925925924 0.27786458333333336 0.45277777777777783 0.2755208333333333 0.45925925925925926 0.27499999999999997 0.46481481481481485 0.2747395833333333 0.4944444444444445 0.2755208333333333 0.49583333333333335
8 0.2947916666666667 0.44259259259259265 0.3013020833333333 0.44537037037037036 0.3049479166666667 0.45277777777777783 0.3067708333333333 0.4601851851851852 0.3106770833333333 0.45972222222222225 0.3177083333333333 0.45092592592592595 0.3177083333333333 0.43703703703703706 0.3145833333333333 0.42824074074074076 0.31223958333333335 0.4180555555555556 0.3002604166666667 0.4180555555555556 0.29661458333333335 0.42083333333333334 0.29348958333333336 0.42824074074074076 0.29375 0.44074074074074077 0.2947916666666667 0.44259259259259265
8 0.46328125000000003 0.3712962962962963 0.4690104166666667 0.37222222222222223 0.47161458333333334 0.3712962962962963 0.47265625 0.3694444444444445 0.47239583333333335 0.3555555555555556 0.4708333333333333 0.35185185185185186 0.4669270833333333 0.34953703703703703 0.46484375 0.35000000000000003 0.46328125000000003 0.3513888888888889 0.4627604166666667 0.3546296296296297 0.4625 0.3652777777777778 0.46328125000000003 0.3712962962962963
1 0.37578125 0.5407407407407407 0.3989583333333333 0.5398148148148149 0.40078125000000003 0.5365740740740741 0.4018229166666667 0.5078703703703704 0.40130208333333334 0.5055555555555555 0.3958333333333333 0.49722222222222223 0.3833333333333333 0.4962962962962963 0.3796875 0.4981481481481482 0.3760416666666667 0.5050925925925926 0.3731770833333333 0.5194444444444445 0.3736979166666667 0.5365740740740741 0.37578125 0.5407407407407407
5 0.32578125 0.8412037037037038 0.3276041666666667 0.8481481481481482 0.3291666666666667 0.8500000000000001 0.3346354166666667 0.8527777777777779 0.3510416666666667 0.8541666666666666 0.3692708333333333 0.8527777777777779 0.37421875 0.8500000000000001 0.3770833333333333 0.8453703703703704 0.37864583333333335 0.838425925925926 0.3791666666666667 0.8069444444444445 0.3802083333333333 0.8023148148148148 0.38203125 0.776388888888889 0.38203125 0.7583333333333334 0.3828125 0.7550925925925926 0.38203125 0.7486111111111112 0.37890625 0.7412037037037038 0.3763020833333333 0.737962962962963 0.3638020833333333 0.7351851851851853 0.3416666666666667 0.7375 0.33828125000000003 0.7398148148148148 0.3346354166666667 0.7467592592592593 0.3302083333333333 0.7481481481481482 0.3296875 0.751388888888889 0.3328125 0.7555555555555556 0.3330729166666667 0.7592592592592593 0.3315104166666667 0.763425925925926 0.328125 0.7828703703703704 0.3263020833333333 0.801388888888889 0.3244791666666667 0.8101851851851852 0.32421875 0.8263888888888888 0.32578125 0.8412037037037038
1 0.32109375 0.5787037037037037 0.3229166666666667 0.5824074074074075 0.3244791666666667 0.5833333333333334 0.328125 0.5791666666666667 0.3393229166666667 0.5787037037037037 0.3489583333333333 0.5805555555555556 0.3526041666666667 0.5736111111111112 0.3557291666666667 0.5611111111111111 0.35625 0.5375000000000001 0.35234375 0.5319444444444444 0.3489583333333333 0.5291666666666667 0.3453125 0.5282407407407408 0.328125 0.5310185185185186 0.3247395833333333 0.5407407407407407 0.3216145833333333 0.5569444444444445 0.3208333333333333 0.5750000000000001 0.32109375 0.5787037037037037
1 0.4427083333333333 0.475925925925926 0.45677083333333335 0.4763888888888889 0.45989583333333334 0.47500000000000003 0.4611979166666667 0.46666666666666673 0.4609375 0.45972222222222225 0.46015625 0.4541666666666667 0.4565104166666667 0.44259259259259265 0.4533854166666667 0.44120370370370376 0.44453125 0.44212962962962965 0.4424479166666667 0.44583333333333336 0.44114583333333335 0.45231481481481484 0.4408854166666667 0.4703703703703704 0.4427083333333333 0.475925925925926
4 0.36291171875 0.44074074074074077 0.3634325520833333 0.4486111111111111 0.3657763020833333 0.45277777777777783 0.3696825520833333 0.450462962962963 0.38088046875 0.45092592592592595 0.38166171875 0.44907407407407407 0.3821825520833333 0.42592592592592593 0.3814013020833333 0.4222222222222222 0.3780158854166667 0.4180555555555556 0.36994296875 0.4171296296296297 0.3665575520833333 0.41898148148148145 0.36134921875 0.43287037037037035 0.3610888020833333 0.4361111111111111 0.36291171875 0.44074074074074077
4 0.478125 0.39675925925925926 0.4807291666666667 0.40370370370370373 0.49140625 0.40416666666666673 0.49296875 0.40231481481481485 0.4932291666666667 0.3962962962962963 0.4921875 0.38703703703703707 0.4901041666666667 0.3819444444444444 0.4877604166666667 0.38009259259259265 0.48333333333333334 0.38009259259259265 0.4809895833333333 0.3819444444444444 0.4791666666666667 0.3861111111111111 0.478125 0.38981481481481484 0.478125 0.39675925925925926
1 0.3177083333333333 0.4365740740740741 0.328125 0.4375 0.3315104166666667 0.4324074074074074 0.33125 0.4217592592592593 0.3268229166666667 0.412962962962963 0.3234375 0.41250000000000003 0.3177083333333333 0.41435185185185186 0.3138020833333333 0.4180555555555556 0.3138020833333333 0.42685185185185187 0.3177083333333333 0.4365740740740741
1 0.28125 0.550462962962963 0.28281249999999997 0.5606481481481482 0.2864583333333333 0.5606481481481482 0.2890625 0.5574074074074075 0.29296875 0.5560185185185186 0.3002604166666667 0.5560185185185186 0.3033854166666667 0.5578703703703703 0.30703125000000003 0.5578703703703703 0.31328125 0.5425925925925926 0.3138020833333333 0.5287037037037037 0.3106770833333333 0.5208333333333334 0.3072916666666667 0.5175925925925926 0.3020833333333333 0.5152777777777778 0.29322916666666665 0.5152777777777778 0.28932291666666665 0.5175925925925926 0.28567708333333336 0.5231481481481481 0.28203125 0.5361111111111112 0.28125 0.5402777777777777 0.28125 0.550462962962963
8 0.4669270833333333 0.43009259259259264 0.4682291666666667 0.43703703703703706 0.4700520833333333 0.4393518518518519 0.48411458333333335 0.43888888888888894 0.4848958333333333 0.4361111111111111 0.48515625 0.425462962962963 0.48411458333333335 0.4171296296296297 0.4817708333333333 0.4087962962962963 0.48046875 0.40648148148148155 0.4747395833333333 0.4046296296296297 0.4705729166666667 0.4046296296296297 0.46848958333333335 0.4074074074074074 0.4669270833333333 0.4212962962962963 0.4669270833333333 0.43009259259259264
1 0.171875 0.6157407407407407 0.17239583333333336 0.626388888888889 0.17395833333333335 0.6337962962962963 0.17526041666666667 0.6361111111111112 0.18229166666666666 0.6407407407407407 0.19635416666666666 0.6407407407407407 0.20338541666666665 0.638425925925926 0.20625000000000002 0.6416666666666666 0.20989583333333334 0.6421296296296297 0.2125 0.625 0.22161458333333334 0.6143518518518519 0.22447916666666667 0.6125 0.22734375 0.6078703703703704 0.22734375 0.5912037037037037 0.22447916666666667 0.5745370370370371 0.21119791666666665 0.5703703703703704 0.19843750000000002 0.5708333333333334 0.19192708333333336 0.5736111111111112 0.18255208333333334 0.5847222222222223 0.17526041666666667 0.5995370370370371 0.17395833333333335 0.6101851851851853 0.171875 0.6157407407407407
1 0 0.8870370370370372 0 0.9462962962962963 0.0015625 0.9462962962962963 0.0054687500000000005 0.9532407407407407 0.00625 0.9587962962962964 0.008593749999999999 0.9652777777777778 0.008593749999999999 0.9750000000000001 0.014322916666666666 0.9768518518518519 0.012760416666666666 0.9805555555555556 0.014583333333333334 0.9842592592592594 0.022135416666666668 0.9847222222222223 0.025520833333333333 0.9875 0.02734375 0.9875 0.03333333333333333 0.9870370370370372 0.03567708333333333 0.9842592592592594 0.03411458333333334 0.9800925925925926 0.03411458333333334 0.975925925925926 0.035937500000000004 0.9736111111111112 0.041666666666666664 0.9722222222222222 0.04401041666666666 0.9685185185185186 0.0453125 0.9564814814814816 0.050520833333333334 0.9472222222222223 0.06640625 0.9125000000000001 0.07447916666666668 0.9027777777777778 0.07630208333333333 0.8962962962962964 0.07864583333333333 0.876388888888889 0.07786458333333333 0.8699074074074075 0.07447916666666668 0.8592592592592594 0.06901041666666667 0.8486111111111112 0.06588541666666667 0.8449074074074074 0.06067708333333334 0.8412037037037038 0.05390625 0.8393518518518519 0.043750000000000004 0.8393518518518519 0.039843750000000004 0.8407407407407409 0.03619791666666667 0.8439814814814816 0.029427083333333333 0.8532407407407407 0.01901041666666667 0.8537037037037037 0.016145833333333335 0.8560185185185185 0.0046875 0.8773148148148148 0.0018229166666666667 0.8865740740740741 0 0.8870370370370372
1 0.4760416666666667 0.8550925925925926 0.47734375 0.8805555555555556 0.47890625000000003 0.8847222222222223 0.48359375 0.8902777777777778 0.4903645833333333 0.8935185185185185 0.5270833333333333 0.8907407407407407 0.5328125 0.8875000000000001 0.5346354166666667 0.8837962962962963 0.5354166666666667 0.876388888888889 0.5354166666666667 0.8439814814814816 0.5294270833333333 0.813888888888889 0.5299479166666666 0.8111111111111112 0.5328125 0.8064814814814816 0.5330729166666667 0.8032407407407407 0.5294270833333333 0.8 0.5270833333333333 0.7949074074074075 0.5223958333333334 0.7740740740740741 0.515625 0.751388888888889 0.5101562500000001 0.7435185185185186 0.5052083333333334 0.7412037037037038 0.4981770833333333 0.7398148148148148 0.4815104166666667 0.7412037037037038 0.47630208333333335 0.7435185185185186 0.47239583333333335 0.7481481481481482 0.4705729166666667 0.7546296296296297 0.46848958333333335 0.7685185185185185 0.4690104166666667 0.8027777777777778 0.4760416666666667 0.8550925925925926
1 0.09869791666666668 0.7537037037037038 0.10130208333333333 0.7583333333333334 0.10911458333333333 0.764351851851852 0.11822916666666668 0.7666666666666667 0.13255208333333335 0.7666666666666667 0.13671875 0.7712962962962964 0.140625 0.7726851851851853 0.14427083333333335 0.7657407407407407 0.14583333333333334 0.7472222222222222 0.1578125 0.7287037037037037 0.16458333333333336 0.7277777777777779 0.16718750000000002 0.7231481481481482 0.16848958333333336 0.7111111111111112 0.16822916666666665 0.6939814814814815 0.16718750000000002 0.6865740740740741 0.16536458333333334 0.6787037037037037 0.16328125000000002 0.675 0.15677083333333336 0.6703703703703704 0.15 0.6694444444444444 0.140625 0.6708333333333334 0.13619791666666667 0.6731481481481482 0.12317708333333333 0.6731481481481482 0.11953125 0.675 0.11588541666666667 0.6787037037037037 0.10052083333333334 0.7027777777777778 0.09895833333333333 0.7078703703703704 0.09739583333333333 0.7222222222222222 0.09765625 0.7490740740740741 0.09869791666666668 0.7537037037037038
1 0.32890625 0.4157407407407408 0.3416666666666667 0.4166666666666667 0.3450520833333333 0.41064814814814815 0.3455729166666667 0.40601851851851856 0.34453125 0.40046296296296297 0.3453125 0.39722222222222225 0.33984375 0.3949074074074075 0.3322916666666667 0.39675925925925926 0.3302083333333333 0.4 0.32786458333333335 0.4078703703703704 0.3276041666666667 0.412962962962963 0.32890625 0.4157407407407408
4 0.23932291666666666 0.5430555555555556 0.24114583333333334 0.5458333333333334 0.24921875000000002 0.5476851851851853 0.2578125 0.5444444444444445 0.265625 0.5453703703703704 0.26875000000000004 0.5365740740740741 0.27265625000000004 0.5333333333333333 0.2747395833333333 0.5296296296296297 0.27578125000000003 0.5120370370370371 0.27421875 0.5060185185185185 0.2690104166666667 0.49953703703703706 0.2638020833333333 0.49722222222222223 0.25156249999999997 0.49722222222222223 0.24791666666666667 0.5 0.24635416666666665 0.5027777777777778 0.24479166666666666 0.5069444444444444 0.24375 0.5152777777777778 0.23776041666666667 0.5273148148148148 0.23776041666666667 0.5375000000000001 0.23932291666666666 0.5430555555555556
4 0.5611979166666666 0.6981481481481482 0.5604166666666667 0.7106481481481481 0.5656249999999999 0.7361111111111112 0.5651041666666666 0.7532407407407408 0.5677083333333334 0.7680555555555556 0.5674479166666667 0.7930555555555556 0.5710937500000001 0.8027777777777778 0.5744791666666667 0.8027777777777778 0.5778645833333333 0.8064814814814816 0.5867187500000001 0.8361111111111112 0.5890624999999999 0.8481481481481482 0.58984375 0.8708333333333335 0.5911458333333334 0.8768518518518519 0.5947916666666666 0.8800925925925926 0.6216145833333334 0.8805555555555556 0.6393229166666666 0.876388888888889 0.6440104166666667 0.8736111111111112 0.6463541666666667 0.8694444444444445 0.6479166666666667 0.8634259259259259 0.6481770833333333 0.8458333333333334 0.6473958333333334 0.838425925925926 0.6440104166666667 0.8231481481481482 0.6390625 0.8078703703703703 0.6390625 0.8037037037037038 0.6419270833333334 0.7962962962962963 0.6419270833333334 0.7925925925925926 0.640625 0.789814814814815 0.63671875 0.7907407407407407 0.6348958333333334 0.7875000000000001 0.63203125 0.7731481481481481 0.6325520833333333 0.7555555555555556 0.634375 0.7370370370370372 0.6346354166666667 0.7129629629629629 0.6335937500000001 0.7069444444444445 0.6299479166666666 0.6972222222222222 0.6127604166666667 0.6625 0.609375 0.6578703703703703 0.6057291666666667 0.6560185185185186 0.5677083333333334 0.6592592592592593 0.5632812500000001 0.6611111111111112 0.5609375000000001 0.6685185185185185 0.5604166666666667 0.6824074074074075 0.5611979166666666 0.6981481481481482
6 0.4786458333333333 0.49583333333333335 0.48020833333333335 0.5125000000000001 0.4838541666666667 0.5287037037037037 0.4921875 0.5282407407407408 0.50390625 0.5305555555555556 0.5075520833333333 0.5291666666666667 0.5085937500000001 0.525925925925926 0.5091145833333334 0.5152777777777778 0.5075520833333333 0.4986111111111111 0.5052083333333334 0.48935185185185187 0.5057291666666667 0.46851851851851856 0.5049479166666667 0.4615740740740741 0.5015625 0.45787037037037037 0.4981770833333333 0.4574074074074075 0.4916666666666667 0.4513888888888889 0.4869791666666667 0.4513888888888889 0.48125 0.4555555555555556 0.47890625000000003 0.4620370370370371 0.478125 0.46620370370370373 0.4786458333333333 0.49583333333333335
6 0.4330729166666667 0.39537037037037037 0.43333333333333335 0.40601851851851856 0.4348958333333333 0.4078703703703704 0.4463541666666667 0.4078703703703704 0.44817708333333334 0.4013888888888889 0.44817708333333334 0.39537037037037037 0.446875 0.38657407407407407 0.4471354166666667 0.3731481481481482 0.4440104166666667 0.3694444444444445 0.4393229166666667 0.3680555555555556 0.4356770833333333 0.3680555555555556 0.4338541666666667 0.3731481481481482 0.434375 0.387962962962963 0.4330729166666667 0.39537037037037037