6 0.4585069444444444 0.5638888888888889 0.4576388888888889 0.5688271604938271 0.4565972222222222 0.5703703703703704 0.4536458333333333 0.5808641975308642 0.4536458333333333 0.5944444444444444 0.4545138888888889 0.6061728395061728 0.45642361111111107 0.6114197530864197 0.46076388888888886 0.6126543209876544 0.4638888888888889 0.6108024691358025 0.46875 0.6095679012345678 0.48767361111111107 0.6101851851851853 0.4899305555555556 0.6061728395061728 0.4911458333333333 0.6021604938271605 0.4925347222222222 0.5929012345679012 0.4970486111111111 0.5845679012345679 0.4973958333333333 0.5820987654320988 0.4982638888888889 0.5808641975308642 0.4984375 0.5746913580246913 0.4994791666666667 0.571604938271605 0.49982638888888886 0.5669753086419753 0.4996527777777778 0.5462962962962963 0.5019097222222222 0.5345679012345679 0.5024305555555555 0.512962962962963 0.5019097222222222 0.5083333333333333 0.4982638888888889 0.5061728395061729 0.4942708333333333 0.5061728395061729 0.4888888888888889 0.5046296296296297 0.4765625 0.5049382716049382 0.4708333333333333 0.5083333333333333 0.46979166666666666 0.5095679012345679 0.4684027777777778 0.5141975308641975 0.4675347222222222 0.5148148148148148 0.4626736111111111 0.5256172839506172 0.4626736111111111 0.5481481481481482 0.4618055555555556 0.5537037037037037 0.4600694444444444 0.5564814814814815 0.4560763888888889 0.5561728395061728 0.4557291666666667 0.5570987654320988 0.4560763888888889 0.5611111111111111 0.4585069444444444 0.5638888888888889
6 0.49322916666666666 0.3506172839506173 0.4947916666666667 0.35185185185185186 0.4970486111111111 0.35154320987654325 0.4994791666666667 0.3493827160493827 0.5003472222222223 0.3416666666666667 0.5001736111111111 0.3395061728395061 0.4989583333333333 0.337037037037037 0.49548611111111107 0.33641975308641975 0.49322916666666666 0.3385802469135802 0.4927083333333333 0.34074074074074073 0.4925347222222222 0.3493827160493827 0.49322916666666666 0.3506172839506173
8 0.6243055555555556 0.44598765432098764 0.6230902777777778 0.45185185185185184 0.6229166666666666 0.45679012345679015 0.623611111111111 0.4608024691358025 0.6246527777777777 0.46265432098765435 0.6270833333333333 0.4638888888888889 0.6307291666666666 0.462037037037037 0.6411458333333333 0.46543209876543207 0.6444444444444444 0.46543209876543207 0.6456597222222222 0.4638888888888889 0.6467013888888888 0.4478395061728395 0.6461805555555555 0.43209876543209874 0.6442708333333333 0.42407407407407405 0.6418402777777777 0.4197530864197531 0.6388888888888888 0.4175925925925926 0.6348958333333333 0.4166666666666667 0.6296875 0.4166666666666667 0.6282986111111112 0.4175925925925926 0.6272569444444444 0.41851851851851857 0.6267361111111112 0.42037037037037034 0.6253472222222222 0.4330246913580247 0.6237847222222221 0.4354938271604938 0.6243055555555556 0.4385802469135803 0.6243055555555556 0.44598765432098764
1 0.36041666666666666 0.8243827160493827 0.3602430555555556 0.8293209876543209 0.3597222222222222 0.8308641975308642 0.3602430555555556 0.8358024691358025 0.35920138888888886 0.8391975308641975 0.3590277777777778 0.8496913580246913 0.3578125 0.857716049382716 0.3578125 0.8626543209876544 0.3598958333333333 0.8700617283950618 0.3623263888888889 0.8731481481481481 0.3685763888888889 0.8734567901234568 0.3763888888888889 0.8712962962962962 0.3828125 0.8731481481481481 0.3909722222222222 0.8731481481481481 0.3975694444444444 0.8762345679012346 0.4015625 0.8765432098765432 0.4041666666666667 0.878395061728395 0.40781249999999997 0.879320987654321 0.4203125 0.879320987654321 0.425 0.8762345679012346 0.4274305555555556 0.8700617283950618 0.4288194444444444 0.8632716049382716 0.4303819444444444 0.8382716049382716 0.4342013888888889 0.8191358024691359 0.4348958333333333 0.8169753086419753 0.43732638888888886 0.8135802469135802 0.4432291666666667 0.8089506172839506 0.4465277777777778 0.8003086419753087 0.4477430555555555 0.7885802469135803 0.4479166666666667 0.7712962962962963 0.4472222222222222 0.7549382716049382 0.4460069444444444 0.7401234567901235 0.4449652777777778 0.7339506172839506 0.4430555555555556 0.7274691358024691 0.4388888888888889 0.721604938271605 0.4345486111111111 0.7132716049382716 0.4288194444444444 0.7098765432098766 0.4159722222222222 0.7083333333333334 0.4067708333333333 0.7092592592592593 0.4006944444444444 0.7123456790123457 0.3986111111111111 0.7151234567901235 0.3970486111111111 0.7157407407407407 0.3954861111111111 0.7185185185185184 0.3935763888888889 0.7197530864197531 0.3920138888888889 0.7234567901234568 0.3894097222222222 0.7271604938271605 0.3890625 0.7290123456790124 0.3862847222222222 0.7339506172839506 0.3848958333333333 0.7385802469135803 0.3831597222222222 0.741358024691358 0.3824652777777778 0.7447530864197531 0.3810763888888889 0.7472222222222222 0.3796875 0.7478395061728395 0.3746527777777778 0.7716049382716049 0.3732638888888889 0.774074074074074 0.3663194444444444 0.7722222222222223 0.3647569444444444 0.775 0.3645833333333333 0.7799382716049382 0.3663194444444444 0.7842592592592593 0.3680555555555556 0.7858024691358024 0.3680555555555556 0.7907407407407407 0.3657986111111111 0.7956790123456791 0.3644097222222222 0.8040123456790123 0.3616319444444444 0.8117283950617284 0.36093749999999997 0.8154320987654321 0.35920138888888886 0.8191358024691359 0.359375 0.8228395061728394 0.36041666666666666 0.8243827160493827
5 0.17708333333333334 0.9070987654320988 0.1784722222222222 0.9104938271604938 0.18385416666666665 0.9135802469135803 0.20989583333333334 0.9141975308641975 0.21232638888888888 0.9157407407407407 0.2185763888888889 0.9163580246913581 0.2309027777777778 0.9160493827160494 0.23993055555555554 0.9126543209876543 0.24756944444444445 0.9064814814814816 0.25190972222222224 0.9049382716049382 0.2532986111111111 0.9024691358024691 0.2552083333333333 0.9009259259259259 0.25677083333333334 0.8975308641975309 0.2586805555555556 0.8910493827160494 0.2609375 0.8790123456790124 0.2644097222222222 0.8722222222222222 0.26684027777777775 0.8697530864197531 0.2678819444444444 0.8669753086419753 0.2730902777777778 0.8592592592592593 0.2779513888888889 0.8469135802469135 0.28524305555555557 0.8333333333333334 0.2890625 0.8287037037037037 0.29461805555555554 0.825925925925926 0.2980902777777778 0.821604938271605 0.3005208333333333 0.8114197530864197 0.3020833333333333 0.7888888888888889 0.3036458333333333 0.779320987654321 0.3036458333333333 0.7722222222222223 0.3029513888888889 0.7669753086419753 0.30086805555555557 0.7589506172839506 0.3005208333333333 0.7537037037037038 0.2993055555555555 0.7487654320987653 0.2975694444444444 0.745679012345679 0.2947916666666667 0.7435185185185185 0.28888888888888886 0.741358024691358 0.2786458333333333 0.7401234567901235 0.2673611111111111 0.7401234567901235 0.24444444444444444 0.7444444444444445 0.2407986111111111 0.7475308641975309 0.2387152777777778 0.7506172839506172 0.23402777777777775 0.7540123456790124 0.23211805555555554 0.7580246913580246 0.22708333333333333 0.7635802469135803 0.2248263888888889 0.7679012345679013 0.22343749999999998 0.7691358024691358 0.2220486111111111 0.7728395061728395 0.21232638888888888 0.7895061728395062 0.2112847222222222 0.79320987654321 0.20833333333333334 0.7978395061728395 0.20625 0.8027777777777778 0.2032986111111111 0.8061728395061728 0.19930555555555554 0.8043209876543209 0.19583333333333333 0.8064814814814815 0.19583333333333333 0.8104938271604938 0.1986111111111111 0.813888888888889 0.1998263888888889 0.8169753086419753 0.1998263888888889 0.8185185185185185 0.19756944444444444 0.825 0.19218749999999998 0.8348765432098766 0.18541666666666665 0.8503086419753086 0.1814236111111111 0.8620370370370369 0.1800347222222222 0.8688271604938271 0.1782986111111111 0.8728395061728395 0.17760416666666665 0.8771604938271605 0.1753472222222222 0.8824074074074074 0.17604166666666665 0.9018518518518519 0.17708333333333334 0.9070987654320988
6 0.5154513888888889 0.35370370370370374 0.5180555555555555 0.35185185185185186 0.5189236111111111 0.3487654320987654 0.5180555555555555 0.34382716049382717 0.5159722222222223 0.34228395061728395 0.5131944444444444 0.34382716049382717 0.5118055555555555 0.3469135802469136 0.5119791666666667 0.35185185185185186 0.5154513888888889 0.35370370370370374
1 0.44635416666666666 0.512962962962963 0.4506944444444444 0.5160493827160494 0.459375 0.5166666666666666 0.4635416666666667 0.5185185185185185 0.4670138888888889 0.5151234567901235 0.46857638888888886 0.5104938271604939 0.4708333333333333 0.5070987654320988 0.4737847222222222 0.5055555555555555 0.4748263888888889 0.5037037037037037 0.4755208333333333 0.4938271604938272 0.4748263888888889 0.48487654320987655 0.47256944444444443 0.4774691358024691 0.4701388888888889 0.4722222222222222 0.4678819444444444 0.47098765432098766 0.4602430555555555 0.47098765432098766 0.4565972222222222 0.4719135802469136 0.45295138888888886 0.47623456790123453 0.4527777777777778 0.4787037037037037 0.4498263888888889 0.48487654320987655 0.44913194444444443 0.48858024691358026 0.4470486111111111 0.49320987654320986 0.4458333333333333 0.5006172839506172 0.4456597222222222 0.5101851851851852 0.44635416666666666 0.512962962962963
1 0.5449652777777777 0.519753086419753 0.5465277777777777 0.5225308641975308 0.5503472222222222 0.5194444444444445 0.5644097222222222 0.519753086419753 0.5675347222222222 0.5228395061728395 0.5692708333333333 0.5225308641975308 0.5710069444444444 0.520679012345679 0.5715277777777777 0.5185185185185185 0.5729166666666666 0.49104938271604937 0.5711805555555556 0.48271604938271606 0.5675347222222222 0.4759259259259259 0.5623263888888889 0.47469135802469137 0.5552083333333333 0.47530864197530864 0.5527777777777777 0.47716049382716047 0.5491319444444445 0.4864197530864197 0.5479166666666666 0.48796296296296293 0.5467013888888889 0.491358024691358 0.5449652777777777 0.5018518518518518 0.5444444444444444 0.516358024691358 0.5449652777777777 0.519753086419753
1 0.5888888888888888 0.42993827160493825 0.5899305555555555 0.4327160493827161 0.6059027777777778 0.4327160493827161 0.6065972222222222 0.42901234567901236 0.6067708333333334 0.41450617283950614 0.6046874999999999 0.4058641975308642 0.6027777777777777 0.40154320987654324 0.5998263888888888 0.40030864197530863 0.5942708333333333 0.40030864197530863 0.5918402777777777 0.40154320987654324 0.5901041666666667 0.4055555555555555 0.5887152777777778 0.4141975308641975 0.5885416666666666 0.42685185185185187 0.5888888888888888 0.42993827160493825
1 0.4836805555555555 0.936111111111111 0.4873263888888889 0.9404320987654321 0.4904513888888889 0.9419753086419753 0.49201388888888886 0.9493827160493827 0.4975694444444444 0.9524691358024691 0.4989583333333333 0.9515432098765432 0.5001736111111111 0.9459876543209877 0.5003472222222223 0.942283950617284 0.4991319444444444 0.9395061728395062 0.4991319444444444 0.9145061728395062 0.4982638888888889 0.9111111111111112 0.4967013888888889 0.9108024691358024 0.4947916666666667 0.9089506172839507 0.4921875 0.9145061728395062 0.490625 0.9222222222222222 0.48819444444444443 0.9268518518518518 0.48420138888888886 0.9271604938271604 0.4829861111111111 0.9290123456790123 0.4828125 0.9320987654320988 0.4836805555555555 0.936111111111111
1 0.5213541666666667 0.9395061728395062 0.5210069444444444 0.9537037037037037 0.5237847222222223 0.9564814814814815 0.5373263888888888 0.957716049382716 0.5491319444444445 0.9604938271604938 0.5670138888888888 0.9626543209876544 0.5692708333333333 0.9604938271604938 0.5692708333333333 0.9537037037037037 0.5701388888888889 0.9515432098765432 0.5741319444444444 0.95 0.5782986111111111 0.9469135802469135 0.5788194444444444 0.9447530864197531 0.5782986111111111 0.9379629629629629 0.576736111111111 0.936111111111111 0.5755208333333334 0.932716049382716 0.5748263888888888 0.921604938271605 0.5729166666666666 0.9151234567901234 0.5729166666666666 0.8904320987654322 0.5701388888888889 0.8731481481481481 0.5692708333333333 0.8620370370370369 0.5675347222222222 0.8503086419753086 0.5644097222222222 0.8416666666666667 0.5623263888888889 0.8404320987654321 0.561111111111111 0.8385802469135802 0.5505208333333333 0.8333333333333334 0.5486111111111112 0.8351851851851853 0.5479166666666666 0.8382716049382716 0.5489583333333333 0.8530864197530863 0.5486111111111112 0.8774691358024691 0.5470486111111111 0.8808641975308641 0.5435763888888888 0.8811728395061729 0.5418402777777778 0.879320987654321 0.5409722222222222 0.8660493827160494 0.5392361111111111 0.8620370370370369 0.5355902777777778 0.8598765432098765 0.5333333333333333 0.8595679012345678 0.5293402777777777 0.8620370370370369 0.5288194444444444 0.862962962962963 0.5284722222222222 0.8700617283950618 0.5284722222222222 0.883641975308642 0.5272569444444445 0.9049382716049382 0.5246527777777777 0.9101851851851852 0.5227430555555556 0.9120370370370371 0.5208333333333334 0.9163580246913581 0.5208333333333334 0.9351851851851852 0.5213541666666667 0.9395061728395062
2 0.7815972222222222 0.6234567901234568 0.7835069444444444 0.6268518518518519 0.7840277777777778 0.6296296296296297 0.7835069444444444 0.6435185185185185 0.7847222222222222 0.6626543209876543 0.7857638888888888 0.6648148148148147 0.7901041666666666 0.6641975308641975 0.7901041666666666 0.66820987654321 0.7923611111111112 0.6709876543209877 0.793923611111111 0.6709876543209877 0.7947916666666666 0.6691358024691358 0.7935763888888888 0.6629629629629629 0.7946180555555555 0.6512345679012346 0.7942708333333334 0.6296296296296297 0.7953125 0.625 0.7970486111111111 0.6225308641975309 0.7980902777777777 0.6194444444444445 0.7942708333333334 0.6123456790123456 0.7928819444444444 0.6046296296296296 0.7902777777777777 0.6024691358024691 0.7878472222222221 0.6055555555555556 0.7869791666666666 0.6104938271604938 0.7828125 0.616358024691358 0.7815972222222222 0.6194444444444445 0.7815972222222222 0.6234567901234568
2 0.7310763888888888 0.6231481481481481 0.7324652777777778 0.6243827160493828 0.7362847222222222 0.6246913580246913 0.7374999999999999 0.6240740740740741 0.7380208333333333 0.6222222222222222 0.7383680555555555 0.617283950617284 0.7395833333333334 0.6126543209876544 0.739236111111111 0.604320987654321 0.7399305555555555 0.5811728395061728 0.7394097222222222 0.5796296296296296 0.739236111111111 0.5635802469135802 0.7383680555555555 0.5608024691358025 0.734375 0.5608024691358025 0.7331597222222221 0.5635802469135802 0.7336805555555556 0.5685185185185185 0.7352430555555556 0.5719135802469135 0.7319444444444444 0.5820987654320988 0.7324652777777778 0.6148148148148148 0.7310763888888888 0.6231481481481481
4 0.6421875 0.5817901234567902 0.6423611111111112 0.6070987654320987 0.6435763888888888 0.6126543209876544 0.6473958333333334 0.6169753086419753 0.6493055555555556 0.6216049382716049 0.6510416666666666 0.6351851851851852 0.6527777777777778 0.6339506172839506 0.6550347222222221 0.6299382716049382 0.6583333333333333 0.6265432098765432 0.6609375 0.628395061728395 0.6659722222222222 0.6277777777777778 0.6791666666666666 0.629320987654321 0.6810763888888888 0.6311728395061729 0.6822916666666666 0.6361111111111112 0.6857638888888888 0.6379629629629631 0.6871527777777777 0.6302469135802469 0.6887152777777777 0.6256172839506172 0.6890625 0.6209876543209876 0.6887152777777777 0.6021604938271605 0.6869791666666666 0.592283950617284 0.6878472222222222 0.5848765432098765 0.686111111111111 0.5824074074074074 0.6848958333333334 0.5787037037037037 0.6852430555555555 0.5638888888888889 0.6842013888888888 0.5608024691358025 0.68125 0.5567901234567901 0.6788194444444444 0.5499999999999999 0.6762152777777778 0.5469135802469135 0.6753472222222222 0.5469135802469135 0.6744791666666666 0.5496913580246914 0.6736111111111112 0.5499999999999999 0.6720486111111111 0.5530864197530865 0.6711805555555556 0.5530864197530865 0.6649305555555556 0.549074074074074 0.6480902777777777 0.5469135802469135 0.6460069444444444 0.5462962962962963 0.6440972222222222 0.5441358024691358 0.6423611111111112 0.5487654320987654 0.6414930555555556 0.5549382716049382 0.6411458333333333 0.5685185185185185 0.6421875 0.5817901234567902
6 0.5567708333333333 0.3830246913580247 0.5572916666666666 0.3861111111111111 0.5572916666666666 0.4188271604938272 0.5604166666666667 0.42037037037037034 0.5642361111111112 0.4191358024691358 0.5717013888888889 0.4194444444444444 0.5743055555555555 0.4212962962962963 0.5758680555555555 0.42037037037037034 0.5770833333333333 0.41820987654320985 0.5776041666666666 0.41512345679012347 0.5772569444444444 0.4006172839506173 0.5788194444444444 0.3947530864197531 0.5796874999999999 0.38796296296296295 0.5782986111111111 0.375 0.576736111111111 0.3691358024691358 0.5765625 0.36604938271604937 0.5748263888888888 0.3626543209876543 0.5694444444444444 0.3626543209876543 0.5640624999999999 0.35987654320987655 0.5605902777777777 0.3611111111111111 0.559375 0.362962962962963 0.5572916666666666 0.3728395061728395 0.5576388888888888 0.3771604938271605 0.5567708333333333 0.3830246913580247
6 0.5 0.37654320987654316 0.5003472222222223 0.39783950617283953 0.5015624999999999 0.40432098765432095 0.5092013888888889 0.4030864197530864 0.5128472222222222 0.4049382716049383 0.5157986111111111 0.4049382716049383 0.5175347222222222 0.4009259259259259 0.5180555555555555 0.396604938271605 0.5180555555555555 0.3861111111111111 0.5168402777777777 0.375 0.5157986111111111 0.3725308641975309 0.5130208333333334 0.3697530864197531 0.5128472222222222 0.36604938271604937 0.5123263888888888 0.3651234567901234 0.5039930555555555 0.36604938271604937 0.5015624999999999 0.370679012345679 0.5013888888888889 0.3731481481481481 0.5 0.37654320987654316
6 0.5010416666666666 0.3487654320987654 0.5039930555555555 0.3506172839506173 0.5092013888888889 0.34969135802469137 0.5114583333333333 0.3453703703703703 0.5121527777777778 0.3419753086419753 0.5118055555555555 0.33209876543209876 0.5111111111111111 0.3311728395061728 0.5050347222222222 0.3311728395061728 0.5020833333333333 0.33425925925925926 0.5008680555555556 0.3382716049382716 0.5005208333333333 0.34629629629629627 0.5010416666666666 0.3487654320987654
6 0.5473958333333333 0.37993827160493826 0.5491319444444445 0.38148148148148153 0.5559027777777777 0.38148148148148153 0.5572916666666666 0.3771604938271605 0.5578124999999999 0.37006172839506174 0.5578124999999999 0.358641975308642 0.5572916666666666 0.35648148148148145 0.5553819444444444 0.353395061728395 0.5501736111111111 0.35123456790123453 0.5494791666666666 0.35370370370370374 0.5473958333333333 0.3567901234567901 0.546875 0.3611111111111111 0.5473958333333333 0.37993827160493826
4 0.5975694444444444 0.6987654320987654 0.5979166666666667 0.7120370370370371 0.5973958333333333 0.7280864197530863 0.5963541666666666 0.7305555555555556 0.5963541666666666 0.7364197530864197 0.5975694444444444 0.741358024691358 0.5973958333333333 0.7459876543209876 0.5984375 0.7623456790123456 0.5979166666666667 0.7774691358024691 0.5998263888888888 0.8117283950617284 0.598611111111111 0.8154320987654321 0.5963541666666666 0.8182098765432099 0.5954861111111112 0.8253086419753086 0.5963541666666666 0.8293209876543209 0.5973958333333333 0.8299382716049382 0.5996527777777778 0.8351851851851853 0.5993055555555555 0.8462962962962963 0.5998263888888888 0.854320987654321 0.6008680555555556 0.8626543209876544 0.6012152777777777 0.8743827160493828 0.6027777777777777 0.8830246913580246 0.6027777777777777 0.8882716049382716 0.6020833333333333 0.8916666666666666 0.6008680555555556 0.8941358024691358 0.6005208333333334 0.9021604938271606 0.6029513888888888 0.9268518518518518 0.6065972222222222 0.9330246913580247 0.6135416666666667 0.9364197530864197 0.6277777777777778 0.9382716049382716 0.6329861111111111 0.9404320987654321 0.6381944444444444 0.9404320987654321 0.6536458333333334 0.9429012345679012 0.6578125 0.9441358024691359 0.6592013888888888 0.945679012345679 0.6630208333333334 0.9472222222222222 0.6701388888888888 0.9469135802469135 0.6760416666666667 0.9385802469135802 0.6770833333333334 0.9311728395061728 0.6772569444444444 0.907716049382716 0.6765625 0.9021604938271606 0.6763888888888888 0.8867283950617284 0.6758680555555555 0.8808641975308641 0.6743055555555556 0.8740740740740741 0.6739583333333333 0.867283950617284 0.6730902777777777 0.8645061728395061 0.6729166666666666 0.8564814814814815 0.6722222222222222 0.8533950617283951 0.6723958333333333 0.8459876543209875 0.678298611111111 0.8401234567901235 0.6789930555555556 0.8388888888888888 0.6795138888888889 0.8351851851851853 0.6770833333333334 0.8299382716049382 0.671875 0.8296296296296296 0.6703125 0.8280864197530865 0.6670138888888888 0.8166666666666667 0.6664930555555556 0.8074074074074075 0.6677083333333333 0.803395061728395 0.6697916666666666 0.8009259259259259 0.6725694444444444 0.7910493827160494 0.6730902777777777 0.7561728395061729 0.6743055555555556 0.7521604938271605 0.6765625 0.7493827160493828 0.6765625 0.7469135802469137 0.6763888888888888 0.745679012345679 0.6743055555555556 0.7429012345679012 0.6739583333333333 0.7410493827160494 0.6734375 0.7253086419753086 0.6701388888888888 0.7080246913580247 0.6697916666666666 0.7027777777777778 0.6664930555555556 0.6916666666666667 0.665625 0.6842592592592593 0.6640625 0.6790123456790123 0.662673611111111 0.6709876543209877 0.6597222222222222 0.6666666666666666 0.65625 0.6651234567901234 0.6515624999999999 0.6651234567901234 0.647048611111111 0.6635802469135803 0.6140625 0.6592592592592593 0.6029513888888888 0.6601851851851852 0.6017361111111111 0.6611111111111112 0.6 0.6651234567901234 0.5996527777777778 0.6722222222222222 0.5980902777777778 0.6753086419753087 0.5984375 0.6796296296296297 0.5968749999999999 0.6824074074074075 0.5961805555555556 0.6879629629629629 0.5963541666666666 0.6938271604938272 0.5975694444444444 0.6987654320987654
3 0.5364583333333334 0.4 0.5397569444444444 0.3987654320987654 0.5404513888888889 0.39444444444444443 0.5402777777777777 0.3885802469135803 0.5392361111111111 0.3867283950617284 0.5369791666666667 0.3854938271604938 0.5364583333333334 0.3854938271604938 0.5359375 0.3873456790123457 0.5354166666666667 0.391358024691358 0.5364583333333334 0.4
3 0.5696180555555556 0.5722222222222222 0.5711805555555556 0.578395061728395 0.5718749999999999 0.5858024691358025 0.5730902777777778 0.5876543209876544 0.5746527777777778 0.5879629629629629 0.5782986111111111 0.5802469135802469 0.5800347222222222 0.5743827160493827 0.5814236111111111 0.5669753086419753 0.5814236111111111 0.5574074074074074 0.5805555555555555 0.554320987654321 0.5796874999999999 0.553395061728395 0.5751736111111111 0.5518518518518518 0.5703125 0.553395061728395 0.5694444444444444 0.5574074074074074 0.5690972222222223 0.5635802469135802 0.5696180555555556 0.5722222222222222
3 0.568923611111111 0.6351851851851852 0.5677083333333334 0.6333333333333334 0.5677083333333334 0.6342592592592593 0.5690972222222223 0.6354938271604937 0.5706597222222222 0.6388888888888888 0.5708333333333333 0.6444444444444444 0.5718749999999999 0.6469135802469135 0.5708333333333333 0.6688271604938272 0.5720486111111112 0.6753086419753087 0.5737847222222222 0.6790123456790123 0.5741319444444444 0.6848765432098766 0.5730902777777778 0.6895061728395062 0.5737847222222222 0.6913580246913581 0.5746527777777778 0.6916666666666667 0.5777777777777777 0.6891975308641975 0.5796874999999999 0.6811728395061728 0.5807291666666666 0.678395061728395 0.5817708333333333 0.6774691358024691 0.5836805555555555 0.671604938271605 0.5831597222222222 0.6546296296296297 0.5819444444444444 0.6512345679012346 0.5821180555555555 0.6462962962962963 0.5833333333333334 0.6435185185185185 0.5782986111111111 0.6367283950617284 0.5758680555555555 0.6376543209876543 0.5732638888888888 0.6373456790123456 0.5718749999999999 0.6333333333333334 0.5708333333333333 0.6324074074074074 0.5694444444444444 0.6330246913580246 0.568923611111111 0.6351851851851852
3 0.5927083333333334 0.37962962962962965 0.5934027777777777 0.37654320987654316 0.5927083333333334 0.37006172839506174 0.5913194444444444 0.3691358024691358 0.5899305555555555 0.37160493827160496 0.5901041666666667 0.37962962962962965 0.5927083333333334 0.37962962962962965