8 0.6008680555555556 0.3558641975308642 0.6036458333333333 0.3604938271604938 0.6045138888888888 0.36358024691358026 0.6104166666666666 0.375 0.6126736111111112 0.38179012345679014 0.615625 0.3867283950617284 0.6180555555555556 0.3929012345679012 0.6197916666666666 0.4049382716049383 0.6210069444444444 0.4067901234567901 0.6225694444444444 0.4126543209876543 0.6272569444444444 0.4197530864197531 0.6289930555555555 0.4287037037037037 0.63125 0.4314814814814815 0.6333333333333333 0.43765432098765433 0.6357638888888888 0.441358024691358 0.6369791666666667 0.4425925925925926 0.6390625 0.44290123456790126 0.6638888888888889 0.44382716049382714 0.6746527777777778 0.4435185185185185 0.6788194444444444 0.441358024691358 0.6800347222222222 0.43179012345679013 0.6805555555555556 0.4138888888888889 0.6817708333333333 0.4055555555555555 0.6810763888888888 0.39814814814814814 0.6810763888888888 0.3746913580246914 0.6798611111111111 0.35956790123456794 0.678125 0.3524691358024691 0.6755208333333333 0.34598765432098766 0.6652777777777777 0.3311728395061728 0.6628472222222221 0.32962962962962966 0.661111111111111 0.32685185185185184 0.6522569444444444 0.3172839506172839 0.6461805555555555 0.3138888888888889 0.6414930555555556 0.31296296296296294 0.6163194444444444 0.3138888888888889 0.6128472222222222 0.3160493827160494 0.6081597222222221 0.3212962962962963 0.6015625 0.33425925925925926 0.5994791666666666 0.34228395061728395 0.5991319444444444 0.3475308641975308 0.6008680555555556 0.3558641975308642
1 0.3725694444444444 0.8493827160493828 0.37309027777777776 0.8546296296296296 0.3729166666666667 0.8808641975308641 0.37482638888888886 0.8879629629629631 0.3763888888888889 0.8901234567901234 0.3805555555555556 0.8904320987654322 0.3845486111111111 0.8885802469135803 0.3914930555555556 0.8882716049382716 0.40121527777777777 0.8910493827160494 0.4114583333333333 0.8922839506172839 0.4149305555555556 0.8959876543209876 0.4227430555555556 0.8978395061728395 0.43124999999999997 0.8978395061728395 0.43298611111111107 0.8975308641975309 0.4361111111111111 0.894753086419753 0.45416666666666666 0.8925925925925926 0.4652777777777778 0.8925925925925926 0.4696180555555556 0.8944444444444444 0.4723958333333333 0.8944444444444444 0.4748263888888889 0.8932098765432099 0.4760416666666667 0.8901234567901234 0.4774305555555556 0.8805555555555555 0.47638888888888886 0.8774691358024691 0.47638888888888886 0.875 0.47812499999999997 0.8601851851851853 0.47812499999999997 0.8395061728395062 0.4786458333333333 0.8305555555555556 0.48055555555555557 0.8209876543209877 0.48055555555555557 0.817283950617284 0.4786458333333333 0.8141975308641975 0.4789930555555555 0.8104938271604938 0.4779513888888889 0.8070987654320988 0.4777777777777778 0.8006172839506173 0.4779513888888889 0.792283950617284 0.4789930555555555 0.7845679012345679 0.4784722222222222 0.7688271604938272 0.4791666666666667 0.766358024691358 0.4796875 0.7370370370370369 0.48038194444444443 0.7345679012345678 0.4796875 0.7243827160493828 0.4802083333333333 0.7049382716049382 0.48055555555555557 0.7018518518518518 0.4817708333333333 0.6993827160493827 0.4848958333333333 0.6972222222222222 0.4880208333333333 0.696604938271605 0.4892361111111111 0.6925925925925925 0.4888888888888889 0.688888888888889 0.4850694444444444 0.6845679012345679 0.4800347222222222 0.6830246913580247 0.47638888888888886 0.6737654320987654 0.4737847222222222 0.6645061728395062 0.4723958333333333 0.6611111111111112 0.4699652777777778 0.657716049382716 0.4579861111111111 0.6503086419753087 0.4394097222222222 0.6472222222222223 0.4223958333333333 0.6481481481481481 0.41024305555555557 0.6527777777777778 0.40434027777777776 0.6580246913580247 0.3970486111111111 0.6734567901234568 0.3942708333333333 0.6777777777777778 0.3885416666666667 0.678395061728395 0.3828125 0.6820987654320988 0.3828125 0.6898148148148148 0.3857638888888889 0.6925925925925925 0.39045138888888886 0.6935185185185185 0.3918402777777778 0.6947530864197531 0.3923611111111111 0.6962962962962963 0.39218749999999997 0.7030864197530865 0.39045138888888886 0.7083333333333334 0.3885416666666667 0.7203703703703703 0.38559027777777777 0.7268518518518519 0.3836805555555556 0.7459876543209876 0.3815972222222222 0.7549382716049382 0.38125 0.7614197530864197 0.37899305555555557 0.7691358024691358 0.37829861111111107 0.7888888888888889 0.3776041666666667 0.7950617283950616 0.3767361111111111 0.7978395061728395 0.3763888888888889 0.8070987654320988 0.3743055555555555 0.817283950617284 0.37309027777777776 0.8290123456790123 0.3725694444444444 0.8379629629629629 0.3725694444444444 0.8493827160493828
1 0.4557291666666667 0.26141975308641974 0.4565972222222222 0.2660493827160494 0.4581597222222222 0.27006172839506176 0.4581597222222222 0.27253086419753086 0.459375 0.27654320987654324 0.4600694444444444 0.2858024691358025 0.46249999999999997 0.28703703703703703 0.4706597222222222 0.28672839506172837 0.4741319444444444 0.29074074074074074 0.4777777777777778 0.29074074074074074 0.4786458333333333 0.28487654320987654 0.4786458333333333 0.2756172839506173 0.4779513888888889 0.27253086419753086 0.4777777777777778 0.2648148148148148 0.4760416666666667 0.2574074074074074 0.4739583333333333 0.2518518518518518 0.4708333333333333 0.2478395061728395 0.4640625 0.245679012345679 0.4557291666666667 0.2478395061728395 0.453125 0.24938271604938272 0.4522569444444444 0.2509259259259259 0.4519097222222222 0.25493827160493826 0.4557291666666667 0.26141975308641974
1 0.4984375 0.23055555555555554 0.4984375 0.2345679012345679 0.4993055555555555 0.23827160493827163 0.5017361111111112 0.24320987654320986 0.5031249999999999 0.24290123456790125 0.5048611111111111 0.2404320987654321 0.5060763888888888 0.23827160493827163 0.5076388888888889 0.23240740740740742 0.5098958333333333 0.229320987654321 0.5131944444444444 0.22716049382716047 0.5163194444444444 0.2265432098765432 0.5175347222222222 0.22438271604938273 0.5175347222222222 0.220679012345679 0.5164930555555556 0.2154320987654321 0.5121527777777778 0.2123456790123457 0.5081597222222223 0.2123456790123457 0.5053819444444444 0.21358024691358024 0.5029513888888889 0.2154320987654321 0.5022569444444445 0.21728395061728392 0.5003472222222223 0.2265432098765432 0.4984375 0.23055555555555554
1 0.5086805555555556 0.9101851851851852 0.5093749999999999 0.91820987654321 0.5092013888888889 0.9472222222222222 0.5100694444444445 0.9638888888888888 0.5119791666666667 0.9765432098765432 0.5140625 0.9796296296296296 0.5152777777777777 0.9845679012345678 0.5164930555555556 0.9947530864197531 0.5178819444444445 0.9969135802469137 0.5439236111111111 0.9969135802469137 0.5513888888888888 0.9975308641975309 0.5524305555555555 0.9981481481481481 0.5526041666666667 0.9996913580246913 0.5545138888888889 0.9996913580246913 0.5552083333333333 0.9975308641975309 0.5567708333333333 0.9972222222222222 0.5649305555555555 0.9981481481481481 0.584548611111111 0.9962962962962962 0.5899305555555555 0.9972222222222222 0.6138888888888888 0.9972222222222222 0.6154513888888888 0.9981481481481481 0.615625 0.9996913580246913 0.6192708333333333 0.9996913580246913 0.6194444444444444 0.9981481481481481 0.6203124999999999 0.9981481481481481 0.6204861111111112 0.9996913580246913 0.6248263888888889 0.9996913580246913 0.6248263888888889 0.9984567901234568 0.6260416666666666 0.9975308641975309 0.6277777777777778 0.9981481481481481 0.6279513888888888 0.9996913580246913 0.6529513888888888 0.9996913580246913 0.6539930555555555 0.9953703703703703 0.653298611111111 0.9901234567901235 0.6512152777777778 0.9820987654320987 0.6496527777777777 0.9700617283950618 0.6479166666666666 0.9623456790123457 0.6444444444444444 0.9530864197530865 0.6407986111111111 0.9336419753086419 0.6385416666666666 0.9259259259259259 0.6368055555555555 0.91820987654321 0.6366319444444444 0.9145061728395062 0.6348958333333333 0.9083333333333333 0.6354166666666666 0.9046296296296297 0.6362847222222222 0.903395061728395 0.640625 0.904320987654321 0.6475694444444444 0.9040123456790122 0.6505208333333333 0.9018518518518519 0.6508680555555556 0.8962962962962963 0.6498263888888888 0.8907407407407407 0.6475694444444444 0.8867283950617284 0.6409722222222222 0.8833333333333334 0.6291666666666667 0.8830246913580246 0.6277777777777778 0.8808641975308641 0.6244791666666666 0.8694444444444445 0.6210069444444444 0.8635802469135803 0.6197916666666666 0.8598765432098765 0.6166666666666666 0.8540123456790124 0.6114583333333333 0.8450617283950618 0.606423611111111 0.8404320987654321 0.6045138888888888 0.8401234567901235 0.6029513888888888 0.8385802469135802 0.5972222222222222 0.8379629629629629 0.5789930555555556 0.8333333333333334 0.5567708333333333 0.8330246913580247 0.5432291666666667 0.8351851851851853 0.5227430555555556 0.8416666666666667 0.5185763888888889 0.8447530864197531 0.5154513888888889 0.8503086419753086 0.5140625 0.8635802469135803 0.5131944444444444 0.8660493827160494 0.5128472222222222 0.8719135802469137 0.5119791666666667 0.8756172839506172 0.5119791666666667 0.887037037037037 0.5078125 0.8950617283950618 0.5076388888888889 0.9061728395061728 0.5086805555555556 0.9101851851851852
5 0.4010416666666667 0.40185185185185185 0.4123263888888889 0.40216049382716046 0.4170138888888889 0.3990740740740741 0.4269097222222222 0.39814814814814814 0.43298611111111107 0.3990740740740741 0.4388888888888889 0.4049382716049383 0.4435763888888889 0.4049382716049383 0.4454861111111111 0.40185185185185185 0.4461805555555556 0.3975308641975308 0.44687499999999997 0.38240740740740736 0.4473958333333333 0.37993827160493826 0.4477430555555555 0.34567901234567905 0.4505208333333333 0.3419753086419753 0.4501736111111111 0.3385802469135802 0.4428819444444444 0.3358024691358025 0.4399305555555555 0.3287037037037037 0.4357638888888889 0.32685185185185184 0.43124999999999997 0.32623456790123456 0.4291666666666667 0.3225308641975309 0.42569444444444443 0.3200617283950617 0.42343749999999997 0.3212962962962963 0.4203125 0.3253086419753086 0.4125 0.32654320987654323 0.41024305555555557 0.3277777777777778 0.4074652777777778 0.33271604938271604 0.4050347222222222 0.3333333333333333 0.4036458333333333 0.33487654320987653 0.4038194444444444 0.3391975308641975 0.4055555555555555 0.3416666666666667 0.4055555555555555 0.34320987654320984 0.403125 0.35 0.4019097222222222 0.35833333333333334 0.4001736111111111 0.3895061728395061 0.4001736111111111 0.39969135802469136 0.4010416666666667 0.40185185185185185
1 0.6444444444444444 0.2317901234567901 0.6447916666666667 0.23518518518518516 0.6439236111111112 0.2388888888888889 0.6440972222222222 0.24537037037037038 0.6487847222222222 0.24814814814814815 0.6579861111111112 0.25123456790123455 0.6614583333333334 0.25123456790123455 0.6647569444444444 0.24814814814814815 0.6659722222222222 0.24537037037037038 0.6666666666666666 0.2404320987654321 0.6664930555555556 0.23240740740740742 0.6647569444444444 0.225 0.6630208333333334 0.22006172839506172 0.6618055555555555 0.21882716049382717 0.6574652777777777 0.21635802469135804 0.6524305555555555 0.21574074074074076 0.6456597222222222 0.21666666666666665 0.639236111111111 0.2197530864197531 0.640625 0.2265432098765432 0.6444444444444444 0.2317901234567901
4 0.42291666666666666 0.3080246913580247 0.42343749999999997 0.3104938271604938 0.42343749999999997 0.31574074074074077 0.42291666666666666 0.3175925925925926 0.42465277777777777 0.31882716049382714 0.4274305555555556 0.3185185185185185 0.4289930555555555 0.3148148148148148 0.4319444444444444 0.3132716049382716 0.440625 0.3135802469135803 0.4508680555555556 0.31203703703703706 0.45295138888888886 0.31234567901234567 0.4539930555555556 0.3135802469135803 0.4552083333333333 0.32160493827160497 0.4574652777777778 0.32160493827160497 0.459375 0.3080246913580247 0.4600694444444444 0.2879629629629629 0.4588541666666667 0.28148148148148144 0.4586805555555556 0.27499999999999997 0.4574652777777778 0.2669753086419753 0.4532986111111111 0.2574074074074074 0.4501736111111111 0.2540123456790124 0.4314236111111111 0.2552469135802469 0.4282986111111111 0.25925925925925924 0.4269097222222222 0.2682098765432099 0.4253472222222222 0.2712962962962963 0.4241319444444444 0.2762345679012346 0.42291666666666666 0.2839506172839506 0.42291666666666666 0.3080246913580247
1 0.465625 0.2277777777777778 0.46684027777777776 0.2287037037037037 0.47812499999999997 0.229320987654321 0.4796875 0.2287037037037037 0.48055555555555557 0.22716049382716047 0.48055555555555557 0.220679012345679 0.4796875 0.2111111111111111 0.4784722222222222 0.20617283950617282 0.4774305555555556 0.20493827160493827 0.4678819444444444 0.20617283950617282 0.46510416666666665 0.20987654320987656 0.4644097222222222 0.21327160493827158 0.4635416666666667 0.22376543209876545 0.465625 0.2277777777777778
1 0.5029513888888889 0.24444444444444444 0.5034722222222222 0.2515432098765432 0.5046875000000001 0.25339506172839504 0.5081597222222223 0.254320987654321 0.5168402777777777 0.2537037037037037 0.5182291666666666 0.2521604938271605 0.5192708333333333 0.24753086419753087 0.5194444444444445 0.24074074074074073 0.5201388888888888 0.23734567901234568 0.5199652777777778 0.22716049382716047 0.5182291666666666 0.22530864197530864 0.5149305555555556 0.22530864197530864 0.5123263888888888 0.22685185185185186 0.5052083333333334 0.2280864197530864 0.5039930555555555 0.23425925925925928 0.5015624999999999 0.23703703703703705 0.5017361111111112 0.24290123456790125 0.5029513888888889 0.24444444444444444
1 0.8538194444444444 0.3324074074074074 0.8545138888888888 0.3391975308641975 0.8557291666666667 0.3441358024691358 0.8581597222222221 0.34629629629629627 0.8633680555555555 0.34629629629629627 0.8678819444444444 0.3478395061728395 0.8689236111111112 0.3493827160493827 0.8711805555555555 0.35 0.8765625 0.35432098765432096 0.8786458333333333 0.3527777777777778 0.879861111111111 0.34629629629629627 0.8807291666666666 0.3333333333333333 0.8824652777777777 0.32592592592592595 0.8824652777777777 0.31790123456790126 0.8840277777777777 0.3083333333333333 0.8836805555555556 0.3006172839506173 0.8810763888888888 0.29907407407407405 0.8770833333333333 0.29876543209876544 0.8626736111111112 0.3 0.8586805555555556 0.30339506172839503 0.8560763888888888 0.3083333333333333 0.8545138888888888 0.3138888888888889 0.8538194444444444 0.31790123456790126 0.8538194444444444 0.3324074074074074
1 0.4947916666666667 0.2959876543209876 0.4958333333333333 0.2941358024691358 0.4972222222222222 0.28734567901234565 0.4991319444444444 0.283641975308642 0.5065972222222223 0.28055555555555556 0.5199652777777778 0.27901234567901234 0.5229166666666667 0.27685185185185185 0.5236111111111111 0.27469135802469136 0.5236111111111111 0.2691358024691358 0.521875 0.2617283950617284 0.5210069444444444 0.2611111111111111 0.5192708333333333 0.25709876543209875 0.5140625 0.2552469135802469 0.5017361111111112 0.25493827160493826 0.49809027777777776 0.25709876543209875 0.4927083333333333 0.26882716049382716 0.4930555555555556 0.29074074074074074 0.4947916666666667 0.2959876543209876
1 0.48072916666666665 0.21203703703703702 0.48593749999999997 0.21327160493827158 0.4869791666666667 0.2154320987654321 0.4873263888888889 0.22037037037037038 0.48819444444444443 0.2212962962962963 0.4888888888888889 0.22037037037037038 0.48819444444444443 0.21018518518518517 0.4892361111111111 0.20771604938271604 0.4894097222222222 0.20277777777777775 0.4904513888888889 0.1993827160493827 0.4892361111111111 0.19012345679012344 0.4880208333333333 0.1876543209876543 0.4810763888888889 0.18888888888888888 0.4795138888888889 0.19290123456790123 0.47934027777777777 0.1953703703703704 0.4791666666666667 0.20339506172839505 0.48072916666666665 0.21203703703703702
1 0.4901041666666667 0.2138888888888889 0.4895833333333333 0.21728395061728392 0.490625 0.220679012345679 0.4914930555555555 0.2277777777777778 0.4947916666666667 0.2330246913580247 0.4965277777777778 0.23364197530864197 0.4984375 0.23580246913580247 0.4994791666666667 0.2330246913580247 0.5003472222222223 0.22685185185185186 0.5024305555555555 0.22253086419753085 0.5050347222222222 0.21327160493827158 0.5039930555555555 0.21296296296296297 0.5024305555555555 0.21049382716049383 0.5012152777777777 0.20339506172839505 0.4979166666666667 0.19969135802469135 0.4913194444444444 0.19969135802469135 0.4897569444444444 0.20679012345679013 0.4895833333333333 0.2111111111111111 0.4901041666666667 0.2138888888888889
1 0.5598958333333334 0.28117283950617283 0.5612847222222223 0.2833333333333333 0.5626736111111111 0.283641975308642 0.5663194444444444 0.28734567901234565 0.568923611111111 0.29475308641975306 0.5701388888888889 0.30154320987654315 0.5723958333333333 0.30401234567901236 0.5755208333333334 0.30956790123456784 0.5772569444444444 0.3145061728395062 0.5803819444444445 0.3194444444444444 0.5814236111111111 0.3228395061728395 0.5847222222222223 0.32932098765432094 0.5894097222222222 0.3345679012345679 0.5921875 0.33487654320987653 0.5944444444444444 0.3324074074074074 0.5956597222222222 0.3274691358024691 0.5963541666666666 0.320679012345679 0.5963541666666666 0.3101851851851852 0.5956597222222222 0.30185185185185187 0.5939236111111111 0.2935185185185185 0.5885416666666666 0.28086419753086417 0.5824652777777778 0.2756172839506173 0.5779513888888889 0.2743827160493827 0.568923611111111 0.2743827160493827 0.5630208333333333 0.2756172839506173 0.5605902777777777 0.2774691358024691 0.559375 0.2796296296296296 0.5598958333333334 0.28117283950617283
2 0.40625 0.254320987654321 0.4083333333333333 0.2558641975308642 0.4114583333333333 0.2521604938271605 0.4130208333333333 0.2469135802469136 0.41388888888888886 0.23858024691358024 0.4135416666666667 0.23240740740740742 0.4114583333333333 0.22746913580246914 0.40902777777777777 0.22746913580246914 0.40781249999999997 0.2280864197530864 0.40434027777777776 0.23703703703703705 0.40434027777777776 0.24845679012345678 0.40625 0.254320987654321
2 0.5828125 0.6586419753086419 0.5826388888888888 0.6617283950617284 0.5833333333333334 0.6635802469135803 0.5847222222222223 0.6648148148148147 0.6024305555555556 0.6648148148148147 0.6137152777777778 0.6635802469135803 0.6184027777777777 0.6617283950617284 0.61875 0.6512345679012346 0.6203124999999999 0.649074074074074 0.6217013888888888 0.6429012345679013 0.6239583333333334 0.6373456790123456 0.6225694444444444 0.6361111111111112 0.6217013888888888 0.6339506172839506 0.6215277777777778 0.6089506172839506 0.6222222222222222 0.5996913580246913 0.6222222222222222 0.5891975308641976 0.6244791666666666 0.5814814814814815 0.6253472222222222 0.5753086419753086 0.6253472222222222 0.5703703703703704 0.6244791666666666 0.5660493827160494 0.622048611111111 0.5608024691358025 0.6178819444444444 0.5564814814814815 0.6163194444444444 0.5555555555555556 0.6111111111111112 0.5564814814814815 0.6092013888888889 0.558641975308642 0.6069444444444444 0.5638888888888889 0.6029513888888888 0.5824074074074074 0.5989583333333334 0.5879629629629629 0.5973958333333333 0.5929012345679012 0.5935763888888889 0.5950617283950618 0.5881944444444445 0.600925925925926 0.5869791666666666 0.6030864197530863 0.5857638888888889 0.607716049382716 0.5864583333333333 0.6416666666666666 0.5828125 0.6586419753086419
2 0.2713541666666667 0.5388888888888889 0.271875 0.542283950617284 0.2708333333333333 0.5496913580246914 0.2708333333333333 0.5546296296296296 0.2713541666666667 0.5555555555555556 0.2720486111111111 0.5679012345679012 0.2727430555555555 0.570679012345679 0.2748263888888889 0.5746913580246913 0.2743055555555556 0.5805555555555555 0.2730902777777778 0.5854938271604938 0.2755208333333333 0.5950617283950618 0.2760416666666667 0.6015432098765432 0.2779513888888889 0.6067901234567901 0.27934027777777776 0.6179012345679012 0.28281249999999997 0.6179012345679012 0.2833333333333333 0.6111111111111112 0.28628472222222223 0.5975308641975309 0.28628472222222223 0.5858024691358025 0.28524305555555557 0.5814814814814815 0.28524305555555557 0.5774691358024692 0.284375 0.5719135802469135 0.284375 0.5601851851851852 0.2845486111111111 0.558641975308642 0.28680555555555554 0.5552469135802469 0.2873263888888889 0.5530864197530865 0.2848958333333333 0.5330246913580247 0.2831597222222222 0.5268518518518518 0.2831597222222222 0.5123456790123457 0.2796875 0.5052469135802469 0.27447916666666666 0.5123456790123457 0.2739583333333333 0.5154320987654321 0.2743055555555556 0.519753086419753 0.27031249999999996 0.532716049382716 0.26979166666666665 0.5364197530864198 0.2713541666666667 0.5388888888888889
2 0.1987847222222222 0.657716049382716 0.19947916666666665 0.6608024691358024 0.20243055555555556 0.6645061728395062 0.203125 0.6759259259259259 0.2059027777777778 0.6873456790123457 0.2081597222222222 0.692283950617284 0.2097222222222222 0.6987654320987654 0.21059027777777775 0.6996913580246913 0.2109375 0.7046296296296296 0.21180555555555555 0.70679012345679 0.21319444444444444 0.7169753086419753 0.21822916666666664 0.721604938271605 0.22083333333333333 0.7265432098765432 0.22430555555555554 0.7277777777777777 0.2248263888888889 0.725 0.22430555555555554 0.7132716049382716 0.221875 0.7037037037037037 0.22118055555555555 0.6959876543209877 0.2215277777777778 0.6907407407407407 0.2236111111111111 0.6839506172839506 0.225 0.6731481481481482 0.22430555555555554 0.6638888888888889 0.22447916666666665 0.654320987654321 0.2251736111111111 0.6469135802469135 0.2267361111111111 0.6438271604938272 0.22569444444444445 0.6401234567901234 0.2248263888888889 0.6302469135802469 0.2232638888888889 0.6265432098765432 0.2220486111111111 0.6203703703703703 0.2220486111111111 0.608641975308642 0.22065972222222222 0.6030864197530863 0.21840277777777775 0.6052469135802468 0.21684027777777778 0.6055555555555556 0.21319444444444444 0.6111111111111112 0.2111111111111111 0.6169753086419753 0.2065972222222222 0.6234567901234568 0.20451388888888888 0.6305555555555555 0.20069444444444445 0.6398148148148147 0.19947916666666665 0.645679012345679 0.1987847222222222 0.6506172839506172 0.1987847222222222 0.657716049382716
2 0.3446180555555556 0.2719135802469136 0.34479166666666666 0.2762345679012346 0.34704861111111107 0.28271604938271605 0.34774305555555557 0.28888888888888886 0.3487847222222222 0.29074074074074074 0.3524305555555556 0.2898148148148148 0.3559027777777778 0.28271604938271605 0.3567708333333333 0.279320987654321 0.3564236111111111 0.2632716049382716 0.35312499999999997 0.25462962962962965 0.3524305555555556 0.24660493827160493 0.3489583333333333 0.24537037037037038 0.3473958333333333 0.24938271604938272 0.34531249999999997 0.2515432098765432 0.3430555555555555 0.2595679012345679 0.3428819444444444 0.2660493827160494 0.3446180555555556 0.2719135802469136
2 0.24965277777777775 0.637037037037037 0.25104166666666666 0.641358024691358 0.2532986111111111 0.644753086419753 0.25468749999999996 0.6509259259259259 0.25625000000000003 0.654320987654321 0.25625000000000003 0.6694444444444444 0.2581597222222222 0.6790123456790123 0.25885416666666666 0.7 0.2586805555555556 0.703395061728395 0.25711805555555556 0.7092592592592593 0.25711805555555556 0.7148148148148148 0.25902777777777775 0.717283950617284 0.26579861111111114 0.7098765432098766 0.2678819444444444 0.7169753086419753 0.2699652777777778 0.717283950617284 0.27291666666666664 0.7148148148148148 0.27465277777777775 0.7104938271604938 0.2743055555555556 0.6910493827160493 0.2748263888888889 0.686111111111111 0.2753472222222222 0.6586419753086419 0.27586805555555555 0.6555555555555556 0.2777777777777778 0.6518518518518519 0.27899305555555554 0.6475308641975309 0.27899305555555554 0.6441358024691358 0.2796875 0.6422839506172839 0.2798611111111111 0.6191358024691357 0.2795138888888889 0.6169753086419753 0.27743055555555557 0.6123456790123456 0.2765625 0.6052469135802468 0.27586805555555555 0.6033950617283951 0.27291666666666664 0.5978395061728394 0.2664930555555556 0.592283950617284 0.2659722222222222 0.5861111111111111 0.26684027777777775 0.5824074074074074 0.2664930555555556 0.5774691358024692 0.2670138888888889 0.5743827160493827 0.2664930555555556 0.5712962962962963 0.2630208333333333 0.5703703703703704 0.2611111111111111 0.5712962962962963 0.2595486111111111 0.5811728395061728 0.2600694444444444 0.5833333333333334 0.2598958333333333 0.5888888888888889 0.25850694444444444 0.5925925925925926 0.25468749999999996 0.5947530864197531 0.2517361111111111 0.600925925925926 0.25104166666666666 0.6095679012345678 0.2508680555555556 0.6308641975308641 0.24965277777777775 0.637037037037037
2 0.30572916666666666 0.33765432098765435 0.3142361111111111 0.34351851851851856 0.3180555555555556 0.3441358024691358 0.3185763888888889 0.34320987654320984 0.3204861111111111 0.33487654320987653 0.32013888888888886 0.3277777777777778 0.3192708333333333 0.3243827160493827 0.31527777777777777 0.3175925925925926 0.3151041666666667 0.3101851851851852 0.3144097222222222 0.3083333333333333 0.3098958333333333 0.308641975308642 0.30868055555555557 0.31080246913580245 0.3072916666666667 0.3185185185185185 0.3052083333333333 0.3243827160493827 0.3050347222222222 0.33549382716049386 0.30572916666666666 0.33765432098765435
2 0.28593749999999996 0.4947530864197531 0.28402777777777777 0.495679012345679 0.28229166666666666 0.4978395061728395 0.28125 0.5009259259259259 0.28125 0.5070987654320988 0.2826388888888889 0.5132716049382716 0.2835069444444444 0.5209876543209876 0.28506944444444443 0.5256172839506172 0.2857638888888889 0.5364197530864198 0.2875 0.5410493827160493 0.2881944444444444 0.5469135802469135 0.2878472222222222 0.5506172839506173 0.2899305555555556 0.5660493827160494 0.28888888888888886 0.5802469135802469 0.2878472222222222 0.5854938271604938 0.2883680555555555 0.5882716049382716 0.2894097222222222 0.5898148148148148 0.29305555555555557 0.5898148148148148 0.29461805555555554 0.5882716049382716 0.2951388888888889 0.5858024691358025 0.29461805555555554 0.5774691358024692 0.29583333333333334 0.5675925925925925 0.2960069444444444 0.5574074074074074 0.29965277777777777 0.5447530864197531 0.3005208333333333 0.5438271604938272 0.3 0.5395061728395062 0.30069444444444443 0.5388888888888889 0.3012152777777778 0.5358024691358024 0.2994791666666667 0.5262345679012346 0.3 0.5231481481481481 0.29965277777777777 0.5188271604938272 0.3012152777777778 0.512962962962963 0.3017361111111111 0.5080246913580247 0.3005208333333333 0.5030864197530864 0.2998263888888889 0.5027777777777778 0.2977430555555556 0.4981481481481481 0.2951388888888889 0.4833333333333333 0.2939236111111111 0.47962962962962963 0.2899305555555556 0.478395061728395 0.2873263888888889 0.483641975308642 0.2864583333333333 0.4839506172839506 0.2866319444444444 0.4888888888888889 0.28593749999999996 0.4947530864197531
2 0.14097222222222222 0.879320987654321 0.14427083333333332 0.8762345679012346 0.14618055555555556 0.8774691358024691 0.14756944444444445 0.8799382716049382 0.14982638888888888 0.8972222222222223 0.15069444444444444 0.9225308641975308 0.15260416666666665 0.9395061728395062 0.15434027777777778 0.9487654320987654 0.1565972222222222 0.9549382716049382 0.1579861111111111 0.9629629629629629 0.1597222222222222 0.967283950617284 0.16319444444444445 0.970679012345679 0.16458333333333333 0.983641975308642 0.16701388888888888 0.9959876543209876 0.1685763888888889 0.9978395061728395 0.16874999999999998 0.9996913580246913 0.17552083333333335 0.9996913580246913 0.17552083333333335 0.9935185185185185 0.17378472222222222 0.9882716049382716 0.17309027777777775 0.979320987654321 0.1736111111111111 0.9771604938271605 0.17552083333333335 0.9765432098765432 0.17743055555555554 0.9743827160493828 0.17916666666666664 0.9685185185185184 0.1800347222222222 0.9194444444444444 0.18177083333333333 0.9129629629629629 0.1847222222222222 0.9104938271604938 0.1857638888888889 0.9104938271604938 0.1875 0.9157407407407407 0.1890625 0.91820987654321 0.19131944444444443 0.9169753086419753 0.1925347222222222 0.9148148148148147 0.1920138888888889 0.9080246913580247 0.18993055555555555 0.9027777777777778 0.1873263888888889 0.8996913580246914 0.1861111111111111 0.8953703703703704 0.1840277777777778 0.8756172839506172 0.1829861111111111 0.8709876543209876 0.1828125 0.8589506172839506 0.18125 0.8549382716049382 0.18090277777777775 0.8521604938271605 0.17552083333333335 0.8404320987654321 0.17274305555555555 0.8382716049382716 0.16510416666666666 0.8358024691358025 0.1625 0.832716049382716 0.1623263888888889 0.8274691358024691 0.16319444444444445 0.8179012345679012 0.1625 0.8129629629629629 0.159375 0.8055555555555556 0.15746527777777775 0.803395061728395 0.15416666666666665 0.8021604938271604 0.1512152777777778 0.803395061728395 0.1472222222222222 0.8074074074074075 0.14479166666666665 0.8129629629629629 0.1439236111111111 0.8169753086419753 0.1439236111111111 0.825 0.14444444444444443 0.8280864197530865 0.1423611111111111 0.83179012345679 0.14114583333333333 0.8391975308641975 0.14166666666666666 0.8527777777777777 0.140625 0.854320987654321 0.1378472222222222 0.8648148148148148 0.13697916666666665 0.866358024691358 0.13697916666666665 0.8777777777777778 0.14097222222222222 0.879320987654321
2 0.3109375 0.4246913580246914 0.3116319444444444 0.42685185185185187 0.3118055555555555 0.4339506172839506 0.3128472222222222 0.4391975308641975 0.3177083333333333 0.44598765432098764 0.3189236111111111 0.445679012345679 0.3199652777777778 0.44290123456790126 0.3199652777777778 0.43796296296296294 0.3192708333333333 0.4324074074074074 0.3180555555555556 0.4280864197530864 0.31649305555555557 0.4256172839506173 0.3161458333333333 0.412962962962963 0.315625 0.41018518518518515 0.3144097222222222 0.40802469135802466 0.3109375 0.4089506172839506 0.309375 0.4111111111111111 0.30885416666666665 0.4132716049382716 0.30885416666666665 0.4222222222222222 0.3109375 0.4246913580246914
2 0.31527777777777777 0.4141975308641975 0.3147569444444444 0.4225308641975309 0.31579861111111107 0.42654320987654315 0.3182291666666667 0.42993827160493825 0.3194444444444444 0.4351851851851852 0.3196180555555555 0.44382716049382714 0.3208333333333333 0.4558641975308642 0.3223958333333333 0.462037037037037 0.3223958333333333 0.4777777777777778 0.325 0.48209876543209873 0.3284722222222222 0.4824074074074074 0.32968749999999997 0.4808641975308642 0.3289930555555556 0.4700617283950617 0.3300347222222222 0.46728395061728395 0.3300347222222222 0.4524691358024691 0.33090277777777777 0.441358024691358 0.3307291666666667 0.4246913580246914 0.33125 0.42191358024691356 0.3338541666666667 0.4188271604938272 0.3336805555555556 0.4141975308641975 0.33211805555555557 0.4104938271604939 0.3317708333333333 0.40802469135802466 0.33090277777777777 0.4074074074074074 0.3288194444444444 0.4027777777777778 0.32430555555555557 0.3975308641975308 0.3234375 0.391358024691358 0.3227430555555555 0.3888888888888889 0.3215277777777778 0.3873456790123457 0.3203125 0.38765432098765434 0.31840277777777776 0.3907407407407408 0.3177083333333333 0.39783950617283953 0.31527777777777777 0.40771604938271605 0.3147569444444444 0.4111111111111111 0.31527777777777777 0.4141975308641975
2 0.22708333333333333 0.6645061728395062 0.22621527777777775 0.6759259259259259 0.2263888888888889 0.6830246913580247 0.22795138888888888 0.6867283950617284 0.2293402777777778 0.6935185185185185 0.23350694444444445 0.7015432098765432 0.234375 0.7080246913580247 0.23576388888888888 0.7111111111111111 0.2394097222222222 0.7290123456790124 0.2394097222222222 0.7345679012345678 0.2378472222222222 0.7450617283950618 0.2371527777777778 0.7574074074074074 0.23732638888888888 0.766358024691358 0.2378472222222222 0.7694444444444444 0.24166666666666664 0.769753086419753 0.24600694444444443 0.7660493827160494 0.24913194444444445 0.762037037037037 0.24895833333333334 0.7583333333333334 0.24618055555555554 0.7555555555555555 0.2454861111111111 0.7506172839506172 0.2467013888888889 0.7429012345679012 0.2482638888888889 0.7382716049382716 0.24913194444444445 0.7092592592592593 0.2503472222222222 0.7006172839506173 0.25243055555555555 0.695679012345679 0.25364583333333335 0.6870370370370371 0.25399305555555557 0.6645061728395062 0.2560763888888889 0.6583333333333333 0.25555555555555554 0.653395061728395 0.253125 0.6462962962962963 0.2503472222222222 0.6435185185185185 0.2486111111111111 0.6404320987654322 0.24791666666666665 0.6373456790123456 0.24965277777777775 0.6274691358024691 0.24947916666666664 0.6200617283950618 0.2482638888888889 0.6151234567901235 0.2453125 0.6135802469135803 0.24131944444444445 0.6138888888888888 0.23663194444444444 0.6194444444444445 0.23576388888888888 0.6246913580246913 0.23645833333333333 0.6317901234567901 0.2361111111111111 0.637037037037037 0.23385416666666664 0.641358024691358 0.23055555555555554 0.6429012345679013 0.22951388888888888 0.644753086419753 0.22708333333333333 0.6521604938271606 0.2263888888888889 0.6564814814814816 0.2263888888888889 0.6617283950617284 0.22708333333333333 0.6645061728395062
2 0.3836805555555556 0.29660493827160495 0.3854166666666667 0.2938271604938272 0.3871527777777778 0.28888888888888886 0.3880208333333333 0.279320987654321 0.3892361111111111 0.2728395061728395 0.3888888888888889 0.2648148148148148 0.3871527777777778 0.2558641975308642 0.3848958333333333 0.25617283950617287 0.3828125 0.2580246913580247 0.3796875 0.27067901234567904 0.3802083333333333 0.2959876543209876 0.3836805555555556 0.29660493827160495
2 0.3026041666666667 0.4601851851851852 0.3032986111111111 0.4632716049382716 0.303125 0.4669753086419753 0.3039930555555555 0.4703703703703703 0.3072916666666667 0.47623456790123453 0.30798611111111107 0.47932098765432096 0.30850694444444443 0.4898148148148148 0.30746527777777777 0.4972222222222222 0.30746527777777777 0.5015432098765432 0.30850694444444443 0.5052469135802469 0.309375 0.5249999999999999 0.3104166666666667 0.5268518518518518 0.3144097222222222 0.5271604938271605 0.3151041666666667 0.5225308641975308 0.315625 0.5132716049382716 0.31527777777777777 0.5080246913580247 0.31631944444444443 0.4978395061728395 0.3177083333333333 0.4947530864197531 0.3185763888888889 0.4895061728395062 0.31875 0.4774691358024691 0.3229166666666667 0.4669753086419753 0.3215277777777778 0.4558641975308642 0.3182291666666667 0.4441358024691358 0.3161458333333333 0.4410493827160494 0.31406249999999997 0.4395061728395062 0.3128472222222222 0.4364197530864197 0.31232638888888886 0.4339506172839506 0.3126736111111111 0.42592592592592593 0.3107638888888889 0.4228395061728395 0.30746527777777777 0.42376543209876544 0.3064236111111111 0.4256172839506173 0.3052083333333333 0.4302469135802469 0.3050347222222222 0.4361111111111111 0.3043402777777778 0.4391975308641975 0.2998263888888889 0.4472222222222222 0.2998263888888889 0.45462962962962966 0.3026041666666667 0.4601851851851852
2 0.25399305555555557 0.545679012345679 0.25468749999999996 0.5509259259259259 0.25399305555555557 0.5537037037037037 0.2503472222222222 0.5608024691358025 0.24930555555555556 0.5679012345679012 0.24930555555555556 0.571604938271605 0.24809027777777778 0.5743827160493827 0.24913194444444445 0.5774691358024692 0.24930555555555556 0.5814814814814815 0.2508680555555556 0.5864197530864198 0.2517361111111111 0.5941358024691359 0.2552083333333333 0.5944444444444444 0.26024305555555555 0.5891975308641976 0.2612847222222222 0.5858024691358025 0.2630208333333333 0.5854938271604938 0.2635416666666667 0.5861111111111111 0.26371527777777776 0.5888888888888889 0.2661458333333333 0.5919753086419752 0.2699652777777778 0.5935185185185184 0.2722222222222222 0.595679012345679 0.27291666666666664 0.5953703703703703 0.27291666666666664 0.5901234567901235 0.271875 0.5848765432098765 0.27413194444444444 0.5774691358024692 0.27291666666666664 0.5703703703703704 0.271875 0.5679012345679012 0.2713541666666667 0.5604938271604938 0.2704861111111111 0.5561728395061728 0.2689236111111111 0.5521604938271605 0.2670138888888889 0.5503086419753086 0.26684027777777775 0.532716049382716 0.26579861111111114 0.529320987654321 0.2638888888888889 0.5256172839506172 0.2586805555555556 0.5256172839506172 0.2552083333333333 0.5317901234567901 0.2534722222222222 0.537962962962963 0.25295138888888885 0.5438271604938272 0.25399305555555557 0.545679012345679
2 0.22760416666666666 0.5993827160493828 0.23177083333333334 0.616358024691358 0.2315972222222222 0.6197530864197531 0.22864583333333333 0.6234567901234568 0.22951388888888888 0.628395061728395 0.23055555555555554 0.6299382716049382 0.22881944444444444 0.6339506172839506 0.23072916666666665 0.6351851851851852 0.2342013888888889 0.6351851851851852 0.23559027777777775 0.633641975308642 0.2359375 0.6222222222222222 0.24027777777777778 0.6145061728395061 0.2421875 0.6135802469135803 0.2484375 0.6145061728395061 0.2498263888888889 0.6024691358024691 0.2508680555555556 0.5981481481481481 0.25190972222222224 0.5962962962962963 0.25190972222222224 0.5907407407407407 0.24913194444444445 0.5833333333333334 0.24479166666666666 0.5780864197530864 0.24583333333333335 0.5679012345679012 0.24583333333333335 0.5608024691358025 0.2453125 0.5595679012345679 0.24461805555555555 0.5583333333333333 0.2409722222222222 0.5583333333333333 0.23732638888888888 0.5629629629629629 0.23402777777777775 0.5753086419753086 0.2314236111111111 0.5805555555555555 0.23072916666666665 0.5808641975308642 0.228125 0.5882716049382716 0.22760416666666666 0.5907407407407407 0.22760416666666666 0.5993827160493828
2 0.35920138888888886 0.2660493827160494 0.3598958333333333 0.26882716049382716 0.36041666666666666 0.27685185185185185 0.36336805555555557 0.2824074074074074 0.36354166666666665 0.29290123456790124 0.3657986111111111 0.29537037037037034 0.3696180555555555 0.2938271604938272 0.3708333333333333 0.29074074074074074 0.3708333333333333 0.28487654320987654 0.37048611111111107 0.2756172839506173 0.3685763888888889 0.26450617283950617 0.3657986111111111 0.25925925925925924 0.3654513888888889 0.2552469135802469 0.3637152777777778 0.25308641975308643 0.36267361111111107 0.25277777777777777 0.36093749999999997 0.2540123456790124 0.3598958333333333 0.2580246913580247 0.3598958333333333 0.2623456790123457 0.35920138888888886 0.2660493827160494
2 0.1875 0.7929012345679012 0.18888888888888888 0.7969135802469135 0.1892361111111111 0.8015432098765432 0.19270833333333334 0.8027777777777778 0.1939236111111111 0.7978395061728395 0.19583333333333333 0.7950617283950616 0.19652777777777775 0.7950617283950616 0.2003472222222222 0.8012345679012346 0.20399305555555555 0.8129629629629629 0.20416666666666666 0.8237654320987654 0.20277777777777775 0.8419753086419753 0.2017361111111111 0.845679012345679 0.19999999999999998 0.857716049382716 0.19947916666666665 0.8712962962962962 0.19826388888888888 0.8765432098765432 0.19826388888888888 0.8805555555555555 0.19999999999999998 0.883641975308642 0.2034722222222222 0.8839506172839506 0.20625 0.882716049382716 0.2079861111111111 0.8814814814814815 0.21041666666666664 0.8771604938271605 0.21041666666666664 0.8734567901234568 0.2076388888888889 0.8675925925925926 0.2074652777777778 0.8651234567901235 0.21059027777777775 0.85 0.21197916666666666 0.8475308641975309 0.21493055555555554 0.8462962962962963 0.2170138888888889 0.8441358024691359 0.22013888888888888 0.83179012345679 0.21996527777777775 0.8277777777777778 0.21822916666666664 0.8222222222222222 0.2159722222222222 0.8175925925925925 0.2157986111111111 0.8157407407407407 0.2159722222222222 0.8095679012345679 0.2173611111111111 0.8006172839506173 0.2173611111111111 0.7882716049382715 0.2154513888888889 0.7666666666666666 0.2154513888888889 0.7617283950617284 0.21684027777777778 0.7592592592592593 0.22065972222222222 0.7598765432098765 0.2236111111111111 0.758641975308642 0.2248263888888889 0.7564814814814815 0.22552083333333334 0.7521604938271605 0.22430555555555554 0.7462962962962962 0.22274305555555554 0.7447530864197531 0.22118055555555555 0.7401234567901235 0.2190972222222222 0.7385802469135803 0.2173611111111111 0.7351851851851853 0.2170138888888889 0.7237654320987654 0.21354166666666666 0.7191358024691359 0.21215277777777775 0.7111111111111111 0.21041666666666664 0.7058641975308642 0.20694444444444443 0.7040123456790123 0.20451388888888888 0.7040123456790123 0.20243055555555556 0.7049382716049382 0.2017361111111111 0.7061728395061728 0.19947916666666665 0.7154320987654321 0.1986111111111111 0.7277777777777777 0.19652777777777775 0.732716049382716 0.19270833333333334 0.7367283950617284 0.19131944444444443 0.7453703703703703 0.1892361111111111 0.7524691358024691 0.1875 0.7734567901234568 0.18715277777777775 0.7891975308641975 0.1875 0.7929012345679012
2 0.2956597222222222 0.47129629629629627 0.2944444444444444 0.47716049382716047 0.2953125 0.4833333333333333 0.2954861111111111 0.4938271604938272 0.296875 0.4981481481481481 0.29843749999999997 0.5 0.30017361111111107 0.5052469135802469 0.3003472222222222 0.5080246913580247 0.2991319444444444 0.5191358024691358 0.2991319444444444 0.5274691358024691 0.30017361111111107 0.5391975308641975 0.2989583333333333 0.5425925925925926 0.2989583333333333 0.5444444444444444 0.29965277777777777 0.5506172839506173 0.3019097222222222 0.5537037037037037 0.3038194444444444 0.5546296296296296 0.3048611111111111 0.5540123456790124 0.3060763888888889 0.5509259259259259 0.3043402777777778 0.5432098765432098 0.3071180555555555 0.5367283950617284 0.30746527777777777 0.528395061728395 0.3092013888888889 0.5228395061728395 0.30850694444444443 0.5114197530864197 0.3090277777777778 0.5064814814814814 0.3090277777777778 0.48456790123456794 0.3095486111111111 0.48055555555555557 0.3083333333333333 0.47623456790123453 0.3069444444444444 0.47469135802469137 0.30451388888888886 0.4694444444444445 0.3038194444444444 0.4669753086419753 0.3041666666666667 0.4635802469135802 0.3036458333333333 0.4601851851851852 0.3005208333333333 0.45401234567901233 0.2960069444444444 0.4561728395061728 0.2954861111111111 0.45925925925925926 0.2960069444444444 0.46296296296296297 0.2956597222222222 0.47129629629629627
0 0.4878472222222222 0.34228395061728395 0.4899305555555556 0.3425925925925926 0.49201388888888886 0.3450617283950617 0.4930555555555556 0.35216049382716047 0.49322916666666666 0.35617283950617284 0.4921875 0.366358024691358 0.4921875 0.3805555555555556 0.4930555555555556 0.3867283950617284 0.4927083333333333 0.3947530864197531 0.4935763888888889 0.4006172839506173 0.4939236111111111 0.4222222222222222 0.4947916666666667 0.42993827160493825 0.49496527777777777 0.4416666666666667 0.4967013888888889 0.4555555555555556 0.4975694444444444 0.4743827160493827 0.4984375 0.4780864197530864 0.5003472222222223 0.49537037037037035 0.5005208333333333 0.5067901234567901 0.5026041666666666 0.5157407407407407 0.5041666666666667 0.533641975308642 0.50625 0.5469135802469135 0.5065972222222223 0.5530864197530865 0.5078125 0.5574074074074074 0.5076388888888889 0.5645061728395062 0.5088541666666666 0.5743827160493827 0.5083333333333333 0.5817901234567902 0.5088541666666666 0.595679012345679 0.5104166666666666 0.604320987654321 0.5112847222222222 0.6132716049382716 0.5128472222222222 0.6182098765432099 0.5137152777777777 0.6256172839506172 0.5159722222222223 0.6364197530864197 0.5159722222222223 0.6444444444444444 0.5170138888888889 0.6484567901234568 0.5171874999999999 0.654320987654321 0.5185763888888889 0.6608024691358024 0.5215277777777777 0.6635802469135803 0.5239583333333333 0.6641975308641975 0.5470486111111111 0.6626543209876543 0.5598958333333334 0.6638888888888889 0.5826388888888888 0.6638888888888889 0.584548611111111 0.6648148148148147 0.5921875 0.6638888888888889 0.6161458333333334 0.6635802469135803 0.6239583333333334 0.6614197530864198 0.6269097222222222 0.6555555555555556 0.6281249999999999 0.65 0.6288194444444444 0.6364197530864197 0.6310763888888888 0.6117283950617284 0.6307291666666666 0.604320987654321 0.6319444444444444 0.5919753086419752 0.6319444444444444 0.5799382716049383 0.6329861111111111 0.5657407407407408 0.6331597222222222 0.5527777777777777 0.6340277777777777 0.5444444444444444 0.634375 0.5209876543209876 0.6354166666666666 0.504320987654321 0.6354166666666666 0.462037037037037 0.634375 0.4552469135802469 0.6340277777777777 0.4441358024691358 0.6310763888888888 0.43456790123456784 0.6277777777777778 0.42962962962962964 0.6263888888888888 0.425 0.625 0.42376543209876544 0.6199652777777778 0.41358024691358025 0.6196180555555556 0.41018518518518515 0.6180555555555556 0.4049382716049383 0.6166666666666666 0.39197530864197533 0.6149305555555555 0.3873456790123457 0.6088541666666666 0.37592592592592594 0.607986111111111 0.3753086419753086 0.6059027777777778 0.3694444444444444 0.600173611111111 0.35802469135802467 0.5977430555555555 0.35154320987654325 0.5973958333333333 0.3487654320987654 0.5949652777777777 0.3450617283950617 0.5901041666666667 0.3425925925925926 0.5862847222222222 0.33549382716049386 0.5854166666666666 0.33179012345679015 0.5840277777777777 0.3305555555555556 0.5812499999999999 0.32469135802469135 0.5795138888888889 0.3228395061728395 0.5772569444444444 0.3172839506172839 0.5760416666666667 0.3166666666666667 0.5729166666666666 0.3111111111111111 0.5722222222222222 0.3074074074074074 0.568923611111111 0.3003086419753086 0.5685763888888888 0.29660493827160495 0.5668402777777778 0.2904320987654321 0.5645833333333333 0.28734567901234565 0.5614583333333333 0.2851851851851852 0.5538194444444444 0.2851851851851852 0.5493055555555555 0.2830246913580247 0.537673611111111 0.2817901234567901 0.5086805555555556 0.2817901234567901 0.5020833333333333 0.2830246913580247 0.4993055555555555 0.2851851851851852 0.4975694444444444 0.2882716049382716 0.4956597222222222 0.2978395061728395 0.4942708333333333 0.31203703703703706 0.49201388888888886 0.3172839506172839 0.490625 0.32407407407407407 0.48767361111111107 0.3287037037037037 0.4873263888888889 0.33981481481481485 0.4878472222222222 0.34228395061728395
0 0.4560763888888889 0.19290123456790123 0.45694444444444443 0.19444444444444445 0.45729166666666665 0.19907407407407407 0.4597222222222222 0.20895061728395062 0.4602430555555555 0.21049382716049383 0.4630208333333333 0.21358024691358024 0.4635416666666667 0.21635802469135804 0.46371527777777777 0.21358024691358024 0.46493055555555557 0.21018518518518517 0.4680555555555555 0.20679012345679013 0.4710069444444444 0.20555555555555555 0.4744791666666667 0.20555555555555555 0.4777777777777778 0.2074074074074074 0.4789930555555555 0.20308641975308642 0.47934027777777777 0.18518518518518517 0.4784722222222222 0.17839506172839506 0.475 0.170679012345679 0.4706597222222222 0.1675925925925926 0.4614583333333333 0.1675925925925926 0.4595486111111111 0.1685185185185185 0.4583333333333333 0.170679012345679 0.4578125 0.1734567901234568 0.45729166666666665 0.18981481481481483 0.4560763888888889 0.19290123456790123
0 0.4288194444444444 0.254320987654321 0.4479166666666667 0.25339506172839504 0.4503472222222222 0.2521604938271605 0.45121527777777776 0.24969135802469133 0.4534722222222222 0.24753086419753087 0.4604166666666667 0.2450617283950617 0.4611111111111111 0.24320987654320986 0.46076388888888886 0.21296296296296297 0.4567708333333333 0.1993827160493827 0.4532986111111111 0.1962962962962963 0.44947916666666665 0.1962962962962963 0.4430555555555556 0.19413580246913578 0.44079861111111107 0.19444444444444445 0.4388888888888889 0.1953703703703704 0.4364583333333333 0.19814814814814813 0.4322916666666667 0.1993827160493827 0.4293402777777778 0.20185185185185187 0.4270833333333333 0.20833333333333334 0.4270833333333333 0.23858024691358024 0.4288194444444444 0.254320987654321
6 0.5182291666666666 0.2138888888888889 0.5185763888888889 0.21728395061728392 0.5196180555555555 0.22006172839506172 0.5203125000000001 0.23148148148148148 0.5184027777777778 0.25339506172839504 0.5185763888888889 0.25493827160493826 0.521875 0.2601851851851852 0.5244791666666666 0.27253086419753086 0.5255208333333333 0.27499999999999997 0.5267361111111111 0.27685185185185185 0.5293402777777777 0.27839506172839507 0.5375 0.2780864197530864 0.5430555555555555 0.2762345679012346 0.5467013888888889 0.2762345679012346 0.5489583333333333 0.2799382716049383 0.553125 0.279320987654321 0.5538194444444444 0.2780864197530864 0.5545138888888889 0.2638888888888889 0.5555555555555556 0.2595679012345679 0.5578124999999999 0.25493827160493826 0.5585069444444444 0.24845679012345678 0.5583333333333333 0.2361111111111111 0.5572916666666666 0.22716049382716047 0.5571180555555555 0.2037037037037037 0.5538194444444444 0.2015432098765432 0.5262152777777778 0.2015432098765432 0.5220486111111111 0.20277777777777775 0.5185763888888889 0.20679012345679013 0.5194444444444445 0.21049382716049383 0.5182291666666666 0.2138888888888889
3 0.8262152777777778 0.30709876543209874 0.8277777777777777 0.3089506172839506 0.8348958333333334 0.3104938271604938 0.8385416666666666 0.3132716049382716 0.8416666666666666 0.3111111111111111 0.8432291666666666 0.3037037037037037 0.8435763888888889 0.2802469135802469 0.8428819444444444 0.27654320987654324 0.8421875 0.27530864197530863 0.8315972222222222 0.27654320987654324 0.828125 0.2740740740740741 0.826736111111111 0.2756172839506173 0.8256944444444444 0.2802469135802469 0.8253472222222222 0.29537037037037034 0.8262152777777778 0.30709876543209874
4 0.4027810763888888 0.6182867283950618 0.4056407986111111 0.6092922839506173 0.40630069444444444 0.60303487654321 0.4056407986111111 0.5948225308641975 0.40784045138888886 0.5830901234567901 0.4111402777777778 0.5854367283950618 0.41290000000000004 0.5787882716049383 0.4135598958333333 0.5697938271604939 0.41421996527777777 0.559625925925926 0.41443993055555556 0.5439830246913581 0.41707968749999996 0.5314685185185185 0.420159375 0.5115237654320988 0.4247788194444444 0.5091774691358024 0.42587881944444445 0.5052666666666666 0.4265387152777777 0.486495061728395 0.42587881944444445 0.47046111111111116 0.42741857638888886 0.469679012345679 0.42873854166666664 0.46459506172839504 0.42543888888888887 0.458729012345679 0.42411892361111114 0.45638240740740743 0.42565885416666666 0.43956635802469135 0.42543888888888887 0.42822530864197533 0.42411892361111114 0.4196216049382716 0.42213906250000005 0.41179999999999994 0.4146598958333333 0.40671604938271605 0.39904131944444443 0.4031966049382716 0.37902326388888885 0.40124104938271604 0.3574654513888889 0.3992858024691358 0.3515260416666667 0.4043697530864197 0.34624652777777776 0.4235324074074074 0.33634739583333334 0.453645061728395 0.3310678819444444 0.46772376543209876 0.33040798611111116 0.48102006172839507 0.33150798611111115 0.4872771604938272 0.33128784722222226 0.49861851851851846 0.33040798611111116 0.5193453703703704 0.33150798611111115 0.5291222222222222 0.33502760416666666 0.5291222222222222 0.3385472222222222 0.5404632716049383 0.3414069444444444 0.549066975308642 0.3416269097222222 0.560408024691358 0.3405270833333333 0.5772240740740741 0.33876718749999996 0.5924759259259259 0.3376673611111111 0.6061635802469135 0.3385472222222222 0.6112475308641976 0.3702241319444444 0.6151583333333334 0.4027810763888888 0.6182867283950618