8 0.3338541666666667 0.37654320987654316 0.334375 0.3888888888888889 0.3338541666666667 0.40185185185185185 0.3350694444444444 0.40802469135802466 0.3352430555555555 0.4138888888888889 0.3385416666666667 0.4148148148148148 0.340625 0.40956790123456793 0.34479166666666666 0.40617283950617283 0.36319444444444443 0.4070987654320988 0.37118055555555557 0.40432098765432095 0.3722222222222222 0.4 0.3720486111111111 0.3907407407407408 0.37118055555555557 0.38796296296296295 0.37118055555555557 0.3833333333333333 0.3722222222222222 0.3805555555555556 0.3720486111111111 0.3774691358024691 0.36996527777777777 0.37222222222222223 0.3666666666666667 0.35401234567901235 0.36267361111111107 0.3450617283950617 0.3560763888888889 0.3429012345679012 0.3376736111111111 0.34382716049382717 0.3355902777777778 0.34598765432098766 0.3347222222222222 0.3530864197530864 0.3352430555555555 0.3666666666666667 0.3338541666666667 0.37654320987654316
8 0.4836805555555555 0.2802469135802469 0.4836805555555555 0.283641975308642 0.4847222222222222 0.2861111111111111 0.4848958333333333 0.28888888888888886 0.48420138888888886 0.295679012345679 0.48420138888888886 0.30493827160493825 0.4848958333333333 0.30709876543209874 0.4873263888888889 0.3080246913580247 0.5057291666666667 0.3083333333333333 0.5072916666666667 0.3061728395061728 0.5079861111111111 0.30401234567901236 0.5085069444444444 0.29444444444444445 0.5079861111111111 0.2817901234567901 0.5067708333333333 0.27314814814814814 0.5057291666666667 0.2697530864197531 0.5050347222222222 0.2617283950617284 0.5031249999999999 0.25709876543209875 0.5019097222222222 0.2558641975308642 0.4972222222222222 0.25493827160493826 0.4918402777777778 0.2552469135802469 0.4878472222222222 0.25709876543209875 0.4848958333333333 0.2722222222222222 0.4847222222222222 0.27685185185185185 0.4836805555555555 0.2802469135802469
1 0.4638888888888889 0.23024691358024693 0.4666666666666667 0.23518518518518516 0.4689236111111111 0.23672839506172838 0.4704861111111111 0.24166666666666664 0.4739583333333333 0.2419753086419753 0.4772569444444444 0.23765432098765432 0.4779513888888889 0.23425925925925928 0.4777777777777778 0.23117283950617282 0.4736111111111111 0.22006172839506172 0.4706597222222222 0.21882716049382717 0.4671875 0.22006172839506172 0.4644097222222222 0.22469135802469134 0.46371527777777777 0.22746913580246914 0.4638888888888889 0.23024691358024693
1 0.475 0.22469135802469134 0.4758680555555555 0.23549382716049383 0.47638888888888886 0.23827160493827163 0.4774305555555556 0.23950617283950618 0.4809027777777778 0.23549382716049383 0.4821180555555556 0.229320987654321 0.4821180555555556 0.220679012345679 0.4814236111111111 0.21728395061728392 0.4791666666666667 0.21512345679012346 0.47465277777777776 0.21574074074074076 0.4734375 0.21728395061728392 0.4732638888888889 0.22037037037037038 0.475 0.22469135802469134
1 0.18385416666666665 0.5376543209876543 0.18541666666666665 0.5407407407407407 0.18940972222222222 0.5388888888888889 0.1951388888888889 0.5290123456790123 0.19652777777777775 0.5280864197530865 0.2001736111111111 0.5228395061728395 0.20069444444444445 0.5209876543209876 0.20572916666666666 0.5135802469135803 0.20694444444444443 0.512962962962963 0.20850694444444445 0.5092592592592593 0.21006944444444445 0.5077160493827161 0.2126736111111111 0.5015432098765432 0.21354166666666666 0.5012345679012346 0.21562499999999998 0.4975308641975309 0.21770833333333334 0.4959876543209876 0.22586805555555556 0.4833333333333333 0.22777777777777775 0.48209876543209873 0.22881944444444444 0.47932098765432096 0.2309027777777778 0.4777777777777778 0.23246527777777778 0.47469135802469137 0.23663194444444444 0.4694444444444445 0.2376736111111111 0.4691358024691358 0.24305555555555555 0.4611111111111111 0.24479166666666666 0.46049382716049386 0.24635416666666665 0.45771604938271604 0.2486111111111111 0.45648148148148143 0.25069444444444444 0.4527777777777778 0.24600694444444443 0.45123456790123456 0.22864583333333333 0.45185185185185184 0.22621527777777775 0.45339506172839505 0.2203125 0.45493827160493827 0.2126736111111111 0.4601851851851852 0.2095486111111111 0.4635802469135802 0.20434027777777775 0.4722222222222222 0.203125 0.47314814814814815 0.20277777777777775 0.4756172839506173 0.1984375 0.4833333333333333 0.1970486111111111 0.4839506172839506 0.19618055555555555 0.4854938271604938 0.19270833333333334 0.4858024691358025 0.1920138888888889 0.48703703703703705 0.19218749999999998 0.4895061728395062 0.19496527777777775 0.49320987654320986 0.19496527777777775 0.4959876543209876 0.18559027777777778 0.5123456790123457 0.1831597222222222 0.5234567901234568 0.18263888888888888 0.5320987654320988 0.18385416666666665 0.5376543209876543
1 0.3663194444444444 0.283641975308642 0.3692708333333333 0.28456790123456793 0.38437499999999997 0.28487654320987654 0.3871527777777778 0.28271604938271605 0.3871527777777778 0.2796296296296296 0.38559027777777777 0.2756172839506173 0.3831597222222222 0.2722222222222222 0.3810763888888889 0.2712962962962963 0.37309027777777776 0.2722222222222222 0.3701388888888889 0.2756172839506173 0.3680555555555556 0.28117283950617283 0.3663194444444444 0.283641975308642
1 0.4001736111111111 0.30925925925925923 0.4015625 0.30987654320987656 0.4046875 0.3077160493827161 0.40781249999999997 0.3037037037037037 0.4118055555555556 0.2959876543209876 0.4135416666666667 0.29012345679012347 0.4130208333333333 0.28672839506172837 0.40902777777777777 0.2861111111111111 0.4029513888888889 0.28950617283950614 0.4006944444444444 0.2932098765432099 0.39947916666666666 0.3006172839506173 0.3993055555555556 0.3077160493827161 0.4001736111111111 0.30925925925925923
1 0.38385416666666666 0.2691358024691358 0.3842013888888889 0.2728395061728395 0.38680555555555557 0.27685185185185185 0.3895833333333333 0.27839506172839507 0.3902777777777778 0.2796296296296296 0.390625 0.2833333333333333 0.3942708333333333 0.2820987654320988 0.3961805555555556 0.279320987654321 0.3975694444444444 0.27314814814814814 0.4008680555555555 0.26944444444444443 0.4020833333333333 0.26666666666666666 0.4029513888888889 0.2589506172839506 0.4027777777777778 0.25617283950617287 0.4005208333333333 0.25308641975308643 0.3954861111111111 0.2524691358024691 0.39045138888888886 0.25308641975308643 0.38871527777777776 0.2552469135802469 0.38611111111111107 0.2660493827160494 0.38385416666666666 0.2691358024691358
1 0.4175347222222222 0.27839506172839507 0.4215277777777778 0.2771604938271605 0.4291666666666667 0.2771604938271605 0.4305555555555556 0.2759259259259259 0.4309027777777778 0.2737654320987654 0.4309027777777778 0.2648148148148148 0.4300347222222222 0.2604938271604938 0.42517361111111107 0.25617283950617287 0.421875 0.25617283950617287 0.41822916666666665 0.2580246913580247 0.4164930555555555 0.2611111111111111 0.4145833333333333 0.26265432098765434 0.4133680555555555 0.2679012345679012 0.4133680555555555 0.27685185185185185 0.4175347222222222 0.27839506172839507
1 0.4322916666666667 0.25864197530864197 0.4322916666666667 0.25493827160493826 0.4319444444444444 0.2552469135802469 0.4317708333333333 0.25864197530864197 0.4322916666666667 0.25864197530864197
1 0.3572916666666667 0.3243827160493827 0.3598958333333333 0.32901234567901233 0.3614583333333333 0.3351851851851852 0.36041666666666666 0.3388888888888889 0.3619791666666667 0.3419753086419753 0.3630208333333333 0.34228395061728395 0.3659722222222222 0.34845679012345676 0.36996527777777777 0.34845679012345676 0.3722222222222222 0.3453703703703703 0.3732638888888889 0.3419753086419753 0.3732638888888889 0.33796296296296297 0.3746527777777778 0.33148148148148143 0.37482638888888886 0.32685185185185184 0.3763888888888889 0.3219135802469136 0.3756944444444444 0.3101851851851852 0.3744791666666667 0.3055555555555556 0.3732638888888889 0.30339506172839503 0.3675347222222222 0.30123456790123454 0.3590277777777778 0.30123456790123454 0.35555555555555557 0.3030864197530864 0.3520833333333333 0.3080246913580247 0.3503472222222222 0.3138888888888889 0.34965277777777776 0.3191358024691358 0.34965277777777776 0.32160493827160497 0.3572916666666667 0.3243827160493827
1 0.36701388888888886 0.3444444444444445 0.3675347222222222 0.34629629629629627 0.3685763888888889 0.3447530864197531 0.3697916666666667 0.3453703703703703 0.3668402777777778 0.34382716049382717 0.3659722222222222 0.3444444444444445 0.3663194444444444 0.34629629629629627 0.36701388888888886 0.3444444444444445
1 0.3689236111111111 0.33765432098765435 0.3697916666666667 0.33981481481481485 0.3708333333333333 0.337037037037037 0.37100694444444443 0.3333333333333333 0.3697916666666667 0.32901234567901233 0.3694444444444444 0.32993827160493827 0.3689236111111111 0.33179012345679015 0.3689236111111111 0.33765432098765435
1 0.3697916666666667 0.3271604938271605 0.3708333333333333 0.3243827160493827 0.3694444444444444 0.32345679012345674 0.3689236111111111 0.325 0.3697916666666667 0.3271604938271605
1 0.3388888888888889 0.3425925925925926 0.3637152777777778 0.3419753086419753 0.3644097222222222 0.34012345679012346 0.3644097222222222 0.33796296296296297 0.3637152777777778 0.3339506172839506 0.3619791666666667 0.3302469135802469 0.3605902777777778 0.32407407407407407 0.3567708333333333 0.3212962962962963 0.3487847222222222 0.3194444444444444 0.33923611111111107 0.32345679012345674 0.3350694444444444 0.32685185185185184 0.3335069444444444 0.32993827160493827 0.3315972222222222 0.3395061728395061 0.3317708333333333 0.3447530864197531 0.3388888888888889 0.3425925925925926
5 0.40729166666666666 0.441358024691358 0.40902777777777777 0.44290123456790126 0.40954861111111107 0.44598765432098764 0.4092013888888889 0.4632716049382716 0.4109375 0.4660493827160494 0.4293402777777778 0.46820987654320984 0.44131944444444443 0.46820987654320984 0.44930555555555557 0.47129629629629627 0.4508680555555556 0.4703703703703703 0.4515625 0.4611111111111111 0.4508680555555556 0.44382716049382714 0.45121527777777776 0.4419753086419753 0.4532986111111111 0.4398148148148148 0.4532986111111111 0.43734567901234567 0.4527777777777778 0.43580246913580245 0.45121527777777776 0.4351851851851852 0.4498263888888889 0.4327160493827161 0.4496527777777778 0.42993827160493825 0.44809027777777777 0.4253086419753086 0.4465277777777778 0.4175925925925926 0.4439236111111111 0.41358024691358025 0.4430555555555556 0.41018518518518515 0.44149305555555557 0.40771604938271605 0.4399305555555555 0.4067901234567901 0.4211805555555555 0.40771604938271605 0.41736111111111107 0.40987654320987654 0.4140625 0.4154320987654321 0.4097222222222222 0.4330246913580247 0.4067708333333333 0.4367283950617284 0.4065972222222222 0.4395061728395062 0.40729166666666666 0.441358024691358
5 0.057638888888888885 0.7003086419753086 0.058159722222222224 0.703395061728395 0.060069444444444446 0.7074074074074075 0.07152777777777777 0.7074074074074075 0.07795138888888888 0.7052469135802469 0.08472222222222223 0.6950617283950616 0.0890625 0.6904320987654321 0.09305555555555554 0.6833333333333333 0.09618055555555555 0.6799382716049384 0.10086805555555554 0.671604938271605 0.10590277777777778 0.6648148148148147 0.11163194444444445 0.6552469135802469 0.11631944444444445 0.6496913580246914 0.12239583333333333 0.6391975308641975 0.12395833333333332 0.6379629629629631 0.12916666666666665 0.6287037037037038 0.13402777777777777 0.6231481481481481 0.13663194444444443 0.6182098765432099 0.1376736111111111 0.6175925925925926 0.14357638888888888 0.608641975308642 0.14618055555555556 0.6061728395061728 0.14895833333333333 0.6006172839506172 0.15104166666666666 0.5987654320987654 0.1560763888888889 0.5901234567901235 0.1595486111111111 0.5861111111111111 0.16145833333333334 0.5854938271604938 0.16666666666666666 0.5759259259259258 0.16927083333333334 0.5694444444444444 0.17274305555555555 0.5645061728395062 0.17256944444444444 0.5614197530864198 0.1720486111111111 0.5604938271604938 0.1690972222222222 0.5595679012345679 0.16024305555555554 0.5583333333333333 0.13663194444444443 0.5583333333333333 0.1310763888888889 0.5601851851851852 0.1236111111111111 0.5604938271604938 0.11458333333333333 0.5638888888888889 0.11059027777777777 0.5719135802469135 0.10208333333333333 0.5808641975308642 0.09791666666666667 0.587037037037037 0.08541666666666667 0.6126543209876544 0.08177083333333332 0.617283950617284 0.07725694444444445 0.6160493827160494 0.07430555555555556 0.6182098765432099 0.07378472222222222 0.6194444444444445 0.07430555555555556 0.6234567901234568 0.07725694444444445 0.6268518518518519 0.07725694444444445 0.6314814814814815 0.0763888888888889 0.6342592592592593 0.07378472222222222 0.6367283950617284 0.06302083333333333 0.6580246913580247 0.06163194444444445 0.6635802469135803 0.05850694444444444 0.671604938271605 0.057291666666666664 0.6805555555555556 0.056944444444444436 0.6929012345679012 0.057638888888888885 0.7003086419753086
1 0.36336805555555557 0.2993827160493827 0.3659722222222222 0.30154320987654315 0.37100694444444443 0.3030864197530864 0.3722222222222222 0.3052469135802469 0.37309027777777776 0.3089506172839506 0.3741319444444444 0.3104938271604938 0.3755208333333333 0.31790123456790126 0.3770833333333333 0.3219135802469136 0.3779513888888889 0.32932098765432094 0.37916666666666665 0.3305555555555556 0.3807291666666667 0.3305555555555556 0.3835069444444444 0.32839506172839505 0.3852430555555555 0.32160493827160497 0.38611111111111107 0.30956790123456784 0.3878472222222222 0.30401234567901236 0.38680555555555557 0.29537037037037034 0.3873263888888889 0.29074074074074074 0.38680555555555557 0.28734567901234565 0.38125 0.2839506172839506 0.3722222222222222 0.283641975308642 0.3697916666666667 0.28271604938271605 0.3659722222222222 0.28734567901234565 0.3647569444444444 0.29012345679012347 0.3628472222222222 0.29660493827160495 0.36336805555555557 0.2993827160493827
1 0.4079861111111111 0.2876543209876543 0.4109375 0.2891975308641975 0.4131944444444444 0.28858024691358025 0.4152777777777778 0.28672839506172837 0.4161458333333333 0.2839506172839506 0.41805555555555557 0.28117283950617283 0.4201388888888889 0.2799382716049383 0.4203125 0.27654320987654324 0.4197916666666667 0.2756172839506173 0.4149305555555556 0.2740740740740741 0.4114583333333333 0.27530864197530863 0.4085069444444444 0.2796296296296296 0.40729166666666666 0.28487654320987654 0.4071180555555556 0.28641975308641976 0.4079861111111111 0.2876543209876543
1 0.2534722222222222 0.45092592592592595 0.25503472222222223 0.4524691358024691 0.2647569444444444 0.4503086419753086 0.2748263888888889 0.4493827160493827 0.2942708333333333 0.44907407407407407 0.29843749999999997 0.45 0.30746527777777777 0.45 0.3098958333333333 0.44660493827160497 0.3109375 0.4435185185185185 0.3109375 0.42191358024691356 0.3097222222222222 0.4188271604938272 0.3078125 0.4067901234567901 0.30624999999999997 0.403395061728395 0.3048611111111111 0.39413580246913577 0.3017361111111111 0.3854938271604938 0.2977430555555556 0.38240740740740736 0.2921875 0.3808641975308642 0.2829861111111111 0.3811728395061728 0.27725694444444443 0.38240740740740736 0.2755208333333333 0.3833333333333333 0.2689236111111111 0.3929012345679012 0.26197916666666665 0.4058641975308642 0.2604166666666667 0.4114197530864197 0.25902777777777775 0.4138888888888889 0.25711805555555556 0.41512345679012347 0.2569444444444444 0.4253086419753086 0.25538194444444445 0.429320987654321 0.2532986111111111 0.4398148148148148 0.25295138888888885 0.44814814814814813 0.2534722222222222 0.45092592592592595
1 0 0.9962962962962962 0.0019097222222222222 0.9962962962962962 0.003298611111111111 0.9950617283950618 0.0031249999999999997 0.9910493827160494 0.0015624999999999999 0.9885802469135803 0 0.9885802469135803 0 0.9962962962962962
1 0 0.721604938271605 0.003993055555555555 0.7228395061728394 0.006076388888888889 0.7225308641975309 0.0062499999999999995 0.7200617283950618 0.0045138888888888885 0.7194444444444444 0 0.7200617283950618 0 0.721604938271605
1 0.4690972222222222 0.4074074074074074 0.4722222222222222 0.4111111111111111 0.47204861111111107 0.412962962962963 0.4704861111111111 0.4166666666666667 0.46875 0.4385802469135803 0.46875 0.45 0.46979166666666666 0.45432098765432094 0.47204861111111107 0.45432098765432094 0.4739583333333333 0.45154320987654323 0.4762152777777778 0.4503086419753086 0.4796875 0.4503086419753086 0.4840277777777778 0.4521604938271605 0.4928819444444444 0.45154320987654323 0.5010416666666666 0.45432098765432094 0.5060763888888888 0.45432098765432094 0.5072916666666667 0.4530864197530864 0.5085069444444444 0.4469135802469136 0.5085069444444444 0.43796296296296294 0.5064236111111111 0.41574074074074074 0.5064236111111111 0.4108024691358025 0.5090277777777777 0.40648148148148144 0.5093749999999999 0.40432098765432095 0.5086805555555556 0.4024691358024692 0.5064236111111111 0.40216049382716046 0.5050347222222222 0.4009259259259259 0.5048611111111111 0.3972222222222222 0.5036458333333333 0.3929012345679012 0.4984375 0.3888888888888889 0.49496527777777777 0.391358024691358 0.47986111111111107 0.39043209876543206 0.4741319444444444 0.39166666666666666 0.47152777777777777 0.39382716049382716 0.4713541666666667 0.4009259259259259 0.46857638888888886 0.40370370370370373 0.4684027777777778 0.4052469135802469 0.4690972222222222 0.4074074074074074
5 0.4536458333333333 0.2330246913580247 0.4605902777777778 0.2330246913580247 0.4630208333333333 0.23117283950617282 0.46371527777777777 0.2280864197530864 0.4633680555555555 0.2222222222222222 0.4621527777777778 0.21944444444444444 0.4604166666666667 0.2175925925925926 0.45590277777777777 0.2175925925925926 0.4522569444444444 0.21882716049382717 0.45121527777777776 0.22006172839506172 0.45 0.22376543209876545 0.45 0.2308641975308642 0.4536458333333333 0.2330246913580247
1 0.4701388888888889 0.27253086419753086 0.47152777777777777 0.27499999999999997 0.4732638888888889 0.2759259259259259 0.4760416666666667 0.27469135802469136 0.4767361111111111 0.2728395061728395 0.4760416666666667 0.2558641975308642 0.4751736111111111 0.2524691358024691 0.4748263888888889 0.2472222222222222 0.4737847222222222 0.2441358024691358 0.47031249999999997 0.24537037037037038 0.46979166666666666 0.2472222222222222 0.4696180555555556 0.25493827160493826 0.46875 0.2589506172839506 0.46857638888888886 0.2660493827160494 0.4701388888888889 0.27253086419753086
1 0.4067708333333333 0.25864197530864197 0.4085069444444444 0.2623456790123457 0.4114583333333333 0.2641975308641975 0.4152777777777778 0.26080246913580246 0.4170138888888889 0.25709876543209875 0.4189236111111111 0.25555555555555554 0.4201388888888889 0.2521604938271605 0.4201388888888889 0.2450617283950617 0.4177083333333333 0.24228395061728397 0.4125 0.24228395061728397 0.4079861111111111 0.245679012345679 0.40625 0.25 0.4059027777777778 0.25277777777777777 0.4067708333333333 0.25864197530864197
2 0.8697916666666666 0.3669753086419753 0.8746527777777777 0.36358024691358026 0.8756944444444444 0.3614197530864197 0.8765625 0.35617283950617284 0.8751736111111111 0.3524691358024691 0.873611111111111 0.35123456790123453 0.8666666666666666 0.34969135802469137 0.8652777777777778 0.35123456790123453 0.8647569444444444 0.35462962962962963 0.8647569444444444 0.3632716049382716 0.8697916666666666 0.3669753086419753
2 0.865798611111111 0.3388888888888889 0.8694444444444444 0.34320987654320984 0.8748263888888889 0.3447530864197531 0.8765625 0.34629629629629627 0.8774305555555556 0.34567901234567905 0.8789930555555555 0.33734567901234563 0.8800347222222222 0.3358024691358025 0.8805555555555555 0.33271604938271604 0.8802083333333334 0.3243827160493827 0.8734375 0.3194444444444444 0.8677083333333333 0.31882716049382714 0.8659722222222221 0.3194444444444444 0.865625 0.32098765432098764 0.8652777777777778 0.3361111111111111 0.865798611111111 0.3388888888888889
2 0.8685763888888888 0.3006172839506173 0.8682291666666666 0.30709876543209874 0.8671875 0.3111111111111111 0.8701388888888888 0.3148148148148148 0.8732638888888888 0.31543209876543205 0.8769097222222222 0.3145061728395062 0.8777777777777778 0.3111111111111111 0.8777777777777778 0.3074074074074074 0.8770833333333333 0.30462962962962964 0.8776041666666666 0.3006172839506173 0.8802083333333334 0.29814814814814816 0.88125 0.2962962962962963 0.8817708333333334 0.2932098765432099 0.879861111111111 0.29012345679012347 0.8732638888888888 0.28672839506172837 0.8689236111111112 0.2861111111111111 0.8671875 0.2882716049382716 0.8671875 0.2972222222222222 0.8685763888888888 0.3006172839506173
2 0.8730902777777778 0.26728395061728394 0.8840277777777777 0.2697530864197531 0.889236111111111 0.2728395061728395 0.8951388888888888 0.2740740740740741 0.8982638888888889 0.2759259259259259 0.9017361111111112 0.2759259259259259 0.9034722222222222 0.2728395061728395 0.9027777777777778 0.2691358024691358 0.9015624999999999 0.2669753086419753 0.8986111111111111 0.2648148148148148 0.8951388888888888 0.26450617283950617 0.8895833333333334 0.26141975308641974 0.881423611111111 0.2589506172839506 0.8802083333333334 0.2574074074074074 0.8729166666666666 0.2558641975308642 0.8689236111111112 0.2558641975308642 0.8671875 0.2574074074074074 0.8671875 0.26296296296296295 0.8730902777777778 0.26728395061728394
2 0.8689236111111112 0.19691358024691358 0.8697916666666666 0.19814814814814813 0.872048611111111 0.19814814814814813 0.8732638888888888 0.19691358024691358 0.873611111111111 0.20339506172839505 0.8725694444444444 0.20493827160493827 0.8710069444444444 0.21481481481481482 0.8701388888888888 0.21666666666666665 0.8699652777777778 0.22561728395061728 0.8689236111111112 0.23055555555555554 0.8685763888888888 0.23858024691358024 0.8677083333333333 0.24166666666666664 0.8699652777777778 0.2447530864197531 0.871875 0.24598765432098765 0.8781249999999999 0.24753086419753087 0.8800347222222222 0.24907407407407406 0.8883680555555555 0.2506172839506173 0.8927083333333333 0.2524691358024691 0.895486111111111 0.2524691358024691 0.8979166666666666 0.25123456790123455 0.8987847222222222 0.2478395061728395 0.9008680555555556 0.2447530864197531 0.9012152777777778 0.24290123456790125 0.9012152777777778 0.23055555555555554 0.9017361111111112 0.2287037037037037 0.9022569444444444 0.21327160493827158 0.903298611111111 0.20771604938271604 0.903298611111111 0.1993827160493827 0.9022569444444444 0.19444444444444445 0.8993055555555556 0.18919753086419752 0.8986111111111111 0.1814814814814815 0.8934027777777778 0.17160493827160492 0.8930555555555556 0.16604938271604938 0.8918402777777777 0.16018518518518518 0.8921875 0.15771604938271602 0.8949652777777778 0.15123456790123455 0.8963541666666666 0.14166666666666666 0.8979166666666666 0.13827160493827162 0.9003472222222222 0.12932098765432098 0.9005208333333333 0.1259259259259259 0.8998263888888888 0.12253086419753086 0.896875 0.11944444444444445 0.8939236111111112 0.11820987654320987 0.890625 0.11913580246913581 0.8857638888888888 0.125 0.8833333333333333 0.13179012345679011 0.8819444444444444 0.14876543209876544 0.8800347222222222 0.154320987654321 0.8772569444444444 0.15895061728395063 0.8760416666666666 0.16234567901234567 0.8743055555555556 0.17037037037037037 0.8737847222222221 0.17561728395061726 0.8689236111111112 0.18055555555555555 0.8682291666666666 0.1824074074074074 0.8682291666666666 0.19135802469135804 0.8689236111111112 0.19691358024691358
2 0.5357638888888888 0.595679012345679 0.5340277777777778 0.6027777777777777 0.5364583333333334 0.6058641975308642 0.5411458333333333 0.6049382716049382 0.5434027777777778 0.6021604938271605 0.5442708333333334 0.5932098765432099 0.5442708333333334 0.5861111111111111 0.545486111111111 0.5762345679012346 0.545486111111111 0.567283950617284 0.5460069444444444 0.5626543209876543 0.5475694444444444 0.557716049382716 0.5487847222222222 0.5370370370370371 0.5475694444444444 0.5262345679012346 0.545486111111111 0.5194444444444445 0.5446180555555555 0.5123456790123457 0.5434027777777778 0.5104938271604939 0.5395833333333333 0.5111111111111111 0.5383680555555556 0.5135802469135803 0.5387152777777777 0.5228395061728395 0.5381944444444444 0.5262345679012346 0.5381944444444444 0.533641975308642 0.5359375 0.542283950617284 0.5352430555555555 0.5512345679012346 0.5352430555555555 0.5824074074074074 0.5357638888888888 0.595679012345679
2 0.5203125000000001 0.3632716049382716 0.521875 0.36851851851851847 0.5227430555555556 0.3805555555555556 0.5239583333333333 0.38641975308641974 0.5249999999999999 0.38796296296296295 0.5262152777777778 0.38827160493827156 0.5277777777777778 0.3851851851851852 0.5286458333333334 0.37222222222222223 0.5307291666666667 0.36358024691358026 0.5314236111111111 0.35709876543209873 0.5307291666666667 0.34969135802469137 0.5279513888888888 0.3441358024691358 0.5260416666666666 0.33796296296296297 0.5220486111111111 0.3385802469135802 0.5213541666666667 0.34567901234567905 0.5203125000000001 0.3487654320987654 0.5197916666666667 0.35709876543209873 0.5203125000000001 0.3632716049382716
2 0.6277777777777778 0.546604938271605 0.6279513888888888 0.5558641975308641 0.6272569444444444 0.5666666666666667 0.6282986111111112 0.5787037037037037 0.6267361111111112 0.5864197530864198 0.6263888888888888 0.591358024691358 0.625 0.596604938271605 0.6241319444444444 0.6061728395061728 0.6234375 0.608641975308642 0.623611111111111 0.6101851851851853 0.6255208333333333 0.6123456790123456 0.6277777777777778 0.6123456790123456 0.6310763888888888 0.6101851851851853 0.6295138888888888 0.6018518518518519 0.6302083333333334 0.5990740740740741 0.6340277777777777 0.5941358024691359 0.6347222222222222 0.5919753086419752 0.6355902777777778 0.5753086419753086 0.6371527777777778 0.5685185185185185 0.637673611111111 0.5373456790123456 0.6340277777777777 0.5308641975308642 0.6302083333333334 0.5305555555555556 0.6289930555555555 0.5330246913580247 0.6267361111111112 0.542283950617284 0.6267361111111112 0.5441358024691358 0.6277777777777778 0.546604938271605
2 0.25069444444444444 0.9969135802469137 0.2508680555555556 0.9944444444444444 0.25017361111111114 0.9932098765432099 0.2484375 0.992283950617284 0.24756944444444445 0.9944444444444444 0.24809027777777778 0.9975308641975309 0.25069444444444444 0.9969135802469137
2 0.6862847222222221 0.7450617283950618 0.6866319444444444 0.7484567901234568 0.6895833333333333 0.7549382716049382 0.6901041666666666 0.7574074074074074 0.6901041666666666 0.7654320987654322 0.6914930555555555 0.7691358024691358 0.6920138888888888 0.7759259259259259 0.693923611111111 0.779320987654321 0.6946180555555556 0.7898148148148147 0.6956597222222222 0.7916666666666666 0.6961805555555556 0.7944444444444444 0.6967013888888888 0.8009259259259259 0.6958333333333333 0.8040123456790123 0.6958333333333333 0.8101851851851852 0.6963541666666666 0.811111111111111 0.6998263888888888 0.8114197530864197 0.7013888888888888 0.8089506172839506 0.7022569444444444 0.8006172839506173 0.7038194444444444 0.7938271604938272 0.7043402777777777 0.7861111111111112 0.7055555555555556 0.779320987654321 0.7059027777777778 0.766358024691358 0.7072916666666667 0.7614197530864197 0.7118055555555556 0.7564814814814815 0.7135416666666666 0.7493827160493828 0.7133680555555556 0.7358024691358025 0.7116319444444444 0.7262345679012346 0.7104166666666666 0.7237654320987654 0.7111111111111111 0.7135802469135802 0.7105902777777777 0.7101851851851853 0.7083333333333334 0.7043209876543209 0.7067708333333333 0.6929012345679012 0.7038194444444444 0.6858024691358025 0.6994791666666667 0.6854938271604938 0.6958333333333333 0.6901234567901234 0.6913194444444444 0.7027777777777778 0.6907986111111112 0.7098765432098766 0.6892361111111112 0.7132716049382716 0.6888888888888888 0.7185185185185184 0.6880208333333333 0.720679012345679 0.6875 0.7253086419753086 0.6871527777777777 0.7404320987654321 0.6862847222222221 0.7450617283950618
2 0.5508680555555555 0.529320987654321 0.5486111111111112 0.5388888888888889 0.5473958333333333 0.5527777777777777 0.5482638888888889 0.558641975308642 0.5482638888888889 0.5753086419753086 0.5477430555555556 0.5780864197530864 0.545486111111111 0.5811728395061728 0.5440972222222222 0.6006172839506172 0.5420138888888888 0.6126543209876544 0.5432291666666667 0.6157407407407407 0.5470486111111111 0.6157407407407407 0.5491319444444445 0.6145061728395061 0.5545138888888889 0.6148148148148148 0.5567708333333333 0.6132716049382716 0.5567708333333333 0.6018518518518519 0.5579861111111111 0.5851851851851851 0.5623263888888889 0.5583333333333333 0.5621527777777777 0.549074074074074 0.5614583333333333 0.5453703703703704 0.5621527777777777 0.532716049382716 0.5602430555555555 0.529320987654321 0.5607638888888888 0.5243827160493827 0.5598958333333334 0.5228395061728395 0.5598958333333334 0.5191358024691358 0.5592013888888888 0.5182098765432099 0.5585069444444444 0.5138888888888888 0.5572916666666666 0.5114197530864197 0.5564236111111112 0.5117283950617284 0.5527777777777777 0.5157407407407407 0.5494791666666666 0.5228395061728395 0.5506944444444444 0.5256172839506172 0.5508680555555555 0.529320987654321
2 0.5352430555555555 0.43456790123456784 0.5350694444444444 0.43580246913580245 0.5329861111111112 0.4367283950617284 0.5291666666666667 0.4416666666666667 0.5284722222222222 0.4416666666666667 0.5282986111111111 0.44382716049382714 0.5267361111111111 0.4435185185185185 0.5269097222222222 0.4419753086419753 0.5256944444444445 0.44290123456790126 0.5293402777777777 0.44537037037037036 0.5309027777777777 0.4493827160493827 0.5315972222222223 0.45987654320987653 0.5345486111111111 0.4700617283950617 0.5345486111111111 0.4787037037037037 0.5338541666666666 0.4833333333333333 0.5322916666666666 0.48703703703703705 0.5317708333333333 0.49104938271604937 0.5322916666666666 0.4925925925925925 0.5333333333333333 0.49320987654320986 0.5354166666666667 0.49074074074074076 0.5368055555555555 0.49074074074074076 0.5381944444444444 0.4944444444444444 0.5390625 0.5003086419753087 0.5404513888888889 0.5015432098765432 0.5423611111111111 0.5003086419753087 0.5434027777777778 0.49845679012345684 0.5418402777777778 0.4876543209876543 0.5414930555555555 0.47716049382716047 0.5421874999999999 0.47067901234567905 0.5434027777777778 0.4691358024691358 0.5440972222222222 0.4660493827160494 0.5439236111111111 0.4601851851851852 0.5427083333333333 0.45648148148148143 0.5430555555555555 0.45154320987654323 0.5440972222222222 0.4469135802469136 0.5439236111111111 0.4419753086419753 0.5404513888888889 0.4351851851851852 0.5397569444444444 0.4314814814814815 0.5388888888888889 0.4311728395061728 0.5380208333333333 0.42839506172839503 0.5364583333333334 0.4271604938271605 0.5338541666666666 0.42901234567901236 0.5340277777777778 0.43179012345679013 0.5352430555555555 0.43456790123456784
2 0.3784722222222222 0.45339506172839505 0.3803819444444444 0.4611111111111111 0.38385416666666666 0.4638888888888889 0.3888888888888889 0.46543209876543207 0.3902777777777778 0.46728395061728395 0.39392361111111107 0.4669753086419753 0.3942708333333333 0.44537037037037036 0.3907986111111111 0.43703703703703706 0.3888888888888889 0.42839506172839503 0.3857638888888889 0.4280864197530864 0.38385416666666666 0.4305555555555556 0.3824652777777778 0.4391975308641975 0.37916666666666665 0.44598765432098764 0.3784722222222222 0.4493827160493827 0.3784722222222222 0.45339506172839505
5 0.33090277777777777 0.5018518518518518 0.3315972222222222 0.5262345679012346 0.3328125 0.5333333333333333 0.3345486111111111 0.5364197530864198 0.3355902777777778 0.5364197530864198 0.3385416666666667 0.5345679012345679 0.3421875 0.5290123456790123 0.3444444444444444 0.5209876543209876 0.3458333333333333 0.5117283950617284 0.3489583333333333 0.5067901234567901 0.3501736111111111 0.5024691358024691 0.3519097222222222 0.4996913580246914 0.3564236111111111 0.49845679012345684 0.3579861111111111 0.4882716049382716 0.3579861111111111 0.4839506172839506 0.3590277777777778 0.4802469135802469 0.3590277777777778 0.47685185185185186 0.3578125 0.47314814814814815 0.3534722222222222 0.46574074074074073 0.35 0.46234567901234563 0.3423611111111111 0.4601851851851852 0.3302083333333333 0.4601851851851852 0.328125 0.46141975308641975 0.328125 0.48456790123456794 0.33090277777777777 0.5018518518518518
5 0.4722222222222222 0.491358024691358 0.4708333333333333 0.5055555555555555 0.4694444444444444 0.5080246913580247 0.46684027777777776 0.5089506172839506 0.46493055555555557 0.5117283950617284 0.4663194444444444 0.5160493827160494 0.4684027777777778 0.5166666666666666 0.47031249999999997 0.5188271604938272 0.47031249999999997 0.5228395061728395 0.46875 0.5317901234567901 0.4675347222222222 0.5518518518518518 0.4680555555555555 0.5614197530864198 0.4678819444444444 0.5722222222222222 0.46857638888888886 0.5759259259259258 0.46979166666666666 0.5780864197530864 0.4710069444444444 0.5787037037037037 0.5008680555555556 0.578395061728395 0.5142361111111111 0.5796296296296296 0.5175347222222222 0.578395061728395 0.5192708333333333 0.5759259259259258 0.5204861111111111 0.5623456790123457 0.5192708333333333 0.5191358024691358 0.5229166666666667 0.5160493827160494 0.5232638888888889 0.5123456790123457 0.5225694444444444 0.5104938271604939 0.5197916666666667 0.5092592592592593 0.5182291666666666 0.5067901234567901 0.5177083333333333 0.5049382716049382 0.5168402777777777 0.491358024691358 0.5159722222222223 0.48703703703703705 0.5135416666666667 0.48117283950617284 0.5126736111111111 0.47623456790123453 0.5114583333333333 0.4740740740740741 0.5092013888888889 0.4722222222222222 0.4935763888888889 0.4697530864197531 0.48072916666666665 0.4722222222222222 0.4788194444444444 0.4740740740740741 0.4765625 0.4780864197530864 0.475 0.4842592592592592 0.4722222222222222 0.491358024691358
5 0.3350694444444444 0.4287037037037037 0.3331597222222222 0.4311728395061728 0.3284722222222222 0.4324074074074074 0.3289930555555556 0.4361111111111111 0.3326388888888889 0.4395061728395062 0.33229166666666665 0.44290123456790126 0.3303819444444444 0.44969135802469135 0.3295138888888889 0.4558641975308642 0.32968749999999997 0.4595679012345679 0.3345486111111111 0.4617283950617284 0.3373263888888889 0.4608024691358025 0.3440972222222222 0.4611111111111111 0.34774305555555557 0.462037037037037 0.3510416666666667 0.4641975308641975 0.3539930555555555 0.46728395061728395 0.3572916666666667 0.47314814814814815 0.3590277777777778 0.4780864197530864 0.35920138888888886 0.48456790123456794 0.359375 0.4833333333333333 0.36041666666666666 0.48518518518518516 0.3630208333333333 0.48518518518518516 0.3647569444444444 0.48117283950617284 0.3661458333333333 0.4799382716049383 0.3680555555555556 0.475 0.3720486111111111 0.4697530864197531 0.3732638888888889 0.46543209876543207 0.3744791666666667 0.45679012345679015 0.37482638888888886 0.44969135802469135 0.3756944444444444 0.44660493827160497 0.3763888888888889 0.4398148148148148 0.3769097222222222 0.42901234567901236 0.3758680555555556 0.4256172839506173 0.3756944444444444 0.42191358024691356 0.3744791666666667 0.4154320987654321 0.3736111111111111 0.41358024691358025 0.3732638888888889 0.40987654320987654 0.3703125 0.4055555555555555 0.3659722222222222 0.4058641975308642 0.36319444444444443 0.4074074074074074 0.3451388888888889 0.4058641975308642 0.3421875 0.40802469135802466 0.34010416666666665 0.4111111111111111 0.3381944444444444 0.416358024691358 0.3350694444444444 0.4287037037037037
0 0.4319444444444444 0.27314814814814814 0.43385416666666665 0.2762345679012346 0.4369791666666667 0.2774691358024691 0.4388888888888889 0.279320987654321 0.4505208333333333 0.28055555555555556 0.4545138888888889 0.2830246913580247 0.4557291666666667 0.2861111111111111 0.4552083333333333 0.30092592592592593 0.45590277777777777 0.3061728395061728 0.45590277777777777 0.3243827160493827 0.45642361111111107 0.3280864197530864 0.4576388888888889 0.32932098765432094 0.4600694444444444 0.32962962962962966 0.4645833333333333 0.3274691358024691 0.4659722222222222 0.325 0.4661458333333333 0.3225308641975309 0.4670138888888889 0.320679012345679 0.4684027777777778 0.3080246913580247 0.46857638888888886 0.2506172839506173 0.4673611111111111 0.24382716049382716 0.4677083333333333 0.23796296296296296 0.4670138888888889 0.23672839506172838 0.4644097222222222 0.23549382716049383 0.4635416666666667 0.2339506172839506 0.4604166666666667 0.23672839506172838 0.45694444444444443 0.23580246913580247 0.4498263888888889 0.23580246913580247 0.4428819444444444 0.23765432098765432 0.4425347222222222 0.2404320987654321 0.44079861111111107 0.2441358024691358 0.4397569444444444 0.24444444444444444 0.4350694444444444 0.2509259259259259 0.4326388888888889 0.2595679012345679 0.4319444444444444 0.2638888888888889 0.4319444444444444 0.27314814814814814
0 0.2935763888888889 0.9274691358024691 0.2972222222222222 0.9277777777777778 0.2991319444444444 0.9305555555555556 0.3003472222222222 0.9354938271604938 0.3003472222222222 0.9395061728395062 0.2982638888888889 0.95679012345679 0.2982638888888889 0.9604938271604938 0.2963541666666667 0.9651234567901235 0.29305555555555557 0.9657407407407407 0.29201388888888885 0.9666666666666666 0.2904513888888889 0.9703703703703703 0.29288194444444443 0.9771604938271605 0.29322916666666665 0.9842592592592593 0.29409722222222223 0.9842592592592593 0.2947916666666667 0.9802469135802468 0.2956597222222222 0.9790123456790124 0.29670138888888886 0.9787037037037037 0.2982638888888889 0.9805555555555555 0.2986111111111111 0.9842592592592593 0.3003472222222222 0.9870370370370369 0.3003472222222222 0.9885802469135803 0.29843749999999997 0.9916666666666666 0.3003472222222222 0.9962962962962962 0.3015625 0.9969135802469137 0.3182291666666667 0.9962962962962962 0.3267361111111111 0.9975308641975309 0.3277777777777778 0.9981481481481481 0.32795138888888886 0.9996913580246913 0.3368055555555556 0.9996913580246913 0.33697916666666666 0.9981481481481481 0.3385416666666667 0.9975308641975309 0.3623263888888889 0.9962962962962962 0.3684027777777778 0.9975308641975309 0.3692708333333333 0.9984567901234568 0.3692708333333333 0.9996913580246913 0.3722222222222222 0.9996913580246913 0.3723958333333333 0.9981481481481481 0.3741319444444444 0.9975308641975309 0.3873263888888889 0.9981481481481481 0.3892361111111111 0.9972222222222222 0.39826388888888886 0.9975308641975309 0.4003472222222222 0.9981481481481481 0.4005208333333333 0.9996913580246913 0.4015625 0.9996913580246913 0.40173611111111107 0.9981481481481481 0.4029513888888889 0.9975308641975309 0.42517361111111107 0.9975308641975309 0.4263888888888889 0.9981481481481481 0.4265625 0.9996913580246913 0.43368055555555557 0.9996913580246913 0.43368055555555557 0.9984567901234568 0.4348958333333333 0.9975308641975309 0.4399305555555555 0.9975308641975309 0.4409722222222222 0.9984567901234568 0.4409722222222222 0.9996913580246913 0.4439236111111111 0.9996913580246913 0.4439236111111111 0.9984567901234568 0.44513888888888886 0.9975308641975309 0.4588541666666667 0.9969135802469137 0.4657986111111111 0.9975308641975309 0.4677083333333333 0.9981481481481481 0.4678819444444444 0.9996913580246913 0.4970486111111111 0.9996913580246913 0.4975694444444444 0.9975308641975309 0.5001736111111111 0.9969135802469137 0.5017361111111112 0.9950617283950618 0.5046875000000001 0.9969135802469137 0.5090277777777777 0.9959876543209876 0.5109374999999999 0.9947530864197531 0.5121527777777778 0.9919753086419753 0.5126736111111111 0.9845679012345678 0.5123263888888888 0.9771604938271605 0.5121527777777778 0.9753086419753086 0.5111111111111111 0.9740740740740741 0.5083333333333333 0.9731481481481481 0.5069444444444444 0.975 0.5045138888888888 0.9762345679012346 0.5034722222222222 0.9774691358024691 0.5041666666666667 0.9802469135802468 0.5019097222222222 0.982716049382716 0.5012152777777777 0.9817901234567901 0.4979166666666667 0.9811728395061728 0.4986111111111111 0.9771604938271605 0.4979166666666667 0.9746913580246913 0.4982638888888889 0.9697530864197531 0.4973958333333333 0.9626543209876544 0.4973958333333333 0.953395061728395 0.4979166666666667 0.9441358024691359 0.4989583333333333 0.9395061728395062 0.49982638888888886 0.9296296296296297 0.4996527777777778 0.921604938271605 0.4991319444444444 0.9194444444444444 0.4994791666666667 0.9111111111111112 0.5010416666666666 0.9074074074074074 0.5031249999999999 0.9049382716049382 0.5038194444444445 0.9006172839506172 0.5026041666666666 0.8966049382716049 0.5019097222222222 0.8895061728395062 0.4977430555555556 0.883641975308642 0.4967013888888889 0.8796296296296297 0.49600694444444443 0.8737654320987653 0.49496527777777777 0.8703703703703703 0.4940972222222222 0.8589506172839506 0.4930555555555556 0.8549382716049382 0.4913194444444444 0.8419753086419753 0.4904513888888889 0.8299382716049382 0.4894097222222222 0.8253086419753086 0.4892361111111111 0.8200617283950616 0.48767361111111107 0.8098765432098766 0.4862847222222222 0.7888888888888889 0.48420138888888886 0.7746913580246914 0.4835069444444444 0.7617283950617284 0.4822916666666667 0.7555555555555555 0.4821180555555556 0.75 0.4810763888888889 0.7447530864197531 0.4802083333333333 0.7348765432098765 0.47934027777777777 0.7314814814814815 0.4789930555555555 0.717283950617284 0.47812499999999997 0.7148148148148148 0.4769097222222222 0.7064814814814815 0.4767361111111111 0.6984567901234568 0.4751736111111111 0.6864197530864197 0.4748263888888889 0.6780864197530865 0.4739583333333333 0.6737654320987654 0.47256944444444443 0.6580246913580247 0.47031249999999997 0.644753086419753 0.4694444444444444 0.6290123456790124 0.4682291666666667 0.6185185185185185 0.4661458333333333 0.6080246913580247 0.4645833333333333 0.5842592592592593 0.4633680555555555 0.5787037037037037 0.4633680555555555 0.5648148148148148 0.4618055555555556 0.5546296296296296 0.4611111111111111 0.5444444444444444 0.4604166666666667 0.5391975308641975 0.4595486111111111 0.5370370370370371 0.4583333333333333 0.5262345679012346 0.4581597222222222 0.5185185185185185 0.4586805555555556 0.516358024691358 0.4586805555555556 0.5117283950617284 0.45711805555555557 0.5070987654320988 0.4545138888888889 0.4867283950617284 0.4532986111111111 0.48055555555555557 0.4520833333333333 0.4774691358024691 0.4489583333333333 0.4740740740740741 0.440625 0.4700617283950617 0.4210069444444444 0.4694444444444445 0.4190972222222222 0.4700617283950617 0.41822916666666665 0.47160493827160493 0.4171875 0.4700617283950617 0.4125 0.46882716049382717 0.4010416666666667 0.46851851851851856 0.3894097222222222 0.4700617283950617 0.3796875 0.4728395061728395 0.3774305555555555 0.475 0.371875 0.47716049382716047 0.3694444444444444 0.48055555555555557 0.3685763888888889 0.48518518518518516 0.3671875 0.48796296296296293 0.3671875 0.49104938271604937 0.36527777777777776 0.49876543209876545 0.36527777777777776 0.5114197530864197 0.3645833333333333 0.5160493827160494 0.3628472222222222 0.5179012345679012 0.3611111111111111 0.5222222222222223 0.3602430555555556 0.5305555555555556 0.35746527777777776 0.5432098765432098 0.3569444444444444 0.5515432098765432 0.3578125 0.5540123456790124 0.3579861111111111 0.5570987654320988 0.35572916666666665 0.5604938271604938 0.3550347222222222 0.5629629629629629 0.35486111111111107 0.5645061728395062 0.35572916666666665 0.5679012345679012 0.3545138888888889 0.5709876543209876 0.3541666666666667 0.5753086419753086 0.3515625 0.5830246913580247 0.3512152777777778 0.5932098765432099 0.3503472222222222 0.5990740740740741 0.3508680555555555 0.6021604938271605 0.3508680555555555 0.6092592592592593 0.34704861111111107 0.6188271604938271 0.3460069444444444 0.6200617283950618 0.3458333333333333 0.6234567901234568 0.3434027777777778 0.6351851851851852 0.33993055555555557 0.6478395061728395 0.33975694444444443 0.653395061728395 0.3381944444444444 0.6620370370370371 0.3368055555555556 0.6830246913580247 0.3355902777777778 0.6882716049382716 0.3335069444444444 0.6932098765432099 0.3326388888888889 0.6993827160493827 0.3310763888888889 0.7049382716049382 0.3302083333333333 0.7203703703703703 0.32916666666666666 0.7228395061728394 0.3289930555555556 0.7277777777777777 0.328125 0.7296296296296296 0.3265625 0.7385802469135803 0.3255208333333333 0.741358024691358 0.3199652777777778 0.7790123456790122 0.31666666666666665 0.79320987654321 0.3151041666666667 0.8104938271604938 0.3130208333333333 0.817283950617284 0.3092013888888889 0.8469135802469135 0.3052083333333333 0.8648148148148148 0.3043402777777778 0.8734567901234568 0.3022569444444444 0.8833333333333334 0.3020833333333333 0.8882716049382716 0.30069444444444443 0.8978395061728395 0.2982638888888889 0.9021604938271606 0.2954861111111111 0.904320987654321 0.2925347222222222 0.9101851851851852 0.2913194444444444 0.9145061728395062 0.2911458333333333 0.9206790123456791 0.29201388888888885 0.9256172839506173 0.2935763888888889 0.9274691358024691
0 0.008159722222222223 0.8518518518518519 0.008333333333333333 0.8635802469135803 0.0071180555555555546 0.8685185185185185 0.006597222222222222 0.8839506172839506 0.0071180555555555546 0.8895061728395062 0.006944444444444444 0.9160493827160494 0.0046875 0.9280864197530865 0.0053819444444444435 0.9320987654320988 0.005034722222222222 0.9469135802469135 0.005902777777777778 0.9518518518518518 0.0053819444444444435 0.95679012345679 0.0062499999999999995 0.9589506172839506 0.005729166666666667 0.9685185185185184 0.005034722222222222 0.9719135802469135 0.0046875 0.9830246913580247 0.005729166666666667 0.9870370370370369 0.006423611111111111 0.9959876543209876 0.008159722222222223 0.9978395061728395 0.008333333333333333 0.9996913580246913 0.010416666666666666 0.9996913580246913 0.010590277777777778 0.9981481481481481 0.012499999999999999 0.9975308641975309 0.021875 0.9975308641975309 0.023784722222222224 0.9981481481481481 0.02395833333333333 0.9996913580246913 0.0265625 0.9996913580246913 0.0265625 0.9984567901234568 0.027430555555555555 0.9975308641975309 0.03506944444444444 0.9969135802469137 0.03923611111111111 0.9950617283950618 0.03958333333333333 0.9941358024691357 0.05017361111111111 0.9962962962962962 0.05347222222222222 0.9950617283950618 0.057291666666666664 0.9953703703703703 0.05954861111111111 0.9962962962962962 0.06059027777777778 0.9978395061728395 0.06059027777777778 0.9996913580246913 0.0842013888888889 0.9996913580246913 0.08472222222222223 0.9975308641975309 0.0861111111111111 0.9981481481481481 0.08628472222222222 0.9996913580246913 0.08975694444444444 0.9996913580246913 0.09045138888888887 0.9975308641975309 0.0953125 0.9947530864197531 0.09895833333333333 0.9947530864197531 0.10572916666666667 0.9969135802469137 0.12586805555555555 0.9962962962962962 0.12951388888888887 0.9953703703703703 0.1378472222222222 0.9959876543209876 0.13993055555555556 0.9950617283950618 0.14704861111111112 0.9962962962962962 0.18350694444444443 0.9969135802469137 0.1890625 0.9981481481481481 0.1892361111111111 0.9996913580246913 0.19427083333333334 0.9996913580246913 0.19444444444444445 0.9981481481481481 0.1956597222222222 0.9975308641975309 0.19722222222222222 0.9981481481481481 0.19739583333333333 0.9996913580246913 0.21041666666666664 0.9996913580246913 0.21059027777777775 0.9981481481481481 0.21319444444444444 0.9969135802469137 0.2173611111111111 0.9975308641975309 0.21840277777777775 0.9984567901234568 0.21840277777777775 0.9996913580246913 0.2232638888888889 0.9996913580246913 0.22395833333333334 0.9975308641975309 0.22708333333333333 0.9962962962962962 0.2315972222222222 0.9972222222222222 0.23333333333333334 0.9959876543209876 0.23402777777777775 0.9947530864197531 0.23402777777777775 0.9919753086419753 0.2359375 0.9839506172839506 0.23802083333333335 0.9802469135802468 0.23836805555555554 0.9759259259259259 0.2392361111111111 0.9734567901234568 0.24114583333333334 0.9604938271604938 0.24131944444444445 0.9558641975308642 0.24340277777777775 0.9469135802469135 0.24288194444444444 0.9419753086419753 0.24479166666666666 0.9330246913580247 0.2449652777777778 0.9259259259259259 0.2482638888888889 0.9188271604938272 0.2508680555555556 0.9024691358024691 0.25364583333333335 0.8969135802469135 0.2557291666666667 0.8888888888888888 0.25798611111111114 0.883641975308642 0.2581597222222222 0.8802469135802469 0.2609375 0.8722222222222222 0.2623263888888889 0.8660493827160494 0.26805555555555555 0.8537037037037037 0.2704861111111111 0.8462962962962963 0.2720486111111111 0.8379629629629629 0.2753472222222222 0.828395061728395 0.2755208333333333 0.8253086419753086 0.2777777777777778 0.8179012345679012 0.2786458333333333 0.8092592592592593 0.28281249999999997 0.7953703703703704 0.28628472222222223 0.7864197530864198 0.2864583333333333 0.7814814814814816 0.28854166666666664 0.7746913580246914 0.28888888888888886 0.7679012345679013 0.2899305555555556 0.7623456790123456 0.29149305555555555 0.7580246913580246 0.29184027777777777 0.7515432098765432 0.29305555555555557 0.7453703703703703 0.29583333333333334 0.7385802469135803 0.2965277777777778 0.7339506172839506 0.3015625 0.7268518518518519 0.3072916666666667 0.7225308641975309 0.3109375 0.7160493827160493 0.3149305555555555 0.7064814814814815 0.3168402777777778 0.6898148148148148 0.3168402777777778 0.6820987654320988 0.3175347222222222 0.6790123456790123 0.3170138888888889 0.6759259259259259 0.3173611111111111 0.671604938271605 0.31631944444444443 0.6688271604938272 0.31631944444444443 0.6641975308641975 0.3175347222222222 0.6555555555555556 0.3194444444444444 0.6475308641975309 0.3194444444444444 0.644753086419753 0.3211805555555556 0.6410493827160494 0.3227430555555555 0.6339506172839506 0.32430555555555557 0.6237654320987653 0.3260416666666667 0.6197530864197531 0.3267361111111111 0.6148148148148148 0.3288194444444444 0.6101851851851853 0.3302083333333333 0.6033950617283951 0.3317708333333333 0.5993827160493828 0.3329861111111111 0.5891975308641976 0.3324652777777778 0.582716049382716 0.33125 0.578395061728395 0.3317708333333333 0.5753086419753086 0.3317708333333333 0.5499999999999999 0.3326388888888889 0.542283950617284 0.3317708333333333 0.5370370370370371 0.3317708333333333 0.5314814814814814 0.33090277777777777 0.5299382716049382 0.3295138888888889 0.5203703703703704 0.3293402777777778 0.49351851851851847 0.3270833333333333 0.48456790123456794 0.3272569444444444 0.4679012345679012 0.3263888888888889 0.46234567901234563 0.3197916666666667 0.4561728395061728 0.3159722222222222 0.4555555555555556 0.3131944444444444 0.45401234567901233 0.30746527777777777 0.4524691358024691 0.29184027777777777 0.45154320987654323 0.2520833333333333 0.4561728395061728 0.24739583333333334 0.45925925925925926 0.2453125 0.462037037037037 0.2407986111111111 0.46574074074074073 0.2392361111111111 0.46882716049382717 0.234375 0.4737654320987654 0.23211805555555554 0.4780864197530864 0.22743055555555555 0.4839506172839506 0.225 0.4898148148148148 0.22274305555555554 0.491358024691358 0.21770833333333334 0.49876543209876545 0.21180555555555555 0.5049382716049382 0.2112847222222222 0.5080246913580247 0.20989583333333334 0.5104938271604939 0.2065972222222222 0.5145061728395062 0.20086805555555554 0.5249999999999999 0.19947916666666665 0.5256172839506172 0.1986111111111111 0.5299382716049382 0.1954861111111111 0.5370370370370371 0.19270833333333334 0.5395061728395062 0.19131944444444443 0.542283950617284 0.1890625 0.5432098765432098 0.18194444444444444 0.5521604938271605 0.17916666666666664 0.5580246913580247 0.17482638888888888 0.5645061728395062 0.17309027777777775 0.5688271604938271 0.16979166666666665 0.5740740740740741 0.16701388888888888 0.5768518518518518 0.1626736111111111 0.5858024691358025 0.15920138888888888 0.5885802469135802 0.15399305555555554 0.5990740740740741 0.15138888888888888 0.6012345679012346 0.14913194444444444 0.6074074074074074 0.14635416666666665 0.6095679012345678 0.1440972222222222 0.6098765432098765 0.14184027777777777 0.6138888888888888 0.13923611111111112 0.6160493827160494 0.13472222222222222 0.6246913580246913 0.13333333333333333 0.6256172839506172 0.13177083333333334 0.6287037037037038 0.12968749999999998 0.6302469135802469 0.12690972222222222 0.6361111111111112 0.12343749999999999 0.6398148148148147 0.1203125 0.645679012345679 0.1185763888888889 0.6472222222222223 0.1173611111111111 0.65 0.109375 0.6611111111111112 0.10711805555555555 0.6660493827160494 0.10243055555555555 0.6719135802469135 0.0998263888888889 0.6768518518518518 0.09427083333333333 0.6845679012345679 0.09340277777777778 0.6870370370370371 0.08940972222222222 0.692283950617284 0.08715277777777777 0.6972222222222222 0.08402777777777777 0.6996913580246913 0.08315972222222222 0.7021604938271605 0.08003472222222222 0.70679012345679 0.07656249999999999 0.7092592592592593 0.07274305555555555 0.717283950617284 0.07013888888888888 0.7200617283950618 0.06527777777777778 0.7302469135802468 0.059722222222222225 0.7385802469135803 0.056944444444444436 0.7410493827160494 0.05538194444444445 0.7450617283950618 0.05347222222222222 0.7466049382716049 0.050347222222222224 0.7515432098765432 0.04392361111111111 0.7635802469135803 0.0390625 0.7691358024691358 0.03680555555555555 0.774074074074074 0.03350694444444444 0.778395061728395 0.028125 0.7882716049382715 0.027256944444444445 0.7910493827160494 0.021527777777777774 0.7996913580246913 0.01597222222222222 0.8123456790123457 0.012499999999999999 0.8148148148148148 0.011631944444444443 0.817283950617284 0.011631944444444443 0.821604938271605 0.008680555555555556 0.8246913580246913 0.007638888888888889 0.8311728395061728 0.007465277777777778 0.8487654320987654 0.008159722222222223 0.8518518518518519
0 0.3970486111111111 0.34382716049382717 0.3970486111111111 0.35617283950617284 0.3963541666666667 0.362962962962963 0.39652777777777776 0.37993827160493826 0.3970486111111111 0.38395061728395063 0.39652777777777776 0.39567901234567904 0.3972222222222222 0.40771604938271605 0.3984375 0.4114197530864197 0.4010416666666667 0.41512345679012347 0.4039930555555556 0.4148148148148148 0.40781249999999997 0.4108024691358025 0.4118055555555556 0.4114197530864197 0.41822916666666665 0.40771604938271605 0.43906249999999997 0.4052469135802469 0.4425347222222222 0.40648148148148144 0.4456597222222222 0.4104938271604939 0.4465277777777778 0.4104938271604939 0.4508680555555556 0.39537037037037037 0.4522569444444444 0.3811728395061728 0.4532986111111111 0.3774691358024691 0.4534722222222222 0.36851851851851847 0.4552083333333333 0.3527777777777778 0.4552083333333333 0.3416666666666667 0.4567708333333333 0.33549382716049386 0.4550347222222222 0.316358024691358 0.4550347222222222 0.29907407407407405 0.4557291666666667 0.29537037037037034 0.45590277777777777 0.28672839506172837 0.4543402777777778 0.28271604938271605 0.4513888888888889 0.28086419753086417 0.4440972222222222 0.28055555555555556 0.43298611111111107 0.2771604938271605 0.4291666666666667 0.27839506172839507 0.4211805555555555 0.2787037037037037 0.4170138888888889 0.28271604938271605 0.4140625 0.28734567901234565 0.4125 0.2938271604938272 0.40954861111111107 0.3003086419753086 0.4067708333333333 0.30339506172839503 0.4052083333333333 0.30709876543209874 0.40260416666666665 0.30956790123456784 0.39947916666666666 0.3148148148148148 0.39652777777777776 0.3305555555555556 0.3963541666666667 0.337037037037037 0.3970486111111111 0.34382716049382717
0 0.4869791666666667 0.23333333333333334 0.4873263888888889 0.2515432098765432 0.4878472222222222 0.2558641975308642 0.4895833333333333 0.25493827160493826 0.5031249999999999 0.254320987654321 0.5052083333333334 0.25339506172839504 0.5057291666666667 0.2503086419753086 0.5055555555555555 0.22901234567901235 0.5043402777777778 0.21666666666666665 0.5024305555555555 0.21141975308641975 0.4986111111111111 0.20833333333333334 0.4942708333333333 0.20833333333333334 0.4907986111111111 0.20709876543209876 0.4873263888888889 0.21080246913580247 0.4861111111111111 0.22006172839506172 0.4857638888888889 0.2277777777777778 0.4869791666666667 0.23333333333333334
6 0.4284722222222222 0.23425925925925928 0.4310763888888889 0.23765432098765432 0.4322916666666667 0.2469135802469136 0.4359375 0.2469135802469136 0.43854166666666666 0.2419753086419753 0.4394097222222222 0.24166666666666664 0.44166666666666665 0.23580246913580247 0.4467013888888889 0.23209876543209876 0.4477430555555555 0.22993827160493827 0.44809027777777777 0.2123456790123457 0.4477430555555555 0.20987654320987656 0.4454861111111111 0.20709876543209876 0.44375 0.20617283950617282 0.4388888888888889 0.20617283950617282 0.42951388888888886 0.20833333333333334 0.4284722222222222 0.21018518518518517 0.4282986111111111 0.21574074074074076 0.4282986111111111 0.2330246913580247 0.4284722222222222 0.23425925925925928
4 0.4678819444444444 0.3694444444444444 0.4678819444444444 0.37345679012345684 0.46684027777777776 0.3774691358024691 0.4663194444444444 0.3861111111111111 0.4663194444444444 0.3947530864197531 0.4671875 0.4049382716049383 0.46857638888888886 0.4083333333333333 0.4713541666666667 0.4111111111111111 0.47031249999999997 0.41450617283950614 0.4701388888888889 0.4243827160493827 0.46857638888888886 0.4419753086419753 0.4692708333333333 0.4524691358024691 0.4708333333333333 0.45432098765432094 0.4730902777777778 0.4530864197530864 0.4739583333333333 0.45123456790123456 0.4753472222222222 0.4503086419753086 0.47812499999999997 0.45 0.4809027777777778 0.4503086419753086 0.48420138888888886 0.4521604938271605 0.4918402777777778 0.45123456790123456 0.5039930555555555 0.45432098765432094 0.5067708333333333 0.45339506172839505 0.5079861111111111 0.4493827160493827 0.5086805555555556 0.4395061728395062 0.5086805555555556 0.42839506172839503 0.5069444444444444 0.4138888888888889 0.5076388888888889 0.40987654320987654 0.5098958333333333 0.4049382716049383 0.5093749999999999 0.3990740740740741 0.5105902777777778 0.39043209876543206 0.5121527777777778 0.38580246913580246 0.5123263888888888 0.37345679012345684 0.5133680555555555 0.37006172839506174 0.5133680555555555 0.358641975308642 0.5098958333333333 0.3416666666666667 0.50625 0.3382716049382716 0.4774305555555556 0.3385802469135802 0.4751736111111111 0.34074074074074073 0.47291666666666665 0.34567901234567905 0.4722222222222222 0.3487654320987654 0.4704861111111111 0.35030864197530864 0.4684027777777778 0.36018518518518516 0.4666666666666667 0.3626543209876543 0.46684027777777776 0.3666666666666667 0.4678819444444444 0.3694444444444444
3 0.32413194444444443 0.7046296296296296 0.32447916666666665 0.7104938271604938 0.32361111111111107 0.7169753086419753 0.3220486111111111 0.7200617283950618 0.3220486111111111 0.7243827160493828 0.3248263888888889 0.7268518518518519 0.3272569444444444 0.7237654320987654 0.3282986111111111 0.720679012345679 0.32968749999999997 0.7138888888888888 0.3302083333333333 0.7070987654320987 0.3317708333333333 0.7015432098765432 0.33211805555555557 0.6950617283950616 0.3350694444444444 0.6839506172839506 0.33576388888888886 0.675 0.3371527777777778 0.6679012345679012 0.33749999999999997 0.6620370370370371 0.3385416666666667 0.6583333333333333 0.3390625 0.6518518518518519 0.3395833333333333 0.6438271604938272 0.3385416666666667 0.6398148148148147 0.33402777777777776 0.6404320987654322 0.3326388888888889 0.6441358024691358 0.3326388888888889 0.6475308641975309 0.3298611111111111 0.6549382716049382 0.3282986111111111 0.657716049382716 0.3253472222222222 0.6601851851851852 0.32361111111111107 0.6641975308641975 0.3229166666666667 0.6706790123456791 0.3225694444444444 0.6879629629629629 0.3225694444444444 0.6947530864197531 0.32413194444444443 0.7046296296296296
3 0.3385416666666667 0.5848765432098765 0.3421875 0.5848765432098765 0.34479166666666666 0.5861111111111111 0.3487847222222222 0.5854938271604938 0.3510416666666667 0.578395061728395 0.35138888888888886 0.5743827160493827 0.3524305555555556 0.571604938271605 0.35312499999999997 0.5635802469135802 0.3539930555555555 0.5604938271604938 0.3539930555555555 0.5521604938271605 0.3527777777777778 0.5499999999999999 0.35 0.549074074074074 0.3388888888888889 0.5487654320987654 0.33749999999999997 0.5521604938271605 0.3368055555555556 0.5614197530864198 0.3352430555555555 0.5688271604938271 0.3352430555555555 0.5743827160493827 0.3385416666666667 0.5848765432098765
3 0.334375 0.5697530864197531 0.3347222222222222 0.5753086419753086 0.3362847222222222 0.5808641975308642 0.3362847222222222 0.5876543209876544 0.3352430555555555 0.5938271604938271 0.3352430555555555 0.5978395061728394 0.3359375 0.5996913580246913 0.3385416666666667 0.6018518518518519 0.34184027777777776 0.5996913580246913 0.3456597222222222 0.6015432098765432 0.3487847222222222 0.5941358024691359 0.3494791666666667 0.5858024691358025 0.35138888888888886 0.5746913580246913 0.3524305555555556 0.5719135802469135 0.35312499999999997 0.5635802469135802 0.3539930555555555 0.5604938271604938 0.3539930555555555 0.5512345679012346 0.3524305555555556 0.5496913580246914 0.3454861111111111 0.549074074074074 0.3381944444444444 0.5462962962962963 0.3355902777777778 0.5499999999999999 0.3350694444444444 0.5518518518518518 0.3352430555555555 0.5589506172839506 0.334375 0.5697530864197531
3 0.3833333333333333 0.3712962962962963 0.3854166666666667 0.3709876543209876 0.3885416666666667 0.36820987654320986 0.3942708333333333 0.3654320987654321 0.3956597222222222 0.3592592592592592 0.3961805555555556 0.3478395061728395 0.3954861111111111 0.3382716049382716 0.3942708333333333 0.33271604938271604 0.39340277777777777 0.3311728395061728 0.3918402777777778 0.32993827160493827 0.3878472222222222 0.32993827160493827 0.38611111111111107 0.3311728395061728 0.38385416666666666 0.33641975308641975 0.3836805555555556 0.34629629629629627 0.38263888888888886 0.358641975308642 0.3824652777777778 0.3697530864197531 0.3833333333333333 0.3712962962962963
3 0.3118055555555555 0.4148148148148148 0.3125 0.4188271604938272 0.31579861111111107 0.4271604938271605 0.3171875 0.4339506172839506 0.3196180555555555 0.4361111111111111 0.3217013888888889 0.4361111111111111 0.3239583333333333 0.43179012345679013 0.3246527777777778 0.42592592592592593 0.3253472222222222 0.40617283950617283 0.3251736111111111 0.39382716049382716 0.3246527777777778 0.3929012345679012 0.3215277777777778 0.39382716049382716 0.31406249999999997 0.3929012345679012 0.3125 0.3947530864197531 0.3118055555555555 0.3969135802469136 0.3118055555555555 0.4148148148148148
3 0.4565972222222222 0.32623456790123456 0.4600694444444444 0.3287037037037037 0.4652777777777778 0.325 0.4661458333333333 0.3200617283950617 0.4661458333333333 0.31296296296296294 0.4657986111111111 0.3083333333333333 0.46423611111111107 0.30401234567901236 0.4595486111111111 0.30123456790123454 0.45711805555555557 0.30339506172839503 0.4560763888888889 0.3064814814814815 0.45590277777777777 0.32098765432098764 0.4565972222222222 0.32623456790123456
3 0.4690972222222222 0.3305555555555556 0.4692708333333333 0.337037037037037 0.4704861111111111 0.34351851851851856 0.47204861111111107 0.34043209876543207 0.4743055555555556 0.33981481481481485 0.4753472222222222 0.33796296296296297 0.4774305555555556 0.3367283950617284 0.4791666666666667 0.32839506172839505 0.4789930555555555 0.3219135802469136 0.4777777777777778 0.31512345679012344 0.4758680555555555 0.31512345679012344 0.47291666666666665 0.3169753086419753 0.4708333333333333 0.3194444444444444 0.46875 0.32407407407407407 0.46857638888888886 0.3287037037037037 0.4690972222222222 0.3305555555555556