8 0.2375 0.8070987654320988 0.23680555555555555 0.803395061728395 0.2329861111111111 0.8027777777777778 0.2310763888888889 0.8009259259259259 0.23055555555555554 0.8018518518518518 0.23072916666666665 0.8083333333333333 0.2375 0.8070987654320988
8 0.2409722222222222 0.7790123456790122 0.24340277777777775 0.7780864197530865 0.24427083333333333 0.7762345679012346 0.2423611111111111 0.7753086419753087 0.23975694444444445 0.7756172839506172 0.23958333333333334 0.7768518518518519 0.2409722222222222 0.7790123456790122
8 0.21493055555555554 0.6993827160493827 0.2175347222222222 0.7061728395061728 0.21875 0.7132716049382716 0.2204861111111111 0.7166666666666667 0.21961805555555555 0.720679012345679 0.2248263888888889 0.7268518518518519 0.22586805555555556 0.7308641975308642 0.22708333333333333 0.7324074074074074 0.22899305555555555 0.7324074074074074 0.2345486111111111 0.7290123456790124 0.2359375 0.7317901234567901 0.2361111111111111 0.7345679012345678 0.23697916666666666 0.7361111111111112 0.2378472222222222 0.7410493827160494 0.24114583333333334 0.7404320987654321 0.24479166666666666 0.7358024691358025 0.25121527777777775 0.7320987654320987 0.25416666666666665 0.7475308641975309 0.2517361111111111 0.7509259259259259 0.25156249999999997 0.7524691358024691 0.25 0.7549382716049382 0.25 0.7598765432098765 0.2508680555555556 0.7623456790123456 0.2508680555555556 0.7654320987654322 0.2498263888888889 0.7666666666666666 0.24809027777777778 0.7669753086419753 0.2467013888888889 0.7691358024691358 0.2472222222222222 0.7728395061728395 0.2454861111111111 0.7756172839506172 0.2456597222222222 0.7799382716049382 0.24479166666666666 0.7808641975308641 0.23854166666666665 0.7808641975308641 0.2371527777777778 0.782716049382716 0.23663194444444444 0.7861111111111112 0.2378472222222222 0.7913580246913581 0.24184027777777775 0.7913580246913581 0.2439236111111111 0.7891975308641975 0.2453125 0.7891975308641975 0.24635416666666665 0.79320987654321 0.2484375 0.7975308641975308 0.2503472222222222 0.8064814814814815 0.24965277777777775 0.8114197530864197 0.25104166666666666 0.8179012345679012 0.25104166666666666 0.821604938271605 0.24930555555555556 0.8246913580246913 0.24913194444444445 0.8280864197530865 0.24739583333333334 0.8330246913580247 0.24791666666666665 0.8441358024691359 0.24687499999999998 0.8564814814814815 0.24756944444444445 0.8592592592592593 0.2513888888888889 0.8608024691358025 0.2630208333333333 0.8601851851851853 0.26545138888888886 0.858641975308642 0.2682291666666667 0.8601851851851853 0.2869791666666667 0.8595679012345678 0.29027777777777775 0.8580246913580247 0.29149305555555555 0.8561728395061728 0.2916666666666667 0.8537037037037037 0.3053819444444444 0.8537037037037037 0.30572916666666666 0.8549382716049382 0.3072916666666667 0.8558641975308642 0.3107638888888889 0.85 0.3111111111111111 0.8459876543209875 0.3119791666666667 0.8435185185185184 0.31232638888888886 0.8361111111111111 0.3145833333333333 0.8290123456790123 0.32013888888888886 0.821604938271605 0.3225694444444444 0.8169753086419753 0.3253472222222222 0.8148148148148148 0.32795138888888886 0.8141975308641975 0.3317708333333333 0.8092592592592593 0.3342013888888889 0.7996913580246913 0.3350694444444444 0.7901234567901234 0.334375 0.7805555555555556 0.3345486111111111 0.7734567901234568 0.3373263888888889 0.7614197530864197 0.3383680555555555 0.7598765432098765 0.33993055555555557 0.7540123456790124 0.3420138888888889 0.7496913580246913 0.3446180555555556 0.741358024691358 0.3461805555555555 0.7385802469135803 0.34652777777777777 0.7358024691358025 0.35138888888888886 0.7209876543209875 0.35312499999999997 0.7185185185185184 0.3560763888888889 0.717283950617284 0.3569444444444444 0.7154320987654321 0.3588541666666667 0.7138888888888888 0.3605902777777778 0.7089506172839506 0.3618055555555555 0.7012345679012346 0.3625 0.6907407407407407 0.3619791666666667 0.6787037037037037 0.36215277777777777 0.6645061728395062 0.3612847222222222 0.6604938271604938 0.3607638888888889 0.6506172839506172 0.3583333333333333 0.6441358024691358 0.3560763888888889 0.6419753086419753 0.34774305555555557 0.6382716049382716 0.34531249999999997 0.6351851851851852 0.3451388888888889 0.6246913580246913 0.34357638888888886 0.6179012345679012 0.3427083333333333 0.6074074074074074 0.3420138888888889 0.6033950617283951 0.3390625 0.5972222222222222 0.33194444444444443 0.5950617283950618 0.3032986111111111 0.5950617283950618 0.29670138888888886 0.5981481481481481 0.29583333333333334 0.5996913580246913 0.2935763888888889 0.600925925925926 0.2829861111111111 0.5996913580246913 0.2765625 0.5972222222222222 0.26545138888888886 0.5972222222222222 0.26076388888888885 0.6003086419753086 0.25902777777777775 0.6040123456790124 0.2578125 0.6046296296296296 0.25277777777777777 0.6157407407407407 0.2505208333333333 0.6185185185185185 0.24930555555555556 0.6222222222222222 0.2439236111111111 0.6302469135802469 0.2388888888888889 0.6425925925925926 0.23645833333333333 0.6438271604938272 0.23368055555555556 0.6472222222222223 0.23246527777777778 0.6509259259259259 0.2300347222222222 0.6537037037037037 0.22881944444444444 0.6570987654320988 0.2237847222222222 0.6660493827160494 0.2204861111111111 0.6697530864197531 0.21961805555555555 0.6731481481481482 0.21631944444444445 0.678395061728395 0.21493055555555554 0.6858024691358025 0.2144097222222222 0.6916666666666667 0.21493055555555554 0.6993827160493827
1 0.5008680555555556 0.25555555555555554 0.5003472222222223 0.26944444444444443 0.5015624999999999 0.27253086419753086 0.5052083333333334 0.27098765432098765 0.5140625 0.2716049382716049 0.5154513888888889 0.27067901234567904 0.5157986111111111 0.25493827160493826 0.5151041666666667 0.24938271604938272 0.5133680555555555 0.24351851851851852 0.5123263888888888 0.24228395061728397 0.5038194444444445 0.24228395061728397 0.5017361111111112 0.24351851851851852 0.5005208333333333 0.24969135802469133 0.5003472222222223 0.25277777777777777 0.5008680555555556 0.25555555555555554
1 0.49027777777777776 0.3243827160493827 0.4901041666666667 0.3425925925925926 0.490625 0.3493827160493827 0.4913194444444444 0.35185185185185186 0.4982638888888889 0.3493827160493827 0.4989583333333333 0.34043209876543207 0.4989583333333333 0.3339506172839506 0.4984375 0.3311728395061728 0.5 0.32623456790123456 0.5057291666666667 0.32314814814814813 0.5121527777777778 0.32160493827160497 0.5104166666666666 0.3138888888888889 0.5090277777777777 0.3104938271604938 0.49635416666666665 0.3104938271604938 0.4909722222222222 0.3138888888888889 0.4895833333333333 0.3160493827160494 0.4890625 0.3185185185185185 0.49027777777777776 0.3243827160493827
1 0.46475694444444443 0.4861111111111111 0.4635416666666667 0.5348765432098765 0.46493055555555557 0.5438271604938272 0.4677083333333333 0.5450617283950617 0.4756944444444444 0.5388888888888889 0.48072916666666665 0.5376543209876543 0.48819444444444443 0.5376543209876543 0.4973958333333333 0.5391975308641975 0.5046875000000001 0.5441358024691358 0.5069444444444444 0.5438271604938272 0.5086805555555556 0.5419753086419753 0.5093749999999999 0.5358024691358024 0.5086805555555556 0.516358024691358 0.5076388888888889 0.5108024691358024 0.5072916666666667 0.4975308641975309 0.5055555555555555 0.48518518518518516 0.5055555555555555 0.4839506172839506 0.5076388888888889 0.4808641975308642 0.5072916666666667 0.47716049382716047 0.5034722222222222 0.47530864197530864 0.5006944444444444 0.47098765432098766 0.4982638888888889 0.46882716049382717 0.49496527777777777 0.4679012345679012 0.4786458333333333 0.4675925925925926 0.4753472222222222 0.4679012345679012 0.4704861111111111 0.4700617283950617 0.4664930555555556 0.47623456790123453 0.4626736111111111 0.4774691358024691 0.46197916666666666 0.47962962962962963 0.4618055555555556 0.48117283950617284 0.46475694444444443 0.4861111111111111
5 0.21979166666666666 0.6574074074074074 0.2204861111111111 0.6604938271604938 0.22395833333333334 0.6617283950617284 0.22604166666666664 0.6592592592592593 0.22951388888888888 0.6524691358024691 0.23055555555555554 0.6518518518518519 0.2439236111111111 0.6287037037037038 0.2453125 0.6274691358024691 0.2467013888888889 0.6237654320987653 0.25017361111111114 0.6188271604938271 0.2508680555555556 0.616358024691358 0.25416666666666665 0.6101851851851853 0.2560763888888889 0.6080246913580247 0.2581597222222222 0.6030864197530863 0.26249999999999996 0.5978395061728394 0.2647569444444444 0.596604938271605 0.2739583333333333 0.595679012345679 0.29062499999999997 0.5962962962962963 0.30624999999999997 0.5935185185185184 0.3109375 0.5935185185185184 0.3119791666666667 0.592283950617284 0.3121527777777778 0.5851851851851851 0.3107638888888889 0.5688271604938271 0.3083333333333333 0.5629629629629629 0.3072916666666667 0.5623456790123457 0.2977430555555556 0.5614197530864198 0.2864583333333333 0.5574074074074074 0.2751736111111111 0.5580246913580247 0.2708333333333333 0.5555555555555556 0.26163194444444443 0.5555555555555556 0.2586805555555556 0.5564814814814815 0.25503472222222223 0.5601851851851852 0.2513888888888889 0.5617283950617283 0.24756944444444445 0.5648148148148148 0.24270833333333333 0.5712962962962963 0.23836805555555554 0.5787037037037037 0.23072916666666665 0.596604938271605 0.23038194444444443 0.5993827160493828 0.22621527777777775 0.6101851851851853 0.22291666666666665 0.6157407407407407 0.21927083333333333 0.6268518518518519 0.2190972222222222 0.6503086419753087 0.21979166666666666 0.6574074074074074
5 0.2894097222222222 0.519753086419753 0.2895833333333333 0.5345679012345679 0.2907986111111111 0.5398148148148147 0.29374999999999996 0.5438271604938272 0.2975694444444444 0.5453703703703704 0.3111111111111111 0.542283950617284 0.3263888888888889 0.5419753086419753 0.3317708333333333 0.5407407407407407 0.3338541666666667 0.5438271604938272 0.3361111111111111 0.5441358024691358 0.3385416666666667 0.5413580246913581 0.33993055555555557 0.5296296296296296 0.3409722222222222 0.5265432098765432 0.3427083333333333 0.5246913580246914 0.34704861111111107 0.5166666666666666 0.3503472222222222 0.5132716049382716 0.3527777777777778 0.5123456790123457 0.3541666666666667 0.5089506172839506 0.35538194444444443 0.5021604938271605 0.3552083333333333 0.4861111111111111 0.3541666666666667 0.48148148148148145 0.3527777777777778 0.47932098765432096 0.3404513888888889 0.4700617283950617 0.3355902777777778 0.46851851851851856 0.3303819444444444 0.46851851851851856 0.3263888888888889 0.4666666666666667 0.3182291666666667 0.4666666666666667 0.3069444444444444 0.47314814814814815 0.3034722222222222 0.4774691358024691 0.3019097222222222 0.4824074074074074 0.3003472222222222 0.48487654320987655 0.2982638888888889 0.4925925925925925 0.2956597222222222 0.49876543209876545 0.2953125 0.5012345679012346 0.2916666666666667 0.508641975308642 0.2890625 0.5123456790123457 0.2887152777777778 0.516358024691358 0.2894097222222222 0.519753086419753
1 0.48246527777777776 0.24907407407407406 0.4913194444444444 0.2503086419753086 0.4930555555555556 0.24814814814814815 0.4928819444444444 0.23858024691358024 0.4913194444444444 0.23487654320987655 0.4861111111111111 0.2339506172839506 0.4840277777777778 0.23487654320987655 0.4822916666666667 0.23796296296296296 0.4819444444444444 0.24814814814814815 0.48246527777777776 0.24907407407407406
1 0.4861111111111111 0.20246913580246914 0.48767361111111107 0.2064814814814815 0.4913194444444444 0.2058641975308642 0.4928819444444444 0.20308641975308642 0.4928819444444444 0.1993827160493827 0.4911458333333333 0.19598765432098766 0.48767361111111107 0.1953703703703704 0.4866319444444444 0.19753086419753085 0.4861111111111111 0.19907407407407407 0.4861111111111111 0.20246913580246914
1 0.6020833333333333 0.21296296296296297 0.6090277777777777 0.2126543209876543 0.6107638888888888 0.21172839506172839 0.6114583333333333 0.20987654320987656 0.6105902777777777 0.20493827160493827 0.6076388888888888 0.2015432098765432 0.603125 0.20185185185185187 0.6015625 0.2058641975308642 0.6013888888888889 0.21080246913580247 0.6020833333333333 0.21296296296296297
1 0.6123263888888888 0.2265432098765432 0.6185763888888888 0.22685185185185186 0.6190972222222222 0.22407407407407406 0.6184027777777777 0.22098765432098766 0.6170138888888889 0.21851851851851853 0.6163194444444444 0.21419753086419752 0.6126736111111112 0.21419753086419752 0.6116319444444444 0.21790123456790123 0.6111111111111112 0.22376543209876545 0.6123263888888888 0.2265432098765432
2 0 0.7719135802469135 0.008506944444444444 0.7725308641975309 0.010243055555555556 0.7709876543209876 0.0109375 0.7688271604938272 0.009027777777777777 0.7654320987654322 0.0045138888888888885 0.7632716049382716 0.003298611111111111 0.7611111111111112 0.0015624999999999999 0.7518518518518519 0 0.7518518518518519 0 0.7719135802469135
2 0.25468749999999996 0.7342592592592593 0.25625000000000003 0.7376543209876544 0.2552083333333333 0.7435185185185185 0.25590277777777776 0.75 0.25590277777777776 0.753395061728395 0.25538194444444445 0.7549382716049382 0.25590277777777776 0.7638888888888888 0.25538194444444445 0.7679012345679013 0.25538194444444445 0.7898148148148147 0.25625000000000003 0.792283950617284 0.2565972222222222 0.7972222222222222 0.25763888888888886 0.7996913580246913 0.25763888888888886 0.8083333333333333 0.2583333333333333 0.8141975308641975 0.2604166666666667 0.8188271604938272 0.26197916666666665 0.8339506172839506 0.26319444444444445 0.8404320987654321 0.26319444444444445 0.845679012345679 0.25937499999999997 0.8521604938271605 0.25937499999999997 0.8552469135802468 0.2635416666666667 0.8570987654320987 0.2664930555555556 0.8570987654320987 0.2692708333333333 0.8558641975308642 0.2704861111111111 0.8527777777777777 0.2708333333333333 0.8487654320987654 0.27291666666666664 0.8444444444444444 0.2736111111111111 0.8361111111111111 0.27291666666666664 0.817283950617284 0.2701388888888889 0.796604938271605 0.2710069444444444 0.7941358024691358 0.2722222222222222 0.79320987654321 0.27621527777777777 0.7938271604938272 0.2770833333333333 0.7910493827160494 0.2765625 0.7845679012345679 0.27413194444444444 0.779320987654321 0.2737847222222222 0.7623456790123456 0.27239583333333334 0.7564814814814815 0.27291666666666664 0.7444444444444445 0.2704861111111111 0.733641975308642 0.2659722222222222 0.7246913580246913 0.26336805555555554 0.7157407407407407 0.2621527777777778 0.7145061728395062 0.2586805555555556 0.7135802469135802 0.25503472222222223 0.7157407407407407 0.25295138888888885 0.720679012345679 0.25295138888888885 0.7268518518518519 0.25468749999999996 0.7342592592592593
2 0.2171875 0.7447530864197531 0.21840277777777775 0.7466049382716049 0.21927083333333333 0.7515432098765432 0.2204861111111111 0.7537037037037038 0.221875 0.7537037037037038 0.2237847222222222 0.7561728395061729 0.22395833333333334 0.7589506172839506 0.225 0.7611111111111112 0.2269097222222222 0.7691358024691358 0.2293402777777778 0.7904320987654321 0.2293402777777778 0.8089506172839506 0.22864583333333333 0.8141975308641975 0.2293402777777778 0.8179012345679012 0.2300347222222222 0.8314814814814815 0.2315972222222222 0.8453703703703703 0.2328125 0.8512345679012346 0.2329861111111111 0.8558641975308642 0.2342013888888889 0.8601851851851853 0.24010416666666665 0.8617283950617284 0.2423611111111111 0.8614197530864197 0.24461805555555555 0.8592592592592593 0.24583333333333335 0.8558641975308642 0.2470486111111111 0.8435185185185184 0.2467013888888889 0.8311728395061728 0.24739583333333334 0.8243827160493827 0.2484375 0.8209876543209877 0.24947916666666664 0.8089506172839506 0.24947916666666664 0.796604938271605 0.2449652777777778 0.7774691358024691 0.24618055555555554 0.7666666666666666 0.24895833333333334 0.7558641975308641 0.24947916666666664 0.7506172839506172 0.2484375 0.7478395061728395 0.2453125 0.745679012345679 0.2421875 0.7450617283950618 0.23958333333333334 0.7404320987654321 0.2387152777777778 0.7382716049382716 0.2387152777777778 0.7296296296296296 0.23802083333333335 0.7262345679012346 0.23506944444444444 0.7200617283950618 0.2331597222222222 0.7197530864197531 0.23072916666666665 0.7209876543209875 0.22916666666666666 0.7265432098765432 0.22743055555555555 0.7296296296296296 0.2263888888888889 0.7441358024691357 0.22447916666666665 0.7478395061728395 0.22343749999999998 0.7475308641975309 0.22274305555555554 0.7459876543209876 0.21961805555555555 0.7342592592592593 0.21996527777777775 0.7246913580246913 0.2185763888888889 0.7231481481481481 0.21684027777777778 0.7228395061728394 0.21562499999999998 0.7271604938271605 0.21510416666666665 0.7345679012345678 0.2171875 0.7447530864197531
2 0.021006944444444443 0.766358024691358 0.0203125 0.7712962962962963 0.0203125 0.7802469135802469 0.021006944444444443 0.7845679012345679 0.024305555555555556 0.7916666666666666 0.025520833333333333 0.796604938271605 0.025173611111111112 0.8120370370370371 0.027430555555555555 0.8277777777777778 0.027604166666666666 0.8419753086419753 0.028645833333333332 0.8487654320987654 0.029340277777777774 0.8669753086419753 0.030034722222222223 0.8697530864197531 0.03177083333333333 0.8719135802469137 0.03611111111111111 0.8719135802469137 0.03697916666666667 0.8703703703703703 0.03697916666666667 0.8660493827160494 0.03506944444444444 0.8601851851851853 0.03506944444444444 0.8567901234567901 0.036458333333333336 0.8358024691358025 0.035590277777777776 0.8274691358024691 0.036631944444444446 0.8240740740740741 0.037384201388888885 0.825 0.04010416666666666 0.8243827160493827 0.04288194444444444 0.8391975308641975 0.043229166666666666 0.845679012345679 0.04739583333333333 0.8558641975308642 0.05086805555555555 0.8580246913580247 0.05381944444444445 0.858641975308642 0.056076388888888884 0.8580246913580247 0.057812499999999996 0.8561728395061728 0.057118055555555554 0.8521604938271605 0.052083333333333336 0.8475308641975309 0.049999999999999996 0.8361111111111111 0.048263888888888884 0.8314814814814815 0.04809027777777777 0.8231481481481482 0.04878472222222222 0.8197530864197531 0.0484375 0.8095679012345679 0.049305555555555554 0.80679012345679 0.049652777777777775 0.8 0.050520833333333334 0.7972222222222222 0.050520833333333334 0.7728395061728395 0.04878472222222222 0.7657407407407407 0.04583333333333334 0.7592592592592593 0.04357638888888889 0.7549382716049382 0.042534722222222224 0.7546296296296297 0.03819444444444445 0.7490740740740741 0.036458333333333336 0.7410493827160494 0.03315972222222222 0.7339506172839506 0.028125 0.7339506172839506 0.025173611111111112 0.7358024691358025 0.02395833333333333 0.737962962962963 0.023784722222222224 0.7555555555555555 0.021006944444444443 0.766358024691358
2 0.1657986111111111 0.5370370370370371 0.1675347222222222 0.5432098765432098 0.1673611111111111 0.5515432098765432 0.16614583333333333 0.5564814814814815 0.16666666666666666 0.5598765432098766 0.16805555555555554 0.5614197530864198 0.1722222222222222 0.5614197530864198 0.1763888888888889 0.5598765432098766 0.17916666666666664 0.557716049382716 0.17864583333333334 0.5469135802469135 0.17708333333333334 0.5432098765432098 0.1746527777777778 0.5398148148148147 0.17430555555555555 0.5345679012345679 0.17309027777777775 0.5305555555555556 0.1717013888888889 0.528395061728395 0.16822916666666665 0.528395061728395 0.16666666666666666 0.5308641975308642 0.1657986111111111 0.532716049382716 0.1657986111111111 0.5370370370370371
2 0.08107638888888889 0.7351851851851853 0.08194444444444444 0.7382716049382716 0.0842013888888889 0.7388888888888888 0.08628472222222222 0.7419753086419753 0.09010416666666667 0.7580246913580246 0.09340277777777778 0.7679012345679013 0.09305555555555554 0.7725308641975309 0.090625 0.7765432098765431 0.08993055555555556 0.7799382716049382 0.0920138888888889 0.7820987654320988 0.09565972222222222 0.779320987654321 0.09895833333333333 0.7737654320987654 0.10225694444444444 0.774074074074074 0.103125 0.7762345679012346 0.1032986111111111 0.7833333333333333 0.10555555555555556 0.7854938271604938 0.10781249999999999 0.7842592592592593 0.10920138888888888 0.7799382716049382 0.10920138888888888 0.7756172839506172 0.10590277777777778 0.7549382716049382 0.10243055555555555 0.7447530864197531 0.10243055555555555 0.737962962962963 0.1001736111111111 0.7280864197530863 0.1001736111111111 0.7197530864197531 0.10069444444444445 0.7166666666666667 0.10243055555555555 0.7141975308641975 0.10434027777777777 0.7083333333333334 0.10642361111111111 0.7052469135802469 0.10920138888888888 0.6969135802469135 0.10902777777777778 0.6944444444444444 0.10590277777777778 0.688888888888889 0.10434027777777777 0.6885802469135802 0.10225694444444444 0.6858024691358025 0.10086805555555554 0.6851851851851852 0.09878472222222222 0.6811728395061728 0.09375 0.678395061728395 0.09288194444444445 0.6768518518518518 0.09270833333333332 0.6675925925925925 0.0920138888888889 0.6645061728395062 0.08871527777777777 0.6617283950617284 0.08506944444444445 0.6623456790123456 0.08350694444444444 0.6645061728395062 0.08263888888888887 0.66820987654321 0.08350694444444444 0.6799382716049384 0.0828125 0.682716049382716 0.08159722222222222 0.6836419753086419 0.0796875 0.6916666666666667 0.0795138888888889 0.717283950617284 0.08107638888888889 0.7351851851851853
2 0.28506944444444443 0.7787037037037037 0.28402777777777777 0.7981481481481482 0.2845486111111111 0.8037037037037037 0.2857638888888889 0.8074074074074075 0.2864583333333333 0.8200617283950616 0.2876736111111111 0.8240740740740741 0.2878472222222222 0.8339506172839506 0.2887152777777778 0.8382716049382716 0.2895833333333333 0.8515432098765432 0.2899305555555556 0.8530864197530863 0.29322916666666665 0.8580246913580247 0.2947916666666667 0.8564814814814815 0.30069444444444443 0.8561728395061728 0.3029513888888889 0.8549382716049382 0.30451388888888886 0.8527777777777777 0.30451388888888886 0.8435185185185184 0.3041666666666667 0.8287037037037037 0.3024305555555556 0.8108024691358025 0.3060763888888889 0.7981481481481482 0.3053819444444444 0.7901234567901234 0.30451388888888886 0.7864197530864198 0.30451388888888886 0.7796296296296297 0.3055555555555556 0.7762345679012346 0.30798611111111107 0.7728395061728395 0.3090277777777778 0.7691358024691358 0.3114583333333333 0.7654320987654322 0.31232638888888886 0.7601851851851852 0.3131944444444444 0.758641975308642 0.3133680555555556 0.7549382716049382 0.3126736111111111 0.7540123456790124 0.31059027777777776 0.7540123456790124 0.30868055555555557 0.7608024691358025 0.30746527777777777 0.7623456790123456 0.3022569444444444 0.7601851851851852 0.29843749999999997 0.7546296296296297 0.2977430555555556 0.7521604938271605 0.2975694444444444 0.7453703703703703 0.2963541666666667 0.7376543209876544 0.29461805555555554 0.733641975308642 0.29305555555555557 0.732716049382716 0.2887152777777778 0.7339506172839506 0.2876736111111111 0.7361111111111112 0.2864583333333333 0.7410493827160494 0.28593749999999996 0.7466049382716049 0.2864583333333333 0.7521604938271605 0.28402777777777777 0.7614197530864197 0.28402777777777777 0.7703703703703704 0.28506944444444443 0.7787037037037037
2 0.4770833333333333 0.2277777777777778 0.4779513888888889 0.22901234567901235 0.4802083333333333 0.2265432098765432 0.48038194444444443 0.22191358024691357 0.4802083333333333 0.2197530864197531 0.4789930555555555 0.2175925925925926 0.4777777777777778 0.21666666666666665 0.4770833333333333 0.2175925925925926 0.4765625 0.22160493827160493 0.4770833333333333 0.2277777777777778
6 0.2894097222222222 0.7725308641975309 0.29149305555555555 0.7731481481481481 0.29288194444444443 0.7780864197530865 0.29374999999999996 0.779320987654321 0.29583333333333334 0.7805555555555556 0.296875 0.7824074074074074 0.29965277777777777 0.7799382716049382 0.2994791666666667 0.7787037037037037 0.2961805555555555 0.7765432098765431 0.2947916666666667 0.7722222222222223 0.2925347222222222 0.770679012345679 0.2909722222222222 0.7669753086419753 0.2890625 0.7666666666666666 0.2876736111111111 0.7679012345679013 0.28715277777777776 0.7694444444444444 0.2894097222222222 0.7725308641975309
6 0.21510416666666665 0.700925925925926 0.21788194444444445 0.707716049382716 0.2190972222222222 0.7166666666666667 0.2185763888888889 0.7212962962962963 0.22013888888888888 0.7237654320987654 0.21979166666666666 0.7271604938271605 0.2203125 0.7280864197530863 0.22413194444444445 0.7274691358024691 0.2253472222222222 0.7320987654320987 0.2269097222222222 0.7345679012345678 0.22743055555555555 0.7419753086419753 0.2293402777777778 0.7444444444444445 0.22916666666666666 0.7459876543209876 0.22725694444444444 0.7493827160493828 0.22395833333333334 0.7509259259259259 0.2237847222222222 0.7521604938271605 0.22586805555555556 0.7549382716049382 0.2253472222222222 0.7611111111111112 0.22586805555555556 0.7654320987654322 0.22743055555555555 0.7682098765432099 0.22847222222222222 0.7685185185185185 0.23038194444444443 0.7722222222222223 0.22916666666666666 0.7756172839506172 0.23038194444444443 0.779320987654321 0.2298611111111111 0.7824074074074074 0.23038194444444443 0.7848765432098765 0.23038194444444443 0.7907407407407407 0.22951388888888888 0.8080246913580247 0.23072916666666665 0.811111111111111 0.23402777777777775 0.8092592592592593 0.23819444444444443 0.8101851851851852 0.240625 0.8151234567901234 0.2409722222222222 0.821604938271605 0.2449652777777778 0.821604938271605 0.2467013888888889 0.8231481481481482 0.24583333333333335 0.828395061728395 0.24375 0.8305555555555556 0.2409722222222222 0.8311728395061728 0.2407986111111111 0.8324074074074075 0.24322916666666666 0.8345679012345678 0.24479166666666666 0.8348765432098766 0.2467013888888889 0.8382716049382716 0.2467013888888889 0.8487654320987654 0.24600694444444443 0.8524691358024691 0.24635416666666665 0.8570987654320987 0.24809027777777778 0.8601851851851853 0.2513888888888889 0.8614197530864197 0.2623263888888889 0.8608024691358025 0.26545138888888886 0.8595679012345678 0.2869791666666667 0.8595679012345678 0.2909722222222222 0.8580246913580247 0.2927083333333333 0.8558641975308642 0.29288194444444443 0.8537037037037037 0.2998263888888889 0.8558641975308642 0.3072916666666667 0.8558641975308642 0.3095486111111111 0.8527777777777777 0.3107638888888889 0.8506172839506172 0.3126736111111111 0.8432098765432099 0.3133680555555556 0.8348765432098766 0.3149305555555555 0.8324074074074075 0.31579861111111107 0.8287037037037037 0.3225694444444444 0.8166666666666667 0.3277777777777778 0.8141975308641975 0.3317708333333333 0.8098765432098766 0.3329861111111111 0.80679012345679 0.3342013888888889 0.8003086419753087 0.3348958333333333 0.7901234567901234 0.3345486111111111 0.7734567901234568 0.3366319444444444 0.7654320987654322 0.3368055555555556 0.7623456790123456 0.33975694444444443 0.7567901234567901 0.3423611111111111 0.7478395061728395 0.3439236111111111 0.7447530864197531 0.3446180555555556 0.7410493827160494 0.3461805555555555 0.7382716049382716 0.3489583333333333 0.7274691358024691 0.3506944444444444 0.7243827160493828 0.3512152777777778 0.7219135802469135 0.3532986111111111 0.7185185185185184 0.3567708333333333 0.7169753086419753 0.3590277777777778 0.7138888888888888 0.3605902777777778 0.7098765432098766 0.3618055555555555 0.7030864197530865 0.36215277777777777 0.6929012345679012 0.36267361111111107 0.6904320987654321 0.3618055555555555 0.6722222222222222 0.3619791666666667 0.6632716049382715 0.3605902777777778 0.649074074074074 0.3583333333333333 0.6438271604938272 0.3564236111111111 0.6419753086419753 0.3524305555555556 0.6404320987654322 0.3456597222222222 0.6358024691358025 0.3449652777777778 0.633641975308642 0.3451388888888889 0.6228395061728395 0.3440972222222222 0.6191358024691357 0.3427083333333333 0.6067901234567901 0.3404513888888889 0.5990740740740741 0.33923611111111107 0.5972222222222222 0.334375 0.5950617283950618 0.3203125 0.5947530864197531 0.31631944444444443 0.5938271604938271 0.3032986111111111 0.5947530864197531 0.29062499999999997 0.5987654320987654 0.2876736111111111 0.5987654320987654 0.2831597222222222 0.5969135802469135 0.26545138888888886 0.5969135802469135 0.26180555555555557 0.5990740740740741 0.25763888888888886 0.6046296296296296 0.2526041666666667 0.6157407407407407 0.25 0.6194444444444445 0.24913194444444445 0.6222222222222222 0.24375 0.6302469135802469 0.2394097222222222 0.641358024691358 0.23368055555555556 0.6472222222222223 0.2314236111111111 0.6521604938271606 0.23038194444444443 0.6527777777777778 0.22708333333333333 0.6586419753086419 0.22604166666666664 0.6617283950617284 0.22430555555555554 0.6641975308641975 0.22291666666666665 0.6645061728395062 0.22170138888888888 0.6666666666666666 0.21631944444444445 0.678395061728395 0.21475694444444443 0.6858024691358025 0.2144097222222222 0.6969135802469135 0.21510416666666665 0.700925925925926
6 0.4984375 0.39444444444444443 0.4991319444444444 0.3972222222222222 0.4987847222222222 0.4049382716049383 0.4993055555555555 0.412962962962963 0.5005208333333333 0.42314814814814816 0.5017361111111112 0.4246913580246914 0.5069444444444444 0.4246913580246914 0.5149305555555556 0.42685185185185187 0.5295138888888888 0.4274691358024691 0.5375 0.42376543209876544 0.5435763888888888 0.42376543209876544 0.5458333333333333 0.42160493827160495 0.5465277777777777 0.4083333333333333 0.5463541666666666 0.3861111111111111 0.5434027777777778 0.37345679012345684 0.5423611111111111 0.37191358024691357 0.5397569444444444 0.362962962962963 0.537673611111111 0.35802469135802467 0.5375 0.3339506172839506 0.5355902777777778 0.3277777777777778 0.5300347222222223 0.3219135802469136 0.5295138888888888 0.3200617283950617 0.5249999999999999 0.31882716049382714 0.5185763888888889 0.3145061728395062 0.515625 0.3172839506172839 0.5140625 0.3219135802469136 0.5034722222222222 0.3243827160493827 0.5 0.32685185185185184 0.4986111111111111 0.3311728395061728 0.4993055555555555 0.3367283950617284 0.49809027777777776 0.34969135802469137 0.49809027777777776 0.387037037037037 0.4984375 0.39444444444444443