8 0.19843750000000002 0.3097222222222222 0.2171875 0.3111111111111111 0.22187500000000002 0.3013888888888889 0.22265625 0.2875 0.22031250000000002 0.2833333333333333 0.21015625000000002 0.2805555555555555 0.19062500000000002 0.2861111111111111 0.1921875 0.30277777777777776 0.19843750000000002 0.3097222222222222
8 0.225 0.4222222222222222 0.25078125 0.4194444444444444 0.2515625 0.3972222222222222 0.24453125 0.36527777777777776 0.22734375 0.36527777777777776 0.2234375 0.3763888888888889 0.22265625 0.4055555555555555 0.225 0.4222222222222222
8 0.33046875000000003 0.3958333333333333 0.33125000000000004 0.4208333333333333 0.3359375 0.4347222222222222 0.36328125 0.4305555555555556 0.36250000000000004 0.39999999999999997 0.353125 0.3736111111111111 0.33984375 0.3722222222222222 0.33203125 0.37777777777777777 0.328125 0.39166666666666666 0.33046875000000003 0.3958333333333333
8 0.3609375 0.29027777777777775 0.37031250000000004 0.29027777777777775 0.37031250000000004 0.26666666666666666 0.359375 0.2638888888888889 0.35859375000000004 0.2861111111111111 0.3609375 0.29027777777777775
1 0.55390625 0.4361111111111111 0.5593750000000001 0.4472222222222222 0.58515625 0.4458333333333333 0.5882812500000001 0.4388888888888889 0.58515625 0.4208333333333333 0.5703125000000001 0.3972222222222222 0.5515625000000001 0.3930555555555555 0.5429687500000001 0.4027777777777778 0.5429687500000001 0.4361111111111111 0.55390625 0.4361111111111111
1 0.28203125 0.44861111111111107 0.31171875000000004 0.4444444444444444 0.31015625 0.41388888888888886 0.30390625000000004 0.39444444444444443 0.28125000000000006 0.3972222222222222 0.27734375000000006 0.4083333333333333 0.28203125 0.44861111111111107
5 0.70234375 0.5680555555555555 0.7132812500000001 0.5694444444444444 0.7328125000000001 0.5847222222222223 0.74140625 0.6013888888888889 0.7765625 0.6013888888888889 0.7820312500000001 0.5972222222222222 0.7820312500000001 0.5722222222222222 0.7671875 0.5458333333333333 0.74375 0.5152777777777777 0.70234375 0.5208333333333334 0.696875 0.5305555555555556 0.6960937500000001 0.5499999999999999 0.70234375 0.5680555555555555
1 0.20546875 0.5680555555555555 0.24453125 0.561111111111111 0.24531250000000002 0.5277777777777778 0.24296875 0.5083333333333333 0.24531250000000002 0.5013888888888889 0.23750000000000002 0.4861111111111111 0.21250000000000002 0.4888888888888889 0.203125 0.5083333333333333 0.20234375000000002 0.5527777777777777 0.20546875 0.5680555555555555
5 0.45390625 0.3569444444444444 0.46640625 0.3611111111111111 0.47109375000000003 0.35555555555555557 0.4734375 0.3625 0.478125 0.3569444444444444 0.47578125000000004 0.3444444444444444 0.4703125 0.3402777777777778 0.46640625 0.3305555555555555 0.45546875000000003 0.33194444444444443 0.45234375000000004 0.33749999999999997 0.45156250000000003 0.3527777777777778 0.45390625 0.3569444444444444
1 0.39453125 0.3277777777777778 0.40703125 0.3277777777777778 0.40859375000000003 0.3180555555555556 0.40546875000000004 0.3069444444444444 0.39687500000000003 0.3041666666666667 0.39296875000000003 0.3083333333333333 0.3921875 0.3222222222222222 0.39453125 0.3277777777777778
1 0.44609375 0.4222222222222222 0.46796875000000004 0.41805555555555557 0.46718750000000003 0.3958333333333333 0.45937500000000003 0.3819444444444444 0.44375000000000003 0.3805555555555556 0.4375 0.3902777777777778 0.4375 0.4083333333333333 0.44609375 0.4222222222222222
1 0.4765625 0.4125 0.5 0.4111111111111111 0.5 0.39444444444444443 0.49062500000000003 0.375 0.4734375 0.3722222222222222 0.47109375000000003 0.3763888888888889 0.46875 0.39444444444444443 0.4765625 0.4125
1 0.21953125 0.4833333333333333 0.2515625 0.48055555555555557 0.25234375000000003 0.44027777777777777 0.24296875 0.4333333333333333 0.2265625 0.4347222222222222 0.22187500000000002 0.44027777777777777 0.21875 0.4527777777777778 0.2171875 0.4708333333333333 0.21953125 0.4833333333333333
1 0.49453125000000003 0.3805555555555556 0.51328125 0.3805555555555556 0.51328125 0.3638888888888889 0.5046875000000001 0.35138888888888886 0.48515625 0.35138888888888886 0.484375 0.3680555555555556 0.49453125000000003 0.3805555555555556
1 0.3984375 0.4708333333333333 0.40078125000000003 0.4722222222222222 0.40390625 0.4666666666666667 0.4265625 0.4666666666666667 0.42578125 0.4375 0.41718750000000004 0.41805555555555557 0.4 0.4166666666666667 0.38984375000000004 0.4291666666666667 0.390625 0.45416666666666666 0.3984375 0.4708333333333333
5 0.31093750000000003 0.2916666666666667 0.321875 0.28888888888888886 0.321875 0.28194444444444444 0.3171875 0.2722222222222222 0.3125 0.2722222222222222 0.309375 0.2791666666666667 0.30859375 0.2861111111111111 0.31093750000000003 0.2916666666666667
4 0.596875 0.5444444444444444 0.6023437500000001 0.5486111111111112 0.60546875 0.5416666666666666 0.6117187500000001 0.5472222222222222 0.625 0.5625 0.62890625 0.5791666666666666 0.6648437500000001 0.5763888888888888 0.6703125000000001 0.5666666666666667 0.67109375 0.5555555555555556 0.6687500000000001 0.5458333333333333 0.6507812500000001 0.5097222222222222 0.640625 0.4972222222222222 0.5984375000000001 0.4944444444444444 0.5906250000000001 0.5 0.5898437500000001 0.5166666666666666 0.596875 0.5444444444444444
5 0.19687500000000002 0.661111111111111 0.19921875 0.6944444444444444 0.22578125000000002 0.6930555555555555 0.25078125 0.6819444444444444 0.25078125 0.6027777777777777 0.24140625000000002 0.598611111111111 0.215625 0.6013888888888889 0.20703125 0.6041666666666666 0.19843750000000002 0.6152777777777778 0.20078125000000002 0.6194444444444444 0.19687500000000002 0.661111111111111
0 0.26796875000000003 0.3180555555555556 0.2859375 0.31527777777777777 0.28671875 0.3 0.28359375000000003 0.27499999999999997 0.27734375000000006 0.26666666666666666 0.26875000000000004 0.26666666666666666 0.26406250000000003 0.2722222222222222 0.26562500000000006 0.3138888888888889 0.26796875000000003 0.3180555555555556