1 0.4578313253012048 0.48862115127175365 0.46009036144578314 0.4902945113788487 0.46724397590361444 0.4876171352074966 0.4710090361445783 0.47791164658634533 0.473644578313253 0.47456492637215525 0.4755271084337349 0.4738955823293172 0.4755271084337349 0.4715528781793842 0.4753388554216867 0.4702141900937082 0.47006777108433734 0.46318607764390896 0.4646084337349397 0.46251673360107093 0.46253765060240964 0.46318607764390896 0.4595256024096386 0.46619812583668 0.458019578313253 0.4702141900937082 0.4576430722891566 0.4735609103078982 0.45707831325301207 0.48493975903614456 0.4578313253012048 0.48862115127175365
1 0.6882530120481927 0.43172690763052207 0.6995481927710843 0.4320615796519411 0.6993599397590361 0.4253681392235609 0.6976656626506025 0.4183400267737617 0.6969126506024096 0.41064257028112444 0.6959713855421688 0.4086345381526104 0.6920180722891566 0.4076305220883534 0.6890060240963856 0.40930388219544844 0.6886295180722891 0.4159973226238286 0.6873117469879518 0.4220214190093708 0.6873117469879518 0.42938420348058903 0.6882530120481927 0.43172690763052207
5 0.12067018072289157 0.5435073627844712 0.12123493975903614 0.5468540829986613 0.12236445783132531 0.5485274431057563 0.12631777108433734 0.5505354752342704 0.1376129518072289 0.5502008032128514 0.1428840361445783 0.5522088353413654 0.14476656626506024 0.5518741633199464 0.14759036144578314 0.5471887550200802 0.15003765060240964 0.5458500669344043 0.161144578313253 0.5441767068273092 0.16490963855421686 0.5448460508701473 0.16886295180722893 0.536144578313253 0.16886295180722893 0.5321285140562249 0.166980421686747 0.5291164658634537 0.16095632530120482 0.5271084337349398 0.15568524096385541 0.5217536813922355 0.1483433734939759 0.5194109772423025 0.1379894578313253 0.5197456492637215 0.129894578313253 0.5224230254350736 0.1274472891566265 0.5244310575635877 0.12424698795180723 0.5304551539491298 0.12161144578313253 0.5331325301204819 0.12067018072289157 0.5364792503346719 0.12067018072289157 0.5435073627844712
1 0.46649096385542166 0.46084337349397586 0.46931475903614456 0.46352074966532797 0.47213855421686746 0.464524765729585 0.4743975903614458 0.47088353413654616 0.4845632530120482 0.4715528781793842 0.48701054216867473 0.4695448460508701 0.48776355421686746 0.465194109772423 0.48701054216867473 0.45883534136546184 0.4841867469879518 0.4531459170013387 0.4807981927710844 0.45013386880856754 0.4779743975903614 0.4487951807228916 0.4732680722891566 0.4484605087014725 0.4659262048192771 0.45247657295850063 0.4653614457831325 0.4538152610441767 0.46649096385542166 0.46084337349397586
1 0.3382906626506024 0.5428380187416332 0.35240963855421686 0.5418340026773761 0.35899849397590355 0.5384872824631861 0.370105421686747 0.5381526104417671 0.37198795180722893 0.536813922356091 0.3729292168674699 0.5331325301204819 0.3725527108433735 0.5257697456492637 0.37104668674698793 0.5230923694779116 0.3672816265060241 0.5210843373493975 0.36276355421686746 0.5160642570281124 0.3561746987951807 0.5137215528781793 0.3484563253012048 0.5140562248995983 0.3452560240963855 0.5153949129852744 0.34205572289156627 0.5184069611780454 0.3405496987951807 0.5224230254350736 0.33678463855421686 0.5257697456492637 0.33509036144578314 0.5287817938420348 0.33509036144578314 0.535140562248996 0.3382906626506024 0.5428380187416332
1 0.7586596385542168 0.49196787148594373 0.7620481927710843 0.49230254350736274 0.7669427710843373 0.4899598393574297 0.7725903614457832 0.4899598393574297 0.7765436746987951 0.49129852744310576 0.7784262048192772 0.4899598393574297 0.779367469879518 0.4879518072289156 0.7797439759036144 0.48293172690763053 0.7788027108433734 0.47054886211512714 0.7780496987951807 0.46619812583668 0.7756024096385542 0.4618473895582329 0.7710843373493975 0.4598393574297188 0.7618599397590361 0.4601740294511379 0.7603539156626505 0.46151271753681394 0.7564006024096386 0.46921017402945114 0.7564006024096386 0.48427041499330653 0.7586596385542168 0.49196787148594373
1 0.8245481927710843 0.44310575635876837 0.8360316265060241 0.44310575635876837 0.8373493975903614 0.4417670682730923 0.8377259036144579 0.4400937081659973 0.8365963855421688 0.43105756358768405 0.8347138554216867 0.4267068273092369 0.8318900602409639 0.42369477911646586 0.8283132530120482 0.4250334672021419 0.8245481927710843 0.4250334672021419 0.8230421686746987 0.4323962516733601 0.8228539156626505 0.4394243641231593 0.8245481927710843 0.44310575635876837
5 0.02390813253012048 0.5789825970548862 0.02579066265060241 0.5803212851405622 0.051016566265060244 0.5819946452476573 0.054969879518072286 0.5776439089692101 0.06287650602409639 0.575301204819277 0.0730421686746988 0.574966532797858 0.07868975903614457 0.5759705488621152 0.08283132530120482 0.5689424364123159 0.08377259036144578 0.5619143239625167 0.08358433734939759 0.5592369477911646 0.08151355421686747 0.5552208835341366 0.07266566265060241 0.5515394912985274 0.0649472891566265 0.5465194109772423 0.05591114457831325 0.5448460508701473 0.04649849397590362 0.5445113788487282 0.036332831325301206 0.5491967871485944 0.03332078313253012 0.5522088353413654 0.030308734939759035 0.5572289156626505 0.024284638554216868 0.5609103078982597 0.022590361445783132 0.5692771084337349 0.022590361445783132 0.5766398929049531 0.02390813253012048 0.5789825970548862
1 0.34375 0.5676037483266398 0.3452560240963855 0.572623828647925 0.34676204819277107 0.574966532797858 0.35240963855421686 0.575301204819277 0.35560993975903615 0.572623828647925 0.3591867469879518 0.5746318607764391 0.3629518072289156 0.5732931726907631 0.3661521084337349 0.5746318607764391 0.370105421686747 0.5736278447121821 0.37349397590361444 0.57095046854083 0.3742469879518072 0.5682730923694779 0.3742469879518072 0.5445113788487282 0.37311746987951805 0.5404953145917001 0.37029367469879515 0.538821954484605 0.3557981927710844 0.5408299866131191 0.3518448795180723 0.5435073627844712 0.3501506024096386 0.5485274431057563 0.34713855421686746 0.5545515394912985 0.34506777108433734 0.5568942436412315 0.34431475903614456 0.5595716198125836 0.3435617469879518 0.5639223560910308 0.34375 0.5676037483266398
1 0.4685617469879518 0.4949799196787148 0.4702560240963855 0.497991967871486 0.4719503012048193 0.49866131191432395 0.4845632530120482 0.497991967871486 0.4858810240963855 0.49631860776439085 0.49134036144578314 0.4933065595716198 0.4926581325301205 0.49129852744310576 0.49303463855421686 0.48862115127175365 0.49284638554216864 0.4832663989290495 0.49134036144578314 0.47891566265060237 0.48814006024096385 0.47489959839357426 0.4841867469879518 0.4718875502008032 0.4789156626506024 0.4718875502008032 0.4751506024096386 0.47322623828647925 0.4719503012048193 0.4762382864792503 0.46875 0.48226238286479245 0.467808734939759 0.48728246318607765 0.4685617469879518 0.4949799196787148
1 0.8830948795180723 0.4621820615796519 0.8985316265060241 0.4628514056224899 0.9000376506024096 0.4611780455153949 0.9006024096385542 0.4578313253012048 0.9002259036144579 0.45013386880856754 0.8977786144578312 0.4457831325301204 0.895519578313253 0.44344042838018743 0.8940135542168675 0.4397590361445783 0.8910015060240964 0.43708165997322623 0.8881777108433734 0.4364123159303882 0.8834713855421688 0.4364123159303882 0.8821536144578312 0.43842034805890223 0.8821536144578312 0.4601740294511379 0.8830948795180723 0.4621820615796519
1 0.02033132530120482 0.67570281124498 0.026731927710843376 0.680388219544846 0.029555722891566265 0.6864123159303882 0.032567771084337345 0.6900937081659974 0.038403614457831324 0.6900937081659974 0.041227409638554216 0.6874163319946452 0.04348644578313253 0.6830655957161981 0.04781626506024096 0.6820615796519411 0.04969879518072289 0.6840696117804552 0.05139307228915663 0.6904283801874164 0.053087349397590355 0.6934404283801874 0.05704066265060241 0.6977911646586344 0.06099397590361445 0.6977911646586344 0.06513554216867469 0.6931057563587684 0.06833584337349398 0.6860776439089692 0.06871234939759036 0.6834002677376171 0.07059487951807229 0.67904953145917 0.07379518072289157 0.6763721552878179 0.07944277108433734 0.67570281124498 0.08264307228915663 0.6733601070950469 0.09375 0.6686746987951807 0.09732680722891567 0.6690093708165997 0.0990210843373494 0.6710174029451138 0.10071536144578312 0.67570281124498 0.10165662650602408 0.6763721552878179 0.1065512048192771 0.6763721552878179 0.1095632530120482 0.6740294511378848 0.11201054216867469 0.6683400267737617 0.11314006024096386 0.6603078982597055 0.11634036144578312 0.6509370816599732 0.11634036144578312 0.6455823293172691 0.1144578313253012 0.6365461847389559 0.11295180722891567 0.6342034805890228 0.10881024096385541 0.6315261044176707 0.10146837349397589 0.6295180722891566 0.09563253012048192 0.6298527443105756 0.08678463855421686 0.6224899598393573 0.07737198795180723 0.6194779116465864 0.060429216867469875 0.6194779116465864 0.0416039156626506 0.6241633199464525 0.025978915662650603 0.6308567603748327 0.024661144578313254 0.6328647925033467 0.024096385542168672 0.6368808567603749 0.022590361445783132 0.6402275769745649 0.02127259036144578 0.645917001338688 0.01957831325301205 0.6606425702811245 0.01957831325301205 0.6740294511378848 0.02033132530120482 0.67570281124498
4 0.21347891566265062 0.570615796519411 0.21517319277108432 0.571285140562249 0.22006777108433737 0.571285140562249 0.2219503012048193 0.5689424364123159 0.2243975903614458 0.5679384203480589 0.23079819277108432 0.5676037483266398 0.23625753012048192 0.570281124497992 0.25112951807228917 0.574966532797858 0.25941265060240964 0.572623828647925 0.26298945783132527 0.5776439089692101 0.26656626506024095 0.5783132530120482 0.2692018072289156 0.5766398929049531 0.2701430722891566 0.5746318607764391 0.27146084337349397 0.5645917001338687 0.27070783132530124 0.5555555555555556 0.26863704819277107 0.5495314591700133 0.26185993975903615 0.5458500669344043 0.2592243975903614 0.5421686746987951 0.2573418674698795 0.5414993306559571 0.2554593373493976 0.539156626506024 0.2520707831325301 0.537817938420348 0.2473644578313253 0.537817938420348 0.24529367469879518 0.536144578313253 0.22684487951807228 0.5364792503346719 0.21950301204819275 0.539156626506024 0.2161144578313253 0.5421686746987951 0.21178463855421686 0.5525435073627845 0.21216114457831325 0.5645917001338687 0.21347891566265062 0.570615796519411
1 0.4529367469879518 0.4718875502008032 0.4574548192771084 0.47088353413654616 0.4595256024096386 0.46586345381526106 0.4644201807228916 0.4621820615796519 0.46573795180722893 0.4601740294511379 0.46479668674698793 0.4541499330655957 0.4634789156626506 0.4514725568942436 0.4623493975903614 0.4511378848728246 0.452183734939759 0.45247657295850063 0.45143072289156627 0.4531459170013387 0.45086596385542166 0.45649263721552874 0.45048945783132527 0.46987951807228917 0.4529367469879518 0.4718875502008032
1 0.6788403614457832 0.43507362784471215 0.6788403614457832 0.42469879518072284 0.677710843373494 0.4210174029451138 0.6756400602409639 0.4193440428380187 0.6716867469879518 0.4193440428380187 0.6698042168674698 0.4210174029451138 0.6684864457831325 0.4250334672021419 0.6684864457831325 0.4357429718875502 0.6788403614457832 0.43507362784471215
1 0.462914156626506 0.4484605087014725 0.4634789156626506 0.4497991967871486 0.46686746987951805 0.45180722891566266 0.46912650602409633 0.4497991967871486 0.4745858433734939 0.4481258366800535 0.4762801204819277 0.4441097724230254 0.4762801204819277 0.44143239625167335 0.4753388554216867 0.43842034805890223 0.47157379518072284 0.43507362784471215 0.4646084337349397 0.43507362784471215 0.46366716867469876 0.43540829986613117 0.4619728915662651 0.43842034805890223 0.46178463855421686 0.44310575635876837 0.462914156626506 0.4484605087014725
1 0.458019578313253 0.4250334672021419 0.45914909638554213 0.4260374832663989 0.47496234939759036 0.42637215528781797 0.4766566265060241 0.4250334672021419 0.47477409638554213 0.42068273092369474 0.4723268072289156 0.41800535475234263 0.46686746987951805 0.41499330655957156 0.4632906626506024 0.41499330655957156 0.45933734939759036 0.41800535475234263 0.458019578313253 0.4216867469879518 0.458019578313253 0.4250334672021419
4 0.2932981927710843 0.5117135207496654 0.29461596385542166 0.5130522088353413 0.296875 0.5184069611780454 0.29875753012048195 0.5194109772423025 0.3012048192771084 0.5194109772423025 0.3044051204819277 0.5153949129852744 0.3104292168674699 0.500334672021419 0.31419427710843373 0.5020080321285141 0.3149472891566265 0.5050200803212851 0.3149472891566265 0.5103748326639893 0.3157003012048193 0.5123828647925033 0.31777108433734935 0.5133868808567603 0.3215361445783132 0.5120481927710843 0.32774849397590355 0.5120481927710843 0.33000753012048195 0.5090361445783133 0.3303840361445783 0.5066934404283802 0.33000753012048195 0.497991967871486 0.3245481927710844 0.48962516733601064 0.3196536144578313 0.48661311914323957 0.31193524096385544 0.48493975903614456 0.30289909638554213 0.48661311914323957 0.30064006024096385 0.48962516733601064 0.29988704819277107 0.49464524765729584 0.2989457831325301 0.49631860776439085 0.2932981927710843 0.49832663989290493 0.2925451807228916 0.500669344042838 0.2923569277108434 0.5060240963855421 0.2932981927710843 0.5117135207496654
4 0.1899472891566265 0.5987282463186078 0.1899472891566265 0.603078982597055 0.1907003012048193 0.608433734939759 0.192394578313253 0.6127844712182061 0.19860692771084335 0.6151271753681392 0.203125 0.6201472556894244 0.2063253012048193 0.6221552878179385 0.21893825301204817 0.6221552878179385 0.22044427710843373 0.6231593038821954 0.2219503012048193 0.6268406961178045 0.2232680722891566 0.6278447121820615 0.22740963855421686 0.6268406961178045 0.23042168674698793 0.6228246318607764 0.23268072289156624 0.6178045515394913 0.23588102409638553 0.6151271753681392 0.24265813253012047 0.6141231593038822 0.25301204819277107 0.610441767068273 0.2554593373493976 0.610441767068273 0.25865963855421686 0.6134538152610441 0.2624246987951807 0.6127844712182061 0.26411897590361444 0.609772423025435 0.26656626506024095 0.6024096385542168 0.2676957831325301 0.5940428380187416 0.26731927710843373 0.5900267737617134 0.26581325301204817 0.5860107095046854 0.2624246987951807 0.5829986613119144 0.2552710843373494 0.5809906291834003 0.2477409638554217 0.57429718875502 0.2388930722891566 0.572289156626506 0.23418674698795178 0.5699464524765729 0.22590361445783133 0.5699464524765729 0.22082078313253012 0.572623828647925 0.2127259036144578 0.572623828647925 0.21027861445783133 0.573962516733601 0.19973644578313254 0.5759705488621152 0.192394578313253 0.5799866131191432 0.19107680722891565 0.5846720214190093 0.19182981927710843 0.5927041499330655 0.1899472891566265 0.5987282463186078
4 0.16886295180722893 0.5632530120481927 0.17018072289156624 0.5676037483266398 0.17168674698795178 0.5692771084337349 0.17526355421686746 0.5682730923694779 0.1775225903614458 0.5652610441767069 0.18279367469879518 0.5645917001338687 0.1852409638554217 0.5632530120481927 0.18768825301204817 0.5639223560910308 0.1920180722891566 0.5689424364123159 0.19333584337349397 0.5689424364123159 0.19615963855421686 0.5659303882195448 0.1980421686746988 0.5615796519410977 0.20199548192771083 0.5578982597054886 0.2063253012048193 0.5565595716198126 0.21009036144578314 0.5572289156626505 0.213855421686747 0.5458500669344043 0.21479668674698796 0.539156626506024 0.213855421686747 0.536144578313253 0.21009036144578314 0.5341365461847389 0.2035015060240964 0.5277777777777778 0.2003012048192771 0.5267737617135207 0.18317018072289157 0.5274431057563588 0.17808734939759036 0.5304551539491298 0.1722515060240964 0.5384872824631861 0.16848644578313254 0.5401606425702811 0.1664156626506024 0.5438420348058902 0.16528614457831325 0.5478580990629184 0.16528614457831325 0.5575635876840696 0.16886295180722893 0.5632530120481927
6 0.6882530120481927 0.43139223560910306 0.6995481927710843 0.43172690763052207 0.6995481927710843 0.42737617135207495 0.6978539156626505 0.41700133868808564 0.6976656626506025 0.40997322623828647 0.6967243975903614 0.4076305220883534 0.6922063253012049 0.40729585006693436 0.6890060240963856 0.40930388219544844 0.6888177710843373 0.4146586345381526 0.6875 0.4203480589022757 0.6873117469879518 0.42904953145916996 0.6882530120481927 0.43139223560910306
6 0.7099021084337349 0.4400937081659973 0.7117846385542168 0.4400937081659973 0.7191265060240964 0.4390896921017403 0.7204442771084337 0.43775100401606426 0.7206325301204819 0.4220214190093708 0.719691265060241 0.4136546184738956 0.7164909638554217 0.40930388219544844 0.7134789156626505 0.4086345381526104 0.7102786144578312 0.41064257028112444 0.7085843373493975 0.4143239625167336 0.7087725903614457 0.43875502008032125 0.7099021084337349 0.4400937081659973
3 0.3072289156626506 0.5294511378848727 0.31438253012048195 0.5264390896921017 0.3147590361445783 0.5140562248995983 0.31381777108433734 0.5113788487282463 0.31137048192771083 0.5100401606425703 0.30741716867469876 0.5107095046854083 0.3042168674698795 0.5167336010709505 0.3042168674698795 0.5281124497991967 0.3072289156626506 0.5294511378848727
3 0.041792168674698794 0.7597054886211512 0.043109939759036146 0.7653949129852745 0.04329819277108434 0.7690763052208835 0.04631024096385542 0.7781124497991968 0.04932228915662651 0.7801204819277109 0.052146084337349394 0.7794511378848727 0.05346385542168675 0.7781124497991968 0.05666415662650603 0.7714190093708166 0.062311746987951805 0.7670682730923695 0.067394578313253 0.7640562248995983 0.07097138554216867 0.7663989290495314 0.07454819277108433 0.7650602409638554 0.07680722891566265 0.7620481927710843 0.0779367469879518 0.7563587684069611 0.0779367469879518 0.7483266398929049 0.07737198795180723 0.7453145917001338 0.07454819277108433 0.7396251673360107 0.07266566265060241 0.7379518072289156 0.07247740963855422 0.7315930388219544 0.07115963855421686 0.7262382864792504 0.067394578313253 0.7262382864792504 0.06607680722891567 0.7275769745649263 0.06682981927710843 0.7379518072289156 0.06419427710843373 0.7463186077643909 0.06061746987951807 0.7476572958500669 0.0572289156626506 0.7433065595716198 0.046875 0.7426372155287817 0.04216867469879518 0.7466532797858099 0.0416039156626506 0.7479919678714859 0.041792168674698794 0.7597054886211512
2 0.3101851851851852 0.4976851851851852 0.3148148148148148 0.4976851851851852 0.3148148148148148 0.5115740740740741 0.3125 0.5138888888888888 0.30787037037037035 0.5092592592592593 0.30787037037037035 0.5023148148148148 0.3101851851851852 0.5
2 0.06712962962962964 0.7245370370370371 0.06712962962962964 0.7314814814814815 0.0625 0.7337962962962963 0.06712962962962964 0.7361111111111112 0.06712962962962964 0.7430555555555556 0.06018518518518518 0.7523148148148148 0.05787037037037037 0.7476851851851852 0.04861111111111111 0.7407407407407407 0.04861111111111111 0.7175925925925926 0.05092592592592592 0.7152777777777778 0.05092592592592592 0.7083333333333334 0.05555555555555555 0.7060185185185185 0.05787037037037037 0.7083333333333334 0.05787037037037037 0.7175925925925926 0.06481481481481481 0.7245370370370371
2 0.3101851851851852 0.4976851851851852 0.3148148148148148 0.5 0.3148148148148148 0.5162037037037037 0.3125 0.5185185185185185 0.3125 0.5254629629629629 0.30787037037037035 0.5231481481481481 0.30787037037037035 0.5185185185185185 0.3055555555555556 0.5162037037037037 0.30787037037037035 0.5115740740740741 0.30787037037037035 0.5023148148148148 0.3101851851851852 0.5