8 0.7100290697674418 0.5650301464254953 0.7117248062015504 0.5680447889750215 0.7204457364341086 0.5753660637381567 0.7245639534883721 0.5770887166236003 0.7308624031007752 0.5766580534022394 0.7429748062015504 0.5788113695090439 0.748062015503876 0.5770887166236003 0.749515503875969 0.5658914728682171 0.7502422480620156 0.5465116279069767 0.7463662790697675 0.5361757105943152 0.74515503875969 0.5305770887166236 0.7424903100775194 0.5258397932816538 0.7306201550387598 0.5185185185185185 0.7243217054263567 0.5172265288544358 0.7170542635658914 0.5180878552971576 0.7134205426356589 0.5211024978466839 0.7117248062015504 0.524547803617571 0.7097868217054264 0.5366063738156761 0.7095445736434108 0.5590008613264428 0.7100290697674418 0.5650301464254953
8 0.3296996124031008 0.5111972437553833 0.3318798449612403 0.512489233419466 0.33672480620155043 0.5094745908699397 0.34568798449612403 0.5103359173126615 0.34907945736434115 0.5060292850990525 0.3498062015503876 0.5021533161068045 0.3498062015503876 0.4853574504737295 0.3488372093023256 0.48234280792420325 0.34302325581395354 0.4797588285960379 0.33502906976744184 0.4797588285960379 0.33018410852713176 0.4819121447028423 0.32776162790697677 0.4862187769164513 0.32751937984496127 0.4991386735572782 0.3296996124031008 0.5111972437553833
1 0.4546996124031008 0.6231696813092162 0.45518410852713176 0.6382428940568475 0.45663759689922484 0.6425495262704565 0.46245155038759694 0.6391042204995693 0.466812015503876 0.6391042204995693 0.47044573643410853 0.6356589147286821 0.4818313953488373 0.6347975882859603 0.4861918604651163 0.6360895779500431 0.4881298449612403 0.6343669250645995 0.48885658914728686 0.6145564168819982 0.48788759689922484 0.5956072351421189 0.4898255813953489 0.5917312661498708 0.4903100775193799 0.5887166236003445 0.4854651162790698 0.5857019810508183 0.48401162790697677 0.578380706287683 0.4808624031007752 0.5775193798449613 0.47698643410852715 0.5805340223944875 0.466812015503876 0.5805340223944875 0.46366279069767447 0.5818260120585702 0.4605135658914729 0.5861326442721791 0.45663759689922484 0.5887166236003445 0.4546996124031008 0.6059431524547804 0.4539728682170543 0.6205857019810508 0.4546996124031008 0.6231696813092162
1 0.5399709302325582 0.5090439276485788 0.5457848837209303 0.4991386735572782 0.5499031007751939 0.4965546942291128 0.5542635658914729 0.49569336778639106 0.5549903100775194 0.4944013781223084 0.5506298449612403 0.4862187769164513 0.5465116279069767 0.48578811369509045 0.5433624031007752 0.48751076658053405 0.5409399224806202 0.49052540913006026 0.5387596899224806 0.4982773471145564 0.5385174418604651 0.5021533161068045 0.5399709302325582 0.5090439276485788
1 0.4113372093023256 0.5749354005167958 0.4169089147286822 0.5766580534022394 0.4219961240310078 0.5805340223944875 0.42877906976744184 0.5925925925925926 0.435562015503876 0.5917312661498708 0.43943798449612403 0.5848406546080964 0.43943798449612403 0.5676141257536607 0.4377422480620155 0.5607235142118863 0.435077519379845 0.5572782084409992 0.4171511627906977 0.5568475452196382 0.41375968992248063 0.5594315245478035 0.4113372093023256 0.5645994832041343 0.4108527131782946 0.5680447889750215 0.4106104651162791 0.5723514211886305 0.4113372093023256 0.5749354005167958
8 0.32873062015503873 0.5094745908699397 0.33018410852713176 0.5120585701981051 0.33212209302325585 0.512489233419466 0.33672480620155043 0.5094745908699397 0.34568798449612403 0.5103359173126615 0.34786821705426363 0.5086132644272179 0.3498062015503876 0.5047372954349698 0.3500484496124031 0.48664944013781225 0.34932170542635665 0.4827734711455641 0.34786821705426363 0.4810508182601205 0.3379360465116279 0.4771748492678725 0.3299418604651163 0.48148148148148145 0.32751937984496127 0.4862187769164513 0.32751937984496127 0.4991386735572782 0.32873062015503873 0.5094745908699397
1 0.4496124031007752 0.5693367786391043 0.46947674418604657 0.5611541774332471 0.4711724806201551 0.5559862187769165 0.47238372093023256 0.5465116279069767 0.47165697674418605 0.5422049956933678 0.470203488372093 0.5396210163652024 0.4665697674418605 0.5357450473729544 0.46245155038759694 0.5340223944875108 0.45615310077519383 0.5357450473729544 0.45106589147286824 0.5396210163652024 0.4488856589147287 0.5430663221360896 0.44622093023255816 0.5521102497846684 0.44622093023255816 0.5676141257536607 0.4496124031007752 0.5693367786391043
1 0.022529069767441862 0.723083548664944 0.024709302325581398 0.7265288544358312 0.02688953488372093 0.727390180878553 0.031492248062015504 0.7239448751076658 0.03197674418604651 0.7209302325581396 0.033187984496124034 0.719207579672696 0.03948643410852713 0.719207579672696 0.04408914728682171 0.7174849267872524 0.05717054263565892 0.7174849267872524 0.06104651162790698 0.7235142118863048 0.06419573643410853 0.7209302325581396 0.06686046511627908 0.7127476313522826 0.06855620155038761 0.7101636520241171 0.07800387596899226 0.7049956933677863 0.08502906976744187 0.7045650301464255 0.08648255813953488 0.6998277347114557 0.08672480620155039 0.6851851851851852 0.08551356589147287 0.6761412575366064 0.08406007751937984 0.67312661498708 0.07703488372093023 0.6675279931093884 0.07122093023255814 0.6589147286821706 0.06298449612403101 0.6554694229112834 0.04796511627906977 0.6554694229112834 0.04045542635658915 0.657192075796727 0.032703488372093026 0.6645133505598622 0.028343023255813955 0.6714039621016364 0.021560077519379845 0.6925064599483205 0.02107558139534884 0.7149009474590869 0.022529069767441862 0.723083548664944
1 0.45663759689922484 0.5964685615848407 0.45784883720930236 0.5900086132644272 0.4607558139534884 0.5857019810508183 0.466327519379845 0.5822566752799311 0.47698643410852715 0.5796726959517657 0.4811046511627907 0.5801033591731266 0.48255813953488375 0.5745047372954349 0.4806201550387597 0.5697674418604651 0.47407945736434115 0.5637381567614126 0.470203488372093 0.5624461670973299 0.4626937984496124 0.5641688199827735 0.4585755813953489 0.5663221360895779 0.45615310077519383 0.5697674418604651 0.4534883720930233 0.5857019810508183 0.45373062015503873 0.5934539190353143 0.45663759689922484 0.5964685615848407
1 0.04239341085271318 0.5921619293712317 0.04384689922480621 0.5925925925925926 0.04481589147286821 0.5913006029285098 0.045058139534883725 0.5882859603789836 0.04384689922480621 0.586993970714901 0.041666666666666664 0.5874246339362619 0.04093992248062016 0.5887166236003445 0.04239341085271318 0.5921619293712317
5 0.7357073643410854 0.6472868217054263 0.7374031007751939 0.6576227390180878 0.7434593023255814 0.665374677002584 0.7492732558139535 0.6757105943152455 0.7533914728682171 0.6774332472006891 0.7693798449612403 0.6791559000861327 0.7759205426356589 0.6826012058570198 0.779312015503876 0.681309216192937 0.7819767441860466 0.6761412575366064 0.7827034883720931 0.6645133505598622 0.781734496124031 0.6576227390180878 0.7766472868217055 0.6459948320413437 0.7759205426356589 0.6386735572782085 0.7718023255813954 0.6335055986218777 0.7623546511627908 0.6175710594315246 0.7548449612403102 0.61541774332472 0.7407945736434108 0.6167097329888028 0.7366763565891473 0.6188630490956072 0.7311046511627908 0.6270456503014642 0.7313468992248062 0.6330749354005168 0.7357073643410854 0.6472868217054263
1 0.5125968992248062 0.6274763135228251 0.522044573643411 0.6231696813092162 0.532218992248062 0.6244616709732989 0.5365794573643411 0.6231696813092162 0.5370639534883721 0.6102497846683893 0.5353682170542636 0.5956072351421189 0.5360949612403101 0.5921619293712317 0.530281007751938 0.5822566752799311 0.5147771317829457 0.5822566752799311 0.5116279069767442 0.5852713178294574 0.5079941860465117 0.5951765719207579 0.5087209302325582 0.6270456503014642 0.5125968992248062 0.6274763135228251
1 0.31782945736434115 0.6998277347114557 0.3209786821705427 0.7049956933677863 0.3255813953488372 0.7045650301464255 0.3284883720930233 0.6989664082687339 0.3393895348837209 0.6989664082687339 0.3415697674418605 0.6976744186046512 0.34544573643410853 0.6985357450473729 0.3483527131782946 0.7028423772609819 0.3500484496124031 0.7037037037037037 0.3548934108527132 0.7032730404823427 0.35876937984496127 0.6959517657192076 0.35998062015503873 0.6864771748492678 0.36143410852713176 0.6830318690783806 0.3670058139534884 0.6804478897502153 0.3691860465116279 0.6821705426356589 0.37185077519379844 0.6869078380706287 0.374031007751938 0.6873385012919897 0.3774224806201551 0.6830318690783806 0.3788759689922481 0.6718346253229974 0.37863372093023256 0.6602067183462532 0.3762112403100775 0.6472868217054263 0.3689437984496124 0.6425495262704565 0.3628875968992248 0.6356589147286821 0.3563468992248062 0.6326442721791559 0.33890503875968997 0.6326442721791559 0.33139534883720934 0.6352282515073213 0.32146317829457366 0.6468561584840655 0.31782945736434115 0.6533161068044789 0.31540697674418605 0.6640826873385012 0.31540697674418605 0.6856158484065461 0.31782945736434115 0.6998277347114557
1 0.3941375968992248 0.6214470284237726 0.3963178294573644 0.6223083548664944 0.4018895348837209 0.6192937123169681 0.4108527131782946 0.6184323858742464 0.41545542635658916 0.6188630490956072 0.4186046511627907 0.6210163652024117 0.4217538759689923 0.6192937123169681 0.42417635658914726 0.6145564168819982 0.42684108527131787 0.6128337639965546 0.42877906976744184 0.6098191214470284 0.42877906976744184 0.5986218776916451 0.42659883720930236 0.5882859603789836 0.4219961240310078 0.5796726959517657 0.41448643410852715 0.5757967269595177 0.404312015503876 0.5779500430663221 0.4001937984496124 0.5809646856158485 0.39752906976744184 0.5852713178294574 0.39389534883720934 0.5986218776916451 0.39365310077519383 0.6188630490956072 0.3941375968992248 0.6214470284237726
5 0.5469961240310078 0.5559862187769165 0.564922480620155 0.5525409130060293 0.5683139534883721 0.5499569336778639 0.5678294573643411 0.5370370370370371 0.5663759689922481 0.529285099052541 0.5646802325581396 0.5232558139534883 0.5608042635658915 0.5176571920757967 0.553294573643411 0.5172265288544358 0.5508720930232558 0.5185185185185185 0.5457848837209303 0.5258397932816538 0.5448158914728682 0.529285099052541 0.5450581395348837 0.5503875968992248 0.5469961240310078 0.5559862187769165
1 0.470203488372093 0.5301464254952627 0.47407945736434115 0.5301464254952627 0.4784399224806202 0.5146425495262704 0.4869186046511628 0.5103359173126615 0.4881298449612403 0.5086132644272179 0.48837209302325585 0.5051679586563308 0.4859496124031008 0.5017226528854436 0.48255813953488375 0.5 0.4738372093023256 0.5 0.47068798449612403 0.5068906115417744 0.46850775193798455 0.5189491817398794 0.46875 0.5284237726098191 0.470203488372093 0.5301464254952627
1 0.12233527131782947 0.6520241171403962 0.12596899224806202 0.6533161068044789 0.13154069767441862 0.6494401378122308 0.14123062015503876 0.6490094745908699 0.14728682170542637 0.6511627906976744 0.15116279069767444 0.6507321274763135 0.16061046511627908 0.6408268733850129 0.16521317829457363 0.6412575366063739 0.16836240310077522 0.6391042204995693 0.1695736434108527 0.6330749354005168 0.16933139534883723 0.624031007751938 0.16593992248062014 0.6128337639965546 0.15818798449612406 0.6050818260120586 0.15140503875968994 0.6024978466838932 0.13711240310077522 0.6037898363479758 0.12960271317829458 0.6080964685615848 0.124031007751938 0.6141257536606374 0.11967054263565892 0.6261843238587425 0.11942829457364341 0.6438415159345391 0.12233527131782947 0.6520241171403962
5 0.7655038759689923 0.491817398794143 0.7693798449612403 0.4926787252368648 0.7766472868217055 0.5004306632213609 0.7800387596899225 0.5017226528854436 0.7843992248062016 0.5017226528854436 0.7865794573643412 0.4982773471145564 0.7863372093023256 0.48751076658053405 0.7829457364341086 0.48234280792420325 0.7759205426356589 0.4788975021533161 0.7684108527131783 0.4788975021533161 0.7655038759689923 0.4806201550387597 0.7645348837209303 0.48406546080964685 0.7655038759689923 0.491817398794143
1 0.5084786821705427 0.5396210163652024 0.5123546511627907 0.5374677002583979 0.5227713178294574 0.5383290267011197 0.524951550387597 0.5353143841515935 0.5251937984496124 0.5301464254952627 0.5239825581395349 0.5193798449612403 0.5225290697674418 0.5137812230835487 0.5193798449612403 0.5090439276485788 0.5087209302325582 0.5120585701981051 0.5062984496124031 0.5258397932816538 0.5062984496124031 0.5353143841515935 0.5084786821705427 0.5396210163652024
4 0.5901162790697675 0.7407407407407407 0.5968992248062016 0.7687338501291989 0.5976259689922481 0.7833763996554695 0.5993217054263567 0.7885443583118003 0.6019864341085271 0.7902670111972436 0.6056201550387598 0.7885443583118003 0.6068313953488372 0.781223083548665 0.6092538759689923 0.7782084409991387 0.6160368217054264 0.7825150732127476 0.6235465116279071 0.7820844099913867 0.6475290697674418 0.7760551248923342 0.6492248062015504 0.773040482342808 0.6504360465116279 0.7652885443583117 0.6492248062015504 0.7416020671834624 0.6448643410852714 0.7217915590008613 0.6421996124031009 0.7144702842377262 0.6417151162790697 0.7032730404823427 0.6368701550387598 0.6989664082687339 0.6337209302325582 0.6925064599483205 0.6303294573643411 0.6894918173987941 0.627422480620155 0.6886304909560723 0.6041666666666666 0.6890611541774333 0.5993217054263567 0.6925064599483205 0.5959302325581396 0.7011197243755383 0.5901162790697675 0.7032730404823427 0.5893895348837209 0.7058570198105082 0.5901162790697675 0.7407407407407407
1 0.7059108527131783 0.999569336778639 0.7076065891472868 0.999569336778639 0.7076065891472868 0.9982773471145564 0.7059108527131783 0.9982773471145564 0.7059108527131783 0.999569336778639
1 0.5060562015503876 0.5745047372954349 0.5072674418604651 0.5801033591731266 0.5099321705426357 0.5809646856158485 0.5145348837209303 0.578380706287683 0.529796511627907 0.5779500430663221 0.530765503875969 0.570198105081826 0.529796511627907 0.55770887166236 0.5305232558139535 0.5490956072351422 0.529312015503876 0.5443583118001722 0.5251937984496124 0.5417743324720069 0.5135658914728682 0.5422049956933678 0.5118701550387597 0.5426356589147286 0.5072674418604651 0.5478036175710594 0.5058139534883721 0.5503875968992248 0.5060562015503876 0.5745047372954349
4 0.48764534883720934 0.8130921619293713 0.49127906976744184 0.8178294573643411 0.4903100775193799 0.8367786391042205 0.4905523255813954 0.8492678725236864 0.48934108527131787 0.8604651162790697 0.4898255813953489 0.8746770025839793 0.48934108527131787 0.87984496124031 0.48764534883720934 0.8837209302325582 0.48837209302325585 0.8944875107665806 0.48740310077519383 0.9022394487510766 0.48788759689922484 0.9198966408268733 0.4905523255813954 0.9319552110249784 0.49127906976744184 0.9332472006890612 0.49709302325581395 0.9319552110249784 0.4987887596899225 0.9289405684754521 0.49975775193798455 0.9216192937123169 0.5007267441860466 0.9194659776055125 0.5048449612403101 0.9168819982773471 0.5164728682170543 0.9194659776055125 0.5404554263565892 0.9164513350559863 0.5445736434108527 0.9211886304909561 0.5467538759689923 0.9289405684754521 0.5537790697674418 0.9285099052540913 0.5549903100775194 0.9216192937123169 0.5549903100775194 0.9117140396210163 0.5569282945736435 0.900516795865633 0.5566860465116279 0.87984496124031 0.5557170542635659 0.8677863910422049 0.5537790697674418 0.8630490956072351 0.5530523255813954 0.8570198105081827 0.5530523255813954 0.8488372093023256 0.5513565891472868 0.8354866494401378 0.5506298449612403 0.8173987941429801 0.5518410852713179 0.8135228251507322 0.5566860465116279 0.810077519379845 0.5564437984496124 0.8040482342807924 0.5542635658914729 0.8023255813953488 0.5499031007751939 0.8031869078380707 0.5482073643410853 0.801894918173988 0.5453003875968992 0.7937123169681308 0.5423934108527132 0.7898363479758829 0.530765503875969 0.7885443583118003 0.5079941860465117 0.7898363479758829 0.5 0.7924203273040482 0.49491279069767447 0.7958656330749354 0.49297480620155043 0.801894918173988 0.4871608527131783 0.8070628768303187 0.4869186046511628 0.8109388458225667 0.48764534883720934 0.8130921619293713
1 0.5608042635658915 0.6042204995693368 0.5622577519379846 0.6068044788975021 0.564437984496124 0.607665805340224 0.5743701550387597 0.6016365202411714 0.5850290697674418 0.5999138673557278 0.587451550387597 0.5951765719207579 0.5867248062015504 0.5839793281653747 0.5843023255813954 0.5714900947459087 0.5826065891472868 0.5680447889750215 0.5784883720930233 0.5645994832041343 0.5675872093023256 0.5645994832041343 0.564437984496124 0.5658914728682171 0.561046511627907 0.5714900947459087 0.5591085271317829 0.578380706287683 0.5588662790697675 0.5844099913867356 0.5608042635658915 0.6042204995693368
1 0.13323643410852715 0.8290267011197243 0.13711240310077522 0.8316106804478898 0.1438953488372093 0.8324720068906115 0.14752906976744187 0.8359173126614986 0.1497093023255814 0.8363479758828596 0.17030038759689922 0.8367786391042205 0.18120155038759692 0.8341946597760551 0.18507751937984498 0.838931955211025 0.18871124031007755 0.838931955211025 0.19210271317829458 0.835055986218777 0.19428294573643412 0.8247200689061154 0.19622093023255816 0.8204134366925065 0.20058139534883723 0.8191214470284237 0.21656976744186046 0.8062015503875969 0.22117248062015504 0.8053402239448751 0.22747093023255816 0.8092161929371231 0.23062015503875968 0.8070628768303187 0.23304263565891473 0.8001722652885443 0.23376937984496124 0.7937123169681308 0.2369186046511628 0.7833763996554695 0.2376453488372093 0.7777777777777778 0.23449612403100775 0.7665805340223946 0.2235949612403101 0.7601205857019809 0.21317829457364343 0.7605512489233419 0.19961240310077522 0.7527993109388459 0.18968023255813954 0.7515073212747632 0.17611434108527135 0.7523686477174849 0.16375968992248063 0.7605512489233419 0.1555232558139535 0.7687338501291989 0.1441375968992248 0.7881136950904393 0.14147286821705427 0.7906976744186046 0.13614341085271317 0.7928509905254091 0.13444767441860467 0.7950043066322137 0.13323643410852715 0.797588285960379 0.13178294573643412 0.8066322136089578 0.1308139534883721 0.8247200689061154 0.13323643410852715 0.8290267011197243
1 0.35755813953488375 0.8910422049956934 0.35828488372093026 0.9043927648578811 0.3597383720930233 0.9147286821705427 0.36264534883720934 0.9190353143841515 0.3672480620155039 0.9194659776055125 0.3694282945736434 0.9142980189491817 0.374031007751938 0.9117140396210163 0.4026162790697675 0.909130060292851 0.41497093023255816 0.9095607235142119 0.4183624031007752 0.9082687338501292 0.41957364341085274 0.9043927648578811 0.42030038759689925 0.892334194659776 0.4222383720930233 0.8807062876830319 0.42611434108527135 0.8695090439276485 0.42659883720930236 0.8630490956072351 0.42877906976744184 0.8574504737295435 0.4295058139534884 0.8527131782945736 0.4295058139534884 0.8238587424633936 0.42877906976744184 0.8208440999138673 0.43047480620155043 0.8169681309216194 0.43071705426356593 0.8126614987080103 0.4292635658914729 0.810077519379845 0.4222383720930233 0.8087855297157622 0.4166666666666667 0.8023255813953488 0.4106104651162791 0.7993109388458225 0.39292635658914726 0.7993109388458225 0.3798449612403101 0.8023255813953488 0.37233527131782945 0.8130921619293713 0.36627906976744184 0.8173987941429801 0.3689437984496124 0.8242894056847545 0.3691860465116279 0.8277347114556416 0.3648255813953489 0.8479758828596038 0.3594961240310078 0.8643410852713177 0.35780038759689925 0.8751076658053402 0.35828488372093026 0.8837209302325582 0.35755813953488375 0.8910422049956934
4 0.42248062015503873 0.6726959517657192 0.41957364341085274 0.6838931955211025 0.4173934108527132 0.6886304909560723 0.4173934108527132 0.7028423772609819 0.4183624031007752 0.7136089577950043 0.4217538759689923 0.7243755383290268 0.42587209302325585 0.7213608957795004 0.44089147286821706 0.7200689061154177 0.45639534883720934 0.7161929371231698 0.4602713178294574 0.7196382428940568 0.4646317829457364 0.7032730404823427 0.464874031007752 0.67786391042205 0.46342054263565896 0.6623600344530577 0.46560077519379844 0.6584840654608096 0.46560077519379844 0.6546080964685616 0.4607558139534884 0.652885443583118 0.45639534883720934 0.6459948320413437 0.4534883720930233 0.6447028423772609 0.43217054263565896 0.6447028423772609 0.42877906976744184 0.6468561584840655 0.4275678294573644 0.6515934539190353 0.42248062015503873 0.6580534022394487 0.4232073643410853 0.6632213608957795 0.42248062015503873 0.6726959517657192
4 0.5033914728682171 0.6993970714900947 0.5050872093023256 0.7127476313522826 0.5031492248062016 0.7304048234280792 0.5031492248062016 0.743755383290267 0.5046027131782945 0.7601205857019809 0.5055717054263567 0.7639965546942291 0.5089631782945736 0.7639965546942291 0.5152616279069767 0.7605512489233419 0.5227713178294574 0.7618432385874245 0.533187984496124 0.7592592592592593 0.5399709302325582 0.7596899224806202 0.5431201550387597 0.76442721791559 0.5460271317829458 0.7614125753660638 0.5467538759689923 0.7588285960378983 0.5479651162790697 0.7342807924203273 0.5443313953488372 0.6989664082687339 0.5455426356589148 0.6959517657192076 0.5477228682170543 0.6937984496124031 0.5472383720930233 0.6890611541774333 0.5421511627906977 0.6864771748492678 0.5399709302325582 0.6804478897502153 0.5377906976744187 0.6782945736434108 0.5232558139534884 0.6770025839793282 0.5109011627906977 0.6791559000861327 0.5077519379844961 0.681309216192937 0.5041182170542636 0.6873385012919897 0.501453488372093 0.6894918173987941 0.500968992248062 0.6929371231696813 0.5033914728682171 0.6993970714900947
5 0.47044573643410853 0.5301464254952627 0.47407945736434115 0.5301464254952627 0.47892441860465124 0.5142118863049095 0.48740310077519383 0.5107665805340224 0.4881298449612403 0.5094745908699397 0.4881298449612403 0.5055986218776917 0.48304263565891475 0.5 0.4738372093023256 0.5 0.47093023255813954 0.5055986218776917 0.46875 0.5142118863049095 0.46875 0.5279931093884582 0.47044573643410853 0.5301464254952627
6 0.22335271317829458 0.5796726959517657 0.22553294573643412 0.5844099913867356 0.22747093023255816 0.5943152454780362 0.23086240310077522 0.5934539190353143 0.23328488372093026 0.5891472868217055 0.2374031007751938 0.586993970714901 0.24563953488372092 0.5861326442721791 0.25193798449612403 0.5891472868217055 0.2596899224806202 0.5753660637381567 0.2596899224806202 0.5490956072351422 0.25847868217054265 0.5396210163652024 0.2550872093023256 0.5284237726098191 0.24975775193798452 0.5271317829457365 0.22892441860465118 0.5297157622739018 0.2243217054263566 0.5310077519379844 0.22262596899224807 0.532730404823428 0.22214147286821706 0.5357450473729544 0.22238372093023256 0.5745047372954349 0.22335271317829458 0.5796726959517657
3 0.0935077519379845 0.7209302325581396 0.09568798449612403 0.7243755383290268 0.09859496124031007 0.7226528854435832 0.10440891472868218 0.7140396210163652 0.11434108527131784 0.7101636520241171 0.11579457364341085 0.6933677863910422 0.11288759689922481 0.6744186046511628 0.10973837209302326 0.6714039621016364 0.10804263565891474 0.6718346253229974 0.10707364341085272 0.6744186046511628 0.10755813953488372 0.6791559000861327 0.10368217054263568 0.6856158484065461 0.09471899224806203 0.6856158484065461 0.09205426356589148 0.6869078380706287 0.08963178294573643 0.6968130921619293 0.09011627906976745 0.710594315245478 0.0935077519379845 0.7209302325581396
3 0.11967054263565892 0.743755383290267 0.12257751937984497 0.7489233419465977 0.12693798449612403 0.7493540051679587 0.1310562015503876 0.7411714039621017 0.13347868217054265 0.7390180878552971 0.13711240310077522 0.7385874246339362 0.13905038759689925 0.7347114556416883 0.13977713178294573 0.7248062015503876 0.1380813953488372 0.710594315245478 0.13905038759689925 0.7032730404823427 0.13711240310077522 0.698105081826012 0.13541666666666666 0.6993970714900947 0.13590116279069767 0.711024978466839 0.13493217054263568 0.718776916451335 0.13347868217054265 0.7217915590008613 0.1303294573643411 0.7243755383290268 0.12427325581395349 0.7170542635658914 0.12063953488372094 0.7153316106804479 0.1174903100775194 0.7166236003445305 0.1174903100775194 0.7338501291989664 0.11967054263565892 0.743755383290267
3 0.2664728682170543 0.8006029285099052 0.2693798449612403 0.8040482342807924 0.2720445736434109 0.8212747631352282 0.27592054263565896 0.8285960378983636 0.27955426356589147 0.8294573643410852 0.2814922480620155 0.8281653746770026 0.28294573643410853 0.8247200689061154 0.28439922480620156 0.8139534883720929 0.2933624031007752 0.8044788975021533 0.30014534883720934 0.8135228251507322 0.30159883720930236 0.8113695090439277 0.3003875968992248 0.797157622739018 0.29651162790697677 0.7825150732127476 0.29578488372093026 0.7721791559000861 0.2936046511627907 0.7601205857019809 0.2919089147286822 0.7631352282515074 0.2880329457364341 0.76442721791559 0.2858527131782946 0.76442721791559 0.28318798449612403 0.7609819121447029 0.2814922480620155 0.7627045650301464 0.2810077519379845 0.7618432385874245 0.28294573643410853 0.7670111972437553 0.28294573643410853 0.7691645133505598 0.27931201550387597 0.7751937984496123 0.2766472868217055 0.7769164513350559 0.2720445736434109 0.7760551248923342 0.26913759689922484 0.7777777777777778 0.2671996124031008 0.7820844099913867 0.2681686046511628 0.7919896640826872 0.2664728682170543 0.8006029285099052
2 0.09953703703703703 0.5833333333333334 0.09953703703703703 0.5949074074074074 0.10185185185185185 0.5972222222222222 0.09953703703703703 0.6319444444444444 0.09722222222222222 0.6296296296296297 0.09722222222222222 0.6064814814814815 0.09490740740740741 0.6041666666666666 0.09722222222222222 0.5856481481481481
2 0.12268518518518519 0.6805555555555556 0.12731481481481483 0.6805555555555556 0.12731481481481483 0.6875 0.13657407407407407 0.7060185185185185 0.13657407407407407 0.7245370370370371 0.13194444444444445 0.7291666666666666 0.12731481481481483 0.7291666666666666 0.125 0.7199074074074074 0.11805555555555555 0.7152777777777778 0.11805555555555555 0.6944444444444444 0.12268518518518519 0.6875 0.12268518518518519 0.6828703703703703
2 0.07175925925925926 0.8657407407407407 0.07407407407407407 0.8680555555555556 0.07407407407407407 0.8819444444444444 0.08333333333333333 0.8958333333333334 0.08333333333333333 0.9166666666666666 0.0787037037037037 0.9236111111111112 0.0787037037037037 0.9444444444444444 0.0763888888888889 0.9467592592592593 0.0787037037037037 0.9490740740740741 0.0787037037037037 0.9629629629629629 0.07407407407407407 0.9629629629629629 0.07175925925925926 0.9606481481481481 0.06712962962962964 0.9722222222222222 0.0625 0.9722222222222222 0.0625 0.8935185185185185 0.05092592592592592 0.8865740740740741 0.037037037037037035 0.8842592592592593 0.037037037037037035 0.8796296296296297 0.03935185185185185 0.8773148148148148 0.05555555555555555 0.8819444444444444 0.06018518518518518 0.8865740740740741 0.06481481481481481 0.8842592592592593 0.06712962962962964 0.8819444444444444 0.06712962962962964 0.8703703703703703 0.06944444444444445 0.8680555555555556