8 0.6481770833333333 0.5851851851851853 0.6481770833333333 0.588425925925926 0.6463541666666667 0.5953703703703703 0.6466145833333334 0.6046296296296296 0.6518229166666667 0.6226851851851852 0.6520833333333333 0.6532407407407407 0.6536458333333334 0.6620370370370371 0.66171875 0.675 0.6716145833333333 0.6787037037037037 0.6903645833333334 0.6782407407407407 0.6953125 0.6773148148148148 0.6997395833333334 0.6745370370370372 0.7010416666666667 0.6712962962962963 0.70234375 0.6555555555555556 0.7018229166666666 0.6402777777777778 0.6966145833333334 0.6226851851851852 0.6942708333333334 0.6092592592592593 0.6908854166666667 0.5995370370370371 0.6861979166666666 0.5912037037037037 0.6755208333333333 0.5768518518518518 0.6687500000000001 0.5699074074074074 0.6565104166666667 0.5689814814814815 0.6450520833333334 0.5717592592592593 0.64375 0.5745370370370371 0.6481770833333333 0.5851851851851853
8 0.2669270833333333 0.4976851851851852 0.2690104166666667 0.501388888888889 0.29010416666666666 0.500462962962963 0.29921875000000003 0.4837962962962963 0.3 0.4699074074074074 0.29661458333333335 0.45972222222222225 0.2963541666666667 0.45601851851851855 0.29348958333333336 0.44953703703703707 0.2833333333333333 0.44907407407407407 0.2760416666666667 0.4513888888888889 0.26927083333333335 0.4587962962962963 0.26718749999999997 0.4671296296296297 0.265625 0.4861111111111111 0.2669270833333333 0.4976851851851852
8 0.5182291666666666 0.49583333333333335 0.5226562499999999 0.5083333333333334 0.5252604166666667 0.5129629629629631 0.52890625 0.5148148148148148 0.5476562500000001 0.5148148148148148 0.5502604166666667 0.5129629629629631 0.5513020833333333 0.5023148148148148 0.5505208333333333 0.48287037037037045 0.546875 0.4694444444444445 0.5419270833333334 0.45925925925925926 0.5338541666666666 0.4518518518518519 0.5244791666666667 0.4513888888888889 0.5223958333333334 0.45277777777777783 0.5190104166666667 0.4601851851851852 0.5177083333333333 0.4712962962962963 0.5174479166666667 0.48842592592592593 0.5182291666666666 0.49583333333333335
1 0.2833333333333333 0.5625 0.2864583333333333 0.5634259259259259 0.3018229166666667 0.5611111111111111 0.31015625 0.5625 0.3125 0.5541666666666667 0.3174479166666667 0.5425925925925926 0.3177083333333333 0.5268518518518519 0.3158854166666667 0.5222222222222223 0.3104166666666667 0.5185185185185185 0.2924479166666667 0.5180555555555556 0.2890625 0.5212962962962964 0.28619791666666666 0.5273148148148148 0.28151041666666665 0.5449074074074074 0.28151041666666665 0.5578703703703703 0.2833333333333333 0.5625
1 0.23255208333333335 0.5643518518518519 0.23385416666666667 0.5675925925925926 0.24661458333333336 0.5671296296296297 0.25546874999999997 0.5694444444444444 0.2578125 0.5675925925925926 0.2643229166666667 0.5569444444444445 0.265625 0.5518518518518518 0.26614583333333336 0.5388888888888889 0.26536458333333335 0.5342592592592593 0.26197916666666665 0.5282407407407408 0.25937499999999997 0.525925925925926 0.25546874999999997 0.5240740740740741 0.24453125 0.5245370370370371 0.24166666666666667 0.525925925925926 0.23776041666666667 0.5305555555555556 0.23385416666666667 0.5462962962962963 0.23229166666666667 0.5569444444444445 0.23255208333333335 0.5643518518518519
1 0.6739583333333334 0.8666666666666667 0.6752604166666667 0.8694444444444445 0.6786458333333334 0.8717592592592593 0.6822916666666666 0.8708333333333335 0.68671875 0.8777777777777779 0.6934895833333334 0.8925925925925926 0.7000000000000001 0.9129629629629631 0.7026041666666667 0.9356481481481482 0.7059895833333334 0.9430555555555556 0.72265625 0.9481481481481482 0.7309895833333334 0.9476851851851853 0.7372395833333334 0.9439814814814815 0.75234375 0.9393518518518519 0.7578125 0.9351851851851852 0.7622395833333334 0.9282407407407407 0.7640625 0.9199074074074075 0.76484375 0.9074074074074074 0.7619791666666667 0.8856481481481482 0.7533854166666667 0.8643518518518519 0.75 0.8476851851851853 0.7466145833333334 0.8412037037037038 0.7401041666666667 0.8231481481481482 0.7390625000000001 0.8180555555555556 0.7278645833333334 0.7986111111111112 0.7125 0.7833333333333334 0.7057291666666666 0.7824074074074074 0.69140625 0.7861111111111112 0.6880208333333334 0.7888888888888889 0.6786458333333334 0.8023148148148148 0.6752604166666667 0.8115740740740741 0.6721354166666667 0.8240740740740741 0.6721354166666667 0.8592592592592594 0.6739583333333334 0.8666666666666667
1 0.08125 0.7912037037037037 0.08359375000000001 0.7995370370370372 0.08828125 0.8060185185185186 0.10494791666666667 0.8115740740740741 0.11015625 0.8115740740740741 0.11588541666666667 0.8083333333333335 0.12291666666666667 0.8083333333333335 0.12552083333333333 0.8037037037037038 0.12812500000000002 0.789814814814815 0.13046875000000002 0.7875000000000001 0.14322916666666666 0.7638888888888888 0.15130208333333334 0.7550925925925926 0.15260416666666665 0.7486111111111112 0.15156250000000002 0.7310185185185185 0.14713541666666666 0.7208333333333334 0.14401041666666667 0.7175925925925926 0.14088541666666668 0.7166666666666667 0.13177083333333334 0.7148148148148148 0.11901041666666667 0.7148148148148148 0.10520833333333333 0.7185185185185186 0.09661458333333334 0.7277777777777779 0.09192708333333333 0.738888888888889 0.0859375 0.7574074074074075 0.08046875 0.7689814814814816 0.07994791666666667 0.7773148148148148 0.08125 0.7912037037037037
1 0.7919270833333334 0.8791666666666667 0.7911458333333334 0.8925925925925926 0.7924479166666667 0.9046296296296297 0.7966145833333333 0.9101851851851853 0.8036458333333334 0.9115740740740741 0.80703125 0.914814814814815 0.8158854166666667 0.9296296296296297 0.8184895833333334 0.9393518518518519 0.8208333333333334 0.9425925925925926 0.8231770833333334 0.9490740740740741 0.8302083333333334 0.9574074074074075 0.8315104166666667 0.9629629629629629 0.8325520833333334 0.977314814814815 0.8348958333333334 0.9824074074074075 0.8377604166666667 0.9856481481481482 0.8453125 0.9847222222222223 0.8523437500000001 0.9898148148148148 0.8596354166666667 0.988888888888889 0.8776041666666666 0.975925925925926 0.8846354166666667 0.9611111111111112 0.8859375 0.9564814814814816 0.88671875 0.9476851851851853 0.8856770833333334 0.9277777777777778 0.884375 0.9217592592592594 0.8817708333333334 0.914814814814815 0.8747395833333333 0.9027777777777778 0.8703125 0.8856481481481482 0.86171875 0.8662037037037038 0.8557291666666667 0.8550925925925926 0.8489583333333334 0.8453703703703704 0.8424479166666666 0.838425925925926 0.8278645833333333 0.827314814814815 0.8216145833333334 0.8240740740740741 0.8104166666666667 0.8240740740740741 0.8036458333333334 0.826851851851852 0.7966145833333333 0.8337962962962964 0.7932291666666667 0.8416666666666667 0.7932291666666667 0.8462962962962963 0.7901041666666666 0.8662037037037038 0.7898437500000001 0.8731481481481482 0.7919270833333334 0.8791666666666667
1 0.18567708333333335 0.6361111111111112 0.18984375 0.6379629629629631 0.19557291666666665 0.6351851851851853 0.20677083333333335 0.6347222222222222 0.20989583333333334 0.6356481481481482 0.21380208333333334 0.6407407407407407 0.21692708333333335 0.6388888888888888 0.21953125 0.626388888888889 0.22239583333333335 0.6208333333333333 0.23151041666666666 0.612962962962963 0.2328125 0.5962962962962963 0.23072916666666665 0.5819444444444445 0.22734375 0.5782407407407407 0.21927083333333336 0.5740740740740741 0.21328125 0.5726851851851852 0.20104166666666667 0.5731481481481482 0.19609375 0.5754629629629631 0.18880208333333334 0.5847222222222223 0.18541666666666667 0.5912037037037037 0.18203125 0.6046296296296296 0.18203125 0.626388888888889 0.18567708333333335 0.6361111111111112
1 0.4875 0.5199074074074075 0.4916666666666667 0.5402777777777777 0.4947916666666667 0.5416666666666666 0.4973958333333333 0.5398148148148149 0.5104166666666666 0.5393518518518519 0.5151041666666667 0.5421296296296296 0.5164062500000001 0.5407407407407407 0.5177083333333333 0.5361111111111112 0.5179687500000001 0.5217592592592593 0.5158854166666667 0.5106481481481482 0.515625 0.5046296296296297 0.5122395833333333 0.4949074074074074 0.5057291666666667 0.48148148148148145 0.5036458333333333 0.4800925925925926 0.49765625 0.4805555555555556 0.49375 0.4865740740740741 0.4875 0.49120370370370375 0.4861979166666667 0.49722222222222223 0.4859375 0.5018518518518519 0.4875 0.5199074074074075
5 0.5187499999999999 0.6583333333333334 0.5223958333333334 0.6722222222222223 0.5236979166666667 0.6745370370370372 0.5291666666666667 0.6773148148148148 0.5471354166666667 0.6787037037037037 0.5567708333333333 0.6768518518518519 0.55859375 0.674074074074074 0.5596354166666667 0.6694444444444444 0.5598958333333334 0.6555555555555556 0.5570312500000001 0.6333333333333334 0.5588541666666667 0.6296296296296297 0.5575520833333334 0.625925925925926 0.5544270833333333 0.6240740740740741 0.5520833333333334 0.6199074074074075 0.5486979166666667 0.6083333333333334 0.5458333333333334 0.6018518518518519 0.5434895833333333 0.5990740740740741 0.5408854166666667 0.5981481481481482 0.5255208333333333 0.5981481481481482 0.5187499999999999 0.6 0.5164062500000001 0.6023148148148147 0.5151041666666667 0.6069444444444444 0.5153645833333333 0.6421296296296297 0.5187499999999999 0.6583333333333334
1 0.4408854166666667 0.5467592592592593 0.4421875 0.5597222222222222 0.4424479166666667 0.5782407407407407 0.4453125 0.5814814814814815 0.4700520833333333 0.5814814814814815 0.4713541666666667 0.5708333333333334 0.47109375000000003 0.5523148148148148 0.46770833333333334 0.5425925925925926 0.46484375 0.5282407407407408 0.46015625 0.5226851851851853 0.45208333333333334 0.5222222222222223 0.44765625000000003 0.5240740740740741 0.4455729166666667 0.5291666666666667 0.44427083333333334 0.5412037037037037 0.4408854166666667 0.5467592592592593
1 0.4578125 0.8041666666666667 0.4591145833333333 0.8097222222222222 0.45989583333333334 0.8240740740740741 0.4635416666666667 0.8481481481481482 0.4643229166666667 0.8810185185185185 0.4669270833333333 0.8902777777777778 0.4708333333333333 0.8916666666666667 0.4765625 0.888425925925926 0.47942708333333334 0.888425925925926 0.5130208333333334 0.889351851851852 0.5190104166666667 0.8916666666666667 0.5223958333333334 0.889351851851852 0.5242187500000001 0.8824074074074075 0.5255208333333333 0.8712962962962963 0.5255208333333333 0.8537037037037037 0.51953125 0.8203703703703704 0.5192708333333333 0.8125 0.5208333333333334 0.8083333333333335 0.5229166666666667 0.8069444444444445 0.5244791666666667 0.8037037037037038 0.5244791666666667 0.7995370370370372 0.5231770833333333 0.7962962962962963 0.5179687500000001 0.7949074074074075 0.5145833333333334 0.7879629629629631 0.5130208333333334 0.7805555555555557 0.5130208333333334 0.7685185185185185 0.5119791666666667 0.763425925925926 0.5002604166666667 0.7231481481481482 0.4981770833333333 0.7199074074074074 0.4947916666666667 0.7180555555555557 0.47500000000000003 0.7175925925925926 0.4705729166666667 0.7199074074074074 0.4658854166666667 0.7319444444444445 0.46171875 0.737962962962963 0.45989583333333334 0.7439814814814816 0.45937500000000003 0.7555555555555556 0.46015625 0.7620370370370372 0.4580729166666667 0.7828703703703704 0.4588541666666667 0.7962962962962963 0.4578125 0.8041666666666667
1 0.29921875000000003 0.9527777777777778 0.30234375 0.9564814814814816 0.3252604166666667 0.9592592592592594 0.3526041666666667 0.9592592592592594 0.3557291666666667 0.9578703703703704 0.3572916666666667 0.9495370370370372 0.35703125 0.9208333333333334 0.3614583333333333 0.8944444444444445 0.3619791666666667 0.8870370370370372 0.3640625 0.8796296296296297 0.3635416666666667 0.8550925925925926 0.35911458333333335 0.8351851851851853 0.3559895833333333 0.8305555555555556 0.33515625 0.8263888888888888 0.3208333333333333 0.8277777777777778 0.3119791666666667 0.8328703703703704 0.3091145833333333 0.8370370370370371 0.3067708333333333 0.8439814814814816 0.3020833333333333 0.8486111111111112 0.3046875 0.8513888888888889 0.30546875 0.8564814814814815 0.2986979166666667 0.8870370370370372 0.29661458333333335 0.8930555555555556 0.29453124999999997 0.9125000000000001 0.2950520833333333 0.9393518518518519 0.29921875000000003 0.9527777777777778
1 0.5677083333333334 0.5166666666666667 0.5851562499999999 0.5166666666666667 0.5890624999999999 0.5092592592592593 0.5885416666666666 0.501388888888889 0.5867187500000001 0.4986111111111111 0.5833333333333334 0.487962962962963 0.578125 0.4791666666666667 0.5747395833333333 0.4763888888888889 0.5674479166666667 0.475462962962963 0.5630208333333333 0.47731481481481486 0.5598958333333334 0.48287037037037045 0.5570312500000001 0.49259259259259264 0.5570312500000001 0.5018518518518519 0.5677083333333334 0.5166666666666667
4 0.5575520833333334 0.7893518518518519 0.5575520833333334 0.801388888888889 0.5565104166666667 0.8180555555555556 0.5572916666666666 0.8305555555555556 0.5606770833333333 0.8421296296296297 0.5656249999999999 0.8472222222222222 0.5669270833333333 0.8500000000000001 0.5729166666666666 0.8694444444444445 0.5744791666666667 0.8782407407407408 0.5765625000000001 0.8828703703703704 0.5789062500000001 0.8986111111111112 0.5778645833333333 0.9217592592592594 0.5802083333333333 0.9305555555555556 0.5815104166666667 0.9324074074074075 0.5838541666666667 0.9328703703703703 0.5919270833333333 0.9314814814814816 0.6026041666666666 0.938888888888889 0.6096354166666667 0.9398148148148148 0.6335937500000001 0.9347222222222222 0.64375 0.925 0.6453125000000001 0.9208333333333334 0.6466145833333334 0.9129629629629631 0.6458333333333334 0.9041666666666667 0.6458333333333334 0.8736111111111112 0.6411458333333334 0.8620370370370372 0.6372395833333334 0.8458333333333334 0.6372395833333334 0.8416666666666667 0.6414062500000001 0.8351851851851853 0.6411458333333334 0.8305555555555556 0.6403645833333333 0.8282407407407407 0.6369791666666667 0.827314814814815 0.6341145833333334 0.8245370370370372 0.6302083333333334 0.8101851851851852 0.6278645833333334 0.8055555555555556 0.6231770833333334 0.789814814814815 0.6169270833333333 0.776388888888889 0.6127604166666667 0.7689814814814816 0.60859375 0.764814814814815 0.6041666666666666 0.7550925925925926 0.5989583333333334 0.7523148148148148 0.5606770833333333 0.7550925925925926 0.5580729166666667 0.7583333333333334 0.5567708333333333 0.764814814814815 0.55625 0.775925925925926 0.5575520833333334 0.7893518518518519
6 0.5802083333333333 0.5754629629629631 0.5815104166666667 0.6125 0.5841145833333333 0.6231481481481481 0.5888020833333334 0.6328703703703704 0.5924479166666666 0.6472222222222223 0.6036458333333334 0.6666666666666666 0.60859375 0.6833333333333333 0.6138020833333334 0.688888888888889 0.6171875 0.6902777777777778 0.6346354166666667 0.6893518518518519 0.64765625 0.6865740740740741 0.65 0.6810185185185185 0.6497395833333334 0.6689814814814815 0.6510416666666666 0.6555555555555556 0.6515625 0.6333333333333334 0.6502604166666667 0.6162037037037037 0.6463541666666667 0.6060185185185185 0.6463541666666667 0.5944444444444444 0.64765625 0.5865740740740741 0.6455729166666666 0.5791666666666667 0.6294270833333334 0.5555555555555556 0.6200520833333334 0.5393518518518519 0.6161458333333334 0.5361111111111112 0.5890624999999999 0.5356481481481482 0.5843750000000001 0.5370370370370371 0.5804687500000001 0.5416666666666666 0.5809895833333334 0.5592592592592593 0.5802083333333333 0.5754629629629631
6 0.52734375 0.41111111111111115 0.5276041666666667 0.4194444444444445 0.5270833333333333 0.425462962962963 0.5257812500000001 0.4291666666666667 0.5257812500000001 0.4342592592592593 0.5270833333333333 0.43888888888888894 0.5278645833333333 0.4476851851851852 0.5286458333333334 0.44907407407407407 0.5343749999999999 0.45092592592592595 0.5427083333333333 0.4583333333333333 0.5466145833333333 0.45787037037037037 0.5479166666666667 0.45462962962962966 0.5481770833333334 0.44722222222222224 0.5476562500000001 0.44259259259259265 0.54453125 0.4324074074074074 0.5442708333333334 0.4101851851851852 0.5434895833333333 0.4069444444444445 0.5408854166666667 0.40416666666666673 0.53671875 0.4027777777777778 0.5281250000000001 0.4027777777777778 0.5260416666666666 0.40416666666666673 0.5257812500000001 0.4078703703703704 0.52734375 0.41111111111111115