8 0.20293209876543208 0.5699588477366254 0.2048611111111111 0.5997942386831275 0.20871913580246912 0.6162551440329218 0.20987654320987653 0.6296296296296297 0.21334876543209874 0.63940329218107 0.220679012345679 0.63940329218107 0.2249228395061728 0.6368312757201645 0.23109567901234568 0.6306584362139918 0.2361111111111111 0.6213991769547326 0.24459876543209874 0.6172839506172839 0.25848765432098764 0.6157407407407407 0.26273148148148145 0.6126543209876543 0.2623456790123457 0.5869341563786008 0.26118827160493824 0.581275720164609 0.25154320987654316 0.5524691358024691 0.24421296296296297 0.5370370370370371 0.22955246913580243 0.5370370370370371 0.20717592592592593 0.5416666666666666 0.2040895061728395 0.5457818930041152 0.2025462962962963 0.5565843621399177 0.19907407407407407 0.5622427983539094 0.19868827160493827 0.5637860082304527 0.20293209876543208 0.5699588477366254
8 0.4567901234567901 0.9243827160493827 0.4564043209876543 0.956275720164609 0.4587191358024691 0.9701646090534979 0.4664351851851852 0.9912551440329217 0.4699074074074074 0.9969135802469135 0.4737654320987654 0.9953703703703703 0.47646604938271603 0.9994855967078189 0.5061728395061729 0.9994855967078189 0.5069444444444444 0.9974279835390946 0.5119598765432098 0.9958847736625513 0.5223765432098765 0.9969135802469135 0.5239197530864197 0.9994855967078189 0.5482253086419753 0.9994855967078189 0.5486111111111112 0.9974279835390946 0.5524691358024691 0.9963991769547325 0.5578703703703703 0.9963991769547325 0.5601851851851852 0.9974279835390946 0.560570987654321 0.9994855967078189 0.5725308641975309 0.9994855967078189 0.5733024691358024 0.9974279835390946 0.5829475308641975 0.9963991769547325 0.5856481481481481 0.9963991769547325 0.5875771604938271 0.9994855967078189 0.6481481481481481 0.9994855967078189 0.6496913580246912 0.9948559670781892 0.64429012345679 0.9809670781893004 0.6334876543209875 0.963991769547325 0.5713734567901234 0.8801440329218108 0.5586419753086419 0.8657407407407407 0.5513117283950617 0.8652263374485597 0.5308641975308641 0.8693415637860082 0.5073302469135802 0.8755144032921811 0.4756944444444444 0.8873456790123456 0.4664351851851852 0.8945473251028806 0.4587191358024691 0.9063786008230452 0.45216049382716045 0.9120370370370371 0.45177469135802467 0.9182098765432097 0.4567901234567901 0.9243827160493827
8 0.23958333333333334 0.4835390946502058 0.24459876543209874 0.4922839506172839 0.2503858024691358 0.4897119341563786 0.25733024691358025 0.4891975308641975 0.2650462962962963 0.48559670781893005 0.2770061728395061 0.4840534979423868 0.27739197530864196 0.47633744855967075 0.27584876543209874 0.4645061728395061 0.2692901234567901 0.44598765432098764 0.2658179012345679 0.4418724279835391 0.2542438271604938 0.44084362139917693 0.24074074074074073 0.4449588477366255 0.2368827160493827 0.44907407407407407 0.2345679012345679 0.4583333333333333 0.2345679012345679 0.4701646090534979 0.23958333333333334 0.4835390946502058
1 0.22955246913580243 0.6610082304526749 0.23070987654320985 0.6666666666666666 0.23341049382716048 0.6718106995884774 0.23302469135802467 0.6748971193415637 0.2368827160493827 0.6882716049382716 0.23649691358024688 0.6923868312757201 0.2391975308641975 0.7006172839506172 0.24112654320987653 0.7129629629629629 0.24459876543209874 0.713477366255144 0.25154320987654316 0.7073045267489712 0.26427469135802467 0.706275720164609 0.2847222222222222 0.7016460905349794 0.28973765432098764 0.7016460905349794 0.29320987654320985 0.7042181069958848 0.29706790123456783 0.7042181069958848 0.3001543209876543 0.7006172839506172 0.30092592592592593 0.6810699588477367 0.29976851851851855 0.6656378600823045 0.2935956790123457 0.6486625514403292 0.285108024691358 0.632201646090535 0.2800925925925926 0.6193415637860082 0.27314814814814814 0.6147119341563786 0.2646604938271605 0.6141975308641975 0.2376543209876543 0.6203703703703703 0.23418209876543208 0.6229423868312757 0.23225308641975306 0.6296296296296297 0.22723765432098764 0.6388888888888888 0.22723765432098764 0.647119341563786 0.22955246913580243 0.6610082304526749
1 0.3665123456790123 0.8590534979423867 0.3676697530864197 0.8559670781893004 0.3645833333333333 0.8549382716049382 0.3626543209876543 0.8564814814814815 0.3665123456790123 0.8590534979423867
1 0.2820216049382716 0.8888888888888888 0.28279320987654316 0.8981481481481481 0.28896604938271603 0.9248971193415637 0.29128086419753085 0.9284979423868313 0.2951388888888889 0.9403292181069958 0.3001543209876543 0.9655349794238682 0.30285493827160487 0.9871399176954732 0.30709876543209874 0.9948559670781892 0.3125 0.9969135802469135 0.3364197530864197 0.9948559670781892 0.38078703703703703 0.9819958847736624 0.38966049382716045 0.9778806584362139 0.39467592592592593 0.9737654320987653 0.3962191358024691 0.9691358024691357 0.3962191358024691 0.9629629629629629 0.38695987654320985 0.9238683127572016 0.375 0.8986625514403292 0.3707561728395061 0.8858024691358024 0.36188271604938266 0.8693415637860082 0.35802469135802467 0.8564814814814815 0.3487654320987654 0.838991769547325 0.34452160493827155 0.8369341563786008 0.33834876543209874 0.8369341563786008 0.30671296296296297 0.8441358024691357 0.2824074074074074 0.8518518518518519 0.27932098765432095 0.8549382716049382 0.2785493827160494 0.8590534979423867 0.27816358024691357 0.8770576131687242 0.2820216049382716 0.8888888888888888
1 0.27546296296296297 0.5915637860082305 0.2862654320987654 0.6121399176954733 0.29668209876543206 0.6111111111111112 0.3175154320987654 0.5941358024691357 0.32793209876543206 0.5925925925925926 0.33101851851851855 0.5910493827160493 0.33217592592592593 0.588477366255144 0.3317901234567901 0.5828189300411523 0.32793209876543206 0.5740740740740741 0.32330246913580246 0.5679012345679012 0.32445987654320985 0.5606995884773662 0.32021604938271603 0.5601851851851852 0.314429012345679 0.5555555555555556 0.2962962962962963 0.5560699588477366 0.2797067901234568 0.5622427983539094 0.2743055555555556 0.5673868312757201 0.2743055555555556 0.5859053497942386 0.27546296296296297 0.5915637860082305
1 0.2064043209876543 0.5426954732510287 0.2249228395061728 0.5370370370370371 0.24459876543209874 0.5370370370370371 0.24498456790123455 0.5339506172839505 0.24228395061728392 0.5267489711934156 0.2376543209876543 0.5216049382716049 0.22955246913580243 0.5195473251028806 0.21026234567901234 0.5246913580246914 0.20679012345679013 0.5288065843621399 0.2040895061728395 0.536522633744856 0.2037037037037037 0.5396090534979423 0.2064043209876543 0.5426954732510287
1 0.5949074074074074 0.5138888888888888 0.6045524691358024 0.5164609053497942 0.6138117283950616 0.5164609053497942 0.6203703703703703 0.5190329218106995 0.6265432098765431 0.5154320987654321 0.6435185185185185 0.5123456790123456 0.6693672839506172 0.5108024691358024 0.6797839506172839 0.5025720164609053 0.6801697530864197 0.49022633744855965 0.6786265432098765 0.4819958847736625 0.6763117283950616 0.47685185185185186 0.6543209876543209 0.4722222222222222 0.6392746913580246 0.47119341563786005 0.628858024691358 0.47273662551440326 0.6211419753086419 0.47633744855967075 0.6134259259259259 0.48251028806584356 0.5987654320987653 0.49074074074074076 0.59375 0.4979423868312757 0.5922067901234568 0.5061728395061729 0.5949074074074074 0.5138888888888888
1 0.3449074074074074 0.5205761316872428 0.353395061728395 0.5195473251028806 0.36574074074074076 0.522633744855967 0.36921296296296297 0.5241769547325102 0.37307098765432095 0.529320987654321 0.3761574074074074 0.5308641975308641 0.3954475308641975 0.5200617283950617 0.4020061728395061 0.5200617283950617 0.40779320987654316 0.522119341563786 0.4128086419753086 0.5195473251028806 0.41473765432098764 0.5159465020576132 0.41396604938271603 0.5046296296296297 0.41203703703703703 0.5010288065843621 0.4066358024691358 0.4979423868312757 0.39737654320987653 0.4876543209876543 0.39043209876543206 0.4840534979423868 0.3742283950617284 0.4835390946502058 0.3560956790123456 0.4871399176954732 0.34182098765432095 0.49691358024691357 0.33989197530864196 0.5010288065843621 0.3402777777777778 0.5123456790123456 0.3449074074074074 0.5205761316872428
5 0.30324074074074076 0.6435185185185185 0.31095679012345673 0.6558641975308641 0.3175154320987654 0.6712962962962963 0.32098765432098764 0.6707818930041152 0.3414351851851852 0.6584362139917695 0.35956790123456783 0.6543209876543209 0.36844135802469136 0.6496913580246912 0.36844135802469136 0.6378600823045267 0.36612654320987653 0.6286008230452674 0.353395061728395 0.6013374485596708 0.34529320987654316 0.5941358024691357 0.33101851851851855 0.5946502057613168 0.3175154320987654 0.5977366255144033 0.31057098765432095 0.5972222222222222 0.29976851851851855 0.6126543209876543 0.29976851851851855 0.6265432098765431 0.30324074074074076 0.6435185185185185
1 0.2561728395061728 0.5174897119341564 0.2604166666666667 0.5329218106995884 0.26195987654320985 0.5349794238683127 0.2662037037037037 0.5257201646090535 0.27391975308641975 0.5164609053497942 0.2943672839506173 0.5118312757201645 0.28703703703703703 0.492798353909465 0.2820216049382716 0.4861111111111111 0.27199074074074076 0.48559670781893005 0.26273148148148145 0.4876543209876543 0.25848765432098764 0.49176954732510286 0.25578703703703703 0.49845679012345673 0.2550154320987654 0.5092592592592593 0.2561728395061728 0.5174897119341564
1 0.6049382716049382 0.5776748971193415 0.6091820987654321 0.5807613168724279 0.6172839506172839 0.5781893004115226 0.6253858024691357 0.58179012345679 0.6319444444444444 0.5895061728395061 0.6350308641975309 0.5987654320987653 0.6392746913580246 0.602366255144033 0.6431327160493827 0.6018518518518519 0.6531635802469135 0.5951646090534979 0.6631944444444444 0.5936213991769548 0.6786265432098765 0.5977366255144033 0.6824845679012346 0.595679012345679 0.6878858024691357 0.5848765432098765 0.6886574074074074 0.5802469135802469 0.6875 0.5709876543209876 0.6751543209876543 0.5504115226337448 0.6589506172839505 0.5324074074074074 0.6419753086419753 0.522633744855967 0.6222993827160493 0.5210905349794238 0.6161265432098765 0.5231481481481481 0.6091820987654321 0.5277777777777778 0.6049382716049382 0.5339506172839505 0.6010802469135802 0.5432098765432098 0.6010802469135802 0.5617283950617283 0.6049382716049382 0.5776748971193415
5 0.32677469135802467 0.7001028806584361 0.33101851851851855 0.7109053497942386 0.33989197530864196 0.7237654320987653 0.34529320987654316 0.7484567901234568 0.35223765432098764 0.7494855967078189 0.35802469135802467 0.7463991769547325 0.40007716049382713 0.7381687242798353 0.40702160493827155 0.73559670781893 0.4089506172839506 0.7330246913580246 0.410108024691358 0.7253086419753086 0.410108024691358 0.706275720164609 0.3927469135802469 0.6743827160493827 0.3873456790123456 0.661522633744856 0.378858024691358 0.6538065843621399 0.36959876543209874 0.6517489711934156 0.3487654320987654 0.6574074074074074 0.33834876543209874 0.6610082304526749 0.32368827160493824 0.6712962962962963 0.32445987654320985 0.6872427983539094 0.32677469135802467 0.7001028806584361
1 0.39660493827160487 0.8338477366255144 0.40084876543209874 0.8379629629629629 0.4054783950617284 0.838991769547325 0.4085648148148148 0.8425925925925926 0.41705246913580246 0.8621399176954732 0.4201388888888889 0.8662551440329218 0.4236111111111111 0.890946502057613 0.42785493827160487 0.9012345679012346 0.4564043209876543 0.9012345679012346 0.4610339506172839 0.8986625514403292 0.46836419753086417 0.8883744855967078 0.4741512345679012 0.8847736625514403 0.5015432098765432 0.8765432098765431 0.5088734567901234 0.8729423868312757 0.5111882716049382 0.8693415637860082 0.5084876543209876 0.8518518518518519 0.5011574074074074 0.8333333333333334 0.47955246913580246 0.7947530864197531 0.47608024691358025 0.7849794238683127 0.46604938271604934 0.7757201646090535 0.4552469135802469 0.7710905349794238 0.4290123456790123 0.772119341563786 0.41782407407407407 0.7746913580246912 0.39969135802469136 0.7829218106995884 0.3958333333333333 0.7854938271604938 0.39351851851851855 0.7896090534979423 0.3939043209876543 0.8199588477366255 0.39660493827160487 0.8338477366255144
1 0.2554012345679012 0.7443415637860082 0.2554012345679012 0.7556584362139916 0.25848765432098764 0.7731481481481481 0.27199074074074076 0.8256172839506172 0.27932098765432095 0.8292181069958848 0.28703703703703703 0.8287037037037037 0.33217592592592593 0.8179012345679012 0.33912037037037035 0.8132716049382716 0.3402777777777778 0.8050411522633745 0.33719135802469136 0.7824074074074074 0.33449074074074076 0.7757201646090535 0.3317901234567901 0.7613168724279835 0.3248456790123456 0.7453703703703703 0.3248456790123456 0.7232510288065842 0.32330246913580246 0.7227366255144033 0.32445987654320985 0.727366255144033 0.3186728395061728 0.7253086419753086 0.32021604938271603 0.7227366255144033 0.3175154320987654 0.7263374485596708 0.314429012345679 0.720679012345679 0.3090277777777778 0.7165637860082305 0.2874228395061728 0.7191358024691357 0.26543209876543206 0.7263374485596708 0.2523148148148148 0.7371399176954732 0.2527006172839506 0.7407407407407407 0.2554012345679012 0.7443415637860082
1 0.12654320987654322 0.6234567901234568 0.1277006172839506 0.625 0.13001543209876543 0.6260288065843622 0.1415895061728395 0.6213991769547326 0.1589506172839506 0.618312757201646 0.17168209876543208 0.6219135802469135 0.16859567901234568 0.5905349794238682 0.16589506172839505 0.5823045267489712 0.16589506172839505 0.5781893004115226 0.17052469135802467 0.5745884773662551 0.16898148148148148 0.5709876543209876 0.16435185185185186 0.5720164609053497 0.15432098765432098 0.5653292181069959 0.13773148148148148 0.5689300411522633 0.12924382716049382 0.5725308641975309 0.12577160493827158 0.58179012345679 0.1253858024691358 0.6136831275720164 0.12654320987654322 0.6234567901234568
1 0.7064043209876543 0.5020576131687243 0.7137345679012346 0.5046296296296297 0.7241512345679012 0.5046296296296297 0.7310956790123456 0.507201646090535 0.7407407407407407 0.5 0.7584876543209875 0.49845679012345673 0.7631172839506172 0.49382716049382713 0.7650462962962963 0.48508230452674894 0.76929012345679 0.47942386831275713 0.7689043209876543 0.4645061728395061 0.7650462962962963 0.4583333333333333 0.7600308641975309 0.45627572016460904 0.7314814814814815 0.45987654320987653 0.726466049382716 0.46244855967078186 0.7098765432098765 0.47633744855967075 0.7052469135802468 0.4819958847736625 0.7029320987654321 0.48868312757201643 0.7029320987654321 0.4979423868312757 0.7064043209876543 0.5020576131687243
5 0.11998456790123456 0.8482510288065842 0.1253858024691358 0.8497942386831275 0.1277006172839506 0.852366255144033 0.12307098765432098 0.8930041152263374 0.12268518518518519 0.9212962962962963 0.12577160493827158 0.9573045267489712 0.13001543209876543 0.9660493827160493 0.13734567901234568 0.9691358024691357 0.1724537037037037 0.9645061728395061 0.20293209876543208 0.9552469135802468 0.21064814814814814 0.9506172839506172 0.21450617283950615 0.9459876543209875 0.21566358024691357 0.9403292181069958 0.2152777777777778 0.9140946502057612 0.2079475308641975 0.8348765432098765 0.21412037037037038 0.8287037037037037 0.21257716049382716 0.823559670781893 0.2064043209876543 0.8215020576131686 0.19945987654320985 0.816358024691358 0.16859567901234568 0.816358024691358 0.15123456790123455 0.8209876543209875 0.13695987654320987 0.8271604938271605 0.13233024691358025 0.8302469135802468 0.12731481481481483 0.8374485596707819 0.11921296296296297 0.8420781893004116 0.11844135802469136 0.845679012345679 0.11998456790123456 0.8482510288065842
2 0.822145061728395 0.5771604938271605 0.8225308641975309 0.581275720164609 0.8275462962962963 0.588477366255144 0.8321759259259259 0.588477366255144 0.8348765432098765 0.5859053497942386 0.8371913580246912 0.5679012345679012 0.8368055555555556 0.5555555555555556 0.8348765432098765 0.5452674897119342 0.8306327160493827 0.5462962962962963 0.8298611111111112 0.5534979423868313 0.8267746913580246 0.5601851851851852 0.8248456790123456 0.5709876543209876 0.822145061728395 0.5771604938271605
2 0.49421296296296297 0.5534979423868313 0.49537037037037035 0.559156378600823 0.49459876543209874 0.5709876543209876 0.49729938271604934 0.588477366255144 0.4988425925925926 0.5915637860082305 0.5104166666666666 0.5936213991769548 0.5119598765432098 0.5951646090534979 0.5154320987654321 0.58179012345679 0.51929012345679 0.581275720164609 0.5223765432098765 0.5833333333333334 0.5258487654320988 0.5776748971193415 0.5258487654320988 0.5679012345679012 0.5235339506172839 0.5643004115226338 0.5235339506172839 0.5601851851851852 0.5262345679012346 0.5540123456790123 0.5250771604938271 0.5473251028806584 0.5258487654320988 0.5318930041152263 0.5223765432098765 0.5246913580246914 0.5162037037037037 0.522119341563786 0.5096450617283951 0.5216049382716049 0.5034722222222222 0.5246913580246914 0.49961419753086417 0.5324074074074074 0.5023148148148148 0.544238683127572 0.49421296296296297 0.5534979423868313
2 0.8915895061728394 0.5895061728395061 0.8881172839506172 0.5987654320987653 0.8850308641975309 0.6013374485596708 0.8838734567901234 0.6075102880658436 0.8873456790123456 0.6162551440329218 0.8904320987654321 0.6193415637860082 0.8939043209876543 0.6193415637860082 0.9008487654320987 0.6095679012345678 0.9031635802469135 0.5992798353909464 0.9027777777777778 0.5910493827160493 0.8996913580246912 0.5823045267489712 0.8935185185185185 0.5751028806584362 0.8900462962962963 0.5745884773662551 0.8881172839506172 0.5776748971193415 0.8881172839506172 0.58179012345679 0.8915895061728394 0.5895061728395061
2 0.008487654320987654 0.8148148148148148 0.010416666666666666 0.8204732510288065 0.013503086419753086 0.8215020576131686 0.018904320987654318 0.8173868312757201 0.022376543209876542 0.8173868312757201 0.023919753086419752 0.8148148148148148 0.02199074074074074 0.7829218106995884 0.02816358024691358 0.7541152263374485 0.02700617283950617 0.743312757201646 0.020447530864197528 0.7376543209876543 0.019290123456790122 0.7309670781893004 0.017746913580246913 0.7289094650205761 0.015046296296296295 0.7278806584362139 0.011574074074074073 0.7304526748971193 0.011188271604938271 0.7350823045267489 0.013117283950617283 0.7443415637860082 0.005401234567901234 0.7582304526748971 0.005015432098765432 0.7808641975308641 0.008487654320987654 0.8148148148148148
2 0.8665123456790123 0.5987654320987653 0.8661265432098765 0.6054526748971193 0.8645833333333334 0.6090534979423867 0.8657407407407407 0.6126543209876543 0.8703703703703703 0.6131687242798353 0.8730709876543209 0.6044238683127572 0.8765432098765431 0.6064814814814815 0.8823302469135802 0.602880658436214 0.8838734567901234 0.5977366255144033 0.8842592592592593 0.581275720164609 0.8811728395061728 0.5751028806584362 0.8800154320987653 0.566358024691358 0.8753858024691357 0.5673868312757201 0.8742283950617283 0.573559670781893 0.8626543209876543 0.5936213991769548 0.8622685185185185 0.5951646090534979 0.8665123456790123 0.5987654320987653
2 0.5270061728395061 0.5282921810699588 0.5266203703703703 0.5354938271604938 0.5250771604938271 0.5390946502057613 0.5258487654320988 0.5498971193415637 0.529320987654321 0.5529835390946501 0.5362654320987654 0.5524691358024691 0.5401234567901234 0.5550411522633745 0.5432098765432098 0.5601851851851852 0.5470679012345678 0.5601851851851852 0.5540123456790123 0.5550411522633745 0.5570987654320988 0.5483539094650206 0.5574845679012346 0.5432098765432098 0.5567129629629629 0.5401234567901234 0.5482253086419753 0.5303497942386831 0.5493827160493827 0.51440329218107 0.5470679012345678 0.5015432098765432 0.5393518518518519 0.4974279835390946 0.5327932098765432 0.4979423868312757 0.5277777777777778 0.5015432098765432 0.5250771604938271 0.5066872427983539 0.5250771604938271 0.5185185185185185 0.5270061728395061 0.5282921810699588
2 0.7631172839506172 0.5020576131687243 0.7627314814814815 0.5123456790123456 0.7650462962962963 0.51440329218107 0.7689043209876543 0.51440329218107 0.7700617283950616 0.5123456790123456 0.7708333333333334 0.4876543209876543 0.7696759259259259 0.4758230452674897 0.7654320987654321 0.47633744855967075 0.7615740740740741 0.48456790123456783 0.7611882716049382 0.4943415637860082 0.7631172839506172 0.5020576131687243
5 0.7237654320987653 0.5745884773662551 0.7272376543209875 0.5843621399176955 0.7318672839506172 0.5920781893004116 0.7341820987654321 0.5936213991769548 0.7445987654320987 0.5905349794238682 0.7623456790123456 0.5997942386831275 0.7665895061728394 0.602880658436214 0.7719907407407407 0.6136831275720164 0.7754629629629629 0.6172839506172839 0.7793209876543209 0.6172839506172839 0.785108024691358 0.6141975308641975 0.8155864197530863 0.6116255144032922 0.8213734567901234 0.6080246913580246 0.8244598765432097 0.6039094650205761 0.8248456790123456 0.5905349794238682 0.8217592592592593 0.581275720164609 0.8032407407407407 0.5555555555555556 0.7878086419753086 0.5390946502057613 0.7804783950617283 0.5354938271604938 0.7723765432098765 0.5339506172839505 0.7669753086419753 0.529320987654321 0.7480709876543209 0.5267489711934156 0.7357253086419753 0.529835390946502 0.7334104938271605 0.5318930041152263 0.7260802469135802 0.5457818930041152 0.7229938271604938 0.5601851851851852 0.722608024691358 0.5679012345679012 0.7237654320987653 0.5745884773662551
5 0.2665895061728395 0.5426954732510287 0.2681327160493827 0.5534979423868313 0.27237654320987653 0.5648148148148148 0.27584876543209874 0.5648148148148148 0.29398148148148145 0.5550411522633745 0.314429012345679 0.5534979423868313 0.31057098765432095 0.5329218106995884 0.3047839506172839 0.5190329218106995 0.29976851851851855 0.51440329218107 0.29320987654320985 0.5128600823045267 0.27314814814814814 0.5174897119341564 0.2638888888888889 0.529835390946502 0.2638888888888889 0.536522633744856 0.2665895061728395 0.5426954732510287
5 0.8950617283950616 0.6712962962962963 0.9000771604938271 0.6867283950617283 0.9031635802469135 0.6903292181069959 0.9085648148148148 0.691358024691358 0.9147376543209875 0.6862139917695472 0.9185956790123456 0.6862139917695472 0.9409722222222222 0.6970164609053497 0.9583333333333334 0.7078189300411523 0.9614197530864197 0.7114197530864197 0.9664351851851852 0.7258230452674896 0.9729938271604938 0.7309670781893004 0.9787808641975309 0.7304526748971193 0.9868827160493827 0.7258230452674896 0.9996141975308641 0.7263374485596708 0.9996141975308641 0.6435185185185185 0.9980709876543209 0.6435185185185185 0.9891975308641975 0.6332304526748971 0.9745370370370371 0.6239711934156378 0.9702932098765431 0.6188271604938271 0.9564043209876543 0.6157407407407407 0.9506172839506172 0.6121399176954733 0.9305555555555556 0.6049382716049382 0.9170524691358024 0.6049382716049382 0.9043209876543209 0.6075102880658436 0.9016203703703703 0.6090534979423867 0.8927469135802468 0.625 0.8904320987654321 0.6316872427983539 0.8873456790123456 0.6496913580246912 0.8877314814814815 0.6620370370370371 0.8950617283950616 0.6712962962962963
6 0.12422839506172839 0.6754115226337448 0.12924382716049382 0.7114197530864197 0.12962962962962962 0.7289094650205761 0.13194444444444445 0.7469135802469135 0.13657407407407407 0.7690329218106996 0.1412037037037037 0.7695473251028806 0.14776234567901234 0.7628600823045267 0.15084876543209874 0.7623456790123456 0.1589506172839506 0.7566872427983539 0.16936728395061726 0.7530864197530863 0.17978395061728392 0.7520576131687242 0.19174382716049382 0.7582304526748971 0.19560185185185186 0.7561728395061728 0.19675925925925927 0.7397119341563786 0.1890432098765432 0.677469135802469 0.18827160493827158 0.647119341563786 0.18441358024691357 0.6270576131687242 0.18287037037037038 0.625 0.17592592592592593 0.625 0.16512345679012344 0.6280864197530863 0.14467592592592593 0.6291152263374485 0.1261574074074074 0.6342592592592593 0.12152777777777778 0.6373456790123456 0.12191358024691358 0.6661522633744856 0.12422839506172839 0.6754115226337448
6 0.2854938271604938 0.4876543209876543 0.28935185185185186 0.4948559670781893 0.29398148148148145 0.4979423868312757 0.30787037037037035 0.5 0.31712962962962965 0.5082304526748971 0.32060185185185186 0.5082304526748971 0.32523148148148145 0.5051440329218106 0.3352623456790123 0.5041152263374485 0.33796296296296297 0.5020576131687243 0.3402777777777778 0.49691358024691357 0.3537808641975308 0.4876543209876543 0.35300925925925924 0.4681069958847736 0.35532407407407407 0.4593621399176954 0.3499228395061728 0.4475308641975308 0.345679012345679 0.44393004115226337 0.32098765432098764 0.44238683127572015 0.31057098765432095 0.4444444444444444 0.3024691358024691 0.44907407407407407 0.2989969135802469 0.4537037037037037 0.28935185185185186 0.4753086419753086 0.2835648148148148 0.47685185185185186 0.2816358024691358 0.47890946502057613 0.2816358024691358 0.4840534979423868 0.2854938271604938 0.4876543209876543
3 0.8395061728395061 0.581275720164609 0.8449074074074074 0.5848765432098765 0.8522376543209875 0.5853909465020576 0.8557098765432097 0.5823045267489712 0.8591820987654321 0.5843621399176955 0.8626543209876543 0.5833333333333334 0.8722993827160493 0.5637860082304527 0.8719135802469135 0.5586419753086419 0.8688271604938271 0.5545267489711934 0.8464506172839505 0.5498971193415637 0.8414351851851852 0.5504115226337448 0.8383487654320987 0.5534979423868313 0.8375771604938271 0.5776748971193415 0.8395061728395061 0.581275720164609
3 0.7719907407407407 0.46347736625514396 0.78125 0.46296296296296297 0.7858796296296297 0.45987654320987653 0.7843364197530863 0.44598765432098764 0.7827932098765431 0.4418724279835391 0.7766203703703703 0.4418724279835391 0.7716049382716049 0.44393004115226337 0.7685185185185185 0.4501028806584362 0.7689043209876543 0.4593621399176954 0.7719907407407407 0.46347736625514396
3 0.6917438271604938 0.4758230452674897 0.6925154320987653 0.478395061728395 0.6944444444444444 0.47890946502057613 0.697145061728395 0.47736625514403286 0.6975308641975309 0.4732510288065843 0.6994598765432097 0.470679012345679 0.7044753086419753 0.4696502057613169 0.7133487654320987 0.47170781893004116 0.7168209876543209 0.4675925925925926 0.7168209876543209 0.4614197530864197 0.7118055555555556 0.44907407407407407 0.7098765432098765 0.4470164609053498 0.7064043209876543 0.4480452674897119 0.7037037037037037 0.45267489711934156 0.7013888888888888 0.4537037037037037 0.6975308641975309 0.4531893004115226 0.6959876543209875 0.45113168724279834 0.6925154320987653 0.45164609053497945 0.6902006172839505 0.46090534979423864 0.6898148148148148 0.4665637860082304 0.6917438271604938 0.4758230452674897
3 0.7511574074074074 0.4537037037037037 0.7635030864197531 0.4537037037037037 0.7662037037037037 0.45267489711934156 0.7681327160493827 0.44958847736625507 0.7654320987654321 0.4367283950617284 0.7615740740740741 0.4310699588477366 0.7523148148148148 0.43209876543209874 0.7492283950617283 0.4393004115226337 0.7488425925925926 0.44958847736625507 0.7511574074074074 0.4537037037037037