8 0.4975694444444444 0.45648148148148143 0.5090277777777777 0.45679012345679015 0.5102430555555555 0.45462962962962966 0.5109374999999999 0.44907407407407407 0.5109374999999999 0.4354938271604938 0.5102430555555555 0.433641975308642 0.5076388888888889 0.4314814814814815 0.5005208333333333 0.4314814814814815 0.49809027777777776 0.4333333333333333 0.4973958333333333 0.43765432098765433 0.496875 0.4537037037037037 0.4975694444444444 0.45648148148148143
1 0.3881944444444444 0.5438271604938272 0.39218749999999997 0.5499999999999999 0.39392361111111107 0.5546296296296296 0.3984375 0.5509259259259259 0.4027777777777778 0.5506172839506173 0.4088541666666667 0.5518518518518518 0.4111111111111111 0.5506172839506173 0.4123263888888889 0.5462962962962963 0.41388888888888886 0.5348765432098765 0.4164930555555555 0.5299382716049382 0.4166666666666667 0.528395061728395 0.4166666666666667 0.5256172839506172 0.4154513888888889 0.5222222222222223 0.4118055555555556 0.5169753086419754 0.4092013888888889 0.516358024691358 0.4074652777777778 0.5148148148148148 0.4015625 0.5138888888888888 0.3935763888888889 0.5157407407407407 0.3925347222222222 0.5175925925925926 0.3897569444444444 0.5191358024691358 0.3881944444444444 0.5212962962962963 0.3875 0.5249999999999999 0.3873263888888889 0.5364197530864198 0.3881944444444444 0.5438271604938272
1 0.6338541666666666 0.45092592592592595 0.6371527777777778 0.4521604938271605 0.6385416666666666 0.4503086419753086 0.6442708333333333 0.4478395061728395 0.6449652777777778 0.44660493827160497 0.645486111111111 0.4302469135802469 0.6442708333333333 0.4271604938271605 0.6404513888888889 0.42993827160493825 0.6361111111111112 0.42623456790123454 0.6331597222222222 0.4256172839506173 0.6321180555555556 0.42623456790123454 0.6296875 0.4314814814814815 0.6296875 0.4351851851851852 0.6338541666666666 0.45092592592592595
1 0.4302083333333333 0.6981481481481482 0.4302083333333333 0.7058641975308642 0.43072916666666666 0.7104938271604938 0.43246527777777777 0.7169753086419753 0.4350694444444444 0.7185185185185184 0.43906249999999997 0.717283950617284 0.4583333333333333 0.717283950617284 0.46423611111111107 0.7185185185185184 0.46979166666666666 0.721604938271605 0.4739583333333333 0.721604938271605 0.4748263888888889 0.7203703703703703 0.4767361111111111 0.7129629629629629 0.4777777777777778 0.7006172839506173 0.4784722222222222 0.6984567901234568 0.4809027777777778 0.695679012345679 0.4845486111111111 0.6885802469135802 0.4857638888888889 0.6811728395061728 0.4855902777777778 0.671604938271605 0.4862847222222222 0.6580246913580247 0.4850694444444444 0.6555555555555556 0.48125 0.653395061728395 0.4772569444444444 0.6481481481481481 0.4711805555555555 0.6450617283950618 0.4673611111111111 0.644753086419753 0.46371527777777777 0.6425925925925926 0.4604166666666667 0.6435185185185185 0.44947916666666665 0.6429012345679013 0.4453125 0.6462962962962963 0.44375 0.6509259259259259 0.44166666666666665 0.6546296296296297 0.44131944444444443 0.6570987654320988 0.4401041666666667 0.6604938271604938 0.4392361111111111 0.6611111111111112 0.4388888888888889 0.6635802469135803 0.43559027777777776 0.6719135802469135 0.4354166666666667 0.6746913580246913 0.43246527777777777 0.6814814814814815 0.4314236111111111 0.6867283950617284 0.4310763888888889 0.6935185185185185 0.4302083333333333 0.6981481481481482
1 0.6394097222222221 0.47129629629629627 0.640625 0.4725308641975308 0.6581597222222222 0.47129629629629627 0.6586805555555556 0.4675925925925926 0.6581597222222222 0.4589506172839506 0.6574652777777777 0.45679012345679015 0.6545138888888888 0.4524691358024691 0.6512152777777778 0.4506172839506173 0.6451388888888888 0.44969135802469135 0.6404513888888889 0.45185185185185184 0.6387152777777778 0.4561728395061728 0.6381944444444444 0.4669753086419753 0.6394097222222221 0.47129629629629627
1 0.3421875 0.5472222222222223 0.3456597222222222 0.5459876543209877 0.3482638888888889 0.5438271604938272 0.3567708333333333 0.5432098765432098 0.3630208333333333 0.5432098765432098 0.3663194444444444 0.5459876543209877 0.3684027777777778 0.5438271604938272 0.3697916666666667 0.5407407407407407 0.3732638888888889 0.5274691358024691 0.3732638888888889 0.5219135802469136 0.37100694444444443 0.5138888888888888 0.3684027777777778 0.5101851851851852 0.3651041666666667 0.5083333333333333 0.35312499999999997 0.5074074074074074 0.3484375 0.5092592592592593 0.34531249999999997 0.5135802469135803 0.3440972222222222 0.520679012345679 0.34184027777777776 0.5243827160493827 0.3413194444444444 0.5287037037037037 0.340625 0.5419753086419753 0.3421875 0.5472222222222223
1 0.5052083333333334 0.42006172839506173 0.5114583333333333 0.41790123456790124 0.5133680555555555 0.41512345679012347 0.5133680555555555 0.4108024691358025 0.5126736111111111 0.4089506172839506 0.5092013888888889 0.4067901234567901 0.5050347222222222 0.40771604938271605 0.5029513888888889 0.4117283950617284 0.5029513888888889 0.4169753086419753 0.5052083333333334 0.42006172839506173
1 0.6819444444444444 0.6070987654320987 0.6854166666666666 0.6095679012345678 0.6881944444444444 0.6092592592592593 0.6899305555555556 0.6080246913580247 0.6906249999999999 0.6064814814814815 0.6902777777777778 0.6021604938271605 0.6918402777777778 0.6006172839506172 0.6925347222222222 0.5984567901234568 0.6925347222222222 0.5873456790123457 0.6947916666666666 0.5848765432098765 0.6927083333333334 0.5842592592592593 0.6907986111111112 0.5811728395061728 0.6881944444444444 0.5805555555555555 0.6822916666666666 0.5808641975308642 0.6814236111111112 0.5839506172839506 0.68125 0.6030864197530863 0.6819444444444444 0.6070987654320987
1 0.6946180555555556 0.6052469135802468 0.6953125 0.6175925925925926 0.7006944444444444 0.6271604938271605 0.7027777777777777 0.628395061728395 0.7067708333333333 0.628395061728395 0.7097222222222221 0.6253086419753087 0.715625 0.6246913580246913 0.7277777777777777 0.6265432098765432 0.7315972222222222 0.6253086419753087 0.7338541666666666 0.6231481481481481 0.7345486111111111 0.6209876543209876 0.7345486111111111 0.5938271604938271 0.7322916666666666 0.5861111111111111 0.731423611111111 0.5787037037037037 0.7277777777777777 0.5725308641975309 0.7201388888888888 0.5651234567901234 0.7142361111111112 0.5629629629629629 0.7060763888888888 0.5617283950617283 0.7048611111111112 0.5638888888888889 0.7039930555555556 0.5740740740740741 0.7027777777777777 0.5793209876543209 0.700173611111111 0.5830246913580247 0.6970486111111112 0.5842592592592593 0.6961805555555556 0.5910493827160495 0.6934027777777778 0.5944444444444444 0.6932291666666666 0.5993827160493828 0.6946180555555556 0.6052469135802468
1 0.9151041666666666 0.46728395061728395 0.9163194444444444 0.46820987654320984 0.9329861111111112 0.4719135802469136 0.9388888888888888 0.4743827160493827 0.9451388888888889 0.4743827160493827 0.9467013888888888 0.4719135802469136 0.946875 0.4700617283950617 0.94375 0.4632716049382716 0.9375 0.4580246913580247 0.9357638888888888 0.45401234567901233 0.9322916666666666 0.45185185185185184 0.9279513888888888 0.4506172839506173 0.9182291666666667 0.4503086419753086 0.9140625 0.4555555555555556 0.9140625 0.46481481481481485 0.9151041666666666 0.46728395061728395
1 0.8310763888888888 0.7888888888888889 0.8335069444444444 0.8040123456790123 0.8347222222222221 0.80679012345679 0.8385416666666666 0.8098765432098766 0.842361111111111 0.8098765432098766 0.8458333333333333 0.8070987654320988 0.8508680555555556 0.8120370370370371 0.8541666666666666 0.8135802469135802 0.8618055555555556 0.8228395061728394 0.8652777777777778 0.8293209876543209 0.8678819444444444 0.83179012345679 0.8692708333333333 0.8354938271604938 0.8743055555555556 0.8438271604938271 0.8746527777777777 0.8595679012345678 0.8770833333333333 0.8632716049382716 0.8840277777777777 0.8632716049382716 0.8869791666666667 0.8574074074074074 0.8904513888888889 0.8558641975308642 0.9015624999999999 0.8570987654320987 0.9043402777777778 0.858641975308642 0.9072916666666666 0.8574074074074074 0.9359375 0.8570987654320987 0.9395833333333333 0.8549382716049382 0.9425347222222222 0.8515432098765432 0.9430555555555555 0.8496913580246913 0.9430555555555555 0.8429012345679012 0.9420138888888888 0.8345679012345678 0.9420138888888888 0.8160493827160493 0.9411458333333333 0.8117283950617284 0.9380208333333333 0.8083333333333333 0.9348958333333334 0.8027777777777778 0.9335069444444444 0.7978395061728395 0.9274305555555555 0.7830246913580247 0.9164930555555556 0.7688271604938272 0.9020833333333333 0.7546296296296297 0.896875 0.7518518518518519 0.8842013888888888 0.75 0.872048611111111 0.7509259259259259 0.8487847222222222 0.75 0.8413194444444444 0.7509259259259259 0.8380208333333333 0.7515432098765432 0.8335069444444444 0.7546296296296297 0.8315972222222222 0.7604938271604937 0.8307291666666666 0.7654320987654322 0.8303819444444444 0.774074074074074 0.8310763888888888 0.7888888888888889
4 0.4487847222222222 0.4981481481481481 0.4503472222222222 0.4981481481481481 0.4534722222222222 0.49506172839506174 0.4552083333333333 0.4959876543209876 0.4604166666666667 0.4959876543209876 0.4635416666666667 0.49938271604938267 0.4670138888888889 0.49907407407407406 0.4673611111111111 0.4737654320987654 0.4652777777777778 0.4666666666666667 0.4628472222222222 0.46512345679012346 0.4576388888888889 0.4641975308641975 0.4527777777777778 0.46574074074074073 0.44930555555555557 0.4700617283950617 0.44809027777777777 0.4740740740740741 0.4473958333333333 0.48055555555555557 0.4470486111111111 0.49506172839506174 0.4487847222222222 0.4981481481481481
1 0.4392361111111111 0.4330246913580247 0.4427083333333333 0.4327160493827161 0.4467013888888889 0.43425925925925923 0.44861111111111107 0.43734567901234567 0.44947916666666665 0.441358024691358 0.45295138888888886 0.4391975308641975 0.4543402777777778 0.4351851851851852 0.45468749999999997 0.42901234567901236 0.4532986111111111 0.42407407407407405 0.4501736111111111 0.42037037037037034 0.4421875 0.420679012345679 0.4388888888888889 0.4256172839506173 0.43854166666666666 0.42901234567901236 0.4392361111111111 0.4330246913580247
1 0.6614583333333334 0.44814814814814813 0.6654513888888888 0.4493827160493827 0.6739583333333333 0.4493827160493827 0.6755208333333333 0.44876543209876546 0.6762152777777778 0.44660493827160497 0.6762152777777778 0.4395061728395062 0.6755208333333333 0.4354938271604938 0.6743055555555556 0.43209876543209874 0.6722222222222222 0.4302469135802469 0.6684027777777778 0.42901234567901236 0.6645833333333333 0.429320987654321 0.6614583333333334 0.4311728395061728 0.6578125 0.4367283950617284 0.6578125 0.44382716049382714 0.6614583333333334 0.44814814814814813
1 0.28420138888888885 0.6197530864197531 0.28593749999999996 0.6219135802469137 0.2875 0.6219135802469137 0.2899305555555556 0.6191358024691357 0.2944444444444444 0.6179012345679012 0.3109375 0.6175925925925926 0.3128472222222222 0.6182098765432099 0.31406249999999997 0.6197530864197531 0.3177083333333333 0.6197530864197531 0.3185763888888889 0.6179012345679012 0.3194444444444444 0.6120370370370369 0.3208333333333333 0.608641975308642 0.3248263888888889 0.604320987654321 0.32795138888888886 0.6027777777777777 0.3305555555555555 0.5987654320987654 0.3317708333333333 0.5851851851851851 0.3293402777777778 0.5774691358024692 0.3206597222222222 0.5682098765432099 0.3038194444444444 0.5638888888888889 0.296875 0.5679012345679012 0.29322916666666665 0.5719135802469135 0.29184027777777777 0.5759259259259258 0.2895833333333333 0.5787037037037037 0.2881944444444444 0.5824074074074074 0.2864583333333333 0.5842592592592593 0.28420138888888885 0.5885802469135802 0.2829861111111111 0.592283950617284 0.2826388888888889 0.595679012345679 0.28229166666666666 0.6117283950617284 0.28420138888888885 0.6197530864197531
1 0.45711805555555557 0.4503086419753086 0.4583333333333333 0.4521604938271605 0.4684027777777778 0.4530864197530864 0.4701388888888889 0.4521604938271605 0.4706597222222222 0.45092592592592595 0.47152777777777777 0.43765432098765433 0.4711805555555555 0.4330246913580247 0.4701388888888889 0.4305555555555556 0.4635416666666667 0.42839506172839503 0.4600694444444444 0.429320987654321 0.4565972222222222 0.4354938271604938 0.4560763888888889 0.4441358024691358 0.45711805555555557 0.4503086419753086
1 0.4635416666666667 0.41790123456790124 0.4640625 0.4188271604938272 0.4635416666666667 0.4175925925925926 0.4630208333333333 0.4188271604938272 0.4635416666666667 0.41790123456790124
1 0.4675347222222222 0.4138888888888889 0.4708333333333333 0.41604938271604935 0.4722222222222222 0.4141975308641975 0.4737847222222222 0.41358024691358025 0.4748263888888889 0.4117283950617284 0.4755208333333333 0.4083333333333333 0.4751736111111111 0.403395061728395 0.4748263888888889 0.40154320987654324 0.4730902777777778 0.3993827160493827 0.47031249999999997 0.39845679012345675 0.46684027777777776 0.40370370370370373 0.4666666666666667 0.4108024691358025 0.4675347222222222 0.4138888888888889
1 0.4079861111111111 0.4916666666666667 0.4255208333333333 0.49104938271604937 0.4267361111111111 0.4882716049382716 0.4267361111111111 0.48456790123456794 0.4244791666666667 0.478395061728395 0.42343749999999997 0.4774691358024691 0.4164930555555555 0.47623456790123453 0.4107638888888889 0.4774691358024691 0.4092013888888889 0.47962962962962963 0.40729166666666666 0.4858024691358025 0.4071180555555556 0.48858024691358026 0.4079861111111111 0.4916666666666667
1 0.4125 0.5175925925925926 0.41510416666666666 0.5228395061728395 0.41822916666666665 0.5271604938271605 0.4291666666666667 0.5268518518518518 0.4303819444444444 0.5259259259259259 0.4315972222222222 0.5228395061728395 0.4315972222222222 0.5191358024691358 0.4322916666666667 0.5160493827160494 0.4321180555555555 0.5024691358024691 0.4255208333333333 0.48919753086419754 0.4112847222222222 0.48858024691358026 0.409375 0.49074074074074076 0.4079861111111111 0.49104938271604937 0.40434027777777776 0.5037037037037037 0.4029513888888889 0.5123456790123457 0.4125 0.5175925925925926
4 0.5744791666666667 0.46049382716049386 0.5782986111111111 0.46265432098765435 0.5805555555555555 0.46049382716049386 0.5821180555555555 0.4561728395061728 0.5833333333333334 0.45462962962962966 0.5902777777777778 0.44907407407407407 0.5911458333333334 0.44598765432098764 0.5904513888888888 0.44320987654320987 0.5868055555555556 0.43796296296296294 0.5779513888888889 0.43734567901234567 0.5748263888888888 0.4422839506172839 0.5732638888888888 0.4472222222222222 0.5730902777777778 0.45339506172839505 0.5744791666666667 0.46049382716049386
1 0.4137152777777778 0.4422839506172839 0.4140625 0.4435185185185185 0.4154513888888889 0.4447530864197531 0.4189236111111111 0.4447530864197531 0.4208333333333333 0.4472222222222222 0.421875 0.45 0.4253472222222222 0.45123456790123456 0.4293402777777778 0.45 0.42951388888888886 0.4385802469135803 0.4267361111111111 0.4314814814814815 0.4215277777777778 0.429320987654321 0.4170138888888889 0.4324074074074074 0.41510416666666666 0.4367283950617284 0.4149305555555556 0.4395061728395062 0.4137152777777778 0.4422839506172839
5 0 0.9311728395061728 0 0.9910493827160494 0.0020833333333333333 0.9910493827160494 0.002951388888888889 0.9925925925925926 0.005034722222222222 0.9938271604938271 0.008680555555555556 0.9938271604938271 0.012847222222222222 0.9959876543209876 0.020833333333333332 0.9959876543209876 0.05503472222222222 0.9929012345679012 0.06336805555555555 0.9904320987654321 0.06840277777777777 0.9858024691358025 0.07152777777777777 0.9842592592592593 0.07326388888888889 0.9811728395061728 0.07586805555555555 0.9787037037037037 0.0795138888888889 0.9719135802469135 0.08177083333333332 0.9703703703703703 0.0828125 0.9675925925925926 0.0890625 0.9608024691358025 0.09409722222222222 0.9490740740740741 0.0998263888888889 0.9385802469135802 0.103125 0.9259259259259259 0.1079861111111111 0.9154320987654321 0.11006944444444444 0.9126543209876543 0.11232638888888889 0.907716049382716 0.11666666666666667 0.9024691358024691 0.11909722222222222 0.8975308641975309 0.11996527777777777 0.8941358024691358 0.12291666666666667 0.8910493827160494 0.12413194444444445 0.8873456790123456 0.1282986111111111 0.8814814814814815 0.13315972222222222 0.8725308641975309 0.13420138888888888 0.8719135802469137 0.14288194444444444 0.8592592592592593 0.14791666666666667 0.8540123456790124 0.1486111111111111 0.8527777777777777 0.1486111111111111 0.8487654320987654 0.14635416666666665 0.8441358024691359 0.14461805555555554 0.8385802469135802 0.14305555555555555 0.8364197530864197 0.14131944444444444 0.8351851851851853 0.12482638888888888 0.8311728395061728 0.11527777777777777 0.8311728395061728 0.11180555555555555 0.832716049382716 0.09184027777777777 0.8342592592592593 0.08559027777777778 0.8379629629629629 0.056944444444444436 0.8407407407407407 0.05434027777777777 0.8459876543209875 0.04618055555555555 0.8546296296296296 0.04461805555555555 0.857716049382716 0.041319444444444436 0.8611111111111112 0.03732638888888889 0.8679012345679012 0.032812499999999994 0.8728395061728395 0.03020833333333333 0.8777777777777778 0.028125 0.8799382716049382 0.02673611111111111 0.8839506172839506 0.0234375 0.8885802469135803 0.020659722222222218 0.895679012345679 0.01892361111111111 0.8984567901234568 0.018229166666666668 0.9012345679012346 0.002951388888888889 0.9256172839506173 0.0020833333333333333 0.9308641975308641 0 0.9311728395061728
1 0.8677083333333333 0.5947530864197531 0.8682291666666666 0.6021604938271605 0.8689236111111112 0.6037037037037037 0.8711805555555555 0.6061728395061728 0.8770833333333333 0.6101851851851853 0.8819444444444444 0.6117283950617284 0.8880208333333334 0.6182098765432099 0.8897569444444444 0.6216049382716049 0.8909722222222222 0.6320987654320988 0.9015624999999999 0.6308641975308641 0.9036458333333334 0.6317901234567901 0.9147569444444444 0.6320987654320988 0.9185763888888888 0.6339506172839506 0.9222222222222222 0.6339506172839506 0.9274305555555555 0.6314814814814815 0.9288194444444444 0.6296296296296297 0.9291666666666666 0.6157407407407407 0.928298611111111 0.6111111111111112 0.9239583333333333 0.6052469135802468 0.9190972222222222 0.5947530864197531 0.912673611111111 0.5885802469135802 0.9088541666666666 0.5864197530864198 0.8963541666666666 0.5830246913580247 0.8942708333333333 0.5811728395061728 0.8909722222222222 0.5799382716049383 0.8791666666666667 0.5811728395061728 0.8671875 0.5882716049382716 0.8670138888888889 0.5919753086419752 0.8677083333333333 0.5947530864197531
1 0.8557291666666667 0.5750000000000001 0.8569444444444444 0.5780864197530864 0.8586805555555556 0.5802469135802469 0.8612847222222222 0.5802469135802469 0.8659722222222221 0.5771604938271605 0.8730902777777778 0.5796296296296296 0.8751736111111111 0.5780864197530864 0.8734375 0.566358024691358 0.8732638888888888 0.5435185185185185 0.8697916666666666 0.5441358024691358 0.8621527777777778 0.5484567901234568 0.8592013888888889 0.5487654320987654 0.85625 0.5509259259259259 0.8550347222222222 0.554320987654321 0.8545138888888888 0.5611111111111111 0.8557291666666667 0.5750000000000001
1 0.4913194444444444 0.6070987654320987 0.49322916666666666 0.6203703703703703 0.4947916666666667 0.6253086419753087 0.4982638888888889 0.6262345679012346 0.4993055555555555 0.6246913580246913 0.5034722222222222 0.6234567901234568 0.5145833333333333 0.6234567901234568 0.5204861111111111 0.6246913580246913 0.5225694444444444 0.6271604938271605 0.5260416666666666 0.6271604938271605 0.5260416666666666 0.5969135802469135 0.5236111111111111 0.5888888888888889 0.5236111111111111 0.5839506172839506 0.5241319444444444 0.5817901234567902 0.5236111111111111 0.5808641975308642 0.5215277777777777 0.5796296296296296 0.5171874999999999 0.5743827160493827 0.5060763888888888 0.5725308641975309 0.5003472222222223 0.5725308641975309 0.4975694444444444 0.5734567901234567 0.4909722222222222 0.5811728395061728 0.4907986111111111 0.5978395061728394 0.4913194444444444 0.6070987654320987
1 0.24131944444444445 0.721604938271605 0.2420138888888889 0.7299382716049382 0.24322916666666666 0.7351851851851853 0.2454861111111111 0.7395061728395061 0.2486111111111111 0.7398148148148148 0.2517361111111111 0.7367283950617284 0.26145833333333335 0.7367283950617284 0.27291666666666664 0.7388888888888888 0.2755208333333333 0.7367283950617284 0.2796875 0.7364197530864197 0.2835069444444444 0.7404320987654321 0.28680555555555554 0.7416666666666666 0.2892361111111111 0.7385802469135803 0.2911458333333333 0.7342592592592593 0.2923611111111111 0.7262345679012346 0.29461805555555554 0.7200617283950618 0.3043402777777778 0.7064814814814815 0.3059027777777778 0.700925925925926 0.3071180555555555 0.6929012345679012 0.3065972222222222 0.6780864197530865 0.3059027777777778 0.675 0.3041666666666667 0.6719135802469135 0.2998263888888889 0.6691358024691358 0.2939236111111111 0.6620370370370371 0.2904513888888889 0.6601851851851852 0.2748263888888889 0.6586419753086419 0.26857638888888885 0.6589506172839507 0.26249999999999996 0.6611111111111112 0.25902777777777775 0.6660493827160494 0.25711805555555556 0.6675925925925925 0.2484375 0.6891975308641975 0.2439236111111111 0.6962962962962963 0.2420138888888889 0.7027777777777778 0.24149305555555556 0.7098765432098766 0.24184027777777775 0.7175925925925926 0.24131944444444445 0.721604938271605
1 0.4756944444444444 0.42098765432098767 0.4822916666666667 0.42160493827160495 0.48420138888888886 0.42098765432098767 0.4845486111111111 0.42006172839506173 0.4850694444444444 0.4138888888888889 0.4845486111111111 0.41018518518518515 0.4829861111111111 0.40802469135802466 0.4769097222222222 0.4074074074074074 0.47465277777777776 0.41018518518518515 0.4744791666666667 0.4188271604938272 0.4756944444444444 0.42098765432098767
1 0.4350694444444444 0.4435185185185185 0.4425347222222222 0.44290123456790126 0.4465277777777778 0.4450617283950617 0.4482638888888889 0.4475308641975309 0.4496527777777778 0.4521604938271605 0.4505208333333333 0.44537037037037036 0.4532986111111111 0.4391975308641975 0.4539930555555556 0.43580246913580245 0.44947916666666665 0.4354938271604938 0.4454861111111111 0.4330246913580247 0.44027777777777777 0.4330246913580247 0.4362847222222222 0.43580246913580245 0.4348958333333333 0.4395061728395062 0.434375 0.4425925925925926 0.4350694444444444 0.4435185185185185
4 0.4967013888888889 0.4537037037037037 0.4972222222222222 0.45648148148148143 0.49809027777777776 0.4574074074074074 0.5057291666666667 0.45679012345679015 0.5090277777777777 0.4580246913580247 0.5111111111111111 0.45 0.5109374999999999 0.4422839506172839 0.5114583333333333 0.43765432098765433 0.5102430555555555 0.433641975308642 0.5085069444444444 0.4314814814814815 0.5032986111111111 0.4305555555555556 0.4987847222222222 0.43209876543209874 0.4973958333333333 0.4354938271604938 0.4967013888888889 0.44537037037037036 0.4967013888888889 0.4537037037037037
1 0.37048611111111107 0.7376543209876544 0.3697916666666667 0.7367283950617284 0.3694444444444444 0.7376543209876544 0.37048611111111107 0.7376543209876544
1 0.371875 0.7256172839506172 0.3732638888888889 0.7290123456790124 0.3744791666666667 0.7243827160493828 0.3744791666666667 0.721604938271605 0.3736111111111111 0.7200617283950618 0.3725694444444444 0.7209876543209875 0.371875 0.7228395061728394 0.371875 0.7256172839506172
1 0.3614583333333333 0.6503086419753087 0.3614583333333333 0.6549382716049382 0.3623263888888889 0.6564814814814816 0.3741319444444444 0.6598765432098765 0.3802083333333333 0.6638888888888889 0.38437499999999997 0.6641975308641975 0.39218749999999997 0.6629629629629629 0.3975694444444444 0.6638888888888889 0.4006944444444444 0.6669753086419753 0.4046875 0.6669753086419753 0.4059027777777778 0.6648148148148147 0.40607638888888886 0.649074074074074 0.4065972222222222 0.644753086419753 0.4097222222222222 0.6385802469135803 0.4112847222222222 0.637037037037037 0.4118055555555556 0.6339506172839506 0.4119791666666667 0.6135802469135803 0.4126736111111111 0.6030864197530863 0.4118055555555556 0.6003086419753086 0.41041666666666665 0.5996913580246913 0.40781249999999997 0.5950617283950618 0.4048611111111111 0.5944444444444444 0.40121527777777777 0.5916666666666667 0.39444444444444443 0.5895061728395061 0.3800347222222222 0.5904320987654321 0.3767361111111111 0.5929012345679012 0.3734375 0.5978395061728394 0.3697916666666667 0.5990740740740741 0.36874999999999997 0.6003086419753086 0.3680555555555556 0.6021604938271605 0.3685763888888889 0.6114197530864197 0.3659722222222222 0.6191358024691357 0.3651041666666667 0.6240740740740741 0.3628472222222222 0.6296296296296297 0.36267361111111107 0.6379629629629631 0.3614583333333333 0.6503086419753087
4 0.4770833333333333 0.512962962962963 0.4814236111111111 0.5114197530864197 0.4916666666666667 0.5132716049382716 0.49496527777777777 0.5151234567901235 0.4965277777777778 0.5123456790123457 0.4970486111111111 0.5070987654320988 0.4965277777777778 0.48796296296296293 0.4947916666666667 0.4839506172839506 0.4899305555555556 0.48055555555555557 0.484375 0.4802469135802469 0.48125 0.4817901234567901 0.47760416666666666 0.48796296296296293 0.47638888888888886 0.5024691358024691 0.4762152777777778 0.5089506172839506 0.4770833333333333 0.512962962962963
1 0.9675347222222221 0.44876543209876546 0.9774305555555556 0.45462962962962966 0.9798611111111112 0.4583333333333333 0.9807291666666667 0.4611111111111111 0.9842013888888889 0.46512345679012346 0.9880208333333333 0.46543209876543207 0.9885416666666667 0.4641975308641975 0.9909722222222221 0.46296296296296297 0.9998263888888889 0.4632716049382716 0.9998263888888889 0.4469135802469136 0.9980902777777778 0.4469135802469136 0.9960069444444444 0.4444444444444444 0.9932291666666666 0.44382716049382714 0.9880208333333333 0.44012345679012344 0.9845486111111111 0.4395061728395062 0.9793402777777778 0.44012345679012344 0.9668402777777778 0.4444444444444444 0.9663194444444444 0.4469135802469136 0.9675347222222221 0.44876543209876546
1 0.5432291666666667 0.42037037037037034 0.5449652777777777 0.4222222222222222 0.5501736111111111 0.42314814814814816 0.5529513888888888 0.4222222222222222 0.5545138888888889 0.41820987654320985 0.5541666666666666 0.4108024691358025 0.5505208333333333 0.40648148148148144 0.5449652777777777 0.40802469135802466 0.5432291666666667 0.41018518518518515 0.5425347222222222 0.412962962962963 0.5423611111111111 0.41574074074074074 0.5432291666666667 0.42037037037037034
1 0.41215277777777776 0.5740740740740741 0.4144097222222222 0.5780864197530864 0.4166666666666667 0.5780864197530864 0.421875 0.5759259259259258 0.4322916666666667 0.5753086419753086 0.4361111111111111 0.5762345679012346 0.43732638888888886 0.5780864197530864 0.4395833333333333 0.5793209876543209 0.440625 0.5780864197530864 0.4425347222222222 0.571604938271605 0.4425347222222222 0.5527777777777777 0.44149305555555557 0.5484567901234568 0.440625 0.5395061728395062 0.4399305555555555 0.5370370370370371 0.4361111111111111 0.5308641975308642 0.4322916666666667 0.528395061728395 0.4203125 0.5287037037037037 0.4175347222222222 0.5296296296296296 0.4140625 0.5370370370370371 0.4137152777777778 0.542283950617284 0.4114583333333333 0.5552469135802469 0.4109375 0.566358024691358 0.41215277777777776 0.5740740740740741
1 0.5779513888888889 0.4351851851851852 0.5855902777777777 0.43487654320987656 0.5885416666666666 0.43179012345679013 0.5887152777777778 0.4280864197530864 0.5878472222222222 0.42407407407407405 0.5866319444444444 0.42160493827160495 0.5842013888888888 0.4197530864197531 0.5814236111111111 0.41851851851851857 0.5779513888888889 0.4194444444444444 0.5756944444444444 0.4256172839506173 0.5756944444444444 0.42962962962962964 0.5779513888888889 0.4351851851851852
1 0.4253472222222222 0.48117283950617284 0.4284722222222222 0.4864197530864197 0.43072916666666666 0.4854938271604938 0.4354166666666667 0.4854938271604938 0.4394097222222222 0.4867283950617284 0.4425347222222222 0.48117283950617284 0.4435763888888889 0.47716049382716047 0.4435763888888889 0.4722222222222222 0.4411458333333333 0.46234567901234563 0.4394097222222222 0.45925925925925926 0.4361111111111111 0.4580246913580247 0.4284722222222222 0.4583333333333333 0.42465277777777777 0.4635802469135802 0.4241319444444444 0.4694444444444445 0.4253472222222222 0.48117283950617284
1 0.3723958333333333 0.5950617283950618 0.37309027777777776 0.5975308641975309 0.3802083333333333 0.5901234567901235 0.3913194444444444 0.5891975308641976 0.4027777777777778 0.5925925925925926 0.4081597222222222 0.5987654320987654 0.41006944444444443 0.5962962962962963 0.4107638888888889 0.5774691358024692 0.4098958333333333 0.5725308641975309 0.4065972222222222 0.5648148148148148 0.40243055555555557 0.5608024691358025 0.3956597222222222 0.5592592592592592 0.3850694444444444 0.5595679012345679 0.38263888888888886 0.5608024691358025 0.3767361111111111 0.5719135802469135 0.3763888888888889 0.5787037037037037 0.3737847222222222 0.5842592592592593 0.37309027777777776 0.5873456790123457 0.37309027777777776 0.592283950617284 0.3723958333333333 0.5950617283950618
1 0.6953125 0.4941358024691358 0.7015625 0.49537037037037035 0.7065972222222222 0.4996913580246914 0.709548611111111 0.49845679012345684 0.7220486111111112 0.49938271604938267 0.723611111111111 0.49907407407407406 0.7243055555555555 0.49691358024691357 0.7244791666666666 0.48796296296296293 0.723611111111111 0.4817901234567901 0.7206597222222222 0.47716049382716047 0.7159722222222222 0.47314814814814815 0.7100694444444444 0.4719135802469136 0.7029513888888889 0.47314814814814815 0.6958333333333333 0.47962962962962963 0.6946180555555556 0.48487654320987655 0.6940972222222221 0.4916666666666667 0.6953125 0.4941358024691358
1 0.5065972222222223 0.42962962962962964 0.5104166666666666 0.4333333333333333 0.5119791666666667 0.43703703703703706 0.5180555555555555 0.4361111111111111 0.5187499999999999 0.4351851851851852 0.5184027777777778 0.425 0.5180555555555555 0.4228395061728395 0.5164930555555556 0.4197530864197531 0.5119791666666667 0.4175925925925926 0.5078125 0.4197530864197531 0.5065972222222223 0.42191358024691356 0.5059027777777777 0.425 0.5065972222222223 0.42962962962962964
1 0.43072916666666666 0.6179012345679012 0.4322916666666667 0.6256172839506172 0.4331597222222222 0.6348765432098765 0.4342013888888889 0.6379629629629631 0.4361111111111111 0.6391975308641975 0.44166666666666665 0.6351851851851852 0.4472222222222222 0.6351851851851852 0.4524305555555555 0.637037037037037 0.4600694444444444 0.6379629629629631 0.4612847222222222 0.6410493827160494 0.4645833333333333 0.6410493827160494 0.4664930555555556 0.6348765432098765 0.4671875 0.628395061728395 0.4670138888888889 0.6098765432098765 0.4654513888888889 0.6058641975308642 0.46475694444444443 0.5987654320987654 0.4633680555555555 0.595679012345679 0.4654513888888889 0.5919753086419752 0.4652777777777778 0.5885802469135802 0.4626736111111111 0.5879629629629629 0.4612847222222222 0.5864197530864198 0.4600694444444444 0.5833333333333334 0.4574652777777778 0.5811728395061728 0.4409722222222222 0.5805555555555555 0.4392361111111111 0.5808641975308642 0.43559027777777776 0.5842592592592593 0.4333333333333333 0.5879629629629629 0.43246527777777777 0.5882716049382716 0.4314236111111111 0.5907407407407407 0.43072916666666666 0.5944444444444444 0.43072916666666666 0.6179012345679012
1 0.9512152777777778 0.47345679012345676 0.9600694444444444 0.47716049382716047 0.9649305555555555 0.48209876543209873 0.9690972222222222 0.4842592592592592 0.9789930555555556 0.48456790123456794 0.9817708333333334 0.48148148148148145 0.982986111111111 0.48117283950617284 0.9798611111111112 0.4777777777777778 0.9786458333333333 0.4743827160493827 0.9779513888888888 0.4697530864197531 0.9763888888888889 0.4679012345679012 0.9701388888888888 0.46728395061728395 0.9671875 0.46574074074074073 0.9597222222222221 0.46574074074074073 0.9574652777777778 0.4641975308641975 0.953125 0.4641975308641975 0.9506944444444444 0.4666666666666667 0.95 0.46882716049382717 0.9498263888888888 0.47129629629629627 0.9512152777777778 0.47345679012345676
1 0.6885416666666666 0.4669753086419753 0.6911458333333333 0.46851851851851856 0.6958333333333333 0.47345679012345676 0.6996527777777778 0.4743827160493827 0.7041666666666666 0.4719135802469136 0.7100694444444444 0.47129629629629627 0.7116319444444444 0.4675925925925926 0.7116319444444444 0.4527777777777778 0.7104166666666666 0.4506172839506173 0.7081597222222222 0.4493827160493827 0.7029513888888889 0.44814814814814813 0.6953125 0.44969135802469135 0.6916666666666667 0.4524691358024691 0.6885416666666666 0.45709876543209876 0.6880208333333333 0.45925925925925926 0.6875 0.4638888888888889 0.6885416666666666 0.4669753086419753
1 0.8939236111111112 0.46049382716049386 0.8986111111111111 0.4611111111111111 0.9013888888888888 0.4638888888888889 0.9041666666666666 0.46512345679012346 0.9123263888888888 0.46543209876543207 0.9142361111111111 0.46481481481481485 0.9149305555555556 0.4632716049382716 0.9149305555555556 0.45987654320987653 0.9142361111111111 0.45679012345679015 0.9102430555555555 0.4537037037037037 0.9081597222222222 0.4506172839506173 0.9046875 0.44845679012345674 0.8975694444444444 0.4472222222222222 0.8946180555555555 0.44382716049382714 0.8940972222222222 0.44382716049382714 0.8934027777777778 0.4475308641975309 0.8928819444444444 0.45679012345679015 0.8939236111111112 0.46049382716049386
1 0.9631944444444444 0.9459876543209877 0.9647569444444444 0.9484567901234568 0.9659722222222222 0.9524691358024691 0.9668402777777778 0.9595679012345678 0.9678819444444444 0.9620370370370369 0.9697916666666666 0.970679012345679 0.9746527777777778 0.9777777777777777 0.9800347222222222 0.9799382716049382 0.9862847222222222 0.979320987654321 0.9913194444444444 0.983641975308642 0.9947916666666666 0.9885802469135803 0.9979166666666666 0.9904320987654321 0.9998263888888889 0.9904320987654321 0.9998263888888889 0.9046296296296297 0.9953124999999999 0.9037037037037037 0.9840277777777777 0.9037037037037037 0.9715277777777778 0.907716049382716 0.9663194444444444 0.9120370370370371 0.9638888888888888 0.9197530864197531 0.9631944444444444 0.9246913580246913 0.9619791666666666 0.9398148148148148 0.9631944444444444 0.9459876543209877
1 0.5201388888888888 0.4959876543209876 0.5210069444444444 0.5089506172839506 0.5225694444444444 0.5123456790123457 0.5262152777777778 0.512962962962963 0.5293402777777777 0.5108024691358024 0.5343749999999999 0.5108024691358024 0.5362847222222222 0.5114197530864197 0.5395833333333333 0.5145061728395062 0.5414930555555555 0.512962962962963 0.5414930555555555 0.495679012345679 0.5402777777777777 0.49104938271604937 0.5373263888888888 0.48456790123456794 0.5333333333333333 0.48271604938271606 0.5256944444444445 0.48271604938271606 0.5222222222222223 0.48703703703703705 0.5201388888888888 0.491358024691358 0.5201388888888888 0.4959876543209876
1 0.7671875 0.5194444444444445 0.7725694444444444 0.5225308641975308 0.7767361111111112 0.5231481481481481 0.7784722222222222 0.5256172839506172 0.779861111111111 0.529320987654321 0.7810763888888889 0.5299382716049382 0.7836805555555556 0.5299382716049382 0.7864583333333334 0.5271604938271605 0.790625 0.5271604938271605 0.7963541666666666 0.528395061728395 0.7998263888888888 0.5314814814814814 0.801736111111111 0.5311728395061729 0.8036458333333334 0.5290123456790123 0.8038194444444444 0.5274691358024691 0.8048611111111111 0.5259259259259259 0.8059027777777777 0.5172839506172839 0.8048611111111111 0.5123456790123457 0.8027777777777778 0.5101851851851852 0.8008680555555555 0.5067901234567901 0.8005208333333333 0.5049382716049382 0.7996527777777778 0.5046296296296297 0.7975694444444444 0.5009259259259259 0.7918402777777778 0.4978395061728395 0.7776041666666667 0.4978395061728395 0.7727430555555556 0.5009259259259259 0.7706597222222222 0.5037037037037037 0.7685763888888888 0.5049382716049382 0.7664930555555556 0.5089506172839506 0.7661458333333333 0.512962962962963 0.7671875 0.5194444444444445
1 0.6243055555555556 0.5246913580246914 0.6263888888888888 0.5268518518518518 0.6289930555555555 0.5259259259259259 0.634375 0.5259259259259259 0.6444444444444444 0.5268518518518518 0.6479166666666666 0.528395061728395 0.6503472222222222 0.5262345679012346 0.6515624999999999 0.5225308641975308 0.6508680555555556 0.5138888888888888 0.6491319444444444 0.5074074074074074 0.6479166666666666 0.5052469135802469 0.6453125 0.5037037037037037 0.6442708333333333 0.5018518518518518 0.6342013888888888 0.5006172839506172 0.6276041666666666 0.5018518518518518 0.6248263888888889 0.5049382716049382 0.6246527777777777 0.5080246913580247 0.623611111111111 0.5117283950617284 0.623611111111111 0.5228395061728395 0.6243055555555556 0.5246913580246914
1 0.5798611111111112 0.4638888888888889 0.5807291666666666 0.46543209876543207 0.5810763888888888 0.4703703703703703 0.5833333333333334 0.4743827160493827 0.5932291666666666 0.4743827160493827 0.5987847222222222 0.4725308641975308 0.6 0.47067901234567905 0.5998263888888888 0.45339506172839505 0.5956597222222222 0.44969135802469135 0.5892361111111111 0.44845679012345674 0.5838541666666667 0.4527777777777778 0.5807291666666666 0.4583333333333333 0.5798611111111112 0.4601851851851852 0.5798611111111112 0.4638888888888889
1 0.4585069444444444 0.42839506172839503 0.45902777777777776 0.42962962962962964 0.4604166666666667 0.42993827160493825 0.4635416666666667 0.4280864197530864 0.4661458333333333 0.42962962962962964 0.4706597222222222 0.42993827160493825 0.4711805555555555 0.42901234567901236 0.471875 0.42160493827160495 0.4690972222222222 0.4166666666666667 0.4635416666666667 0.4154320987654321 0.46076388888888886 0.4175925925925926 0.4597222222222222 0.4197530864197531 0.459375 0.4256172839506173 0.4585069444444444 0.42839506172839503
1 0.9522569444444444 0.4725308641975308 0.959548611111111 0.475 0.9654513888888888 0.4808641975308642 0.9684027777777777 0.48209876543209873 0.975173611111111 0.4833333333333333 0.9845486111111111 0.4824074074074074 0.9857638888888888 0.4808641975308642 0.9868055555555556 0.4759259259259259 0.9864583333333333 0.4697530864197531 0.9845486111111111 0.4666666666666667 0.98125 0.4641975308641975 0.9789930555555556 0.4583333333333333 0.9777777777777777 0.45709876543209876 0.9734375 0.4558641975308642 0.9706597222222222 0.45339506172839505 0.9678819444444444 0.45462962962962966 0.9597222222222221 0.45401234567901233 0.9586805555555555 0.4555555555555556 0.9565972222222222 0.4561728395061728 0.9548611111111112 0.4583333333333333 0.9512152777777778 0.46728395061728395 0.9506944444444444 0.47067901234567905 0.9522569444444444 0.4725308641975308
5 0.7510416666666666 0.700925925925926 0.7526041666666666 0.7030864197530865 0.7597222222222222 0.7089506172839506 0.765625 0.717283950617284 0.7668402777777777 0.7175925925925926 0.7690972222222222 0.721604938271605 0.7701388888888888 0.7219135802469135 0.772048611111111 0.7253086419753086 0.7734375 0.7311728395061728 0.7760416666666666 0.7373456790123456 0.7796875 0.7388888888888888 0.7833333333333333 0.7364197530864197 0.7899305555555556 0.7395061728395061 0.7934027777777778 0.7395061728395061 0.8001736111111112 0.7364197530864197 0.8177083333333334 0.7373456790123456 0.8211805555555556 0.7388888888888888 0.8246527777777778 0.7385802469135803 0.825173611111111 0.7376543209876544 0.825173611111111 0.7157407407407407 0.8246527777777778 0.7111111111111111 0.8227430555555556 0.7040123456790123 0.8215277777777777 0.7006172839506173 0.8164930555555555 0.6925925925925925 0.8140625 0.6858024691358025 0.8098958333333334 0.678395061728395 0.8072916666666666 0.674074074074074 0.803125 0.6703703703703704 0.7993055555555556 0.6645061728395062 0.795486111111111 0.6629629629629629 0.7784722222222222 0.6632716049382715 0.7725694444444444 0.6654320987654321 0.7654513888888889 0.6663580246913581 0.7616319444444444 0.6691358024691358 0.7545138888888888 0.6719135802469135 0.7529513888888888 0.6737654320987654 0.7517361111111112 0.6762345679012346 0.7505208333333333 0.6851851851851852 0.75 0.696604938271605 0.7510416666666666 0.700925925925926
1 0.5394097222222222 0.5601851851851852 0.5404513888888889 0.5641975308641975 0.5435763888888888 0.566358024691358 0.5456597222222223 0.5626543209876543 0.546875 0.562037037037037 0.5550347222222222 0.5623456790123457 0.5595486111111111 0.5645061728395062 0.5623263888888889 0.5685185185185185 0.5640624999999999 0.5697530864197531 0.5663194444444444 0.5679012345679012 0.5673611111111111 0.5645061728395062 0.5677083333333334 0.5601851851851852 0.5677083333333334 0.5432098765432098 0.5673611111111111 0.5401234567901235 0.5657986111111111 0.5367283950617284 0.5649305555555555 0.5308641975308642 0.5637152777777777 0.5277777777777778 0.5619791666666666 0.5256172839506172 0.5600694444444444 0.5249999999999999 0.5579861111111111 0.5222222222222223 0.5560763888888889 0.5212962962962963 0.5453125 0.5200617283950617 0.5432291666666667 0.520679012345679 0.5390625 0.5243827160493827 0.5364583333333334 0.5305555555555556 0.5364583333333334 0.5549382716049382 0.5394097222222222 0.5601851851851852
1 0.5119791666666667 0.4780864197530864 0.5149305555555556 0.47901234567901235 0.5206597222222222 0.4787037037037037 0.5255208333333333 0.4802469135802469 0.5270833333333333 0.4787037037037037 0.5279513888888888 0.4743827160493827 0.5277777777777778 0.4608024691358025 0.5270833333333333 0.45493827160493827 0.5258680555555555 0.45154320987654323 0.5196180555555555 0.44907407407407407 0.5144097222222223 0.44969135802469135 0.5125000000000001 0.45185185185185184 0.5107638888888889 0.4580246913580247 0.5105902777777778 0.47345679012345676 0.5119791666666667 0.4780864197530864
1 0.9420138888888888 0.4493827160493827 0.9432291666666666 0.4506172839506173 0.9458333333333333 0.4574074074074074 0.9527777777777777 0.4580246913580247 0.9564236111111112 0.45648148148148143 0.9604166666666666 0.45339506172839505 0.9645833333333333 0.4450617283950617 0.9640624999999999 0.4422839506172839 0.9605902777777777 0.4388888888888889 0.9560763888888888 0.4385802469135803 0.9482638888888888 0.44012345679012344 0.9453125 0.4422839506172839 0.9434027777777778 0.44598765432098764 0.9427083333333334 0.44876543209876546 0.9420138888888888 0.4493827160493827
1 0.484375 0.40771604938271605 0.48593749999999997 0.41512345679012347 0.48767361111111107 0.41604938271604935 0.4947916666666667 0.41604938271604935 0.49548611111111107 0.4148148148148148 0.49618055555555557 0.4046296296296297 0.4947916666666667 0.4006172839506173 0.48767361111111107 0.39845679012345675 0.4861111111111111 0.4012345679012346 0.4857638888888889 0.4049382716049383 0.484375 0.40771604938271605
1 0.4114583333333333 0.4435185185185185 0.4149305555555556 0.4441358024691358 0.41684027777777777 0.433641975308642 0.4185763888888889 0.42839506172839503 0.4171875 0.425 0.4152777777777778 0.42345679012345677 0.4125 0.425 0.4109375 0.4277777777777778 0.4107638888888889 0.4333333333333333 0.4114583333333333 0.4435185185185185
1 0.6170138888888889 0.4530864197530864 0.61875 0.45432098765432094 0.6307291666666666 0.45679012345679015 0.6322916666666666 0.4555555555555556 0.6329861111111111 0.4537037037037037 0.6322916666666666 0.4422839506172839 0.6302083333333334 0.4367283950617284 0.6260416666666666 0.43580246913580245 0.6201388888888888 0.43796296296296294 0.6171875 0.4419753086419753 0.6164930555555556 0.4450617283950617 0.6163194444444444 0.4493827160493827 0.6170138888888889 0.4530864197530864
1 0.5744791666666667 0.6959876543209877 0.5793402777777777 0.7 0.5826388888888888 0.7061728395061728 0.584375 0.7132716049382716 0.5847222222222223 0.725925925925926 0.5859375 0.7287037037037037 0.5895833333333333 0.7299382716049382 0.5928819444444444 0.7280864197530863 0.5970486111111112 0.7277777777777777 0.6145833333333334 0.7302469135802468 0.6246527777777777 0.7290123456790124 0.6265625 0.729320987654321 0.6272569444444444 0.7308641975308642 0.6300347222222222 0.7333333333333334 0.6317708333333334 0.7308641975308642 0.6329861111111111 0.721604938271605 0.6329861111111111 0.7120370370370371 0.6322916666666666 0.6996913580246913 0.6310763888888888 0.6916666666666667 0.6263888888888888 0.682716049382716 0.6232638888888888 0.667283950617284 0.6203124999999999 0.6586419753086419 0.6178819444444444 0.6546296296296297 0.6130208333333333 0.6515432098765431 0.6010416666666666 0.6503086419753087 0.5857638888888889 0.6506172839506172 0.5802083333333333 0.6574074074074074 0.5777777777777777 0.6580246913580247 0.5756944444444444 0.6601851851851852 0.5744791666666667 0.6629629629629629 0.5736111111111111 0.667283950617284 0.5732638888888888 0.6913580246913581 0.5744791666666667 0.6959876543209877
1 0.6524305555555555 0.5194444444444445 0.6543402777777778 0.5225308641975308 0.6560763888888889 0.5231481481481481 0.6604166666666667 0.5271604938271605 0.6630208333333334 0.5271604938271605 0.6651041666666666 0.5253086419753087 0.6673611111111112 0.5246913580246914 0.6791666666666666 0.5268518518518518 0.6809027777777777 0.5253086419753087 0.6821180555555556 0.5228395061728395 0.6821180555555556 0.5104938271604939 0.6809027777777777 0.5040123456790123 0.6795138888888889 0.5009259259259259 0.6755208333333333 0.4978395061728395 0.6727430555555556 0.49660493827160496 0.6680555555555555 0.4962962962962963 0.6647569444444444 0.49320987654320986 0.6609375 0.4922839506172839 0.6579861111111112 0.49351851851851847 0.6543402777777778 0.4978395061728395 0.6519097222222222 0.5058641975308642 0.6517361111111112 0.5141975308641975 0.6524305555555555 0.5194444444444445
1 0.5552083333333333 0.4354938271604938 0.5569444444444445 0.43703703703703706 0.5616319444444444 0.43703703703703706 0.5652777777777778 0.4256172839506173 0.5649305555555555 0.42191358024691356 0.5607638888888888 0.4175925925925926 0.5572916666666666 0.4175925925925926 0.5534722222222223 0.4225308641975309 0.5534722222222223 0.42993827160493825 0.5552083333333333 0.4354938271604938
1 0.3217013888888889 0.7376543209876544 0.3237847222222222 0.7462962962962962 0.32447916666666665 0.7481481481481481 0.3256944444444444 0.7490740740740741 0.3282986111111111 0.7493827160493828 0.3338541666666667 0.7462962962962962 0.33697916666666666 0.7459876543209876 0.3498263888888889 0.7459876543209876 0.35434027777777777 0.7469135802469137 0.3588541666666667 0.7447530864197531 0.3628472222222222 0.7407407407407407 0.37048611111111107 0.7398148148148148 0.3732638888888889 0.7385802469135803 0.3739583333333333 0.7376543209876544 0.3736111111111111 0.733641975308642 0.3753472222222222 0.7268518518518519 0.37777777777777777 0.7209876543209875 0.3840277777777778 0.7104938271604938 0.38437499999999997 0.703395061728395 0.3864583333333333 0.6864197530864197 0.3859375 0.68179012345679 0.3864583333333333 0.675 0.38559027777777777 0.6719135802469135 0.3817708333333333 0.6663580246913581 0.3732638888888889 0.6589506172839507 0.3668402777777778 0.6574074074074074 0.3451388888888889 0.657716049382716 0.3413194444444444 0.6589506172839507 0.3388888888888889 0.6611111111111112 0.3352430555555555 0.6675925925925925 0.3331597222222222 0.6746913580246913 0.33090277777777777 0.678395061728395 0.3295138888888889 0.6839506172839506 0.3256944444444444 0.692283950617284 0.3255208333333333 0.7 0.3237847222222222 0.7061728395061728 0.3237847222222222 0.7117283950617284 0.3220486111111111 0.7222222222222222 0.32135416666666666 0.7305555555555556 0.3217013888888889 0.7376543209876544
1 0.4600694444444444 0.779320987654321 0.4600694444444444 0.7814814814814816 0.4605902777777778 0.7830246913580247 0.46076388888888886 0.7953703703703704 0.4612847222222222 0.7984567901234568 0.4609375 0.8114197530864197 0.4618055555555556 0.8169753086419753 0.4618055555555556 0.8240740740740741 0.4626736111111111 0.8330246913580247 0.4635416666666667 0.8391975308641975 0.46475694444444443 0.842283950617284 0.465625 0.8493827160493828 0.4680555555555555 0.858641975308642 0.4680555555555555 0.8669753086419753 0.46684027777777776 0.8722222222222222 0.46684027777777776 0.8765432098765432 0.4680555555555555 0.882716049382716 0.47031249999999997 0.8851851851851852 0.4739583333333333 0.8851851851851852 0.4815972222222222 0.8820987654320988 0.4852430555555556 0.8817901234567901 0.5027777777777778 0.8817901234567901 0.5081597222222223 0.8808641975308641 0.5135416666666667 0.8814814814814815 0.5157986111111111 0.8805555555555555 0.5197916666666667 0.8839506172839506 0.5230902777777777 0.8842592592592593 0.5260416666666666 0.882716049382716 0.5277777777777778 0.8771604938271605 0.5279513888888888 0.8657407407407407 0.5284722222222222 0.8623456790123456 0.5282986111111111 0.8425925925925926 0.5274305555555555 0.8398148148148148 0.5265624999999999 0.832716049382716 0.5260416666666666 0.8182098765432099 0.5249999999999999 0.8157407407407407 0.5223958333333333 0.8043209876543209 0.5196180555555555 0.7984567901234568 0.5182291666666666 0.7888888888888889 0.5184027777777778 0.7851851851851852 0.5206597222222222 0.7833333333333333 0.521875 0.7811728395061728 0.5220486111111111 0.779320987654321 0.5192708333333333 0.7756172839506172 0.5154513888888889 0.7753086419753087 0.5123263888888888 0.7688271604938272 0.5039930555555555 0.7648148148148147 0.4973958333333333 0.7638888888888888 0.4819444444444444 0.7638888888888888 0.47031249999999997 0.766358024691358 0.4663194444444444 0.7691358024691358 0.4628472222222222 0.7762345679012346 0.4600694444444444 0.779320987654321
1 0.4348958333333333 0.4595679012345679 0.4364583333333333 0.45987654320987653 0.43906249999999997 0.4635802469135802 0.4397569444444444 0.466358024691358 0.44131944444444443 0.4691358024691358 0.4430555555555556 0.4697530864197531 0.4440972222222222 0.47160493827160493 0.4467013888888889 0.47160493827160493 0.4489583333333333 0.46728395061728395 0.4496527777777778 0.4638888888888889 0.44913194444444443 0.45679012345679015 0.4496527777777778 0.4493827160493827 0.4473958333333333 0.4444444444444444 0.4435763888888889 0.44320987654320987 0.4361111111111111 0.44290123456790126 0.43385416666666665 0.44598765432098764 0.43350694444444443 0.44907407407407407 0.4319444444444444 0.4527777777777778 0.4317708333333333 0.45679012345679015 0.4348958333333333 0.4595679012345679
5 0.7331597222222221 0.508641975308642 0.7376736111111112 0.5108024691358024 0.7416666666666666 0.5111111111111111 0.7449652777777778 0.5135802469135803 0.7503472222222222 0.5237654320987654 0.7529513888888888 0.5268518518518518 0.7569444444444444 0.529320987654321 0.7586805555555556 0.5314814814814814 0.7623263888888888 0.5314814814814814 0.7638888888888888 0.5290123456790123 0.7645833333333334 0.5231481481481481 0.7638888888888888 0.5145061728395062 0.762673611111111 0.5111111111111111 0.7560763888888888 0.5009259259259259 0.7529513888888888 0.49938271604938267 0.7519097222222222 0.4978395061728395 0.7444444444444444 0.49660493827160496 0.7373263888888888 0.5 0.7357638888888888 0.5024691358024691 0.7336805555555556 0.5040123456790123 0.732986111111111 0.5049382716049382 0.7331597222222221 0.508641975308642
2 0.3178819444444444 0.7299382716049382 0.3211805555555556 0.7311728395061728 0.3215277777777778 0.7194444444444444 0.3204861111111111 0.7185185185185184 0.3211805555555556 0.717283950617284 0.3194444444444444 0.7194444444444444 0.3171875 0.720679012345679 0.31666666666666665 0.7243827160493828 0.3178819444444444 0.7299382716049382
2 0.30868055555555557 0.7052469135802469 0.3131944444444444 0.70679012345679 0.31649305555555557 0.7104938271604938 0.3197916666666667 0.7120370370370371 0.3208333333333333 0.7132716049382716 0.3211805555555556 0.716358024691358 0.3210069444444444 0.7132716049382716 0.3222222222222222 0.7098765432098766 0.3234375 0.6929012345679012 0.3234375 0.6845679012345679 0.3229166666666667 0.6814814814814815 0.3246527777777778 0.6790123456790123 0.3246527777777778 0.6773148148148148 0.3239583333333333 0.6762345679012346 0.3246527777777778 0.6756172839506173 0.3194444444444444 0.6753086419753087 0.3182291666666667 0.6725308641975308 0.3173611111111111 0.6645061728395062 0.315625 0.6623456790123456 0.3138888888888889 0.6620370370370371 0.3118055555555555 0.6641975308641975 0.3100694444444444 0.6685185185185185 0.3097222222222222 0.6734567901234568 0.3081597222222222 0.6780864197530865 0.30746527777777777 0.6836419753086419 0.3076388888888889 0.7037037037037037 0.30868055555555557 0.7052469135802469
2 0.2015625 0.6160493827160494 0.2019097222222222 0.6203703703703703 0.20381944444444444 0.6212962962962962 0.20677083333333335 0.6197530864197531 0.2074652777777778 0.6123456790123456 0.2074652777777778 0.6030864197530863 0.20694444444444443 0.5987654320987654 0.2059027777777778 0.595679012345679 0.20572916666666666 0.5885802469135802 0.20434027777777775 0.5830246913580247 0.2032986111111111 0.5811728395061728 0.2019097222222222 0.5820987654320988 0.19947916666666665 0.5861111111111111 0.19826388888888888 0.5916666666666667 0.19791666666666666 0.5962962962962963 0.196875 0.5996913580246913 0.1970486111111111 0.6058641975308642 0.2015625 0.6160493827160494
2 0.25190972222222224 0.637037037037037 0.253125 0.6358024691358025 0.25399305555555557 0.6324074074074074 0.2569444444444444 0.6271604938271605 0.25798611111111114 0.616358024691358 0.2557291666666667 0.6092592592592593 0.25555555555555554 0.6064814814814815 0.25190972222222224 0.6030864197530863 0.2505208333333333 0.6055555555555556 0.24965277777777775 0.6114197530864197 0.24809027777777778 0.6157407407407407 0.24809027777777778 0.6339506172839506 0.25190972222222224 0.637037037037037
2 0.5052083333333334 0.5101851851851852 0.5121527777777778 0.5046296296296297 0.5128472222222222 0.5015432098765432 0.5126736111111111 0.495679012345679 0.5092013888888889 0.4858024691358025 0.5086805555555556 0.4854938271604938 0.5071180555555556 0.48858024691358026 0.5041666666666667 0.4996913580246914 0.5041666666666667 0.5067901234567901 0.5052083333333334 0.5101851851851852
2 0.1828125 0.6231481481481481 0.18229166666666666 0.6225308641975309 0.18194444444444444 0.6231481481481481 0.1828125 0.6231481481481481
2 0.18489583333333334 0.6175925925925926 0.18368055555555554 0.6200617283950618 0.1842013888888889 0.6209876543209876 0.190625 0.6200617283950618 0.1935763888888889 0.6225308641975309 0.19618055555555555 0.6262345679012346 0.1996527777777778 0.6262345679012346 0.2015625 0.6231481481481481 0.2013888888888889 0.6182098765432099 0.1980902777777778 0.6074074074074074 0.19670138888888888 0.5981481481481481 0.1956597222222222 0.5962962962962963 0.19270833333333334 0.5864197530864198 0.18958333333333333 0.5842592592592593 0.18802083333333333 0.5851851851851851 0.18559027777777778 0.5987654320987654 0.1861111111111111 0.6126543209876544 0.18489583333333334 0.6175925925925926
2 0.2965277777777778 0.7592592592592593 0.2972222222222222 0.7657407407407407 0.2972222222222222 0.7731481481481481 0.2982638888888889 0.7756172839506172 0.2982638888888889 0.7802469135802469 0.2994791666666667 0.7842592592592593 0.3005208333333333 0.7854938271604938 0.30086805555555557 0.7830246913580247 0.3024305555555556 0.779320987654321 0.3020833333333333 0.7762345679012346 0.3026041666666667 0.7753086419753087 0.3038194444444444 0.774074074074074 0.30798611111111107 0.774074074074074 0.30885416666666665 0.7756172839506172 0.309375 0.7802469135802469 0.3118055555555555 0.7858024691358024 0.3116319444444444 0.7879629629629629 0.31059027777777776 0.7901234567901234 0.31059027777777776 0.796604938271605 0.31406249999999997 0.7950617283950616 0.31527777777777777 0.7901234567901234 0.3149305555555555 0.7787037037037037 0.3144097222222222 0.7743827160493827 0.3133680555555556 0.7725308641975309 0.3131944444444444 0.769753086419753 0.31232638888888886 0.7672839506172839 0.3119791666666667 0.7589506172839506 0.31232638888888886 0.7546296296296297 0.3144097222222222 0.7493827160493828 0.3145833333333333 0.7450617283950618 0.3119791666666667 0.7401234567901235 0.30868055555555557 0.7385802469135803 0.30746527777777777 0.7364197530864197 0.3067708333333333 0.7345679012345678 0.3065972222222222 0.725925925925926 0.3053819444444444 0.7228395061728394 0.3034722222222222 0.721604938271605 0.3003472222222222 0.7240740740740741 0.2998263888888889 0.7271604938271605 0.30017361111111107 0.7358024691358025 0.29965277777777777 0.7382716049382716 0.296875 0.7401234567901235 0.29322916666666665 0.7466049382716049 0.29322916666666665 0.7537037037037038 0.2965277777777778 0.7592592592592593
4 0.3182291666666667 0.8561728395061728 0.31840277777777776 0.8675925925925926 0.3190972222222222 0.8719135802469137 0.3203125 0.8740740740740741 0.3251736111111111 0.8756172839506172 0.33090277777777777 0.8808641975308641 0.33871527777777777 0.8808641975308641 0.34010416666666665 0.882716049382716 0.3425347222222222 0.8839506172839506 0.3541666666666667 0.8848765432098765 0.3774305555555555 0.8808641975308641 0.38263888888888886 0.8879629629629631 0.38663194444444443 0.8895061728395062 0.3902777777777778 0.8879629629629631 0.3918402777777778 0.883641975308642 0.39392361111111107 0.8731481481481481 0.3951388888888889 0.8490740740740741 0.3970486111111111 0.845679012345679 0.4015625 0.8419753086419753 0.40243055555555557 0.8385802469135802 0.4046875 0.8354938271604938 0.4088541666666667 0.8246913580246913 0.41024305555555557 0.8222222222222222 0.4123263888888889 0.820679012345679 0.4128472222222222 0.8191358024691359 0.41562499999999997 0.8175925925925925 0.4177083333333333 0.8135802469135802 0.4189236111111111 0.8092592592592593 0.4192708333333333 0.796604938271605 0.4197916666666667 0.7938271604938272 0.4196180555555556 0.7867283950617284 0.4208333333333333 0.7746913580246914 0.4196180555555556 0.7617283950617284 0.4177083333333333 0.7552469135802469 0.4152777777777778 0.7509259259259259 0.4092013888888889 0.7493827160493828 0.4074652777777778 0.7478395061728395 0.40173611111111107 0.7462962962962962 0.3986111111111111 0.7444444444444445 0.3899305555555555 0.7429012345679012 0.3864583333333333 0.741358024691358 0.3770833333333333 0.7401234567901235 0.36527777777777776 0.7410493827160494 0.3628472222222222 0.742283950617284 0.3581597222222222 0.7466049382716049 0.3519097222222222 0.7549382716049382 0.3491319444444444 0.7617283950617284 0.34704861111111107 0.7703703703703704 0.34375 0.7796296296296297 0.3434027777777778 0.7867283950617284 0.3361111111111111 0.7987654320987654 0.3347222222222222 0.8 0.3293402777777778 0.8101851851851852 0.3208333333333333 0.8222222222222222 0.3175347222222222 0.8342592592592593 0.3171875 0.8475308641975309 0.3182291666666667 0.8561728395061728
4 0.8142361111111112 0.6271604938271605 0.8175347222222222 0.6299382716049382 0.8206597222222222 0.6287037037037038 0.825173611111111 0.6287037037037038 0.8269097222222221 0.6305555555555555 0.8357638888888889 0.6351851851851852 0.8373263888888888 0.6367283950617284 0.8399305555555555 0.6478395061728395 0.8411458333333334 0.6509259259259259 0.8418402777777778 0.6521604938271606 0.8451388888888888 0.6540123456790122 0.8461805555555556 0.6540123456790122 0.8480902777777778 0.6518518518518519 0.8487847222222222 0.6469135802469135 0.8494791666666666 0.6459876543209876 0.8527777777777777 0.6453703703703704 0.8644097222222222 0.6466049382716049 0.8690972222222222 0.6481481481481481 0.8708333333333333 0.6496913580246914 0.8730902777777778 0.654320987654321 0.8769097222222222 0.6549382716049382 0.879861111111111 0.6518518518518519 0.8821180555555556 0.6459876543209876 0.8883680555555555 0.6410493827160494 0.8888888888888888 0.6385802469135803 0.8901041666666666 0.625 0.8885416666666666 0.6194444444444445 0.8845486111111112 0.6169753086419753 0.88125 0.612962962962963 0.871875 0.6074074074074074 0.86875 0.604320987654321 0.8675347222222222 0.6018518518518519 0.8666666666666666 0.5938271604938271 0.864236111111111 0.5882716049382716 0.8618055555555556 0.5864197530864198 0.8510416666666666 0.5839506172839506 0.8331597222222222 0.5842592592592593 0.8286458333333333 0.5864197530864198 0.8234374999999999 0.591358024691358 0.8177083333333334 0.5925925925925926 0.8145833333333333 0.5950617283950618 0.8135416666666666 0.6033950617283951 0.8133680555555556 0.6222222222222222 0.8142361111111112 0.6271604938271605
4 0.06944444444444445 0.9969135802469137 0.07256944444444444 0.9975308641975309 0.10277777777777777 0.9981481481481481 0.10868055555555554 0.9962962962962962 0.11319444444444444 0.9959876543209876 0.11597222222222223 0.9975308641975309 0.12239583333333333 0.9975308641975309 0.12343749999999999 0.9981481481481481 0.1236111111111111 0.9996913580246913 0.1722222222222222 0.9996913580246913 0.1722222222222222 0.9984567901234568 0.1734375 0.9975308641975309 0.1828125 0.9962962962962962 0.18437499999999998 0.9972222222222222 0.18958333333333333 0.9975308641975309 0.19045138888888888 0.9984567901234568 0.19045138888888888 0.9996913580246913 0.19322916666666665 0.9996913580246913 0.19375 0.9975308641975309 0.19600694444444444 0.9962962962962962 0.1998263888888889 0.9895061728395061 0.20104166666666665 0.9861111111111112 0.20451388888888888 0.9808641975308642 0.2081597222222222 0.9719135802469135 0.21041666666666664 0.9682098765432099 0.2125 0.9623456790123457 0.22065972222222222 0.9487654320987654 0.22395833333333334 0.9404320987654321 0.23229166666666665 0.9404320987654321 0.2347222222222222 0.9391975308641975 0.23802083333333335 0.9342592592592593 0.2392361111111111 0.9287037037037037 0.24010416666666665 0.9151234567901234 0.24114583333333334 0.9092592592592593 0.24166666666666664 0.8774691358024691 0.24131944444444445 0.8734567901234568 0.23802083333333335 0.857716049382716 0.23697916666666666 0.8558641975308642 0.23506944444444444 0.8490740740740741 0.2314236111111111 0.8447530864197531 0.2230902777777778 0.842283950617284 0.21163194444444444 0.841358024691358 0.19218749999999998 0.8416666666666667 0.18489583333333334 0.8429012345679012 0.1784722222222222 0.8450617283950618 0.1722222222222222 0.850925925925926 0.15538194444444445 0.8524691358024691 0.1482638888888889 0.8555555555555556 0.140625 0.8638888888888888 0.13836805555555556 0.8679012345679012 0.1362847222222222 0.8694444444444445 0.13541666666666666 0.8719135802469137 0.12916666666666665 0.8820987654320988 0.12812500000000002 0.8851851851851852 0.12343749999999999 0.8898148148148147 0.11805555555555555 0.9018518518518519 0.11631944444444445 0.9037037037037037 0.11215277777777777 0.9111111111111112 0.1109375 0.9157407407407407 0.10572916666666667 0.9256172839506173 0.10538194444444444 0.9299382716049384 0.10451388888888889 0.9314814814814815 0.10364583333333333 0.936111111111111 0.10208333333333333 0.9376543209876543 0.09739583333333332 0.9472222222222222 0.0953125 0.9493827160493827 0.0920138888888889 0.95679012345679 0.0890625 0.9611111111111111 0.0845486111111111 0.9654320987654321 0.07881944444444444 0.9768518518518519 0.07378472222222222 0.9839506172839506 0.0736111111111111 0.985185185185185 0.06909722222222221 0.992283950617284 0.06874999999999999 0.9953703703703703 0.06944444444444445 0.9969135802469137
4 0.6678819444444444 0.49691358024691357 0.6762152777777778 0.4996913580246914 0.6793402777777777 0.5021604938271605 0.6894097222222222 0.504320987654321 0.6913194444444444 0.5021604938271605 0.6927083333333334 0.4975308641975309 0.6927083333333334 0.48858024691358026 0.6911458333333333 0.483641975308642 0.6838541666666667 0.47716049382716047 0.6822916666666666 0.4737654320987654 0.6748263888888888 0.47160493827160493 0.6703125 0.4694444444444445 0.668923611111111 0.4679012345679012 0.6682291666666667 0.4679012345679012 0.6678819444444444 0.4743827160493827 0.6664930555555556 0.47716049382716047 0.6640625 0.47932098765432096 0.6628472222222221 0.48487654320987655 0.6628472222222221 0.4925925925925925 0.6678819444444444 0.49691358024691357
4 0.670486111111111 0.46481481481481485 0.6720486111111111 0.4641975308641975 0.6720486111111111 0.4632716049382716 0.670486111111111 0.4632716049382716 0.6692708333333334 0.4638888888888889 0.670486111111111 0.46481481481481485
4 0.7163194444444444 0.5429012345679012 0.7168402777777778 0.5438271604938272 0.7243055555555555 0.5444444444444444 0.7256944444444444 0.5469135802469135 0.7274305555555556 0.5527777777777777 0.7305555555555555 0.5558641975308641 0.7326388888888888 0.5549382716049382 0.7342013888888889 0.5518518518518518 0.7513888888888888 0.5537037037037037 0.754861111111111 0.5506172839506173 0.7569444444444444 0.5447530864197531 0.7579861111111111 0.5438271604938272 0.7590277777777777 0.5401234567901235 0.7590277777777777 0.532716049382716 0.7572916666666666 0.5296296296296296 0.7505208333333333 0.5243827160493827 0.7458333333333333 0.5138888888888888 0.7418402777777777 0.5111111111111111 0.7357638888888888 0.5101851851851852 0.731423611111111 0.5080246913580247 0.7241319444444444 0.5104938271604939 0.7203125 0.5145061728395062 0.7185763888888889 0.5175925925925926 0.7168402777777778 0.5188271604938272 0.7149305555555555 0.5234567901234568 0.7151041666666667 0.5391975308641975 0.7163194444444444 0.5429012345679012
5 0.4852430555555556 0.41203703703703703 0.4861111111111111 0.4148148148148148 0.4909722222222222 0.41604938271604935 0.4947916666666667 0.41574074074074074 0.4953125 0.4148148148148148 0.49600694444444443 0.4114197530864197 0.49600694444444443 0.4055555555555555 0.4958333333333333 0.40370370370370373 0.4946180555555555 0.4012345679012346 0.4918402777777778 0.3993827160493827 0.48767361111111107 0.3990740740740741 0.4861111111111111 0.40154320987654324 0.4848958333333333 0.4074074074074074 0.4852430555555556 0.41203703703703703
4 0.6654513888888888 0.47469135802469137 0.6649305555555556 0.4777777777777778 0.6638888888888889 0.47962962962962963 0.6628472222222221 0.4876543209876543 0.6628472222222221 0.49104938271604937 0.6637152777777777 0.4925925925925925 0.6685763888888888 0.49691358024691357 0.6769097222222222 0.4996913580246914 0.6819444444444444 0.5033950617283951 0.6890625 0.5046296296296297 0.6913194444444444 0.5021604938271605 0.6925347222222222 0.49907407407407406 0.6930555555555555 0.49506172839506174 0.6927083333333334 0.4867283950617284 0.692361111111111 0.48487654320987655 0.6894097222222222 0.47962962962962963 0.6868055555555556 0.47685185185185186 0.6847222222222222 0.47314814814814815 0.6821180555555556 0.47098765432098766 0.678125 0.4694444444444445 0.6763888888888888 0.4660493827160494 0.6758680555555555 0.4632716049382716 0.6730902777777777 0.4601851851851852 0.6651041666666666 0.4601851851851852 0.6645833333333333 0.46296296296296297 0.6645833333333333 0.47067901234567905 0.6654513888888888 0.47469135802469137
4 0.6666666666666666 0.40432098765432095 0.665625 0.40771604938271605 0.6657986111111112 0.4114197530864197 0.6670138888888888 0.41358024691358025 0.6722222222222222 0.41604938271604935 0.6741319444444444 0.4188271604938272 0.6784722222222221 0.42006172839506173 0.6840277777777778 0.42006172839506173 0.6857638888888888 0.41820987654320985 0.686111111111111 0.4108024691358025 0.6848958333333334 0.40771604938271605 0.6840277777777778 0.3972222222222222 0.6821180555555556 0.3925925925925926 0.6756944444444444 0.3907407407407408 0.6697916666666666 0.3907407407407408 0.6663194444444444 0.39413580246913577 0.665625 0.39783950617283953 0.6654513888888888 0.4012345679012346 0.6666666666666666 0.40432098765432095
6 0.5954861111111112 0.42901234567901236 0.5989583333333334 0.43703703703703706 0.6013888888888889 0.4391975308641975 0.6041666666666666 0.4395061728395062 0.6085069444444444 0.4382716049382716 0.6138888888888888 0.4382716049382716 0.6178819444444444 0.4361111111111111 0.6197916666666666 0.42592592592592593 0.6196180555555556 0.4141975308641975 0.6190972222222222 0.41203703703703703 0.6197916666666666 0.4027777777777778 0.6178819444444444 0.3972222222222222 0.6138888888888888 0.3950617283950617 0.5987847222222222 0.3950617283950617 0.5960069444444444 0.39629629629629626 0.59375 0.3993827160493827 0.59375 0.4194444444444444 0.5954861111111112 0.42901234567901236
6 0.8557291666666667 0.5731481481481482 0.859375 0.5787037037037037 0.8626736111111112 0.5765432098765432 0.8763888888888888 0.5802469135802469 0.8868055555555555 0.5787037037037037 0.8914930555555556 0.5796296296296296 0.8963541666666666 0.5824074074074074 0.9052083333333334 0.5839506172839506 0.9125 0.5867283950617284 0.9168402777777778 0.5876543209876544 0.9232638888888888 0.5867283950617284 0.9251736111111112 0.5854938271604938 0.9246527777777778 0.5712962962962963 0.9249999999999999 0.5614197530864198 0.9262152777777778 0.5524691358024691 0.9269097222222222 0.5256172839506172 0.9251736111111112 0.5222222222222223 0.9163194444444444 0.520679012345679 0.8998263888888888 0.5138888888888888 0.8942708333333333 0.5126543209876543 0.8777777777777778 0.5126543209876543 0.8760416666666666 0.5138888888888888 0.875 0.5166666666666666 0.873611111111111 0.532716049382716 0.873611111111111 0.5388888888888889 0.8725694444444444 0.542283950617284 0.8715277777777778 0.5441358024691358 0.8680555555555556 0.5462962962962963 0.8652777777777778 0.5469135802469135 0.8633680555555555 0.5484567901234568 0.8592013888888889 0.549074074074074 0.85625 0.5518518518518518 0.8550347222222222 0.5552469135802469 0.8545138888888888 0.5611111111111111 0.8557291666666667 0.5731481481481482
6 0.3644097222222222 0.478395061728395 0.365625 0.4833333333333333 0.3659722222222222 0.4938271604938272 0.3675347222222222 0.504320987654321 0.3685763888888889 0.5064814814814814 0.37118055555555557 0.5070987654320988 0.37604166666666666 0.5058641975308642 0.3873263888888889 0.5055555555555555 0.3918402777777778 0.4996913580246914 0.3930555555555555 0.4941358024691358 0.3932291666666667 0.4839506172839506 0.3909722222222222 0.4691358024691358 0.3907986111111111 0.46296296296296297 0.3888888888888889 0.4583333333333333 0.3876736111111111 0.45709876543209876 0.3677083333333333 0.4580246913580247 0.3645833333333333 0.4601851851851852 0.3628472222222222 0.46234567901234563 0.36267361111111107 0.4635802469135802 0.36267361111111107 0.47469135802469137 0.3644097222222222 0.478395061728395
6 0.46510416666666665 0.37438271604938267 0.46684027777777776 0.37654320987654316 0.4711805555555555 0.3771604938271605 0.47256944444444443 0.37438271604938267 0.4732638888888889 0.37006172839506174 0.4732638888888889 0.3638888888888889 0.4723958333333333 0.3589506172839506 0.4708333333333333 0.3574074074074074 0.46684027777777776 0.35771604938271606 0.465625 0.3589506172839506 0.46475694444444443 0.36203703703703705 0.4644097222222222 0.3712962962962963 0.46510416666666665 0.37438271604938267
6 0.8963541666666666 0.4395061728395062 0.9060763888888889 0.4425925925925926 0.9171874999999999 0.4441358024691358 0.9229166666666666 0.4478395061728395 0.9309027777777777 0.4493827160493827 0.9350694444444444 0.45154320987654323 0.9371527777777777 0.45092592592592595 0.9425347222222222 0.4469135802469136 0.943923611111111 0.4425925925925926 0.942361111111111 0.4324074074074074 0.9411458333333333 0.4305555555555556 0.9375 0.4280864197530864 0.936111111111111 0.4256172839506173 0.934548611111111 0.41820987654320985 0.9333333333333333 0.4154320987654321 0.9293402777777777 0.4132716049382716 0.91875 0.4117283950617284 0.9147569444444444 0.41018518518518515 0.90625 0.40956790123456793 0.9008680555555556 0.40771604938271605 0.8972222222222221 0.40771604938271605 0.8958333333333334 0.4111111111111111 0.8946180555555555 0.42376543209876544 0.8940972222222222 0.4361111111111111 0.8963541666666666 0.4395061728395062
6 0.6013888888888889 0.4759259259259259 0.6013888888888889 0.48117283950617284 0.5987847222222222 0.4876543209876543 0.5989583333333334 0.49290123456790125 0.6008680555555556 0.49907407407407406 0.6055555555555555 0.5024691358024691 0.6097222222222222 0.5021604938271605 0.6128472222222222 0.5006172839506172 0.6145833333333334 0.5015432098765432 0.6217013888888888 0.5021604938271605 0.6234375 0.5021604938271605 0.6241319444444444 0.5012345679012346 0.6256944444444444 0.49845679012345684 0.6269097222222222 0.4888888888888889 0.6262152777777777 0.45987654320987653 0.6251736111111111 0.45709876543209876 0.6223958333333334 0.45493827160493827 0.6178819444444444 0.45401234567901233 0.6065972222222222 0.4537037037037037 0.6020833333333333 0.45462962962962966 0.6008680555555556 0.45679012345679015 0.6008680555555556 0.4743827160493827 0.6013888888888889 0.4759259259259259
6 0.5527777777777777 0.39012345679012345 0.5569444444444445 0.39537037037037037 0.5619791666666666 0.39567901234567904 0.5637152777777777 0.39444444444444443 0.5644097222222222 0.3925925925925926 0.5649305555555555 0.3895061728395061 0.5651041666666666 0.3768518518518519 0.5640624999999999 0.375 0.561111111111111 0.37376543209876545 0.5539930555555556 0.375 0.5522569444444444 0.3774691358024691 0.5519097222222222 0.37993827160493826 0.5515625 0.38395061728395063 0.5527777777777777 0.39012345679012345
6 0.6835069444444444 0.3993827160493827 0.684375 0.408641975308642 0.6868055555555556 0.4126543209876543 0.6949652777777777 0.41574074074074074 0.6996527777777778 0.41512345679012347 0.7005208333333334 0.40432098765432095 0.700173611111111 0.3790123456790123 0.6996527777777778 0.37808641975308643 0.6854166666666666 0.3790123456790123 0.6829861111111112 0.38024691358024687 0.6819444444444444 0.38240740740740736 0.6819444444444444 0.39166666666666666 0.6835069444444444 0.3993827160493827
6 0.44947916666666665 0.4126543209876543 0.4506944444444444 0.4191358024691358 0.4536458333333333 0.42314814814814816 0.45590277777777777 0.4243827160493827 0.4579861111111111 0.42345679012345677 0.4600694444444444 0.42037037037037034 0.4616319444444444 0.41512345679012347 0.4612847222222222 0.40432098765432095 0.4604166666666667 0.3990740740740741 0.4600694444444444 0.39814814814814814 0.4576388888888889 0.3993827160493827 0.4548611111111111 0.39845679012345675 0.4539930555555556 0.3975308641975308 0.4545138888888889 0.39413580246913577 0.45295138888888886 0.39351851851851855 0.4524305555555555 0.3975308641975308 0.45 0.40154320987654324 0.44947916666666665 0.403395061728395 0.44947916666666665 0.4126543209876543
3 0.7430555555555556 0.5848765432098765 0.7451388888888888 0.5876543209876544 0.7465277777777778 0.5882716049382716 0.7484375 0.591358024691358 0.7519097222222222 0.5919753086419752 0.7538194444444444 0.5864197530864198 0.7550347222222222 0.5845679012345679 0.7555555555555555 0.5814814814814815 0.7550347222222222 0.5660493827160494 0.7520833333333333 0.5617283950617283 0.7489583333333334 0.5601851851851852 0.7472222222222222 0.5604938271604938 0.7442708333333333 0.5629629629629629 0.7427083333333333 0.567283950617284 0.7421875 0.5731481481481482 0.7414930555555556 0.5814814814814815 0.7430555555555556 0.5848765432098765
3 0.3211805555555556 0.4867283950617284 0.3282986111111111 0.4867283950617284 0.3300347222222222 0.48456790123456794 0.3305555555555555 0.48209876543209873 0.3300347222222222 0.4759259259259259 0.3293402777777778 0.4740740740740741 0.32795138888888886 0.4728395061728395 0.3211805555555556 0.47314814814814815 0.3196180555555555 0.47623456790123453 0.3196180555555555 0.4842592592592592 0.3211805555555556 0.4867283950617284
3 0.3069444444444444 0.7342592592592593 0.3083333333333333 0.7358024691358025 0.3092013888888889 0.7382716049382716 0.3119791666666667 0.7395061728395061 0.31406249999999997 0.7425925925925926 0.3173611111111111 0.7425925925925926 0.3190972222222222 0.7388888888888888 0.3211805555555556 0.7376543209876544 0.3206597222222222 0.7268518518518519 0.3211805555555556 0.7256172839506172 0.3217013888888889 0.7129629629629629 0.3206597222222222 0.7098765432098766 0.3204861111111111 0.7061728395061728 0.3177083333333333 0.703395061728395 0.31059027777777776 0.7037037037037037 0.30746527777777777 0.7049382716049382 0.3064236111111111 0.7080246913580247 0.30624999999999997 0.7219135802469135 0.3069444444444444 0.7342592592592593
3 0.2484375 0.6438271604938272 0.2487847222222222 0.6472222222222223 0.24809027777777778 0.6503086419753087 0.2484375 0.6549382716049382 0.2517361111111111 0.6635802469135803 0.2545138888888889 0.6657407407407407 0.2557291666666667 0.6657407407407407 0.2611111111111111 0.6598765432098765 0.2652777777777778 0.6583333333333333 0.26857638888888885 0.6555555555555556 0.27621527777777777 0.6561728395061728 0.27725694444444443 0.6549382716049382 0.2777777777777778 0.6524691358024691 0.2777777777777778 0.6462962962962963 0.27621527777777777 0.6410493827160494 0.2760416666666667 0.6385802469135803 0.2743055555555556 0.6351851851851852 0.2730902777777778 0.6265432098765432 0.2692708333333333 0.620679012345679 0.26545138888888886 0.6237654320987653 0.26197916666666665 0.6228395061728395 0.2583333333333333 0.6280864197530863 0.25798611111111114 0.6296296296296297 0.2565972222222222 0.6302469135802469 0.2548611111111111 0.6330246913580246 0.25156249999999997 0.6333333333333334 0.2484375 0.6351851851851852 0.24739583333333334 0.6367283950617284 0.2472222222222222 0.6404320987654322 0.2484375 0.6438271604938272
3 0.4170138888888889 0.4638888888888889 0.4185763888888889 0.46543209876543207 0.42170138888888886 0.46481481481481485 0.4230902777777778 0.45462962962962966 0.4225694444444444 0.4503086419753086 0.4189236111111111 0.4472222222222222 0.41805555555555557 0.4472222222222222 0.4163194444444444 0.44969135802469135 0.4163194444444444 0.4608024691358025 0.4170138888888889 0.4638888888888889
3 0.5041666666666667 0.5092592592592593 0.5052083333333334 0.5160493827160494 0.5083333333333333 0.5203703703703704 0.5097222222222222 0.5194444444444445 0.5116319444444445 0.5160493827160494 0.5121527777777778 0.5132716049382716 0.5126736111111111 0.5015432098765432 0.5119791666666667 0.5 0.5102430555555555 0.5024691358024691 0.5053819444444444 0.5030864197530864 0.5046875000000001 0.5040123456790123 0.5041666666666667 0.5052469135802469 0.5041666666666667 0.5092592592592593
3 0.29965277777777777 0.7941358024691358 0.3038194444444444 0.8061728395061728 0.30746527777777777 0.8092592592592593 0.3107638888888889 0.8046296296296297 0.3116319444444444 0.8006172839506173 0.3125 0.7987654320987654 0.3144097222222222 0.7972222222222222 0.3151041666666667 0.7941358024691358 0.3144097222222222 0.7824074074074074 0.3133680555555556 0.7802469135802469 0.3131944444444444 0.7762345679012346 0.3107638888888889 0.7709876543209876 0.3019097222222222 0.7712962962962963 0.30017361111111107 0.7722222222222223 0.2986111111111111 0.7743827160493827 0.29843749999999997 0.7836419753086419 0.29965277777777777 0.7941358024691358