4 0.6887254901960785 0.6744281045751634 0.6881127450980392 0.6895424836601307 0.6905637254901961 0.709967320261438 0.6924019607843137 0.7140522875816994 0.696078431372549 0.7177287581699346 0.6985294117647058 0.7165032679738563 0.6994485294117647 0.7124183006535949 0.7028186274509804 0.7144607843137256 0.7058823529411765 0.7189542483660132 0.7080269607843137 0.7279411764705883 0.7089460784313725 0.7410130718954249 0.7135416666666666 0.7516339869281047 0.7184436274509804 0.7516339869281047 0.7239583333333334 0.744281045751634 0.7377450980392156 0.7446895424836603 0.7475490196078431 0.746732026143791 0.7588848039215685 0.7471405228758171 0.7616421568627452 0.7504084967320261 0.7653186274509804 0.7585784313725491 0.7693014705882353 0.7589869281045751 0.772671568627451 0.7569444444444444 0.7772671568627452 0.7377450980392157 0.7775735294117647 0.7263071895424837 0.7757352941176471 0.7148692810457518 0.7671568627450981 0.6964869281045751 0.7705269607843137 0.6887254901960785 0.7693014705882353 0.6854575163398693 0.765625 0.6854575163398693 0.7631740196078431 0.6834150326797386 0.7555147058823529 0.6678921568627452 0.7503063725490196 0.6609477124183007 0.741421568627451 0.6535947712418301 0.7325367647058824 0.6519607843137256 0.7126225490196079 0.6511437908496732 0.7009803921568627 0.6535947712418301 0.6890318627450981 0.6540032679738563 0.6878063725490196 0.6576797385620915 0.6875 0.6646241830065359 0.6887254901960785 0.6744281045751634
4 0.7472426470588235 0.5551470588235294 0.7512254901960785 0.5608660130718954 0.7564338235294118 0.5612745098039217 0.7619485294117647 0.5674019607843137 0.7647058823529412 0.5674019607843137 0.7686887254901961 0.5649509803921569 0.7846200980392156 0.5690359477124184 0.788296568627451 0.5674019607843137 0.789828431372549 0.5616830065359477 0.789828431372549 0.5535130718954249 0.7849264705882353 0.5449346405228759 0.7833946078431373 0.5396241830065359 0.7763480392156863 0.5318627450980392 0.7711397058823529 0.5298202614379085 0.7555147058823529 0.5306372549019608 0.7496936274509804 0.5322712418300655 0.7463235294117647 0.5363562091503268 0.7460171568627452 0.5445261437908497 0.7472426470588235 0.5551470588235294
5 0.8802083333333334 0.6458333333333334 0.8832720588235294 0.6482843137254902 0.8869485294117647 0.6482843137254902 0.8982843137254902 0.6527777777777778 0.9019607843137254 0.6564542483660132 0.9041053921568627 0.6613562091503269 0.9077818627450981 0.6658496732026145 0.9108455882352942 0.6654411764705883 0.9142156862745098 0.6629901960784315 0.9264705882352942 0.6633986928104576 0.9362745098039217 0.6670751633986929 0.9424019607843137 0.6723856209150327 0.9463848039215687 0.6723856209150327 0.9485294117647058 0.6707516339869282 0.9506740196078431 0.6646241830065359 0.9534313725490196 0.6605392156862746 0.9537377450980392 0.6540032679738563 0.9528186274509804 0.6486928104575164 0.9494485294117647 0.6413398692810458 0.9448529411764706 0.6352124183006537 0.9427083333333334 0.6294934640522876 0.921875 0.6070261437908497 0.9044117647058824 0.6058006535947713 0.8893995098039217 0.6090686274509804 0.8802083333333334 0.613562091503268 0.8786764705882353 0.6160130718954249 0.8774509803921569 0.6221405228758171 0.8780637254901961 0.6372549019607844 0.8802083333333334 0.6458333333333334
1 0.6749387254901961 0.5020424836601308 0.6786151960784315 0.5036764705882353 0.6939338235294118 0.5040849673202614 0.6954656862745098 0.5016339869281046 0.6951593137254902 0.49264705882352944 0.6939338235294118 0.48774509803921573 0.6887254901960785 0.4824346405228759 0.6761642156862746 0.48161764705882354 0.6740196078431373 0.48284313725490197 0.6715686274509804 0.48774509803921573 0.6715686274509804 0.4979575163398693 0.6749387254901961 0.5020424836601308
1 0.5505514705882353 0.5502450980392157 0.5533088235294118 0.553921568627451 0.5585171568627451 0.5522875816993464 0.5686274509803921 0.5522875816993464 0.5738357843137255 0.5547385620915033 0.578125 0.5551470588235294 0.579656862745098 0.5285947712418301 0.5732230392156863 0.5179738562091504 0.5674019607843137 0.5151143790849674 0.557904411764706 0.5151143790849674 0.5502450980392157 0.5200163398692811 0.5487132352941176 0.5253267973856209 0.5490196078431373 0.5433006535947713 0.5505514705882353 0.5502450980392157
1 0.6056985294117647 0.7704248366013073 0.6121323529411765 0.7818627450980393 0.6170343137254902 0.8104575163398693 0.6197916666666666 0.8161764705882354 0.6544117647058824 0.8186274509803922 0.6737132352941176 0.8186274509803922 0.6810661764705883 0.8202614379084968 0.6856617647058824 0.8190359477124184 0.6875 0.8035130718954249 0.6871936274509804 0.7883986928104576 0.6847426470588235 0.7757352941176471 0.6801470588235294 0.7655228758169935 0.6786151960784315 0.7593954248366013 0.678921568627451 0.7569444444444444 0.6819852941176471 0.7540849673202615 0.6835171568627452 0.7508169934640523 0.6822916666666666 0.7479575163398693 0.678921568627451 0.746732026143791 0.6749387254901961 0.7471405228758171 0.6731004901960785 0.7446895424836603 0.6626838235294118 0.7201797385620915 0.6574754901960785 0.7120098039215687 0.6516544117647058 0.7087418300653595 0.6424632352941176 0.7079248366013073 0.6231617647058824 0.7079248366013073 0.6142769607843137 0.709967320261438 0.609375 0.7128267973856209 0.6081495098039217 0.7152777777777778 0.6032475490196079 0.7357026143790851 0.6044730392156863 0.7659313725490196 0.6056985294117647 0.7704248366013073
1 0.2931985294117647 0.7745098039215687 0.33057598039215685 0.7732843137254902 0.35079656862745096 0.7712418300653595 0.35294117647058826 0.7712418300653595 0.3553921568627451 0.7732843137254902 0.3590686274509804 0.772467320261438 0.3615196078431373 0.7655228758169935 0.3633578431372549 0.7483660130718954 0.3648897058823529 0.744281045751634 0.3710171568627451 0.738562091503268 0.37316176470588236 0.7348856209150327 0.3728553921568627 0.7062908496732027 0.37009803921568624 0.7005718954248367 0.36642156862745096 0.7001633986928105 0.3596813725490196 0.6940359477124184 0.35631127450980393 0.6924019607843137 0.34375 0.690359477124183 0.32628676470588236 0.6907679738562092 0.31587009803921573 0.6924019607843137 0.3042279411764706 0.7034313725490196 0.3042279411764706 0.709967320261438 0.29074754901960786 0.744281045751634 0.29074754901960786 0.7683823529411765 0.2931985294117647 0.7745098039215687
4 0.3811274509803922 0.5330882352941176 0.3832720588235294 0.5371732026143791 0.390625 0.5318627450980392 0.40471813725490197 0.5334967320261439 0.41115196078431376 0.5277777777777778 0.41268382352941174 0.5228758169934641 0.41268382352941174 0.5130718954248367 0.4114583333333333 0.5081699346405228 0.40778186274509803 0.502859477124183 0.4022671568627451 0.5008169934640523 0.39307598039215685 0.5008169934640523 0.3869485294117647 0.502859477124183 0.38419117647058826 0.5106209150326797 0.3808210784313726 0.5155228758169935 0.3805147058823529 0.5179738562091504 0.3802083333333333 0.5257352941176471 0.3811274509803922 0.5330882352941176
4 0 0.6066176470588235 0.007965686274509805 0.6086601307189542 0.015012254901960785 0.6086601307189542 0.017463235294117647 0.6119281045751634 0.0196078431372549 0.6127450980392157 0.023897058823529414 0.6102941176470589 0.029411764705882356 0.6013071895424837 0.033394607843137254 0.6013071895424837 0.04197303921568628 0.5984477124183007 0.04595588235294117 0.6000816993464052 0.05024509803921569 0.5996732026143791 0.051470588235294115 0.5988562091503269 0.0545343137254902 0.5919117647058824 0.0545343137254902 0.5780228758169935 0.051470588235294115 0.5743464052287582 0.04258578431372549 0.5731209150326797 0.0352328431372549 0.5665849673202614 0.03002450980392157 0.5649509803921569 0.0039828431372549026 0.5669934640522877 0 0.5682189542483661 0 0.6066176470588235
6 0.7775735294117647 0.5318627450980392 0.78125 0.5363562091503268 0.7852328431372549 0.5441176470588235 0.7919730392156863 0.5518790849673203 0.8066789215686275 0.5625000000000001 0.8106617647058824 0.5608660130718954 0.8161764705882353 0.5608660130718954 0.8250612745098039 0.5629084967320261 0.8290441176470588 0.5661764705882353 0.8314950980392156 0.5665849673202614 0.8342524509803921 0.559640522875817 0.8388480392156863 0.5571895424836601 0.8385416666666666 0.5326797385620915 0.835171568627451 0.5232843137254902 0.8314950980392156 0.5204248366013072 0.8207720588235294 0.5179738562091504 0.8183210784313725 0.5122549019607844 0.8140318627450981 0.5085784313725491 0.8045343137254902 0.5065359477124184 0.7895220588235294 0.5057189542483661 0.7873774509803921 0.5077614379084968 0.7861519607843137 0.5147058823529412 0.7849264705882353 0.516748366013072 0.7784926470588235 0.5179738562091504 0.7763480392156863 0.5220588235294118 0.7760416666666666 0.5261437908496732 0.7775735294117647 0.5318627450980392
6 0.7175245098039217 0.5294117647058824 0.727328431372549 0.536764705882353 0.7306985294117647 0.5334967320261439 0.7380514705882353 0.5339052287581699 0.7411151960784315 0.5363562091503268 0.7444852941176471 0.5359477124183006 0.7478553921568627 0.5228758169934641 0.7478553921568627 0.5183823529411765 0.7457107843137254 0.5098039215686275 0.7444852941176471 0.49387254901960786 0.7411151960784315 0.4901960784313726 0.7303921568627452 0.4865196078431373 0.7193627450980392 0.48733660130718953 0.7169117647058824 0.49387254901960786 0.7166053921568627 0.5204248366013072 0.7175245098039217 0.5294117647058824
3 0.3676470588235294 0.5073529411764706 0.3694852941176471 0.5093954248366013 0.37193627450980393 0.5085784313725491 0.3740808823529412 0.5036764705882353 0.37438725490196084 0.4979575163398693 0.37316176470588236 0.4930555555555556 0.3694852941176471 0.49101307189542487 0.3670343137254902 0.494281045751634 0.3667279411764706 0.5016339869281046 0.3676470588235294 0.5073529411764706