8 0.30390625000000004 0.3708333333333333 0.3015625 0.3402777777777778 0.296875 0.3361111111111111 0.2828125 0.3361111111111111 0.2828125 0.3708333333333333 0.30390625000000004 0.3708333333333333
1 0.290625 0.39999999999999997 0.31328125 0.39999999999999997 0.3125 0.3902777777777778 0.30703125000000003 0.37777777777777777 0.29140625000000003 0.3763888888888889 0.28906250000000006 0.3805555555555556 0.290625 0.39999999999999997
5 0.06953125 0.3708333333333333 0.10078125 0.3625 0.10078125 0.35555555555555557 0.09375 0.3444444444444444 0.08125 0.3444444444444444 0.065625 0.3569444444444444 0.06406250000000001 0.36527777777777776 0.06953125 0.3708333333333333
1 0.25312500000000004 0.4208333333333333 0.27265625000000004 0.41805555555555557 0.27187500000000003 0.4055555555555555 0.26484375000000004 0.39166666666666666 0.25390625000000006 0.39166666666666666 0.24765625000000002 0.39999999999999997 0.24765625000000002 0.4152777777777778 0.25312500000000004 0.4208333333333333
1 0.2234375 0.4680555555555555 0.25 0.4666666666666667 0.25 0.4444444444444444 0.24296875 0.425 0.23125 0.4236111111111111 0.22031250000000002 0.4305555555555556 0.21953125 0.4513888888888889 0.2234375 0.4680555555555555
1 0.6781250000000001 0.7513888888888888 0.6898437500000001 0.7541666666666667 0.72578125 0.7847222222222222 0.7390625000000001 0.8069444444444444 0.77265625 0.8083333333333333 0.7859375000000001 0.8027777777777778 0.7914062500000001 0.7916666666666666 0.7921875 0.7791666666666666 0.784375 0.7541666666666667 0.7507812500000001 0.7055555555555556 0.7289062500000001 0.6833333333333333 0.71484375 0.6777777777777778 0.6820312500000001 0.6805555555555556 0.671875 0.6847222222222222 0.66796875 0.6958333333333333 0.6671875 0.725 0.6781250000000001 0.7513888888888888
1 0.13515625 0.4958333333333333 0.14218750000000002 0.4916666666666667 0.146875 0.4833333333333333 0.16015625 0.4777777777777778 0.15937500000000002 0.4652777777777778 0.15390625000000002 0.4527777777777778 0.13203125000000002 0.45694444444444443 0.1296875 0.47638888888888886 0.13515625 0.4958333333333333
1 0.48984375 0.8861111111111112 0.49765625 0.8944444444444444 0.5046875000000001 0.8902777777777777 0.53046875 0.9277777777777778 0.5335937500000001 0.9347222222222222 0.5390625000000001 0.9694444444444444 0.5468750000000001 0.9805555555555555 0.5531250000000001 0.9791666666666666 0.56015625 0.9694444444444444 0.5750000000000001 0.9708333333333333 0.6046875 0.9569444444444444 0.6179687500000001 0.9430555555555555 0.61640625 0.8972222222222221 0.58515625 0.8347222222222221 0.5640625 0.8083333333333333 0.5484375 0.8083333333333333 0.5351562500000001 0.7972222222222222 0.52109375 0.7986111111111112 0.49453125000000003 0.8097222222222222 0.48750000000000004 0.8194444444444444 0.4859375 0.8277777777777777 0.48515625 0.848611111111111 0.48984375 0.8861111111111112
1 0.17734375000000002 0.6847222222222222 0.18828125 0.686111111111111 0.2234375 0.6708333333333334 0.2234375 0.6486111111111111 0.21328125 0.6111111111111112 0.20703125 0.6055555555555555 0.19296875000000002 0.6055555555555555 0.18125000000000002 0.6097222222222222 0.1703125 0.6194444444444444 0.16796875 0.6305555555555555 0.17734375000000002 0.6847222222222222
1 0.16562500000000002 0.5430555555555555 0.1609375 0.5444444444444444 0.16015625 0.5472222222222222 0.16562500000000002 0.5430555555555555
1 0.1859375 0.4472222222222222 0.1921875 0.44166666666666665 0.209375 0.4444444444444444 0.21015625000000002 0.4291666666666667 0.20625000000000002 0.4125 0.20234375000000002 0.4069444444444444 0.18906250000000002 0.4055555555555555 0.18203125 0.4166666666666667 0.18125000000000002 0.4319444444444444 0.1859375 0.4472222222222222
1 0.24765625000000002 0.6166666666666666 0.2515625 0.6361111111111112 0.26406250000000003 0.6277777777777778 0.29375 0.625 0.29531250000000003 0.598611111111111 0.2828125 0.5597222222222222 0.27656250000000004 0.5555555555555556 0.259375 0.5569444444444445 0.25078125 0.5597222222222222 0.23984375000000002 0.5708333333333333 0.240625 0.6083333333333334 0.24765625000000002 0.6166666666666666
1 0.30546875 0.5666666666666667 0.30703125000000003 0.575 0.32421875 0.5666666666666667 0.34218750000000003 0.5666666666666667 0.3453125 0.561111111111111 0.34140625 0.5361111111111111 0.32890625 0.5125000000000001 0.30781250000000004 0.5138888888888888 0.29375 0.5291666666666667 0.29453125 0.5513888888888888 0.30546875 0.5666666666666667
1 0.1453125 0.5333333333333333 0.1796875 0.5263888888888889 0.178125 0.4986111111111111 0.1703125 0.48055555555555557 0.1484375 0.4833333333333333 0.14375000000000002 0.4916666666666667 0.14140625 0.5111111111111111 0.1453125 0.5333333333333333
1 0.18828125 0.4041666666666667 0.18828125 0.3888888888888889 0.184375 0.37916666666666665 0.16953125000000002 0.3805555555555556 0.16953125000000002 0.4069444444444444 0.18828125 0.4041666666666667
1 0.29296875000000006 0.4597222222222222 0.31796875 0.45694444444444443 0.3171875 0.44027777777777777 0.30859375 0.4263888888888889 0.29218750000000004 0.4263888888888889 0.28437500000000004 0.4347222222222222 0.28515625000000006 0.4513888888888889 0.29296875000000006 0.4597222222222222
1 0.23828125 0.3805555555555556 0.23750000000000002 0.3708333333333333 0.23125 0.3611111111111111 0.2234375 0.3597222222222222 0.21875 0.3694444444444444 0.21953125 0.3833333333333333 0.23828125 0.3805555555555556
1 0.1640625 0.5958333333333333 0.2 0.5874999999999999 0.19921875 0.5638888888888889 0.18828125 0.5347222222222222 0.17578125 0.5347222222222222 0.15703125 0.5458333333333333 0.15703125 0.5708333333333333 0.1640625 0.5958333333333333
2 0.5164062500000001 0.65 0.5125000000000001 0.6277777777777778 0.5078125000000001 0.6277777777777778 0.5039062500000001 0.6388888888888888 0.5039062500000001 0.6541666666666666 0.5164062500000001 0.65
5 0.21875 0.8666666666666666 0.22109375 0.8930555555555556 0.23203125000000002 0.8972222222222221 0.2859375 0.873611111111111 0.2859375 0.8263888888888888 0.26875000000000004 0.7666666666666666 0.27265625000000004 0.7583333333333333 0.25234375000000003 0.75 0.2328125 0.7541666666666667 0.20859375000000002 0.7680555555555556 0.20390625 0.786111111111111 0.21875 0.8666666666666666
4 0.33437500000000003 0.8430555555555556 0.3375 0.85 0.34453125 0.8527777777777777 0.3640625 0.8958333333333334 0.36640625000000004 0.9277777777777778 0.37265625 0.9388888888888888 0.3828125 0.9291666666666666 0.3921875 0.9375 0.40703125 0.9347222222222222 0.43515625 0.9208333333333334 0.446875 0.9069444444444444 0.44921875 0.8930555555555556 0.44921875 0.8666666666666666 0.446875 0.8583333333333334 0.41953125 0.811111111111111 0.4140625 0.7888888888888889 0.40390625 0.7652777777777777 0.39453125 0.7583333333333333 0.36953125000000003 0.7569444444444444 0.34218750000000003 0.7680555555555556 0.33437500000000003 0.7791666666666666 0.33125000000000004 0.7944444444444444 0.33437500000000003 0.8430555555555556
6 0.6351562500000001 0.6444444444444444 0.640625 0.6458333333333334 0.64765625 0.6388888888888888 0.67734375 0.6625 0.68515625 0.6777777777777778 0.7250000000000001 0.6777777777777778 0.7328125000000001 0.6666666666666666 0.7312500000000001 0.6402777777777777 0.71484375 0.6222222222222222 0.70078125 0.5972222222222222 0.70078125 0.5722222222222222 0.690625 0.5361111111111111 0.65546875 0.5152777777777777 0.6335937500000001 0.5166666666666666 0.6234375000000001 0.5222222222222223 0.62265625 0.5499999999999999 0.6218750000000001 0.6097222222222222 0.6351562500000001 0.6444444444444444
4 0.84765625 0.6958333333333333 0.8578125000000001 0.7194444444444444 0.8671875 0.725 0.878125 0.7180555555555556 0.9085937500000001 0.7361111111111112 0.93359375 0.7527777777777778 0.940625 0.7722222222222221 0.9453125 0.7777777777777778 0.9789062500000001 0.7777777777777778 0.99921875 0.7625 0.99921875 0.7402777777777778 0.9968750000000001 0.7388888888888888 0.9953125 0.7277777777777777 0.9656250000000001 0.6986111111111112 0.9320312500000001 0.6430555555555556 0.8968750000000001 0.6333333333333333 0.88828125 0.6263888888888888 0.87890625 0.6263888888888888 0.86484375 0.6347222222222222 0.84140625 0.6277777777777778 0.8359375 0.6652777777777777 0.8343750000000001 0.6819444444444444 0.84765625 0.6958333333333333
6 0.2828125 0.3708333333333333 0.30390625000000004 0.3708333333333333 0.30390625000000004 0.3472222222222222 0.30000000000000004 0.33749999999999997 0.28671875 0.3333333333333333 0.28125000000000006 0.33749999999999997 0.28046875000000004 0.3597222222222222 0.2828125 0.3708333333333333
6 0.23828125 0.33194444444444443 0.25703125000000004 0.33749999999999997 0.25703125000000004 0.31527777777777777 0.25390625000000006 0.30277777777777776 0.24609375 0.2986111111111111 0.23515625 0.30277777777777776 0.234375 0.3125 0.23828125 0.33194444444444443
4 0.44843750000000004 0.6569444444444444 0.45703125 0.6541666666666666 0.47187500000000004 0.6694444444444444 0.47578125000000004 0.6902777777777778 0.47968750000000004 0.6972222222222222 0.5007812500000001 0.686111111111111 0.5179687500000001 0.6847222222222222 0.52890625 0.6749999999999999 0.5312500000000001 0.6680555555555555 0.52890625 0.6444444444444444 0.52890625 0.5944444444444444 0.5007812500000001 0.5694444444444444 0.48125 0.5666666666666667 0.46640625 0.5736111111111111 0.45859375 0.5805555555555555 0.4578125 0.6027777777777777 0.44609375 0.6069444444444444 0.4421875 0.6138888888888888 0.44453125000000004 0.6527777777777778 0.44843750000000004 0.6569444444444444