8 0.921875 0.4256172839506173 0.9211805555555556 0.4395061728395062 0.9203125 0.44290123456790126 0.921875 0.445679012345679 0.9236111111111112 0.44660493827160497 0.9328124999999999 0.44660493827160497 0.9350694444444444 0.4450617283950617 0.9401041666666666 0.4450617283950617 0.9425347222222222 0.44382716049382714 0.9484374999999999 0.4435185185185185 0.9512152777777778 0.4419753086419753 0.9564236111111112 0.441358024691358 0.9581597222222222 0.4391975308641975 0.9592013888888888 0.4354938271604938 0.9592013888888888 0.42407407407407405 0.9574652777777778 0.4141975308641975 0.9550347222222222 0.4058641975308642 0.9538194444444444 0.40370370370370373 0.9456597222222222 0.40216049382716046 0.9427083333333334 0.4006172839506173 0.9383680555555556 0.4024691358024692 0.9336805555555555 0.3993827160493827 0.9272569444444444 0.3993827160493827 0.9243055555555556 0.39845679012345675 0.9217013888888889 0.39845679012345675 0.9199652777777778 0.4012345679012346 0.9194444444444444 0.4055555555555555 0.921875 0.4256172839506173
8 0.5552083333333333 0.3975308641975308 0.5539930555555556 0.39814814814814814 0.5522569444444444 0.4024691358024692 0.5522569444444444 0.408641975308642 0.5534722222222223 0.41604938271604935 0.5560763888888889 0.42376543209876544 0.5564236111111112 0.4280864197530864 0.5574652777777778 0.43179012345679013 0.5597222222222222 0.4339506172839506 0.5711805555555556 0.43425925925925923 0.5722222222222222 0.4311728395061728 0.5730902777777778 0.42191358024691356 0.5744791666666667 0.4191358024691358 0.5784722222222222 0.416358024691358 0.5814236111111111 0.41574074074074074 0.5831597222222222 0.412962962962963 0.5854166666666666 0.4114197530864197 0.5854166666666666 0.4012345679012346 0.584548611111111 0.3987654320987654 0.5836805555555555 0.39197530864197533 0.5805555555555555 0.3833333333333333 0.5782986111111111 0.37993827160493826 0.5760416666666667 0.37808641975308643 0.5645833333333333 0.3768518518518519 0.559375 0.3768518518518519 0.5574652777777778 0.37777777777777777 0.5555555555555556 0.38024691358024687 0.5550347222222222 0.3861111111111111 0.5534722222222223 0.38981481481481484 0.5534722222222223 0.39444444444444443 0.5552083333333333 0.3975308641975308
1 0.4005208333333333 0.5287037037037037 0.39999999999999997 0.5333333333333333 0.4010416666666667 0.5364197530864198 0.4029513888888889 0.5348765432098765 0.4076388888888889 0.5333333333333333 0.40902777777777777 0.5305555555555556 0.4149305555555556 0.5262345679012346 0.4215277777777778 0.5268518518518518 0.42517361111111107 0.5253086419753087 0.4322916666666667 0.5253086419753087 0.4342013888888889 0.5262345679012346 0.4359375 0.5290123456790123 0.4376736111111111 0.5249999999999999 0.4381944444444444 0.5203703703703704 0.4378472222222222 0.5040123456790123 0.43906249999999997 0.4959876543209876 0.43906249999999997 0.491358024691358 0.4340277777777778 0.4861111111111111 0.4276041666666667 0.4839506172839506 0.4215277777777778 0.483641975308642 0.4137152777777778 0.48487654320987655 0.4112847222222222 0.4861111111111111 0.4098958333333333 0.48858024691358026 0.4067708333333333 0.491358024691358 0.4053819444444444 0.4959876543209876 0.40260416666666665 0.5 0.4005208333333333 0.5083333333333333 0.39947916666666666 0.5209876543209876 0.4005208333333333 0.5287037037037037
5 0.5456597222222223 0.36018518518518516 0.5472222222222222 0.3614197530864197 0.5506944444444444 0.36234567901234566 0.5539930555555556 0.3608024691358025 0.5619791666666666 0.36018518518518516 0.5637152777777777 0.35802469135802467 0.5649305555555555 0.35401234567901235 0.5644097222222222 0.35 0.561111111111111 0.34320987654320984 0.5609375 0.3416666666666667 0.5590277777777778 0.3385802469135802 0.5560763888888889 0.33641975308641975 0.5515625 0.3361111111111111 0.5486111111111112 0.33734567901234563 0.5461805555555556 0.3395061728395061 0.54375 0.3450617283950617 0.5432291666666667 0.3527777777777778 0.5456597222222223 0.36018518518518516
5 0.5989583333333334 0.5209876543209876 0.6003472222222221 0.5280864197530865 0.6020833333333333 0.5299382716049382 0.6052083333333333 0.5311728395061729 0.6065972222222222 0.5330246913580247 0.6078125 0.5361111111111111 0.609375 0.5453703703703704 0.6128472222222222 0.5506172839506173 0.6163194444444444 0.5475308641975308 0.6210069444444444 0.5472222222222223 0.6232638888888888 0.546604938271605 0.6248263888888889 0.5450617283950617 0.6265625 0.5450617283950617 0.629861111111111 0.5407407407407407 0.6319444444444444 0.5358024691358024 0.6340277777777777 0.5342592592592592 0.6362847222222222 0.5302469135802469 0.6387152777777778 0.5274691358024691 0.6418402777777777 0.5259259259259259 0.6456597222222222 0.5225308641975308 0.6449652777777778 0.5123456790123457 0.6430555555555556 0.5052469135802469 0.6421875 0.504320987654321 0.6407986111111111 0.4996913580246914 0.6390625 0.49691358024691357 0.6383680555555555 0.49351851851851847 0.6352430555555556 0.48703703703703705 0.6302083333333334 0.48148148148148145 0.6269097222222222 0.4802469135802469 0.6185763888888888 0.47962962962962963 0.6138888888888888 0.48055555555555557 0.6102430555555556 0.4824074074074074 0.6060763888888888 0.48271604938271606 0.6013888888888889 0.48703703703703705 0.5998263888888888 0.49074074074074076 0.5989583333333334 0.49104938271604937 0.5979166666666667 0.49537037037037035 0.5979166666666667 0.5111111111111111 0.5989583333333334 0.5209876543209876
5 0.8142361111111112 0.8959876543209876 0.8163194444444444 0.9003086419753087 0.8171875 0.907716049382716 0.8171875 0.9148148148148147 0.8182291666666666 0.9228395061728395 0.8182291666666666 0.9290123456790123 0.8208333333333333 0.9391975308641975 0.8232638888888888 0.9435185185185185 0.828125 0.9487654320987654 0.8317708333333333 0.95 0.8354166666666666 0.946604938271605 0.8369791666666666 0.95 0.8390624999999999 0.9515432098765432 0.8435763888888889 0.9601851851851853 0.8447916666666666 0.9638888888888888 0.8475694444444444 0.9679012345679012 0.8479166666666667 0.9697530864197531 0.850173611111111 0.9731481481481481 0.8545138888888888 0.9830246913580247 0.857986111111111 0.987962962962963 0.8611111111111112 0.9950617283950618 0.8694444444444444 0.9975308641975309 0.8836805555555556 0.9972222222222222 0.8859374999999999 0.9981481481481481 0.8861111111111112 0.9996913580246913 0.8888888888888888 0.9996913580246913 0.8890625 0.9981481481481481 0.8902777777777777 0.9975308641975309 0.8930555555555556 0.9981481481481481 0.8932291666666666 0.9996913580246913 0.9184027777777778 0.9996913580246913 0.9185763888888888 0.9981481481481481 0.9223958333333333 0.9975308641975309 0.9434027777777778 0.9969135802469137 0.9777777777777777 0.9981481481481481 0.9817708333333334 0.9969135802469137 0.9828125 0.9953703703703703 0.9826388888888888 0.9935185185185185 0.9807291666666667 0.9919753086419753 0.978125 0.9876543209876544 0.9779513888888888 0.9858024691358025 0.9763888888888889 0.9830246913580247 0.9748263888888888 0.9759259259259259 0.973611111111111 0.9737654320987654 0.9732638888888888 0.9697530864197531 0.975 0.9669753086419753 0.9755208333333334 0.9635802469135802 0.9720486111111112 0.9608024691358025 0.9706597222222222 0.9561728395061728 0.9680555555555556 0.9555555555555556 0.9654513888888888 0.9530864197530865 0.9645833333333333 0.9503086419753086 0.9621527777777777 0.946604938271605 0.9611111111111111 0.942283950617284 0.9592013888888888 0.9379629629629629 0.9559027777777778 0.932716049382716 0.9555555555555556 0.9277777777777778 0.9536458333333333 0.9256172839506173 0.9520833333333334 0.9219135802469135 0.9494791666666667 0.9206790123456791 0.9477430555555556 0.9163580246913581 0.9463541666666666 0.9154320987654321 0.943923611111111 0.9114197530864198 0.9435763888888888 0.9089506172839507 0.9418402777777778 0.9049382716049382 0.9427083333333334 0.9006172839506172 0.9355902777777778 0.8941358024691358 0.9315972222222222 0.8867283950617284 0.9277777777777778 0.8842592592592593 0.9237847222222222 0.875 0.9210069444444444 0.8709876543209876 0.9203125 0.8660493827160494 0.9192708333333334 0.8641975308641975 0.9180555555555555 0.862962962962963 0.9145833333333333 0.8626543209876544 0.9079861111111112 0.8583333333333334 0.9045138888888888 0.8524691358024691 0.9017361111111112 0.8503086419753086 0.8930555555555556 0.8450617283950618 0.8873263888888888 0.8435185185185184 0.88125 0.8385802469135802 0.8722222222222222 0.8333333333333334 0.8583333333333334 0.8296296296296296 0.8368055555555556 0.8290123456790123 0.8291666666666666 0.8311728395061728 0.8237847222222222 0.8342592592592593 0.8196180555555556 0.8382716049382716 0.8164930555555555 0.8450617283950618 0.8157986111111112 0.8518518518518519 0.8142361111111112 0.8564814814814815 0.8125 0.8660493827160494 0.8125 0.887037037037037 0.8142361111111112 0.8959876543209876
1 0.3894097222222222 0.47901234567901235 0.3899305555555555 0.48734567901234566 0.390625 0.4888888888888889 0.3949652777777778 0.4898148148148148 0.3972222222222222 0.49290123456790125 0.4010416666666667 0.49537037037037035 0.4045138888888889 0.49320987654320986 0.4059027777777778 0.49074074074074076 0.4086805555555555 0.4725308641975308 0.4088541666666667 0.4645061728395061 0.4064236111111111 0.4601851851851852 0.4038194444444444 0.4589506172839506 0.4008680555555555 0.45123456790123456 0.3970486111111111 0.4503086419753086 0.3953125 0.45185185185185184 0.3940972222222222 0.45462962962962966 0.3932291666666667 0.4595679012345679 0.390625 0.4641975308641975 0.3899305555555555 0.46728395061728395 0.3894097222222222 0.4700617283950617 0.3894097222222222 0.47901234567901235
5 0.5741319444444444 0.44660493827160497 0.575 0.44876543209876546 0.5765625 0.4503086419753086 0.5779513888888889 0.45771604938271604 0.5817708333333333 0.4608024691358025 0.5821180555555555 0.44320987654320987 0.5838541666666667 0.43580246913580245 0.5854166666666666 0.4339506172839506 0.5868055555555556 0.42839506172839503 0.5885416666666666 0.42592592592592593 0.5916666666666667 0.42376543209876544 0.5989583333333334 0.42345679012345677 0.6 0.4222222222222222 0.6 0.420679012345679 0.5993055555555555 0.4175925925925926 0.5951388888888888 0.4132716049382716 0.5895833333333333 0.4117283950617284 0.5850694444444444 0.4117283950617284 0.5829861111111111 0.4138888888888889 0.5810763888888888 0.41450617283950614 0.5789930555555556 0.4172839506172839 0.5748263888888888 0.4197530864197531 0.5737847222222222 0.42191358024691356 0.5732638888888888 0.425 0.5730902777777778 0.43765432098765433 0.5741319444444444 0.44660493827160497
1 0.4116319444444444 0.48302469135802467 0.4144097222222222 0.48456790123456794 0.4175347222222222 0.483641975308642 0.4288194444444444 0.483641975308642 0.4319444444444444 0.48518518518518516 0.4357638888888889 0.4854938271604938 0.4394097222222222 0.4876543209876543 0.4411458333333333 0.4854938271604938 0.4418402777777778 0.48148148148148145 0.44131944444444443 0.45679012345679015 0.4388888888888889 0.4475308641975309 0.4359375 0.4419753086419753 0.41822916666666665 0.4441358024691358 0.4170138888888889 0.44537037037037036 0.41388888888888886 0.4493827160493827 0.4128472222222222 0.45185185185185184 0.4125 0.4580246913580247 0.41024305555555557 0.4697530864197531 0.41041666666666665 0.4802469135802469 0.4116319444444444 0.48302469135802467
1 0.6699652777777778 0.6787037037037037 0.6717013888888889 0.6811728395061728 0.6791666666666666 0.6833333333333333 0.6835069444444444 0.6901234567901234 0.6902777777777778 0.7037037037037037 0.6920138888888888 0.7111111111111111 0.6927083333333334 0.7256172839506172 0.6949652777777777 0.7330246913580247 0.6961805555555556 0.7342592592592593 0.6994791666666667 0.7311728395061728 0.7015625 0.7311728395061728 0.7034722222222222 0.7314814814814815 0.7071180555555555 0.7351851851851853 0.7138888888888888 0.7364197530864197 0.7394097222222222 0.7358024691358025 0.7413194444444444 0.7367283950617284 0.7473958333333334 0.7351851851851853 0.7501736111111111 0.7308641975308642 0.7519097222222222 0.7237654320987654 0.7524305555555556 0.7191358024691359 0.7524305555555556 0.6996913580246913 0.7519097222222222 0.6962962962962963 0.748611111111111 0.6898148148148148 0.7465277777777778 0.6771604938271604 0.7435763888888888 0.6688271604938272 0.7440972222222222 0.6617283950617284 0.740798611111111 0.6592592592592593 0.7387152777777778 0.6527777777777778 0.7359375 0.6478395061728395 0.7333333333333334 0.6398148148148147 0.7296874999999999 0.6339506172839506 0.7284722222222222 0.6290123456790124 0.7244791666666666 0.6228395061728395 0.7217013888888888 0.6200617283950618 0.7206597222222222 0.617283950617284 0.7144097222222222 0.6135802469135803 0.709375 0.6089506172839506 0.7038194444444444 0.6074074074074074 0.6934027777777778 0.6074074074074074 0.6890625 0.6061728395061728 0.6824652777777778 0.6111111111111112 0.6798611111111111 0.6157407407407407 0.6769097222222222 0.6185185185185185 0.6736111111111112 0.6243827160493828 0.6711805555555556 0.6299382716049382 0.6694444444444444 0.6469135802469135 0.6690972222222222 0.671604938271605 0.6699652777777778 0.6787037037037037
1 0.3717013888888889 0.36574074074074076 0.3737847222222222 0.3691358024691358 0.3737847222222222 0.37623456790123455 0.3758680555555556 0.379320987654321 0.3871527777777778 0.38148148148148153 0.39045138888888886 0.379320987654321 0.3918402777777778 0.3771604938271605 0.3927083333333333 0.3709876543209876 0.3925347222222222 0.358641975308642 0.3907986111111111 0.35462962962962963 0.3880208333333333 0.35401234567901235 0.38611111111111107 0.3524691358024691 0.3795138888888889 0.3524691358024691 0.375 0.35432098765432096 0.3725694444444444 0.35771604938271606 0.37135416666666665 0.362962962962963 0.3717013888888889 0.36574074074074076
5 0.9006944444444444 0.8462962962962963 0.9052083333333334 0.8518518518518519 0.9090277777777778 0.8580246913580247 0.9157986111111112 0.8623456790123456 0.918923611111111 0.8626543209876544 0.9208333333333334 0.8645061728395061 0.9217013888888889 0.8660493827160494 0.921875 0.8697530864197531 0.9227430555555556 0.8719135802469137 0.9303819444444444 0.8820987654320988 0.9319444444444444 0.887037037037037 0.9333333333333333 0.8885802469135803 0.9342013888888888 0.8910493827160494 0.9413194444444444 0.9012345679012346 0.943923611111111 0.9083333333333333 0.9472222222222222 0.9129629629629629 0.9482638888888888 0.9157407407407407 0.950173611111111 0.917283950617284 0.951736111111111 0.9209876543209877 0.9545138888888888 0.925 0.9560763888888888 0.9296296296296297 0.959548611111111 0.9358024691358025 0.9626736111111112 0.9435185185185185 0.9668402777777778 0.9487654320987654 0.9704861111111112 0.9512345679012346 0.9739583333333334 0.9515432098765432 0.9779513888888888 0.9561728395061728 0.9786458333333333 0.9611111111111111 0.9779513888888888 0.9660493827160493 0.9763888888888889 0.970679012345679 0.9786458333333333 0.9759259259259259 0.9800347222222222 0.9811728395061728 0.9828125 0.9861111111111112 0.9831597222222221 0.9895061728395061 0.9842013888888889 0.9925925925925926 0.9876736111111112 0.9969135802469137 0.990625 0.9975308641975309 0.9909722222222221 0.9996913580246913 0.9967013888888888 0.9996913580246913 0.9973958333333334 0.9975308641975309 0.9998263888888889 0.9975308641975309 0.9998263888888889 0.8256172839506173 0.9980902777777778 0.8253086419753086 0.9965277777777778 0.8219135802469135 0.9953124999999999 0.8117283950617284 0.9928819444444444 0.8061728395061728 0.9880208333333333 0.8 0.9826388888888888 0.7969135802469135 0.9619791666666666 0.79320987654321 0.9545138888888888 0.7873456790123456 0.9493055555555555 0.7851851851851852 0.9414930555555555 0.7830246913580247 0.936111111111111 0.782716049382716 0.9178819444444444 0.7839506172839507 0.9100694444444444 0.7861111111111112 0.9050347222222221 0.7895061728395062 0.9038194444444444 0.7913580246913581 0.9010416666666666 0.7969135802469135 0.8993055555555556 0.807716049382716 0.8975694444444444 0.8135802469135802 0.897048611111111 0.8188271604938272 0.8972222222222221 0.8370370370370371 0.9006944444444444 0.8462962962962963
1 0.3098958333333333 0.6391975308641975 0.3109375 0.6416666666666666 0.31527777777777777 0.641358024691358 0.3177083333333333 0.6395061728395062 0.3211805555555556 0.6404320987654322 0.3223958333333333 0.6385802469135803 0.325 0.6373456790123456 0.3434027777777778 0.6351851851851852 0.34704861111111107 0.6361111111111112 0.3491319444444444 0.6401234567901234 0.3520833333333333 0.6422839506172839 0.3539930555555555 0.6410493827160494 0.3564236111111111 0.6348765432098765 0.3572916666666667 0.6234567901234568 0.3579861111111111 0.6203703703703703 0.36215277777777777 0.6089506172839506 0.3630208333333333 0.6080246913580247 0.3638888888888889 0.5904320987654321 0.3638888888888889 0.5777777777777777 0.3630208333333333 0.5694444444444444 0.3618055555555555 0.567283950617284 0.3586805555555555 0.5645061728395062 0.3559027777777778 0.5595679012345679 0.3524305555555556 0.5574074074074074 0.3428819444444444 0.5564814814814815 0.3380208333333333 0.5564814814814815 0.3350694444444444 0.5580246913580247 0.3277777777777778 0.5574074074074074 0.32135416666666666 0.5608024691358025 0.31631944444444443 0.5700617283950616 0.3142361111111111 0.5722222222222222 0.3142361111111111 0.5753086419753086 0.3151041666666667 0.5780864197530864 0.31354166666666666 0.5811728395061728 0.31232638888888886 0.5919753086419752 0.3100694444444444 0.5959876543209875 0.30885416666666665 0.6003086419753086 0.30850694444444443 0.6092592592592593 0.3076388888888889 0.6141975308641975 0.30798611111111107 0.6305555555555555 0.3098958333333333 0.6391975308641975
1 0.3368055555555556 0.5506172839506173 0.3385416666666667 0.5537037037037037 0.3451388888888889 0.5509259259259259 0.3515625 0.5496913580246914 0.3690972222222222 0.5503086419753086 0.3717013888888889 0.5493827160493827 0.3734375 0.5481481481481482 0.37482638888888886 0.5425925925925926 0.3769097222222222 0.5401234567901235 0.3779513888888889 0.5370370370370371 0.3793402777777778 0.5358024691358024 0.3810763888888889 0.5299382716049382 0.3805555555555556 0.5052469135802469 0.3793402777777778 0.5009259259259259 0.3774305555555555 0.4972222222222222 0.3746527777777778 0.49320987654320986 0.3729166666666667 0.4919753086419753 0.3644097222222222 0.49104938271604937 0.3487847222222222 0.49351851851851847 0.3451388888888889 0.4978395061728395 0.3413194444444444 0.5049382716049382 0.3380208333333333 0.5194444444444445 0.33576388888888886 0.5256172839506172 0.3359375 0.5459876543209877 0.3368055555555556 0.5506172839506173
5 0.3970486111111111 0.5743827160493827 0.3972222222222222 0.5836419753086419 0.3980902777777778 0.587037037037037 0.3989583333333333 0.595679012345679 0.4010416666666667 0.5996913580246913 0.4036458333333333 0.5969135802469135 0.4085069444444444 0.595679012345679 0.42604166666666665 0.5941358024691359 0.4364583333333333 0.5947530864197531 0.4387152777777778 0.5941358024691359 0.4399305555555555 0.5919753086419752 0.44027777777777777 0.5774691358024692 0.4423611111111111 0.5648148148148148 0.4425347222222222 0.5549382716049382 0.44027777777777777 0.5459876543209877 0.4399305555555555 0.5370370370370371 0.4366319444444444 0.5302469135802469 0.4359375 0.5256172839506172 0.4284722222222222 0.5249999999999999 0.4140625 0.5265432098765432 0.4109375 0.5277777777777778 0.409375 0.5302469135802469 0.40729166666666666 0.5317901234567901 0.40625 0.5339506172839505 0.4059027777777778 0.5364197530864198 0.40260416666666665 0.5413580246913581 0.40173611111111107 0.546604938271605 0.4001736111111111 0.5506172839506173 0.3998263888888889 0.5540123456790124 0.3984375 0.5580246913580247 0.3977430555555555 0.5629629629629629 0.3977430555555555 0.5722222222222222 0.3970486111111111 0.5743827160493827
1 0.36093749999999997 0.4882716049382716 0.3623263888888889 0.4904320987654321 0.3729166666666667 0.49074074074074076 0.3763888888888889 0.4919753086419753 0.3842013888888889 0.4919753086419753 0.38680555555555557 0.49074074074074076 0.3890625 0.4882716049382716 0.3901041666666667 0.48456790123456794 0.3901041666666667 0.47067901234567905 0.3942708333333333 0.458641975308642 0.3942708333333333 0.45185185185185184 0.3925347222222222 0.44845679012345674 0.38663194444444443 0.4450617283950617 0.3779513888888889 0.44537037037037036 0.3701388888888889 0.44845679012345674 0.3664930555555555 0.4527777777777778 0.3647569444444444 0.4561728395061728 0.3638888888888889 0.4617283950617284 0.3623263888888889 0.46543209876543207 0.3614583333333333 0.4700617283950617 0.3607638888888889 0.4854938271604938 0.36093749999999997 0.4882716049382716
1 0.5802083333333333 0.45493827160493827 0.5803819444444445 0.46049382716049386 0.5831597222222222 0.4675925925925926 0.5835069444444444 0.47685185185185186 0.5847222222222223 0.4799382716049383 0.5866319444444444 0.48148148148148145 0.5880208333333333 0.4839506172839506 0.5918402777777777 0.49290123456790125 0.5956597222222222 0.49290123456790125 0.5965277777777778 0.48919753086419754 0.6008680555555556 0.483641975308642 0.6069444444444444 0.48148148148148145 0.6130208333333333 0.4808641975308642 0.6163194444444444 0.4780864197530864 0.6246527777777777 0.4756172839506173 0.6258680555555556 0.4737654320987654 0.6246527777777777 0.4666666666666667 0.6215277777777778 0.45709876543209876 0.6192708333333333 0.4530864197530864 0.6185763888888888 0.44598765432098764 0.6173611111111111 0.4422839506172839 0.6118055555555556 0.4314814814814815 0.6053819444444444 0.425 0.5984375 0.4225308641975309 0.5916666666666667 0.42407407407407405 0.5874999999999999 0.4271604938271605 0.5840277777777777 0.433641975308642 0.5796874999999999 0.44969135802469135 0.5795138888888889 0.4530864197530864 0.5802083333333333 0.45493827160493827
5 0.3196180555555555 0.4558641975308642 0.3196180555555555 0.4641975308641975 0.3208333333333333 0.4694444444444445 0.3251736111111111 0.4703703703703703 0.3274305555555555 0.4691358024691358 0.3373263888888889 0.46820987654320984 0.3395833333333333 0.46543209876543207 0.3411458333333333 0.4558641975308642 0.34184027777777776 0.45432098765432094 0.3456597222222222 0.45339506172839505 0.34652777777777777 0.45648148148148143 0.3489583333333333 0.4608024691358025 0.3506944444444444 0.4589506172839506 0.3527777777777778 0.458641975308642 0.3539930555555555 0.4574074074074074 0.3552083333333333 0.45432098765432094 0.3564236111111111 0.4478395061728395 0.3565972222222222 0.4354938271604938 0.3559027777777778 0.4324074074074074 0.3527777777777778 0.42839506172839503 0.346875 0.425 0.3434027777777778 0.42407407407407405 0.33142361111111107 0.4246913580246914 0.3284722222222222 0.42623456790123454 0.3267361111111111 0.42839506172839503 0.3232638888888889 0.4367283950617284 0.3208333333333333 0.4462962962962963 0.3206597222222222 0.45123456790123456 0.3196180555555555 0.4558641975308642
5 0.2059027777777778 0.6509259259259259 0.2097222222222222 0.6549382716049382 0.2154513888888889 0.6561728395061728 0.2331597222222222 0.6549382716049382 0.2453125 0.6555555555555556 0.2517361111111111 0.6524691358024691 0.2552083333333333 0.6530864197530865 0.2581597222222222 0.6518518518518519 0.26024305555555555 0.6487654320987654 0.26145833333333335 0.6373456790123456 0.2630208333333333 0.6330246913580246 0.26545138888888886 0.6305555555555555 0.2710069444444444 0.6191358024691357 0.2760416666666667 0.6157407407407407 0.2770833333333333 0.6145061728395061 0.2782986111111111 0.6108024691358025 0.27899305555555554 0.5944444444444444 0.27725694444444443 0.5777777777777777 0.2760416666666667 0.5756172839506173 0.2725694444444444 0.5734567901234567 0.2673611111111111 0.5719135802469135 0.2630208333333333 0.5694444444444444 0.25937499999999997 0.5688271604938271 0.24513888888888888 0.5694444444444444 0.22951388888888888 0.5725308641975309 0.2265625 0.5746913580246913 0.21684027777777778 0.5929012345679012 0.2125 0.6070987654320987 0.2112847222222222 0.6101851851851853 0.2097222222222222 0.6120370370370369 0.2048611111111111 0.6256172839506172 0.20538194444444444 0.6469135802469135 0.2059027777777778 0.6509259259259259
1 0.9765625 0.42839506172839503 0.9788194444444444 0.4395061728395062 0.9809027777777778 0.44043209876543205 0.9864583333333333 0.43765432098765433 0.9998263888888889 0.4361111111111111 0.9998263888888889 0.41450617283950614 0.9930555555555556 0.412962962962963 0.9809027777777778 0.4024691358024692 0.9793402777777778 0.4046296296296297 0.9788194444444444 0.40802469135802466 0.9779513888888888 0.42592592592592593 0.9765625 0.42839506172839503
1 0.9571180555555555 0.4154320987654321 0.9572916666666667 0.41790123456790124 0.9583333333333334 0.420679012345679 0.9590277777777778 0.4330246913580247 0.9597222222222221 0.4364197530864197 0.9635416666666666 0.43765432098765433 0.967361111111111 0.4361111111111111 0.9682291666666666 0.4327160493827161 0.9677083333333334 0.4280864197530864 0.9690972222222222 0.4046296296296297 0.9670138888888888 0.4012345679012346 0.9654513888888888 0.4006172839506173 0.9565972222222222 0.40216049382716046 0.9539930555555556 0.40370370370370373 0.953125 0.4049382716049383 0.9571180555555555 0.4154320987654321
1 0.4175347222222222 0.4398148148148148 0.4185763888888889 0.44290123456790126 0.4357638888888889 0.4416666666666667 0.440625 0.44814814814814813 0.4428819444444444 0.45432098765432094 0.4461805555555556 0.45432098765432094 0.4467013888888889 0.45339506172839505 0.4489583333333333 0.44382716049382714 0.4496527777777778 0.4382716049382716 0.4496527777777778 0.4305555555555556 0.4489583333333333 0.425 0.4473958333333333 0.42191358024691356 0.4430555555555556 0.4166666666666667 0.4388888888888889 0.41450617283950614 0.428125 0.41450617283950614 0.4253472222222222 0.41604938271604935 0.421875 0.4225308641975309 0.4204861111111111 0.4287037037037037 0.41822916666666665 0.4330246913580247 0.4175347222222222 0.4354938271604938 0.4175347222222222 0.4398148148148148
1 0.43854166666666666 0.41358024691358025 0.44131944444444443 0.4141975308641975 0.4442708333333333 0.416358024691358 0.4458333333333333 0.4188271604938272 0.44809027777777777 0.42006172839506173 0.4532986111111111 0.42037037037037034 0.4581597222222222 0.4188271604938272 0.4602430555555555 0.416358024691358 0.4626736111111111 0.41512345679012347 0.47256944444444443 0.41358024691358025 0.4748263888888889 0.4138888888888889 0.47760416666666666 0.4172839506172839 0.4809027777777778 0.41790123456790124 0.4826388888888889 0.41234567901234565 0.4845486111111111 0.408641975308642 0.4850694444444444 0.4 0.4845486111111111 0.39351851851851855 0.4809027777777778 0.3845679012345679 0.4762152777777778 0.38240740740740736 0.46197916666666666 0.3811728395061728 0.4553819444444444 0.3833333333333333 0.44947916666666665 0.3888888888888889 0.4472222222222222 0.3925925925925926 0.440625 0.3969135802469136 0.4388888888888889 0.3972222222222222 0.43732638888888886 0.3993827160493827 0.4362847222222222 0.403395061728395 0.4362847222222222 0.408641975308642 0.43854166666666666 0.41358024691358025
1 0.5185763888888889 0.3493827160493827 0.5298611111111111 0.3493827160493827 0.5319444444444444 0.3478395061728395 0.5331597222222222 0.3447530864197531 0.5331597222222222 0.33796296296296297 0.5326388888888889 0.3351851851851852 0.5309027777777777 0.3324074074074074 0.5298611111111111 0.32901234567901233 0.5272569444444445 0.3256172839506173 0.5255208333333333 0.32469135802469135 0.5184027777777778 0.3256172839506173 0.5173611111111112 0.32685185185185184 0.5154513888888889 0.3333333333333333 0.515625 0.3453703703703703 0.5185763888888889 0.3493827160493827
1 0.6291666666666667 0.582716049382716 0.6421875 0.6064814814814815 0.6440972222222222 0.6135802469135803 0.6541666666666666 0.6182098765432099 0.6743055555555556 0.6182098765432099 0.6788194444444444 0.6154320987654321 0.6848958333333334 0.6074074074074074 0.6869791666666666 0.6058641975308642 0.6878472222222222 0.5990740740740741 0.6887152777777777 0.596604938271605 0.6888888888888888 0.5885802469135802 0.6873263888888889 0.5845679012345679 0.6864583333333334 0.5799382716049383 0.6828124999999999 0.5694444444444444 0.6817708333333333 0.5679012345679012 0.6822916666666666 0.5638888888888889 0.6815972222222222 0.5608024691358025 0.6786458333333334 0.5570987654320988 0.678125 0.554320987654321 0.6763888888888888 0.5515432098765432 0.6739583333333333 0.5459876543209877 0.6720486111111111 0.5395061728395062 0.6706597222222221 0.537962962962963 0.6701388888888888 0.5361111111111111 0.6623263888888888 0.5277777777777778 0.6586805555555556 0.5253086419753087 0.6515624999999999 0.5243827160493827 0.646875 0.5243827160493827 0.6397569444444444 0.5277777777777778 0.6333333333333333 0.5351851851851852 0.6296875 0.5444444444444444 0.6277777777777778 0.554320987654321 0.6276041666666666 0.5728395061728395 0.6291666666666667 0.582716049382716
1 0.3815972222222222 0.4175925925925926 0.38125 0.42962962962962964 0.3815972222222222 0.43209876543209874 0.3833333333333333 0.4351851851851852 0.3892361111111111 0.4339506172839506 0.4010416666666667 0.4339506172839506 0.4046875 0.4361111111111111 0.4053819444444444 0.43487654320987656 0.4069444444444444 0.42654320987654315 0.4071180555555556 0.408641975308642 0.4064236111111111 0.4046296296296297 0.4045138888888889 0.40030864197530863 0.40225694444444443 0.39845679012345675 0.3987847222222222 0.39783950617283953 0.3894097222222222 0.39845679012345675 0.3857638888888889 0.4006172839506173 0.3852430555555555 0.40216049382716046 0.3828125 0.40432098765432095 0.3824652777777778 0.40648148148148144 0.3831597222222222 0.41203703703703703 0.3815972222222222 0.4175925925925926
1 0.22708333333333333 0.8135802469135802 0.22881944444444444 0.820679012345679 0.23072916666666665 0.825 0.2331597222222222 0.828395061728395 0.2394097222222222 0.828395061728395 0.24305555555555555 0.8243827160493827 0.24739583333333334 0.8228395061728394 0.28020833333333334 0.821604938271605 0.2890625 0.8163580246913581 0.29149305555555555 0.8166666666666667 0.2944444444444444 0.821604938271605 0.296875 0.8231481481481482 0.30069444444444443 0.8228395061728394 0.3024305555555556 0.821604938271605 0.3043402777777778 0.8185185185185185 0.3072916666666667 0.8080246913580247 0.30746527777777777 0.7685185185185185 0.30885416666666665 0.766358024691358 0.3114583333333333 0.7651234567901234 0.31354166666666666 0.7614197530864197 0.31527777777777777 0.7608024691358025 0.3178819444444444 0.7549382716049382 0.3192708333333333 0.754320987654321 0.3206597222222222 0.7515432098765432 0.3222222222222222 0.7506172839506172 0.3246527777777778 0.7441358024691357 0.3251736111111111 0.7231481481481481 0.3246527777777778 0.7080246913580247 0.32361111111111107 0.7015432098765432 0.3234375 0.6901234567901234 0.3227430555555555 0.6879629629629629 0.3192708333333333 0.6845679012345679 0.31232638888888886 0.6814814814814815 0.3003472222222222 0.6814814814814815 0.2935763888888889 0.6833333333333333 0.2664930555555556 0.6867283950617284 0.25885416666666666 0.688888888888889 0.25277777777777777 0.6990740740740741 0.24756944444444445 0.7049382716049382 0.24479166666666666 0.7185185185185184 0.24131944444444445 0.7274691358024691 0.23645833333333333 0.7469135802469137 0.234375 0.7515432098765432 0.2328125 0.758641975308642 0.2315972222222222 0.762037037037037 0.2282986111111111 0.7669753086419753 0.22708333333333333 0.770679012345679 0.2265625 0.7743827160493827 0.22708333333333333 0.8135802469135802
5 0.6866319444444444 0.5571685185185186 0.6901041666666666 0.5630327160493828 0.6904513888888888 0.5667364197530864 0.7003472222222222 0.575687037037037 0.7034722222222222 0.5809339506172839 0.7041666666666666 0.5840203703703705 0.7064236111111112 0.5880327160493827 0.7135416666666666 0.589575925925926 0.7171875 0.5880327160493827 0.7177083333333334 0.585254938271605 0.7177083333333334 0.5744524691358025 0.7185763888888889 0.5707487654320987 0.7190972222222222 0.5380327160493827 0.7211805555555556 0.5216746913580247 0.7215277777777778 0.5148845679012346 0.7171875 0.5124154320987655 0.7039930555555556 0.5124154320987655 0.6949652777777777 0.5139586419753086 0.6875 0.517970987654321 0.6855902777777778 0.5213660493827161 0.6848958333333334 0.5269216049382716 0.6850694444444444 0.551612962962963 0.6866319444444444 0.5571685185185186
2 0.325 0.842283950617284 0.32795138888888886 0.8444444444444444 0.3315972222222222 0.8419753086419753 0.3420138888888889 0.841358024691358 0.3456597222222222 0.8370370370370371 0.3463541666666667 0.8388888888888888 0.3480902777777778 0.8404320987654321 0.3501736111111111 0.8450617283950618 0.3506944444444444 0.8549382716049382 0.3515625 0.8592592592592593 0.3524305555555556 0.8601851851851853 0.3559027777777778 0.8595679012345678 0.3564236111111111 0.8570987654320987 0.3559027777777778 0.8395061728395062 0.35312499999999997 0.8237654320987654 0.3524305555555556 0.8145061728395062 0.3524305555555556 0.8064814814814815 0.35434027777777777 0.8003086419753087 0.3541666666666667 0.7969135802469135 0.3482638888888889 0.7895061728395062 0.3440972222222222 0.7867283950617284 0.3414930555555556 0.7824074074074074 0.3409722222222222 0.7799382716049382 0.3414930555555556 0.7709876543209876 0.3402777777777778 0.7657407407407407 0.3385416666666667 0.7632716049382716 0.3350694444444444 0.7638888888888888 0.33402777777777776 0.7654320987654322 0.3328125 0.7700617283950618 0.33211805555555557 0.7768518518518519 0.3277777777777778 0.782716049382716 0.3277777777777778 0.7941358024691358 0.3260416666666667 0.8061728395061728 0.3253472222222222 0.8098765432098766 0.32447916666666665 0.8114197530864197 0.32413194444444443 0.8148148148148148 0.3237847222222222 0.8296296296296296 0.325 0.842283950617284
2 0.915625 0.6598765432098765 0.9166666666666666 0.6645061728395062 0.9175347222222222 0.6790123456790123 0.9185763888888888 0.6854938271604938 0.9178819444444444 0.6938271604938272 0.9138888888888889 0.7061728395061728 0.9138888888888889 0.7108024691358025 0.9149305555555556 0.7148148148148148 0.9225694444444444 0.7203703703703703 0.9243055555555556 0.7191358024691359 0.9246527777777778 0.7175925925925926 0.9232638888888888 0.7092592592592593 0.9255208333333333 0.7037037037037037 0.9270833333333334 0.688888888888889 0.9303819444444444 0.6820987654320988 0.9324652777777778 0.6703703703703704 0.9336805555555555 0.6666666666666666 0.9352430555555555 0.6648148148148147 0.9357638888888888 0.6595679012345679 0.9357638888888888 0.645679012345679 0.9329861111111112 0.6382716049382716 0.9328124999999999 0.6302469135802469 0.9309027777777777 0.6228395061728395 0.9293402777777777 0.6212962962962962 0.9256944444444444 0.6216049382716049 0.9236111111111112 0.6280864197530863 0.9234375 0.6342592592592593 0.9227430555555556 0.637037037037037 0.9220486111111111 0.6382716049382716 0.9180555555555555 0.6407407407407407 0.9133680555555556 0.6481481481481481 0.9133680555555556 0.6549382716049382 0.915625 0.6598765432098765
2 0.7956597222222221 0.5089506172839506 0.795486111111111 0.5166666666666666 0.7960069444444444 0.5240740740740741 0.795486111111111 0.5259259259259259 0.7972222222222222 0.5277777777777778 0.7973958333333333 0.5299382716049382 0.7998263888888888 0.5364197530864198 0.8029513888888888 0.5367283950617284 0.803298611111111 0.5219135802469136 0.8050347222222222 0.5154320987654321 0.8064236111111112 0.512962962962963 0.8107638888888888 0.5123456790123457 0.8107638888888888 0.5040123456790123 0.8092013888888888 0.49938271604938267 0.8078124999999999 0.4898148148148148 0.8060763888888888 0.4854938271604938 0.8059027777777777 0.48055555555555557 0.8043402777777777 0.47623456790123453 0.8022569444444444 0.47623456790123453 0.8010416666666667 0.4774691358024691 0.8001736111111112 0.4833333333333333 0.7972222222222222 0.48796296296296293 0.7961805555555556 0.49104938271604937 0.7967013888888889 0.49537037037037035 0.7956597222222221 0.5089506172839506
2 0.15260416666666665 0.7759259259259259 0.15434027777777778 0.7771604938271606 0.1638888888888889 0.778395061728395 0.1673611111111111 0.7817901234567901 0.16788194444444443 0.7830246913580247 0.16822916666666665 0.7950617283950616 0.17309027777777775 0.796604938271605 0.17569444444444443 0.8009259259259259 0.17708333333333334 0.8092592592592593 0.17708333333333334 0.8185185185185185 0.1782986111111111 0.8209876543209877 0.18333333333333335 0.820679012345679 0.1857638888888889 0.8197530864197531 0.18645833333333334 0.8185185185185185 0.1857638888888889 0.813888888888889 0.18385416666666665 0.8123456790123457 0.18229166666666666 0.8080246913580247 0.1824652777777778 0.7824074074074074 0.18211805555555555 0.7771604938271606 0.18125 0.7737654320987654 0.18090277777777775 0.7657407407407407 0.1782986111111111 0.7632716049382716 0.1767361111111111 0.7604938271604937 0.1706597222222222 0.7558641975308641 0.1684027777777778 0.7521604938271605 0.16788194444444443 0.7490740740740741 0.16788194444444443 0.7419753086419753 0.16666666666666666 0.7376543209876544 0.16545138888888888 0.7367283950617284 0.1612847222222222 0.7367283950617284 0.15850694444444444 0.7391975308641975 0.15677083333333333 0.745679012345679 0.1560763888888889 0.7524691358024691 0.15260416666666665 0.7583333333333334 0.1519097222222222 0.7617283950617284 0.1512152777777778 0.7728395061728395 0.15260416666666665 0.7759259259259259
2 0.2805555555555555 0.45432098765432094 0.2829861111111111 0.47067901234567905 0.2829861111111111 0.4777777777777778 0.2835069444444444 0.4808641975308642 0.28524305555555557 0.48209876543209873 0.2894097222222222 0.48117283950617284 0.2899305555555556 0.4802469135802469 0.2899305555555556 0.47469135802469137 0.28888888888888886 0.47067901234567905 0.2887152777777778 0.4666666666666667 0.28888888888888886 0.4632716049382716 0.2899305555555556 0.45987654320987653 0.2899305555555556 0.44907407407407407 0.2876736111111111 0.4391975308641975 0.28680555555555554 0.4324074074074074 0.2829861111111111 0.43209876543209874 0.28125 0.44012345679012344 0.2805555555555555 0.44537037037037036 0.2805555555555555 0.45432098765432094
2 0.2769097222222222 0.6469135802469135 0.2769097222222222 0.6549382716049382 0.27812499999999996 0.6614197530864198 0.2796875 0.6629629629629629 0.28072916666666664 0.6614197530864198 0.2814236111111111 0.657716049382716 0.28368055555555555 0.6549382716049382 0.28506944444444443 0.6518518518518519 0.2864583333333333 0.6429012345679013 0.2873263888888889 0.6416666666666666 0.2881944444444444 0.6376543209876543 0.28975694444444444 0.6358024691358025 0.29149305555555555 0.6317901234567901 0.2934027777777778 0.6237654320987653 0.29670138888888886 0.6197530864197531 0.2980902777777778 0.6160493827160494 0.2987847222222222 0.6095679012345678 0.2980902777777778 0.6055555555555556 0.2970486111111111 0.6024691358024691 0.29409722222222223 0.5984567901234568 0.2921875 0.5885802469135802 0.2911458333333333 0.5873456790123457 0.2899305555555556 0.5864197530864198 0.2881944444444444 0.5873456790123457 0.2866319444444444 0.5904320987654321 0.2869791666666667 0.6037037037037037 0.2855902777777778 0.6061728395061728 0.2805555555555555 0.6083333333333334 0.27934027777777776 0.6098765432098765 0.27847222222222223 0.6231481481481481 0.2767361111111111 0.6299382716049382 0.27638888888888885 0.644753086419753 0.2769097222222222 0.6469135802469135
2 0.7373263888888888 0.5003086419753087 0.7430555555555556 0.49907407407407406 0.7440972222222222 0.4996913580246914 0.7447916666666666 0.5015432098765432 0.7458333333333333 0.49290123456790125 0.7454861111111112 0.4833333333333333 0.7461805555555555 0.4641975308641975 0.7454861111111112 0.45679012345679015 0.7446180555555556 0.45493827160493827 0.7409722222222221 0.4537037037037037 0.7397569444444444 0.4561728395061728 0.7394097222222222 0.46049382716049386 0.7378472222222222 0.4635802469135802 0.7366319444444444 0.47098765432098766 0.7366319444444444 0.48117283950617284 0.7359375 0.4867283950617284 0.7361111111111112 0.49907407407407406 0.7373263888888888 0.5003086419753087
2 0.7722222222222221 0.5157407407407407 0.7710069444444444 0.5249999999999999 0.7710069444444444 0.5259259259259259 0.7722222222222221 0.5271604938271605 0.7743055555555556 0.5259259259259259 0.7748263888888888 0.5212962962962963 0.7760416666666666 0.5194444444444445 0.7833333333333333 0.5188271604938272 0.7864583333333334 0.5160493827160494 0.786111111111111 0.5083333333333333 0.7869791666666666 0.5015432098765432 0.7868055555555555 0.4972222222222222 0.7857638888888888 0.4916666666666667 0.7857638888888888 0.4802469135802469 0.7848958333333333 0.47530864197530864 0.7793402777777778 0.466358024691358 0.778125 0.4679012345679012 0.7774305555555555 0.47129629629629627 0.7748263888888888 0.47716049382716047 0.7743055555555556 0.5123456790123457 0.7722222222222221 0.5157407407407407
2 0.7635416666666666 0.5049382716049382 0.7618055555555555 0.5095679012345679 0.7611111111111112 0.5141975308641975 0.7583333333333333 0.5179012345679012 0.7583333333333333 0.520679012345679 0.7586805555555556 0.5225308641975308 0.7623263888888888 0.5231481481481481 0.7638888888888888 0.5225308641975308 0.7644097222222221 0.5209876543209876 0.765625 0.5203703703703704 0.7692708333333333 0.5203703703703704 0.7725694444444444 0.5259259259259259 0.772048611111111 0.5246913580246914 0.7725694444444444 0.5240740740740741 0.7717013888888888 0.5231481481481481 0.7729166666666666 0.5219135802469136 0.7736111111111111 0.5145061728395062 0.7737847222222222 0.4972222222222222 0.7746527777777777 0.48858024691358026 0.7746527777777777 0.48271604938271606 0.771875 0.4743827160493827 0.7711805555555555 0.4700617283950617 0.7692708333333333 0.4675925925925926 0.7673611111111112 0.46882716049382717 0.7666666666666666 0.47067901234567905 0.7644097222222221 0.48117283950617284 0.764236111111111 0.4981481481481481 0.7635416666666666 0.5049382716049382
0 0.6043402777777778 0.42314814814814816 0.6105902777777777 0.4280864197530864 0.6121527777777778 0.4305555555555556 0.615625 0.43765432098765433 0.6159722222222221 0.4395061728395062 0.6180555555555556 0.4422839506172839 0.6197916666666666 0.4475308641975309 0.6204861111111112 0.45339506172839505 0.6223958333333334 0.4561728395061728 0.6237847222222221 0.4608024691358025 0.6288194444444444 0.46882716049382717 0.6303819444444444 0.47469135802469137 0.6369791666666667 0.4842592592592592 0.6407986111111111 0.483641975308642 0.6475694444444444 0.4858024691358025 0.6586805555555556 0.483641975308642 0.6654513888888888 0.48518518518518516 0.6710069444444444 0.48302469135802467 0.6788194444444444 0.4824074074074074 0.6788194444444444 0.48148148148148145 0.6824652777777778 0.4756172839506173 0.6828124999999999 0.47314814814814815 0.6821180555555556 0.46820987654320984 0.6821180555555556 0.42345679012345677 0.6828124999999999 0.4141975308641975 0.6821180555555556 0.40802469135802466 0.6729166666666666 0.40216049382716046 0.6663194444444444 0.3969135802469136 0.6638888888888889 0.39382716049382716 0.6600694444444444 0.391358024691358 0.6581597222222222 0.3888888888888889 0.6565972222222222 0.38827160493827156 0.6557291666666666 0.3867283950617284 0.6513888888888888 0.38395061728395063 0.6480902777777777 0.37993827160493826 0.6439236111111112 0.3774691358024691 0.6378472222222222 0.37160493827160496 0.6307291666666666 0.3672839506172839 0.6223958333333334 0.3669753086419753 0.6175347222222222 0.36820987654320986 0.6098958333333333 0.36820987654320986 0.6065972222222222 0.3694444444444444 0.6045138888888888 0.3725308641975309 0.6024305555555556 0.39166666666666666 0.6024305555555556 0.42006172839506173 0.6043402777777778 0.42314814814814816
6 0.7184027777777777 0.5740740740740741 0.7192708333333333 0.5864197530864198 0.71875 0.5962962962962963 0.7203125 0.6027777777777777 0.7218749999999999 0.6040123456790124 0.7229166666666667 0.6061728395061728 0.7239583333333334 0.6070987654320987 0.7298611111111112 0.6074074074074074 0.732986111111111 0.6120370370370369 0.7335069444444444 0.6188271604938271 0.7328125 0.6271604938271605 0.7331597222222221 0.6308641975308641 0.7340277777777777 0.6333333333333334 0.7342013888888889 0.6379629629629631 0.7362847222222222 0.6391975308641975 0.7376736111111112 0.6416666666666666 0.7378472222222222 0.6432098765432099 0.7447916666666666 0.6487654320987654 0.7454861111111112 0.6503086419753087 0.7456597222222222 0.6540123456790122 0.7480902777777778 0.6592592592592593 0.7532986111111112 0.6620370370370371 0.7590277777777777 0.667283950617284 0.762673611111111 0.6712962962962963 0.7661458333333333 0.6768518518518518 0.7692708333333333 0.6799382716049384 0.7756944444444444 0.6891975308641975 0.7793402777777778 0.6925925925925925 0.7881944444444444 0.6972222222222222 0.7934027777777778 0.7015432098765432 0.7944444444444444 0.7049382716049382 0.7944444444444444 0.7191358024691359 0.7956597222222221 0.7311728395061728 0.796875 0.7364197530864197 0.8003472222222222 0.7438271604938271 0.8045138888888889 0.7469135802469137 0.8064236111111112 0.7472222222222222 0.8107638888888888 0.7459876543209876 0.8157986111111112 0.7429012345679012 0.8347222222222221 0.7419753086419753 0.8458333333333333 0.7432098765432099 0.8487847222222222 0.7447530864197531 0.8703124999999999 0.7447530864197531 0.8723958333333334 0.7432098765432099 0.8791666666666667 0.7447530864197531 0.8842013888888888 0.7447530864197531 0.8871527777777778 0.7382716049382716 0.8878472222222222 0.7320987654320987 0.8878472222222222 0.7240740740740741 0.8888888888888888 0.7175925925925926 0.8897569444444444 0.6941358024691359 0.8913194444444444 0.6864197530864197 0.8913194444444444 0.6820987654320988 0.8904513888888889 0.6796296296296297 0.8913194444444444 0.667283950617284 0.8902777777777777 0.6358024691358025 0.8904513888888889 0.6280864197530863 0.8909722222222222 0.6268518518518519 0.8895833333333334 0.6228395061728395 0.8881944444444444 0.6222222222222222 0.8857638888888888 0.6191358024691357 0.8840277777777777 0.6151234567901235 0.8824652777777777 0.6132716049382716 0.8810763888888888 0.6083333333333334 0.8789930555555555 0.6058641975308642 0.8805555555555555 0.6030864197530863 0.8800347222222222 0.600925925925926 0.8781249999999999 0.5990740740740741 0.8765625 0.5987654320987654 0.8751736111111111 0.6021604938271605 0.8730902777777778 0.6030864197530863 0.872048611111111 0.6012345679012346 0.8689236111111112 0.6 0.865798611111111 0.5962962962962963 0.865625 0.5950617283950618 0.8673611111111111 0.5891975308641976 0.8673611111111111 0.5848765432098765 0.8666666666666666 0.5811728395061728 0.8624999999999999 0.5756172839506173 0.8586805555555556 0.5740740740740741 0.8539930555555556 0.5774691358024692 0.8517361111111111 0.5777777777777777 0.8451388888888888 0.5777777777777777 0.8411458333333334 0.5762345679012346 0.8324652777777778 0.567283950617284 0.8232638888888888 0.5601851851851852 0.8175347222222222 0.553395061728395 0.8052083333333333 0.5432098765432098 0.8001736111111112 0.5373456790123456 0.796875 0.5358024691358024 0.7935763888888888 0.5308641975308642 0.7888888888888889 0.5274691358024691 0.7840277777777778 0.5222222222222223 0.7796875 0.520679012345679 0.7776041666666667 0.5231481481481481 0.7763888888888888 0.5277777777777778 0.7756944444444444 0.532716049382716 0.7755208333333333 0.5432098765432098 0.7741319444444444 0.5475308641975308 0.7730902777777777 0.5484567901234568 0.7550347222222222 0.5487654320987654 0.7520833333333333 0.5475308641975308 0.7479166666666666 0.5441358024691358 0.7440972222222222 0.5395061728395062 0.7402777777777778 0.5367283950617284 0.7380208333333333 0.532716049382716 0.7322916666666666 0.5271604938271605 0.7309027777777778 0.5243827160493827 0.7276041666666666 0.5228395061728395 0.7248263888888888 0.5191358024691358 0.7232638888888888 0.5191358024691358 0.7204861111111112 0.5253086419753087 0.7196180555555556 0.5496913580246914 0.7190972222222222 0.5530864197530865 0.7190972222222222 0.5697530864197531 0.7184027777777777 0.5740740740740741
3 0.44913194444444443 0.31080246913580245 0.44947916666666665 0.316358024691358 0.4503472222222222 0.316358024691358 0.4526041666666667 0.3141975308641975 0.4527777777777778 0.30339506172839503 0.4515625 0.30092592592592593 0.4498263888888889 0.3 0.44861111111111107 0.30339506172839503 0.4482638888888889 0.3077160493827161 0.44913194444444443 0.31080246913580245
3 0.4895833333333333 0.37654320987654316 0.4918402777777778 0.37777777777777777 0.4946180555555555 0.37623456790123455 0.49496527777777777 0.3648148148148148 0.49374999999999997 0.3589506172839506 0.4916666666666667 0.35648148148148145 0.4895833333333333 0.3567901234567901 0.4878472222222222 0.358641975308642 0.4878472222222222 0.36790123456790125 0.4895833333333333 0.37654320987654316
3 0.8734375 0.571604938271605 0.8746527777777777 0.5722222222222222 0.8885416666666666 0.571604938271605 0.8921875 0.570679012345679 0.8939236111111112 0.5691358024691359 0.9069444444444444 0.5685185185185185 0.9100694444444444 0.5648148148148148 0.9114583333333334 0.5641975308641975 0.9130208333333334 0.5604938271604938 0.9125 0.5564814814814815 0.9100694444444444 0.5521604938271605 0.9086805555555556 0.5509259259259259 0.9041666666666666 0.5512345679012346 0.8982638888888889 0.5469135802469135 0.8923611111111112 0.5499999999999999 0.8902777777777777 0.5530864197530865 0.890625 0.5549382716049382 0.8928819444444444 0.5570987654320988 0.8935763888888888 0.5604938271604938 0.8930555555555556 0.5623456790123457 0.890625 0.5626543209876543 0.8885416666666666 0.5608024691358025 0.8826388888888889 0.5601851851851852 0.8769097222222222 0.5570987654320988 0.8730902777777778 0.5570987654320988 0.8723958333333334 0.558641975308642 0.8730902777777778 0.5700617283950616 0.8734375 0.571604938271605
3 0.33871527777777777 0.4916666666666667 0.34010416666666665 0.49845679012345684 0.3420138888888889 0.5021604938271605 0.3473958333333333 0.4947530864197531 0.3493055555555556 0.4898148148148148 0.3498263888888889 0.483641975308642 0.3480902777777778 0.4774691358024691 0.34652777777777777 0.4743827160493827 0.3461805555555555 0.4700617283950617 0.34531249999999997 0.46882716049382717 0.3432291666666667 0.4666666666666667 0.3409722222222222 0.466358024691358 0.3385416666666667 0.4675925925925926 0.3380208333333333 0.4694444444444445 0.3376736111111111 0.4756172839506173 0.33871527777777777 0.4916666666666667
3 0.5086805555555556 0.35401234567901235 0.5121527777777778 0.3558641975308642 0.5138888888888888 0.34567901234567905 0.5135416666666667 0.3382716049382716 0.5123263888888888 0.3333333333333333 0.5086805555555556 0.33487654320987653 0.5078125 0.34043209876543207 0.5076388888888889 0.3447530864197531 0.5086805555555556 0.35401234567901235
3 0.14652777777777778 0.8037037037037037 0.1482638888888889 0.8074074074074075 0.1487847222222222 0.8101851851851852 0.1484375 0.8305555555555556 0.14895833333333333 0.8336419753086419 0.1501736111111111 0.8364197530864197 0.15104166666666666 0.8419753086419753 0.1534722222222222 0.8459876543209875 0.15381944444444445 0.8484567901234568 0.1565972222222222 0.8561728395061728 0.1578125 0.8583333333333334 0.16180555555555554 0.858641975308642 0.1638888888888889 0.8558641975308642 0.1690972222222222 0.8407407407407407 0.17447916666666666 0.8314814814814815 0.17552083333333335 0.8280864197530865 0.17586805555555554 0.8246913580246913 0.1769097222222222 0.821604938271605 0.1769097222222222 0.8101851851851852 0.17552083333333335 0.799074074074074 0.17430555555555555 0.796604938271605 0.16996527777777778 0.7944444444444444 0.16927083333333334 0.79320987654321 0.1689236111111111 0.7836419753086419 0.1671875 0.779320987654321 0.16527777777777775 0.7777777777777778 0.15416666666666665 0.7777777777777778 0.14774305555555556 0.7830246913580247 0.14600694444444443 0.7867283950617284 0.14583333333333334 0.79320987654321 0.14652777777777778 0.8037037037037037
3 0.17881944444444445 0.7567901234567901 0.1800347222222222 0.7555555555555555 0.178125 0.7549382716049382 0.17777777777777778 0.7555555555555555 0.17881944444444445 0.7567901234567901
3 0.2756944444444444 0.6638888888888889 0.2756944444444444 0.6657407407407407 0.2791666666666667 0.6688271604938272 0.28246527777777775 0.6648148148148147 0.2821180555555556 0.6608024691358024 0.2829861111111111 0.6583333333333333 0.2838541666666667 0.6583333333333333 0.2864583333333333 0.6586419753086419 0.2887152777777778 0.6608024691358024 0.29062499999999997 0.6645061728395062 0.2907986111111111 0.66820987654321 0.2913194444444444 0.6688271604938272 0.2961805555555555 0.6709876543209877 0.30069444444444443 0.6712962962962963 0.3024305555555556 0.6688271604938272 0.3032986111111111 0.6645061728395062 0.3053819444444444 0.6608024691358024 0.3067708333333333 0.654320987654321 0.3059027777777778 0.6419753086419753 0.3038194444444444 0.633641975308642 0.3059027777777778 0.6271604938271605 0.30624999999999997 0.6228395061728395 0.3048611111111111 0.620679012345679 0.3013888888888889 0.6194444444444445 0.2973958333333333 0.6194444444444445 0.29288194444444443 0.6222222222222222 0.2890625 0.6228395061728395 0.2883680555555555 0.6271604938271605 0.2894097222222222 0.6305555555555555 0.2887152777777778 0.633641975308642 0.28541666666666665 0.6376543209876543 0.28402777777777777 0.6478395061728395 0.2831597222222222 0.65 0.2791666666666667 0.6515432098765431 0.27743055555555557 0.6546296296296297 0.2767361111111111 0.6614197530864198 0.2756944444444444 0.6638888888888889
3 0.3109375 0.6006172839506172 0.3119791666666667 0.5993827160493828 0.3111111111111111 0.5981481481481481 0.31059027777777776 0.5981481481481481 0.3109375 0.6006172839506172
3 0.4774305555555556 0.3080246913580247 0.47812499999999997 0.30154320987654315 0.4774305555555556 0.29475308641975306 0.4739583333333333 0.295679012345679 0.4739583333333333 0.3077160493827161 0.4774305555555556 0.3080246913580247
3 0.36874999999999997 0.3975308641975308 0.3715277777777778 0.39783950617283953 0.3732638888888889 0.396604938271605 0.3744791666666667 0.39043209876543206 0.3744791666666667 0.38209876543209875 0.3739583333333333 0.3790123456790123 0.3723958333333333 0.3768518518518519 0.3689236111111111 0.37654320987654316 0.3671875 0.37962962962962965 0.3671875 0.38827160493827156 0.36874999999999997 0.3975308641975308
3 0.5190972222222222 0.29228395061728396 0.5203125000000001 0.2972222222222222 0.5222222222222223 0.30092592592592593 0.5255208333333333 0.3003086419753086 0.5260416666666666 0.2972222222222222 0.5258680555555555 0.29259259259259257 0.5246527777777777 0.28734567901234565 0.5230902777777777 0.2858024691358025 0.5197916666666667 0.28734567901234565 0.5190972222222222 0.2891975308641975 0.5190972222222222 0.29228395061728396
3 0.5347222222222222 0.44382716049382714 0.5362847222222222 0.44845679012345674 0.5378472222222223 0.45648148148148143 0.5402777777777777 0.4580246913580247 0.5414930555555555 0.45648148148148143 0.5439236111111111 0.4441358024691358 0.5440972222222222 0.43209876543209874 0.5435763888888888 0.4305555555555556 0.5394097222222222 0.429320987654321 0.5359375 0.4305555555555556 0.5347222222222222 0.4330246913580247 0.5342013888888888 0.43580246913580245 0.5347222222222222 0.44382716049382714
3 0.40729166666666666 0.3061728395061728 0.4079861111111111 0.31203703703703706 0.4097222222222222 0.3141975308641975 0.4119791666666667 0.3141975308641975 0.4130208333333333 0.3104938271604938 0.4123263888888889 0.3027777777777778 0.4114583333333333 0.30123456790123454 0.40781249999999997 0.30185185185185187 0.40729166666666666 0.3030864197530864 0.40729166666666666 0.3061728395061728
3 0.3767361111111111 0.5962962962962963 0.3776041666666667 0.5972222222222222 0.37916666666666665 0.6027777777777777 0.3802083333333333 0.6037037037037037 0.3840277777777778 0.5993827160493828 0.3871527777777778 0.5882716049382716 0.3873263888888889 0.5638888888888889 0.3776041666666667 0.5638888888888889 0.37604166666666666 0.5648148148148148 0.375 0.5666666666666667 0.375 0.5888888888888889 0.3767361111111111 0.5962962962962963
3 0.5034722222222222 0.3006172839506173 0.5045138888888888 0.3024691358024691 0.5057291666666667 0.3027777777777778 0.5072916666666667 0.2993827160493827 0.5072916666666667 0.29259259259259257 0.5067708333333333 0.2904320987654321 0.5052083333333334 0.28734567901234565 0.5029513888888889 0.2916666666666667 0.5029513888888889 0.29814814814814816 0.5034722222222222 0.3006172839506173
3 0.5769097222222223 0.3771604938271605 0.5817708333333333 0.38148148148148153 0.5842013888888888 0.3753086419753086 0.5848958333333333 0.37006172839506174 0.584375 0.36574074074074076 0.5829861111111111 0.3611111111111111 0.5817708333333333 0.35956790123456794 0.578125 0.35956790123456794 0.5769097222222223 0.3626543209876543 0.5762152777777777 0.36574074074074076 0.5769097222222223 0.3771604938271605
3 0.3274305555555555 0.8725308641975309 0.3307291666666667 0.8802469135802469 0.3303819444444444 0.8944444444444444 0.33090277777777777 0.8975308641975309 0.3335069444444444 0.8987654320987654 0.3402777777777778 0.8975308641975309 0.3420138888888889 0.8953703703703704 0.3434027777777778 0.8898148148148147 0.3461805555555555 0.8861111111111112 0.34756944444444443 0.8808641975308641 0.3506944444444444 0.8521604938271605 0.3498263888888889 0.841358024691358 0.3486111111111111 0.8382716049382716 0.3458333333333333 0.8361111111111111 0.34375 0.8364197530864197 0.3421875 0.8401234567901235 0.3381944444444444 0.8401234567901235 0.3350694444444444 0.8373456790123457 0.3315972222222222 0.8373456790123457 0.3293402777777778 0.842283950617284 0.3274305555555555 0.8438271604938271 0.3265625 0.8481481481481481 0.3265625 0.8666666666666666 0.3274305555555555 0.8725308641975309
3 0.3519097222222222 0.7888888888888889 0.3552083333333333 0.7885802469135803 0.3564236111111111 0.7867283950617284 0.35555555555555557 0.7817901234567901 0.3520833333333333 0.7808641975308641 0.3506944444444444 0.7830246913580247 0.3503472222222222 0.7864197530864198 0.3519097222222222 0.7888888888888889