4 0.4453125 0.36790123456790125 0.4586805555555556 0.3688271604938272 0.4604166666666667 0.3669753086419753 0.4600694444444444 0.3490740740740741 0.459375 0.34598765432098766 0.4567708333333333 0.3425925925925926 0.45295138888888886 0.34012345679012346 0.44947916666666665 0.34074074074074073 0.4458333333333333 0.3450617283950617 0.4446180555555555 0.35432098765432096 0.4444444444444444 0.36604938271604937 0.4453125 0.36790123456790125
1 0.4704861111111111 0.3305555555555556 0.4777777777777778 0.3302469135802469 0.4789930555555555 0.32839506172839505 0.4796875 0.325 0.4791666666666667 0.32098765432098764 0.4777777777777778 0.31820987654320987 0.475 0.3166666666666667 0.4739583333333333 0.31512345679012344 0.4704861111111111 0.3169753086419753 0.46857638888888886 0.3212962962962963 0.4684027777777778 0.3280864197530864 0.4704861111111111 0.3305555555555556
1 0.4510416666666667 0.3219135802469136 0.45295138888888886 0.32376543209876546 0.4539930555555556 0.32160493827160497 0.4543402777777778 0.3172839506172839 0.4532986111111111 0.31296296296296294 0.4508680555555556 0.31080246913580245 0.4456597222222222 0.3104938271604938 0.4432291666666667 0.3135802469135803 0.4432291666666667 0.3197530864197531 0.4510416666666667 0.3219135802469136
1 0.14149305555555555 0.4 0.1439236111111111 0.40216049382716046 0.14704861111111112 0.3947530864197531 0.15052083333333333 0.3925925925925926 0.1515625 0.3925925925925926 0.15312499999999998 0.39444444444444443 0.1578125 0.39537037037037037 0.15868055555555555 0.39351851851851855 0.1595486111111111 0.3830246913580247 0.1605902777777778 0.3771604938271605 0.1605902777777778 0.37006172839506174 0.15885416666666666 0.36851851851851847 0.1548611111111111 0.36790123456790125 0.1515625 0.362962962962963 0.14809027777777775 0.3611111111111111 0.140625 0.36203703703703705 0.140625 0.396604938271605 0.14149305555555555 0.4
1 0.04670138888888889 0.35956790123456794 0.04722222222222222 0.3509259259259259 0.04600694444444445 0.34969135802469137 0.04704861111111111 0.34814814814814815 0.04670138888888889 0.3469135802469136 0.04565972222222222 0.35 0.04565972222222222 0.3558641975308642 0.04670138888888889 0.35956790123456794
1 0.040451388888888884 0.3472222222222222 0.03993055555555555 0.34796296296296303 0.03993055555555555 0.3527777777777778 0.041666666666666664 0.34228395061728395 0.03993055555555555 0.3395061728395061 0.03958333333333333 0.3444444444444445 0.040451388888888884 0.3472222222222222
1 0.30277777777777776 0.3175925925925926 0.3119791666666667 0.3185185185185185 0.3131944444444444 0.3175925925925926 0.3138888888888889 0.31543209876543205 0.3138888888888889 0.30709876543209874 0.3133680555555556 0.3030864197530864 0.3114583333333333 0.30092592592592593 0.30572916666666666 0.30123456790123454 0.3034722222222222 0.30339506172839503 0.3019097222222222 0.30925925925925923 0.3003472222222222 0.31234567901234567 0.2998263888888889 0.3148148148148148 0.30277777777777776 0.3175925925925926
1 0.4409722222222222 0.3419753086419753 0.4420138888888889 0.34320987654320984 0.4461805555555556 0.3441358024691358 0.4526041666666667 0.3388888888888889 0.4532986111111111 0.33549382716049386 0.4532986111111111 0.32839506172839505 0.4526041666666667 0.32469135802469135 0.4501736111111111 0.3212962962962963 0.4467013888888889 0.3200617283950617 0.44340277777777776 0.3212962962962963 0.4420138888888889 0.32345679012345674 0.4409722222222222 0.3274691358024691 0.4404513888888889 0.3367283950617284 0.4409722222222222 0.3419753086419753
1 0.375 0.28641975308641976 0.3807291666666667 0.28672839506172837 0.3822916666666667 0.28425925925925927 0.3822916666666667 0.27839506172839507 0.3817708333333333 0.27530864197530863 0.3807291666666667 0.27345679012345675 0.3763888888888889 0.27345679012345675 0.375 0.27530864197530863 0.3743055555555555 0.2777777777777778 0.3737847222222222 0.283641975308642 0.375 0.28641975308641976
1 0.4404513888888889 0.42901234567901236 0.4404513888888889 0.44660493827160497 0.4421875 0.45092592592592595 0.4510416666666667 0.44907407407407407 0.453125 0.45 0.4574652777777778 0.45 0.4623263888888889 0.4530864197530864 0.46371527777777777 0.4530864197530864 0.46475694444444443 0.45123456790123456 0.4654513888888889 0.44382716049382714 0.46493055555555557 0.4280864197530864 0.4657986111111111 0.4246913580246914 0.46475694444444443 0.42191358024691356 0.4635416666666667 0.42098765432098767 0.46249999999999997 0.41790123456790124 0.4621527777777778 0.41450617283950614 0.4604166666666667 0.41018518518518515 0.4567708333333333 0.40771604938271605 0.4470486111111111 0.40802469135802466 0.4440972222222222 0.4111111111111111 0.4421875 0.41790123456790124 0.4395833333333333 0.4228395061728395 0.4392361111111111 0.4253086419753086 0.4404513888888889 0.42901234567901236
1 0.15677083333333333 0.4364197530864197 0.15833333333333333 0.4391975308641975 0.1612847222222222 0.44043209876543205 0.17760416666666665 0.44043209876543205 0.1824652777777778 0.441358024691358 0.18541666666666665 0.4391975308641975 0.18854166666666666 0.43425925925925923 0.1923611111111111 0.43179012345679013 0.19305555555555554 0.4280864197530864 0.19305555555555554 0.4067901234567901 0.1923611111111111 0.40370370370370373 0.1902777777777778 0.4024691358024692 0.18541666666666665 0.403395061728395 0.18229166666666666 0.40216049382716046 0.1782986111111111 0.40216049382716046 0.17118055555555556 0.40370370370370373 0.16822916666666665 0.4058641975308642 0.16649305555555555 0.40956790123456793 0.16336805555555556 0.41234567901234565 0.16145833333333334 0.4154320987654321 0.1607638888888889 0.4188271604938272 0.1578125 0.42376543209876544 0.15677083333333333 0.42685185185185187 0.15625 0.4333333333333333 0.15677083333333333 0.4364197530864197
1 0.2907986111111111 0.35956790123456794 0.29184027777777777 0.3604938271604938 0.3078125 0.3614197530864197 0.3090277777777778 0.36018518518518516 0.3097222222222222 0.35802469135802467 0.3095486111111111 0.3447530864197531 0.30868055555555557 0.34351851851851856 0.3071180555555555 0.33796296296296297 0.3038194444444444 0.3351851851851852 0.2994791666666667 0.3351851851851852 0.2960069444444444 0.33641975308641975 0.29322916666666665 0.34074074074074073 0.29288194444444443 0.34351851851851856 0.29062499999999997 0.3487654320987654 0.29062499999999997 0.35833333333333334 0.2907986111111111 0.35956790123456794
1 0.4678819444444444 0.34845679012345676 0.4704861111111111 0.34969135802469137 0.4789930555555555 0.34969135802469137 0.4809027777777778 0.34845679012345676 0.4809027777777778 0.33734567901234563 0.48038194444444443 0.3339506172839506 0.4774305555555556 0.32685185185185184 0.4737847222222222 0.3287037037037037 0.4704861111111111 0.32654320987654323 0.4673611111111111 0.33425925925925926 0.4671875 0.34660493827160493 0.4678819444444444 0.34845679012345676
1 0.3692708333333333 0.27253086419753086 0.3736111111111111 0.27253086419753086 0.3751736111111111 0.27037037037037037 0.3753472222222222 0.2648148148148148 0.3732638888888889 0.26141975308641974 0.3694444444444444 0.2623456790123457 0.3675347222222222 0.2648148148148148 0.3671875 0.26944444444444443 0.3692708333333333 0.27253086419753086
5 0.47291666666666665 0.7175925925925926 0.4723958333333333 0.725 0.4713541666666667 0.7290123456790124 0.4694444444444444 0.7317901234567901 0.4689236111111111 0.7351851851851853 0.4706597222222222 0.7382716049382716 0.47152777777777777 0.7385802469135803 0.4743055555555556 0.7444444444444445 0.4741319444444444 0.7641975308641975 0.4737847222222222 0.7728395061728395 0.4730902777777778 0.7756172839506172 0.4737847222222222 0.7885802469135803 0.47291666666666665 0.7935185185185185 0.47291666666666665 0.8030864197530865 0.4730902777777778 0.8145061728395062 0.4744791666666667 0.8175925925925925 0.4756944444444444 0.8197530864197531 0.4779513888888889 0.821604938271605 0.4826388888888889 0.8228395061728394 0.5065972222222223 0.825925925925926 0.5251736111111112 0.8243827160493827 0.5329861111111112 0.821604938271605 0.5352430555555555 0.8191358024691359 0.5364583333333334 0.8154320987654321 0.5371527777777777 0.7814814814814816 0.5359375 0.7595679012345679 0.5343749999999999 0.7496913580246913 0.5343749999999999 0.7419753086419753 0.5373263888888888 0.7376543209876544 0.5383680555555556 0.7339506172839506 0.5366319444444444 0.7305555555555556 0.5329861111111112 0.7280864197530863 0.5328124999999999 0.7240740740740741 0.5302083333333333 0.7129629629629629 0.5286458333333334 0.6975308641975309 0.5277777777777778 0.696604938271605 0.5251736111111112 0.6895061728395062 0.5222222222222223 0.678395061728395 0.5184027777777778 0.674074074074074 0.5118055555555555 0.671604938271605 0.5027777777777778 0.6703703703703704 0.4921875 0.6703703703703704 0.4835069444444444 0.6725308641975308 0.47986111111111107 0.6756172839506173 0.4774305555555556 0.6802469135802469 0.4730902777777778 0.7024691358024691 0.47256944444444443 0.70679012345679 0.47291666666666665 0.7175925925925926
1 0.31579861111111107 0.2993827160493827 0.32309027777777777 0.2996913580246914 0.3246527777777778 0.2993827160493827 0.3251736111111111 0.29814814814814816 0.3251736111111111 0.29012345679012347 0.32413194444444443 0.2851851851851852 0.3222222222222222 0.2839506172839506 0.3178819444444444 0.28487654320987654 0.31666666666666665 0.2861111111111111 0.3154513888888889 0.2916666666666667 0.3147569444444444 0.2972222222222222 0.31579861111111107 0.2993827160493827
2 0.5190972222222222 0.5077160493827161 0.5222222222222223 0.5049382716049382 0.5239583333333333 0.5046296296296297 0.5262152777777778 0.5046296296296297 0.5295138888888888 0.5077160493827161 0.5310763888888889 0.5027777777777778 0.5307291666666667 0.4978395061728395 0.5298611111111111 0.49691358024691357 0.5295138888888888 0.4944444444444444 0.5286458333333334 0.4938271604938272 0.5277777777777778 0.48796296296296293 0.5260416666666666 0.483641975308642 0.5222222222222223 0.483641975308642 0.5210069444444444 0.4867283950617284 0.5206597222222222 0.49074074074074076 0.5171874999999999 0.4978395061728395 0.5173611111111112 0.504320987654321 0.5190972222222222 0.5077160493827161
4 0.2421875 0.40648148148148144 0.24357638888888888 0.40925925925925927 0.2557291666666667 0.40925925925925927 0.2626736111111111 0.4108024691358025 0.2652777777777778 0.408641975308642 0.2659722222222222 0.4058641975308642 0.2677083333333333 0.403395061728395 0.2704861111111111 0.40216049382716046 0.27239583333333334 0.39969135802469136 0.27413194444444444 0.39228395061728394 0.27465277777777775 0.3861111111111111 0.27413194444444444 0.3833333333333333 0.27239583333333334 0.3808641975308642 0.26979166666666665 0.37962962962962965 0.26631944444444444 0.37592592592592594 0.2604166666666667 0.3746913580246914 0.2545138888888889 0.375 0.25104166666666666 0.3768518518518519 0.2486111111111111 0.37993827160493826 0.24513888888888888 0.3867283950617284 0.2439236111111111 0.391358024691358 0.2421875 0.4006172839506173 0.2421875 0.40648148148148144
4 0.14149305555555555 0.39969135802469136 0.1421875 0.4009259259259259 0.14427083333333332 0.40185185185185185 0.14461805555555554 0.4 0.14687499999999998 0.39567901234567904 0.15069444444444444 0.3932098765432099 0.15416666666666665 0.3947530864197531 0.15815972222222222 0.39444444444444443 0.1590277777777778 0.3854938271604938 0.1605902777777778 0.37777777777777777 0.1605902777777778 0.37037037037037035 0.15868055555555555 0.36851851851851847 0.15434027777777778 0.36790123456790125 0.15208333333333335 0.36419753086419754 0.14913194444444444 0.36203703703703705 0.14340277777777777 0.3617283950617284 0.14097222222222222 0.362962962962963 0.140625 0.3947530864197531 0.14149305555555555 0.39969135802469136
5 0.4947916666666667 0.3509259259259259 0.5060763888888888 0.35154320987654325 0.5074652777777777 0.34969135802469137 0.5072916666666667 0.3351851851851852 0.50625 0.33209876543209876 0.5050347222222222 0.3305555555555556 0.5020833333333333 0.3287037037037037 0.4975694444444444 0.32993827160493827 0.4944444444444444 0.3339506172839506 0.49374999999999997 0.33796296296296297 0.4935763888888889 0.3475308641975308 0.4947916666666667 0.3509259259259259
5 0.4696180555555556 0.3305555555555556 0.47638888888888886 0.33148148148148143 0.4789930555555555 0.32932098765432094 0.47934027777777777 0.3219135802469136 0.4789930555555555 0.32037037037037036 0.4767361111111111 0.3172839506172839 0.4734375 0.31512345679012344 0.47031249999999997 0.3169753086419753 0.46857638888888886 0.32098765432098764 0.4684027777777778 0.3280864197530864 0.4696180555555556 0.3305555555555556
6 0.4630208333333333 0.308641975308642 0.4635416666666667 0.3145061728395062 0.4713541666666667 0.3141975308641975 0.4732638888888889 0.3101851851851852 0.4739583333333333 0.291358024691358 0.4736111111111111 0.28672839506172837 0.4706597222222222 0.2839506172839506 0.4663194444444444 0.28456790123456793 0.4644097222222222 0.2861111111111111 0.4635416666666667 0.29012345679012347 0.4635416666666667 0.3037037037037037 0.4630208333333333 0.308641975308642
6 0.7439236111111112 0.9160493827160494 0.7451388888888888 0.9253086419753087 0.748611111111111 0.932716049382716 0.7550347222222222 0.9413580246913581 0.7578125 0.9435185185185185 0.7602430555555556 0.9441358024691359 0.7628472222222222 0.946604938271605 0.7680555555555556 0.9481481481481482 0.7725694444444444 0.9537037037037037 0.7881944444444444 0.9611111111111111 0.7920138888888888 0.9638888888888888 0.7977430555555556 0.9654320987654321 0.8027777777777778 0.9682098765432099 0.8182291666666666 0.9691358024691359 0.8208333333333333 0.9703703703703703 0.8248263888888888 0.9703703703703703 0.8277777777777777 0.9682098765432099 0.8288194444444444 0.9660493827160493 0.8296875 0.9604938271604938 0.8296875 0.942283950617284 0.8309027777777778 0.9395061728395062 0.8317708333333333 0.9342592592592593 0.8321180555555555 0.9259259259259259 0.8342013888888888 0.9157407407407407 0.8357638888888889 0.903395061728395 0.8378472222222222 0.8978395061728395 0.8387152777777778 0.8907407407407407 0.8395833333333333 0.8891975308641975 0.8428819444444444 0.8759259259259259 0.8458333333333333 0.8700617283950618 0.8470486111111112 0.8632716049382716 0.8470486111111112 0.858641975308642 0.8510416666666666 0.8435185185185184 0.856423611111111 0.8123456790123457 0.8571180555555555 0.7956790123456791 0.8583333333333334 0.7858024691358024 0.8585069444444444 0.7756172839506172 0.8595486111111111 0.7629629629629631 0.8597222222222222 0.7432098765432099 0.8607638888888888 0.7342592592592593 0.8609375 0.7151234567901235 0.8624999999999999 0.70679012345679 0.8631944444444444 0.6987654320987654 0.8631944444444444 0.6953703703703703 0.8624999999999999 0.6932098765432099 0.8605902777777777 0.6910493827160493 0.8565972222222222 0.688888888888889 0.8392361111111112 0.6842592592592593 0.8305555555555556 0.6805555555555556 0.8182291666666666 0.6777777777777778 0.803125 0.6719135802469135 0.7949652777777778 0.6706790123456791 0.7932291666666667 0.6712962962962963 0.7913194444444444 0.6737654320987654 0.7888888888888889 0.678395061728395 0.7847222222222222 0.6904320987654321 0.7776041666666667 0.70679012345679 0.7772569444444444 0.7089506172839506 0.7734375 0.7166666666666667 0.7722222222222221 0.7274691358024691 0.771875 0.7462962962962962 0.7703125 0.7654320987654322 0.7694444444444444 0.8006172839506173 0.7670138888888888 0.8123456790123457 0.7621527777777778 0.8200617283950616 0.7598958333333333 0.817283950617284 0.7545138888888888 0.8166666666666667 0.7529513888888888 0.817283950617284 0.7517361111111112 0.8209876543209877 0.7545138888888888 0.828395061728395 0.7572916666666666 0.8305555555555556 0.7592013888888888 0.8342592592592593 0.759375 0.8358024691358025 0.75625 0.8478395061728394 0.7517361111111112 0.8598765432098765 0.7493055555555556 0.8728395061728395 0.7491319444444444 0.8765432098765432 0.7461805555555555 0.8867283950617284 0.7449652777777778 0.8938271604938272 0.7447916666666666 0.9117283950617284 0.7439236111111112 0.9160493827160494
6 0.5729166666666666 0.49351851851851847 0.5730902777777778 0.508641975308642 0.5744791666666667 0.5123456790123457 0.5770833333333333 0.5132716049382716 0.5784722222222222 0.5169753086419754 0.5786458333333333 0.519753086419753 0.5777777777777777 0.5262345679012346 0.5779513888888889 0.5342592592592592 0.5815972222222222 0.5453703703703704 0.5855902777777777 0.5472222222222223 0.5890624999999999 0.5441358024691358 0.5913194444444444 0.537962962962963 0.5920138888888888 0.5376543209876543 0.5935763888888889 0.5391975308641975 0.5958333333333333 0.5425925925925926 0.5967013888888888 0.5459876543209877 0.6012152777777777 0.5555555555555556 0.6020833333333333 0.5679012345679012 0.603125 0.571604938271605 0.6060763888888888 0.5765432098765432 0.6100694444444444 0.5771604938271605 0.6112847222222222 0.5759259259259258 0.6128472222222222 0.5722222222222222 0.615798611111111 0.570679012345679 0.6234375 0.5709876543209876 0.6269097222222222 0.5722222222222222 0.6307291666666666 0.5743827160493827 0.6336805555555556 0.5780864197530864 0.6362847222222222 0.5793209876543209 0.6397569444444444 0.5780864197530864 0.6418402777777777 0.5750000000000001 0.6444444444444444 0.5685185185185185 0.645486111111111 0.5604938271604938 0.6461805555555555 0.5518518518518518 0.6463541666666666 0.5256172839506172 0.6442708333333333 0.5092592592592593 0.6404513888888889 0.49907407407407406 0.6404513888888889 0.47962962962962963 0.6401041666666666 0.47716049382716047 0.6383680555555555 0.4737654320987654 0.6328125 0.4694444444444445 0.6300347222222222 0.46574074074074073 0.6230902777777778 0.4608024691358025 0.6100694444444444 0.4475308641975309 0.6041666666666666 0.4444444444444444 0.5975694444444444 0.44382716049382714 0.578125 0.4441358024691358 0.5744791666666667 0.4462962962962963 0.5737847222222222 0.44969135802469135 0.5737847222222222 0.46728395061728395 0.5732638888888888 0.4737654320987654 0.5736111111111111 0.48209876543209873 0.5729166666666666 0.49351851851851847
6 0.48055555555555557 0.30987654320987656 0.4909722222222222 0.3111111111111111 0.4923611111111111 0.30987654320987656 0.4930555555555556 0.3058641975308642 0.4934027777777778 0.28950617283950614 0.4928819444444444 0.2858024691358025 0.4913194444444444 0.2817901234567901 0.4887152777777778 0.28055555555555556 0.4840277777777778 0.28055555555555556 0.48246527777777776 0.2817901234567901 0.48055555555555557 0.2851851851851852 0.4795138888888889 0.29259259259259257 0.47934027777777777 0.30709876543209874 0.48055555555555557 0.30987654320987656
3 0.5210069444444444 0.5385802469135802 0.5225694444444444 0.5413580246913581 0.5262152777777778 0.542283950617284 0.5277777777777778 0.5398148148148147 0.5284722222222222 0.5351851851851852 0.5295138888888888 0.5333333333333333 0.5303819444444444 0.5228395061728395 0.5302083333333333 0.5074074074074074 0.5296875 0.5049382716049382 0.5253472222222222 0.5030864197530864 0.5210069444444444 0.5030864197530864 0.5185763888888889 0.5049382716049382 0.5185763888888889 0.5246913580246914 0.5210069444444444 0.5385802469135802
3 0.4991319444444444 0.4114197530864197 0.5003472222222223 0.41358024691358025 0.5024305555555555 0.4138888888888889 0.5036458333333333 0.4114197530864197 0.5052083333333334 0.4049382716049383 0.5052083333333334 0.39413580246913577 0.5008680555555556 0.39351851851851855 0.49809027777777776 0.3947530864197531 0.49809027777777776 0.4052469135802469 0.4991319444444444 0.4114197530864197
3 0.553125 0.412962962962963 0.5538194444444444 0.42098765432098767 0.5569444444444445 0.4225308641975309 0.5595486111111111 0.4212962962962963 0.5607638888888888 0.4169753086419753 0.5609375 0.40771604938271605 0.5572916666666666 0.4074074074074074 0.5538194444444444 0.40216049382716046 0.5526041666666667 0.4046296296296297 0.5522569444444444 0.40925925925925927 0.553125 0.412962962962963