8 0.5510416666666667 0.4222222222222222 0.5538194444444444 0.42376543209876544 0.5546875 0.42160493827160495 0.5560763888888889 0.42037037037037034 0.5619791666666666 0.4188271604938272 0.5626736111111111 0.4169753086419753 0.5631944444444444 0.4108024691358025 0.5626736111111111 0.40432098765432095 0.5614583333333333 0.40154320987654324 0.5595486111111111 0.4006172839506173 0.5534722222222223 0.4006172839506173 0.5508680555555555 0.403395061728395 0.5498263888888888 0.4058641975308642 0.5503472222222222 0.4212962962962963 0.5510416666666667 0.4222222222222222
8 0.5664930555555555 0.44907407407407407 0.5666666666666667 0.45679012345679015 0.5684027777777777 0.4669753086419753 0.5703125 0.47067901234567905 0.5725694444444445 0.47160493827160493 0.5777777777777777 0.47129629629629627 0.5796874999999999 0.4666666666666667 0.5814236111111111 0.46481481481481485 0.5833333333333334 0.4608024691358025 0.5873263888888889 0.45648148148148143 0.5871527777777777 0.4462962962962963 0.5862847222222222 0.4441358024691358 0.5854166666666666 0.4385802469135803 0.5842013888888888 0.43580246913580245 0.5812499999999999 0.4324074074074074 0.5765625 0.4305555555555556 0.5720486111111112 0.4305555555555556 0.5701388888888889 0.4314814814814815 0.5678819444444444 0.4364197530864197 0.5670138888888888 0.4419753086419753 0.5670138888888888 0.4469135802469136 0.5664930555555555 0.44907407407407407
8 0.3586805555555555 0.40185185185185185 0.3597222222222222 0.4030864197530864 0.36336805555555557 0.403395061728395 0.3708333333333333 0.4009259259259259 0.3715277777777778 0.39783950617283953 0.3717013888888889 0.3895061728395061 0.3715277777777778 0.3867283950617284 0.3703125 0.38240740740740736 0.36267361111111107 0.38240740740740736 0.3586805555555555 0.3854938271604938 0.3578125 0.3873456790123457 0.35746527777777776 0.39537037037037037 0.3586805555555555 0.40185185185185185
1 0.3779513888888889 0.3910493827160494 0.3822916666666667 0.39351851851851855 0.3836805555555556 0.39598765432098765 0.3854166666666667 0.39444444444444443 0.38680555555555557 0.3895061728395061 0.3883680555555556 0.3873456790123457 0.3878472222222222 0.3833333333333333 0.38697916666666665 0.3830246913580247 0.3859375 0.37993827160493826 0.3842013888888889 0.3787037037037037 0.3802083333333333 0.3790123456790123 0.37899305555555557 0.38024691358024687 0.37777777777777777 0.3833333333333333 0.3772569444444444 0.3873456790123457 0.3779513888888889 0.3910493827160494
1 0.5076388888888889 0.567283950617284 0.5069444444444444 0.5722222222222222 0.5034722222222222 0.578395061728395 0.5041666666666667 0.5814814814814815 0.5064236111111111 0.5851851851851851 0.5052083333333334 0.6092592592592593 0.5076388888888889 0.6132716049382716 0.5090277777777777 0.6132716049382716 0.5105902777777778 0.6046296296296296 0.5123263888888888 0.5993827160493828 0.5128472222222222 0.5950617283950618 0.5149305555555556 0.591358024691358 0.5234375 0.5882716049382716 0.5338541666666666 0.5876543209876544 0.5357638888888888 0.5854938271604938 0.5355902777777778 0.5817901234567902 0.5373263888888888 0.578395061728395 0.5368055555555555 0.5746913580246913 0.5343749999999999 0.571604938271605 0.5331597222222222 0.5660493827160494 0.5298611111111111 0.558641975308642 0.5255208333333333 0.5564814814814815 0.5189236111111111 0.5555555555555556 0.5100694444444445 0.5574074074074074 0.5088541666666666 0.5595679012345679 0.5086805555555556 0.5641975308641975 0.5076388888888889 0.567283950617284
5 0.5342013888888888 0.4493827160493827 0.5350694444444444 0.4524691358024691 0.5354166666666667 0.45987654320987653 0.5364583333333334 0.4638888888888889 0.5394097222222222 0.4669753086419753 0.5411458333333333 0.4660493827160494 0.545486111111111 0.4580246913580247 0.5491319444444445 0.4555555555555556 0.5541666666666666 0.45462962962962966 0.5543402777777777 0.4493827160493827 0.5505208333333333 0.44320987654320987 0.5453125 0.44074074074074077 0.5434027777777778 0.4385802469135803 0.5411458333333333 0.4398148148148148 0.5368055555555555 0.4385802469135803 0.5359375 0.4395061728395062 0.5362847222222222 0.44290123456790126 0.5342013888888888 0.4493827160493827
1 0.5041666666666667 0.4469135802469136 0.5046875000000001 0.4478395061728395 0.50625 0.44876543209876546 0.5126736111111111 0.4493827160493827 0.5151041666666667 0.45123456790123456 0.5178819444444445 0.45648148148148143 0.5190972222222222 0.4574074074074074 0.5204861111111111 0.45462962962962966 0.5204861111111111 0.4388888888888889 0.5189236111111111 0.433641975308642 0.5170138888888889 0.4305555555555556 0.5078125 0.4305555555555556 0.5059027777777777 0.4330246913580247 0.5046875000000001 0.43734567901234567 0.5041666666666667 0.44320987654320987 0.5041666666666667 0.4469135802469136
1 0.46684027777777776 0.4169753086419753 0.4680555555555555 0.42037037037037034 0.4696180555555556 0.4212962962962963 0.4779513888888889 0.42098765432098767 0.48038194444444443 0.4188271604938272 0.4810763888888889 0.4148148148148148 0.4809027777777778 0.4117283950617284 0.4796875 0.40432098765432095 0.4779513888888889 0.4006172839506173 0.47031249999999997 0.4006172839506173 0.4673611111111111 0.4058641975308642 0.46684027777777776 0.4074074074074074 0.46684027777777776 0.4169753086419753
1 0.5076388888888889 0.49074074074074076 0.5086805555555556 0.4919753086419753 0.5111111111111111 0.49074074074074076 0.5121527777777778 0.48734567901234566 0.5126736111111111 0.48055555555555557 0.5159722222222223 0.475 0.5194444444444445 0.4719135802469136 0.5243055555555556 0.47067901234567905 0.5229166666666667 0.4632716049382716 0.5192708333333333 0.4601851851851852 0.5157986111111111 0.4589506172839506 0.5100694444444445 0.46141975308641975 0.5078125 0.46574074074074073 0.5065972222222223 0.4700617283950617 0.5065972222222223 0.48734567901234566 0.5076388888888889 0.49074074074074076
1 0.5526041666666667 0.42839506172839503 0.5527777777777777 0.43425925925925923 0.5534722222222223 0.43765432098765433 0.5572916666666666 0.4416666666666667 0.5607638888888888 0.44043209876543205 0.5616319444444444 0.4367283950617284 0.5630208333333333 0.4339506172839506 0.5642361111111112 0.4327160493827161 0.5677083333333334 0.43209876543209874 0.5701388888888889 0.42901234567901236 0.5697916666666666 0.42592592592592593 0.5685763888888888 0.4228395061728395 0.5644097222222222 0.41851851851851857 0.5605902777777777 0.4175925925925926 0.5515625 0.42160493827160495 0.5513888888888888 0.4256172839506173 0.5526041666666667 0.42839506172839503
1 0.5510416666666667 0.5302469135802469 0.5526041666666667 0.5370370370370371 0.5527777777777777 0.5438271604938272 0.5534722222222223 0.5462962962962963 0.5560763888888889 0.5503086419753086 0.5711805555555556 0.5515432098765432 0.5751736111111111 0.5481481481481482 0.5788194444444444 0.542283950617284 0.5795138888888889 0.5370370370370371 0.5788194444444444 0.5277777777777778 0.5751736111111111 0.5148148148148148 0.5734374999999999 0.5117283950617284 0.5677083333333334 0.5083333333333333 0.5633680555555556 0.5074074074074074 0.5574652777777778 0.5095679012345679 0.5545138888888889 0.5117283950617284 0.5527777777777777 0.5166666666666666 0.5526041666666667 0.5219135802469136 0.5510416666666667 0.5302469135802469
1 0.4524305555555555 0.45462962962962966 0.4539930555555556 0.4595679012345679 0.4560763888888889 0.46296296296296297 0.4604166666666667 0.46265432098765435 0.4644097222222222 0.4669753086419753 0.46684027777777776 0.4675925925925926 0.4684027777777778 0.4669753086419753 0.4706597222222222 0.46296296296296297 0.4713541666666667 0.4537037037037037 0.4711805555555555 0.44598765432098764 0.4694444444444444 0.4385802469135803 0.4670138888888889 0.43456790123456784 0.4595486111111111 0.433641975308642 0.4560763888888889 0.4354938271604938 0.4536458333333333 0.4395061728395062 0.4519097222222222 0.4462962962962963 0.4517361111111111 0.4503086419753086 0.4524305555555555 0.45462962962962966
1 0.7786458333333334 0.9959876543209876 0.779861111111111 0.9950617283950618 0.7795138888888888 0.9941358024691357 0.7786458333333334 0.995679012345679 0.7784722222222222 0.9941358024691357 0.7769097222222222 0.9944444444444444 0.7763888888888888 0.9950617283950618 0.7786458333333334 0.9959876543209876
1 0.7705729166666666 0.9944444444444444 0.7706597222222222 0.9953703703703703 0.7694444444444444 0.9944444444444444 0.7690972222222222 0.9950617283950618 0.772048611111111 0.9962962962962962 0.7733819444444444 0.9945185185185184 0.771875 0.9941358024691357 0.7705729166666666 0.9944444444444444
1 0.7755208333333333 0.9950617283950618 0.7734459688346883 0.9945347786811203 0.7736111111111111 0.9962962962962962 0.7755208333333333 0.9950617283950618
1 0.7618055555555555 0.9959876543209876 0.7647569444444444 0.9950617283950618 0.7628472222222222 0.9941358024691357 0.7625 0.9953703703703703 0.7616319444444444 0.9953703703703703 0.7619791666666667 0.9941358024691357 0.7583333333333333 0.9944444444444444 0.7581597222222222 0.9950617283950618 0.7618055555555555 0.9959876543209876
1 0.7340277777777777 0.9975308641975309 0.7394097222222222 0.9975308641975309 0.7401041666666666 0.9996913580246913 0.7430555555555556 0.9996913580246913 0.7430555555555556 0.9984567901234568 0.7442708333333333 0.9975308641975309 0.7467013888888888 0.9981481481481481 0.746875 0.9996913580246913 0.7491319444444444 0.9996913580246913 0.7498263888888889 0.9975308641975309 0.7531249999999999 0.9969135802469137 0.7545138888888888 0.9950617283950618 0.7536458333333333 0.9935185185185185 0.7520833333333333 0.9929012345679012 0.7454861111111112 0.9929012345679012 0.7425347222222222 0.9919753086419753 0.7397569444444444 0.992283950617284 0.7380208333333333 0.9935185185185185 0.7324652777777778 0.9935185185185185 0.7310763888888888 0.9941358024691357 0.7310763888888888 0.9953703703703703 0.7298611111111112 0.9944444444444444 0.7295138888888888 0.9950617283950618 0.7340277777777777 0.9975308641975309
1 0.615798611111111 0.811111111111111 0.6163194444444444 0.8129629629629629 0.6163194444444444 0.8179012345679012 0.6177083333333333 0.8237654320987654 0.6217013888888888 0.8308641975308642 0.6230902777777778 0.8367283950617284 0.6246527777777777 0.8404320987654321 0.6253472222222222 0.8453703703703703 0.6282986111111112 0.8518518518518519 0.6284722222222222 0.8574074074074074 0.6303819444444444 0.8694444444444445 0.6309027777777778 0.8842592592592593 0.631423611111111 0.887037037037037 0.6333333333333333 0.8904320987654322 0.6361111111111112 0.8916666666666666 0.6373263888888888 0.8932098765432099 0.6458333333333334 0.8959876543209876 0.6477430555555556 0.8975308641975309 0.6576388888888888 0.8987654320987654 0.6864583333333334 0.8975308641975309 0.6894097222222222 0.8966049382716049 0.6935763888888888 0.8922839506172839 0.6947916666666666 0.8879629629629631 0.6949652777777777 0.8842592592592593 0.6947916666666666 0.858641975308642 0.6930555555555555 0.8481481481481481 0.692361111111111 0.8450617283950618 0.6914930555555555 0.8441358024691359 0.6894097222222222 0.832716049382716 0.6871527777777777 0.8280864197530865 0.6869791666666666 0.8231481481481482 0.6859375 0.8188271604938272 0.686111111111111 0.8157407407407407 0.6894097222222222 0.8080246913580247 0.6894097222222222 0.8049382716049384 0.6888888888888888 0.803395061728395 0.6819444444444444 0.8018518518518518 0.6798611111111111 0.7984567901234568 0.6758680555555555 0.7885802469135803 0.6715277777777777 0.7712962962962963 0.6685763888888888 0.7635802469135803 0.6649305555555556 0.7567901234567901 0.6593749999999999 0.7509259259259259 0.654861111111111 0.7493827160493828 0.6512152777777778 0.7462962962962962 0.6366319444444444 0.7478395061728395 0.6340277777777777 0.7493827160493828 0.6300347222222222 0.75 0.6267361111111112 0.7530864197530863 0.6239583333333334 0.7589506172839506 0.6213541666666667 0.7617283950617284 0.6197916666666666 0.7648148148148147 0.6189236111111112 0.7688271604938272 0.6180555555555556 0.7802469135802469 0.6171875 0.7830246913580247 0.615798611111111 0.7953703703703704 0.615798611111111 0.811111111111111
1 0.6102430555555556 0.5308641975308642 0.6121527777777778 0.5407407407407407 0.6145833333333334 0.5438271604938272 0.6197916666666666 0.546604938271605 0.6215277777777778 0.5432098765432098 0.6215277777777778 0.5212962962962963 0.6223958333333334 0.5157407407407407 0.623611111111111 0.5135802469135803 0.6269097222222222 0.512037037037037 0.6336805555555556 0.5160493827160494 0.634375 0.5117283950617284 0.6326388888888889 0.5083333333333333 0.6295138888888888 0.5061728395061729 0.6265625 0.5052469135802469 0.6159722222222221 0.5052469135802469 0.6123263888888888 0.5074074074074074 0.6092013888888889 0.5185185185185185 0.6086805555555556 0.5268518518518518 0.6102430555555556 0.5308641975308642
1 0.3854166666666667 0.4561728395061728 0.38697916666666665 0.46543209876543207 0.38871527777777776 0.4641975308641975 0.3942708333333333 0.4632716049382716 0.396875 0.4595679012345679 0.3979166666666667 0.45648148148148143 0.39826388888888886 0.44907407407407407 0.3991319444444444 0.44598765432098764 0.3973958333333333 0.4419753086419753 0.3942708333333333 0.4385802469135803 0.38680555555555557 0.44012345679012344 0.3850694444444444 0.4419753086419753 0.38385416666666666 0.4450617283950617 0.3836805555555556 0.45339506172839505 0.3854166666666667 0.4561728395061728
1 0.34357638888888886 0.41851851851851857 0.34375 0.4243827160493827 0.3446180555555556 0.4256172839506173 0.3487847222222222 0.42685185185185187 0.3503472222222222 0.42376543209876544 0.3527777777777778 0.4222222222222222 0.3550347222222222 0.4194444444444444 0.3572916666666667 0.4188271604938272 0.3602430555555556 0.4148148148148148 0.3579861111111111 0.40771604938271605 0.3552083333333333 0.4055555555555555 0.3519097222222222 0.4055555555555555 0.3489583333333333 0.4067901234567901 0.3467013888888889 0.4089506172839506 0.3451388888888889 0.41234567901234565 0.3446180555555556 0.41604938271604935 0.34357638888888886 0.41851851851851857
1 0.34184027777777776 0.845679012345679 0.3444444444444444 0.8478395061728394 0.3463541666666667 0.8521604938271605 0.3454861111111111 0.8546296296296296 0.3430555555555555 0.8697530864197531 0.33993055555555557 0.8802469135802469 0.3385416666666667 0.8929012345679013 0.3385416666666667 0.9049382716049382 0.3376736111111111 0.9074074074074074 0.3376736111111111 0.9092592592592593 0.33871527777777777 0.9145061728395062 0.3385416666666667 0.9256172839506173 0.340625 0.932716049382716 0.34479166666666666 0.936111111111111 0.3506944444444444 0.9373456790123457 0.3602430555555556 0.9376543209876543 0.3657986111111111 0.9364197530864197 0.3810763888888889 0.936111111111111 0.3909722222222222 0.932716049382716 0.3991319444444444 0.9265432098765432 0.4020833333333333 0.9222222222222222 0.4032986111111111 0.9163580246913581 0.4036458333333333 0.9101851851851852 0.4045138888888889 0.9070987654320988 0.4053819444444444 0.8907407407407407 0.40607638888888886 0.8854938271604937 0.4074652777777778 0.8805555555555555 0.40781249999999997 0.8728395061728395 0.4086805555555555 0.8700617283950618 0.40954861111111107 0.8608024691358025 0.4118055555555556 0.8515432098765432 0.4130208333333333 0.8200617283950616 0.4130208333333333 0.8095679012345679 0.4112847222222222 0.7969135802469135 0.40954861111111107 0.79320987654321 0.4088541666666667 0.7895061728395062 0.40225694444444443 0.779320987654321 0.3979166666666667 0.7753086419753087 0.3888888888888889 0.7731481481481481 0.3802083333333333 0.7734567901234568 0.3723958333333333 0.7756172839506172 0.3671875 0.7787037037037037 0.36267361111111107 0.7870370370370371 0.3607638888888889 0.7938271604938272 0.359375 0.7962962962962963 0.3572916666666667 0.8061728395061728 0.3538194444444444 0.8169753086419753 0.35312499999999997 0.821604938271605 0.3515625 0.8246913580246913 0.35138888888888886 0.8280864197530865 0.35 0.8330246913580247 0.34774305555555557 0.8358024691358025 0.3413194444444444 0.8361111111111111 0.3394097222222222 0.8385802469135802 0.33993055555555557 0.842283950617284 0.34184027777777776 0.845679012345679
1 0.5432291666666667 0.47345679012345676 0.5465277777777777 0.4697530864197531 0.5515625 0.4675925925925926 0.5579861111111111 0.46851851851851856 0.5605902777777777 0.4703703703703703 0.5614583333333333 0.46851851851851856 0.5609375 0.4635802469135802 0.5598958333333334 0.46265432098765435 0.5583333333333333 0.4583333333333333 0.5541666666666666 0.45462962962962966 0.5461805555555556 0.4561728395061728 0.5444444444444444 0.4583333333333333 0.5434027777777778 0.4611111111111111 0.5407986111111112 0.4632716049382716 0.5399305555555556 0.46543209876543207 0.5399305555555556 0.46820987654320984 0.5432291666666667 0.47345679012345676
1 0.015277777777777777 0.5564814814814815 0.011458333333333334 0.5638888888888889 0.007465277777777778 0.5688271604938271 0.0024305555555555556 0.5731481481481482 0 0.5734567901234567 0 0.5901234567901235 0.0015624999999999999 0.5901234567901235 0.003472222222222222 0.5882716049382716 0.010590277777777778 0.5854938271604938 0.013194444444444444 0.5830246913580247 0.019097222222222224 0.5796296296296296 0.024999999999999998 0.578395061728395 0.033680555555555554 0.578395061728395 0.03940972222222222 0.5765432098765432 0.05086805555555555 0.5787037037037037 0.05486111111111111 0.5808641975308642 0.057465277777777775 0.5836419753086419 0.0609375 0.5845679012345679 0.06406250000000001 0.5814814814814815 0.06510416666666667 0.5793209876543209 0.06684027777777778 0.5685185185185185 0.06736111111111111 0.5601851851851852 0.06684027777777778 0.554320987654321 0.06493055555555556 0.549074074074074 0.06145833333333334 0.5469135802469135 0.05069444444444444 0.5447530864197531 0.028819444444444443 0.5447530864197531 0.02395833333333333 0.5469135802469135 0.01857638888888889 0.5521604938271605 0.017187499999999998 0.5549382716049382 0.015277777777777777 0.5564814814814815
1 0.3675347222222222 0.458641975308642 0.37048611111111107 0.4589506172839506 0.3722222222222222 0.46049382716049386 0.37482638888888886 0.4611111111111111 0.378125 0.46481481481481485 0.37899305555555557 0.4666666666666667 0.3802083333333333 0.47654320987654325 0.38090277777777776 0.475 0.3836805555555556 0.47345679012345676 0.3873263888888889 0.4641975308641975 0.3871527777777778 0.45925925925925926 0.3848958333333333 0.45432098765432094 0.3842013888888889 0.44537037037037036 0.3836805555555556 0.4441358024691358 0.3810763888888889 0.4422839506172839 0.3772569444444444 0.4422839506172839 0.3734375 0.44320987654320987 0.3694444444444444 0.4469135802469136 0.3663194444444444 0.4574074074074074 0.3675347222222222 0.458641975308642
1 0.22569444444444445 0.5268518518518518 0.22743055555555555 0.5280864197530865 0.23368055555555556 0.5271604938271605 0.24600694444444443 0.5274691358024691 0.2505208333333333 0.5299382716049382 0.25243055555555555 0.5299382716049382 0.2569444444444444 0.5231481481481481 0.26059027777777777 0.5209876543209876 0.26579861111111114 0.520679012345679 0.26684027777777775 0.5188271604938272 0.2675347222222222 0.5135802469135803 0.26718749999999997 0.4978395061728395 0.26631944444444444 0.4941358024691358 0.2635416666666667 0.4888888888888889 0.26284722222222223 0.4861111111111111 0.25972222222222224 0.48271604938271606 0.25277777777777777 0.4817901234567901 0.2467013888888889 0.4817901234567901 0.24375 0.48271604938271606 0.2409722222222222 0.4839506172839506 0.23368055555555556 0.49104938271604937 0.23124999999999998 0.49537037037037035 0.22951388888888888 0.5021604938271605 0.2265625 0.5067901234567901 0.22465277777777778 0.5126543209876543 0.22413194444444445 0.5228395061728395 0.22569444444444445 0.5268518518518518
1 0.359375 0.41358024691358025 0.36215277777777777 0.41604938271604935 0.3675347222222222 0.41604938271604935 0.37100694444444443 0.4148148148148148 0.3729166666666667 0.4117283950617284 0.3734375 0.4083333333333333 0.3727430555555556 0.4024691358024692 0.36996527777777777 0.39783950617283953 0.3611111111111111 0.40154320987654324 0.3586805555555555 0.40648148148148144 0.3586805555555555 0.4104938271604939 0.359375 0.41358024691358025
1 0.590625 0.6854938271604938 0.5916666666666667 0.6901234567901234 0.5918402777777777 0.703395061728395 0.592361111111111 0.7064814814814815 0.5940972222222222 0.7104938271604938 0.5963541666666666 0.7132716049382716 0.5984375 0.7179012345679012 0.5991319444444444 0.7243827160493828 0.6 0.7271604938271605 0.6015625 0.7469135802469137 0.6024305555555556 0.7490740740740741 0.6055555555555555 0.7503086419753087 0.6114583333333333 0.7506172839506172 0.6152777777777778 0.7521604938271605 0.6248263888888889 0.7524691358024691 0.6263888888888888 0.7521604938271605 0.6288194444444444 0.7496913580246913 0.6390625 0.7453703703703703 0.6480902777777777 0.7447530864197531 0.6512152777777778 0.7462962962962962 0.6527777777777778 0.7447530864197531 0.653298611111111 0.7425925925925926 0.653298611111111 0.7271604938271605 0.6527777777777778 0.7222222222222222 0.6512152777777778 0.7160493827160493 0.6510416666666666 0.7129629629629629 0.6482638888888889 0.7052469135802469 0.646875 0.6969135802469135 0.6487847222222222 0.6929012345679012 0.6486111111111111 0.688888888888889 0.6434027777777778 0.686111111111111 0.6430555555555556 0.6836419753086419 0.639236111111111 0.6743827160493827 0.6373263888888888 0.6675925925925925 0.6361111111111112 0.6657407407407407 0.6347222222222222 0.6611111111111112 0.6328125 0.6586419753086419 0.6310763888888888 0.6546296296296297 0.6234375 0.6515432098765431 0.6081597222222221 0.6515432098765431 0.6041666666666666 0.653395061728395 0.5972222222222222 0.6546296296296297 0.5947916666666666 0.6558641975308641 0.5935763888888889 0.657716049382716 0.5918402777777777 0.6706790123456791 0.5916666666666667 0.6777777777777778 0.590625 0.6854938271604938
1 0.5119791666666667 0.5021604938271605 0.5171874999999999 0.4996913580246914 0.5211805555555555 0.4996913580246914 0.5267361111111111 0.5015432098765432 0.5296875 0.504320987654321 0.5319444444444444 0.5012345679012346 0.5328124999999999 0.491358024691358 0.5310763888888889 0.4842592592592592 0.5307291666666667 0.47901234567901235 0.5295138888888888 0.47530864197530864 0.5265624999999999 0.4722222222222222 0.5201388888888888 0.47098765432098766 0.5159722222222223 0.47314814814814815 0.5131944444444444 0.4774691358024691 0.5128472222222222 0.47932098765432096 0.5112847222222222 0.4817901234567901 0.5107638888888889 0.48487654320987655 0.5104166666666666 0.49104938271604937 0.5119791666666667 0.5021604938271605
1 0.2907986111111111 0.4354938271604938 0.29184027777777777 0.4391975308641975 0.29322916666666665 0.44043209876543205 0.3036458333333333 0.44043209876543205 0.3064236111111111 0.43425925925925923 0.3111111111111111 0.4308641975308642 0.3119791666666667 0.42654320987654315 0.3109375 0.41851851851851857 0.3072916666666667 0.41512345679012347 0.30017361111111107 0.41450617283950614 0.2956597222222222 0.4166666666666667 0.29322916666666665 0.4212962962962963 0.2925347222222222 0.42407407407407405 0.2907986111111111 0.4324074074074074 0.2907986111111111 0.4354938271604938
1 0 0.5916666666666667 0 0.65 0.004166666666666667 0.6512345679012346 0.012326388888888888 0.6503086419753087 0.01597222222222222 0.6549382716049382 0.022048611111111113 0.6549382716049382 0.02534722222222222 0.6496913580246914 0.027256944444444445 0.6419753086419753 0.029340277777777774 0.6382716049382716 0.03159722222222222 0.6364197530864197 0.03628472222222222 0.6348765432098765 0.04652777777777777 0.6274691358024691 0.04809027777777777 0.6277777777777778 0.05138888888888889 0.6305555555555555 0.057118055555555554 0.6305555555555555 0.059027777777777776 0.6262345679012346 0.06024305555555555 0.6126543209876544 0.05954861111111111 0.5944444444444444 0.05798611111111111 0.5885802469135802 0.05642361111111111 0.587037037037037 0.05364583333333334 0.5811728395061728 0.050347222222222224 0.5796296296296296 0.04704861111111111 0.5765432098765432 0.04288194444444444 0.5765432098765432 0.04027777777777777 0.5777777777777777 0.036458333333333336 0.5765432098765432 0.024999999999999998 0.5774691358024692 0.015625 0.5811728395061728 0.014236111111111109 0.582716049382716 0.010763888888888887 0.5842592592592593 0.009722222222222222 0.5858024691358025 0.0053819444444444435 0.5873456790123457 0.0020833333333333333 0.591358024691358 0 0.5916666666666667
1 0.4029513888888889 0.4314814814814815 0.4041666666666667 0.43580246913580245 0.4038194444444444 0.4395061728395062 0.40434027777777776 0.441358024691358 0.4055555555555555 0.4425925925925926 0.4088541666666667 0.4425925925925926 0.4111111111111111 0.44074074074074077 0.4123263888888889 0.4382716049382716 0.4131944444444444 0.433641975308642 0.4154513888888889 0.4287037037037037 0.4147569444444444 0.4246913580246914 0.4081597222222222 0.4197530864197531 0.40434027777777776 0.42191358024691356 0.40173611111111107 0.42592592592592593 0.4005208333333333 0.4287037037037037 0.4029513888888889 0.4314814814814815
1 0.3020833333333333 0.4530864197530864 0.3038194444444444 0.45462962962962966 0.3180555555555556 0.4537037037037037 0.3197916666666667 0.4530864197530864 0.3215277777777778 0.45092592592592595 0.3222222222222222 0.44876543209876546 0.3227430555555555 0.4395061728395062 0.3223958333333333 0.43796296296296294 0.3210069444444444 0.43456790123456784 0.3177083333333333 0.4314814814814815 0.3137152777777778 0.4302469135802469 0.3097222222222222 0.4305555555555556 0.30572916666666666 0.433641975308642 0.30277777777777776 0.43796296296296294 0.3020833333333333 0.44012345679012344 0.3013888888888889 0.4503086419753086 0.3020833333333333 0.4530864197530864
1 0.4097222222222222 0.4925925925925925 0.4255208333333333 0.49290123456790125 0.4288194444444444 0.49074074074074076 0.4309027777777778 0.4824074074074074 0.4315972222222222 0.47685185185185186 0.4303819444444444 0.46882716049382717 0.4286458333333333 0.4632716049382716 0.42569444444444443 0.46141975308641975 0.41875 0.46141975308641975 0.4149305555555556 0.46234567901234563 0.4114583333333333 0.4666666666666667 0.4092013888888889 0.47530864197530864 0.4085069444444444 0.48055555555555557 0.4083333333333333 0.4888888888888889 0.4097222222222222 0.4925925925925925
1 0.25416666666666665 0.46049382716049386 0.2552083333333333 0.4617283950617284 0.2612847222222222 0.4595679012345679 0.26805555555555555 0.46049382716049386 0.271875 0.45679012345679015 0.27499999999999997 0.4503086419753086 0.27586805555555555 0.45 0.27847222222222223 0.44598765432098764 0.2795138888888889 0.44290123456790126 0.2796875 0.4388888888888889 0.2791666666666667 0.43580246913580245 0.2779513888888889 0.4333333333333333 0.2753472222222222 0.4305555555555556 0.2623263888888889 0.4311728395061728 0.2581597222222222 0.433641975308642 0.2565972222222222 0.43580246913580245 0.25468749999999996 0.4398148148148148 0.2532986111111111 0.4462962962962963 0.25295138888888885 0.45432098765432094 0.25416666666666665 0.46049382716049386
1 0.5086805555555556 0.5567901234567901 0.5128472222222222 0.5570987654320988 0.5189236111111111 0.5552469135802469 0.5262152777777778 0.5561728395061728 0.5289930555555555 0.5580246913580247 0.5300347222222223 0.5604938271604938 0.5331597222222222 0.5641975308641975 0.5338541666666666 0.5580246913580247 0.5333333333333333 0.5395061728395062 0.5314236111111111 0.5330246913580247 0.5286458333333334 0.5277777777777778 0.5232638888888889 0.5262345679012346 0.5119791666666667 0.5262345679012346 0.5095486111111112 0.5296296296296296 0.5078125 0.5382716049382716 0.5076388888888889 0.5475308641975308 0.5086805555555556 0.5567901234567901
1 0.3623263888888889 0.4703703703703703 0.3644097222222222 0.4740740740740741 0.3657986111111111 0.4842592592592592 0.3694444444444444 0.49074074074074076 0.37482638888888886 0.4882716049382716 0.3774305555555555 0.48518518518518516 0.3805555555555556 0.4777777777777778 0.3805555555555556 0.4700617283950617 0.378125 0.46296296296296297 0.3756944444444444 0.4601851851851852 0.3717013888888889 0.4583333333333333 0.3659722222222222 0.4580246913580247 0.36267361111111107 0.462037037037037 0.3616319444444444 0.46574074074074073 0.3614583333333333 0.46728395061728395 0.3623263888888889 0.4703703703703703
1 0.3767361111111111 0.4385802469135803 0.38663194444444443 0.4385802469135803 0.39045138888888886 0.43765432098765433 0.3920138888888889 0.4361111111111111 0.39444444444444443 0.42993827160493825 0.39375 0.42345679012345677 0.3918402777777778 0.41820987654320985 0.3902777777777778 0.4166666666666667 0.3848958333333333 0.4154320987654321 0.3836805555555556 0.4154320987654321 0.37916666666666665 0.41851851851851857 0.37604166666666666 0.4271604938271605 0.3758680555555556 0.4361111111111111 0.3767361111111111 0.4385802469135803
5 0.3489583333333333 0.4382716049382716 0.35 0.4391975308641975 0.3625 0.4391975308641975 0.365625 0.4354938271604938 0.365625 0.425 0.3642361111111111 0.42191358024691356 0.3607638888888889 0.4191358024691358 0.35920138888888886 0.4166666666666667 0.35572916666666665 0.41820987654320985 0.3515625 0.42160493827160495 0.3491319444444444 0.4246913580246914 0.3484375 0.42685185185185187 0.3482638888888889 0.4361111111111111 0.3489583333333333 0.4382716049382716
1 0.3857638888888889 0.4117283950617284 0.38697916666666665 0.41358024691358025 0.3951388888888889 0.41358024691358025 0.3979166666666667 0.4117283950617284 0.3986111111111111 0.4083333333333333 0.3980902777777778 0.4012345679012346 0.3951388888888889 0.39629629629629626 0.3878472222222222 0.39629629629629626 0.38611111111111107 0.39814814814814814 0.3854166666666667 0.4012345679012346 0.3854166666666667 0.40925925925925927 0.3857638888888889 0.4117283950617284
1 0.22065972222222222 0.4660493827160494 0.22239583333333335 0.4675925925925926 0.2237847222222222 0.4700617283950617 0.22465277777777778 0.4777777777777778 0.22569444444444445 0.4787037037037037 0.2347222222222222 0.4787037037037037 0.23836805555555554 0.4759259259259259 0.24427083333333333 0.4743827160493827 0.2454861111111111 0.47129629629629627 0.2454861111111111 0.46234567901234563 0.24479166666666666 0.4583333333333333 0.24166666666666664 0.4527777777777778 0.2394097222222222 0.45154320987654323 0.22708333333333333 0.45185185185185184 0.2203125 0.4561728395061728 0.21875 0.4580246913580247 0.2175347222222222 0.4611111111111111 0.21684027777777778 0.46728395061728395 0.22065972222222222 0.4660493827160494
1 0.5605902777777777 0.4530864197530864 0.5642361111111112 0.4558641975308642 0.5668402777777778 0.45462962962962966 0.5680555555555555 0.4478395061728395 0.5685763888888888 0.4354938271604938 0.5699652777777777 0.4327160493827161 0.5697916666666666 0.42901234567901236 0.5670138888888888 0.4277777777777778 0.5618055555555556 0.429320987654321 0.559375 0.4324074074074074 0.5581597222222222 0.43765432098765433 0.5581597222222222 0.4425925925925926 0.5605902777777777 0.4530864197530864
5 0.27152777777777776 0.46728395061728395 0.2727430555555555 0.4694444444444445 0.2756944444444444 0.47067901234567905 0.28802083333333334 0.47129629629629627 0.2899305555555556 0.47067901234567905 0.2916666666666667 0.46851851851851856 0.29670138888888886 0.46728395061728395 0.2975694444444444 0.4527777777777778 0.2963541666666667 0.44969135802469135 0.2939236111111111 0.4462962962962963 0.2899305555555556 0.44320987654320987 0.28229166666666666 0.4441358024691358 0.2796875 0.44537037037037036 0.27621527777777777 0.44969135802469135 0.2722222222222222 0.45709876543209876 0.27152777777777776 0.45987654320987653 0.27152777777777776 0.46728395061728395
1 0.09878472222222222 0.6040123456790124 0.09895833333333333 0.6049382716049382 0.0998263888888889 0.6027777777777777 0.09895833333333333 0.6021604938271605 0.09947916666666667 0.6030864197530863 0.09878472222222222 0.6040123456790124
1 0.11284722222222222 0.5836419753086419 0.11440972222222222 0.5814814814814815 0.11336805555555556 0.5805555555555555 0.11232638888888889 0.5811728395061728 0.11215277777777777 0.5824074074074074 0.11284722222222222 0.5836419753086419
1 0.11527777777777777 0.5796296296296296 0.11788194444444444 0.5793209876543209 0.11909722222222222 0.5780864197530864 0.11944444444444445 0.5765432098765432 0.12083333333333332 0.5762345679012346 0.12204861111111111 0.5746913580246913 0.12152777777777778 0.5743827160493827 0.12100694444444444 0.5756172839506173 0.1204861111111111 0.5743827160493827 0.11944444444444445 0.5743827160493827 0.1189236111111111 0.5746913580246913 0.11875 0.5768518518518518 0.11631944444444445 0.5768518518518518 0.11527777777777777 0.5777777777777777 0.11475694444444444 0.578395061728395 0.11527777777777777 0.5796296296296296
1 0.19270833333333334 0.6064814814814815 0.1998263888888889 0.6074074074074074 0.20277777777777775 0.6049382716049382 0.20677083333333335 0.6040123456790124 0.20694444444444443 0.5873456790123457 0.2079861111111111 0.5854938271604938 0.2079861111111111 0.5833333333333334 0.20711805555555554 0.5787037037037037 0.20711805555555554 0.5746913580246913 0.2059027777777778 0.5719135802469135 0.20555555555555555 0.558641975308642 0.2029513888888889 0.5564814814814815 0.20104166666666665 0.5614197530864198 0.19635416666666666 0.5682098765432099 0.19496527777777775 0.5737654320987654 0.19288194444444445 0.5768518518518518 0.1892361111111111 0.5864197530864198 0.1890625 0.5996913580246913 0.19270833333333334 0.6064814814814815
1 0.21614583333333334 0.5614197530864198 0.2154513888888889 0.5712962962962963 0.2159722222222222 0.5774691358024692 0.21562499999999998 0.5848765432098765 0.21614583333333334 0.5864197530864198 0.21684027777777778 0.5962962962962963 0.2175347222222222 0.5978395061728394 0.21875 0.5993827160493828 0.22118055555555555 0.5996913580246913 0.23072916666666665 0.592283950617284 0.23802083333333335 0.592283950617284 0.23993055555555554 0.5910493827160495 0.24131944444444445 0.5888888888888889 0.24305555555555555 0.5765432098765432 0.2423611111111111 0.5657407407407408 0.24114583333333334 0.5564814814814815 0.23680555555555555 0.5469135802469135 0.2347222222222222 0.5453703703703704 0.2171875 0.5447530864197531 0.21614583333333334 0.546604938271605 0.21562499999999998 0.5499999999999999 0.2154513888888889 0.5549382716049382 0.21614583333333334 0.5614197530864198
1 0.5730902777777778 0.5111111111111111 0.5765625 0.5179012345679012 0.578125 0.5246913580246914 0.5798611111111112 0.5268518518518518 0.5817708333333333 0.5280864197530865 0.5835069444444444 0.5262345679012346 0.5883680555555555 0.5237654320987654 0.5890624999999999 0.5219135802469136 0.5890624999999999 0.5148148148148148 0.5866319444444444 0.5018518518518518 0.5855902777777777 0.49845679012345684 0.5829861111111111 0.4944444444444444 0.5796874999999999 0.49290123456790125 0.5784722222222222 0.491358024691358 0.5711805555555556 0.491358024691358 0.5671875 0.49537037037037035 0.5654513888888888 0.5006172839506172 0.5652777777777778 0.5055555555555555 0.5730902777777778 0.5111111111111111
1 0.15729166666666666 0.533641975308642 0.1607638888888889 0.5398148148148147 0.16493055555555555 0.5401234567901235 0.16805555555555554 0.5370370370370371 0.1703125 0.5367283950617284 0.1795138888888889 0.5370370370370371 0.18194444444444444 0.5388888888888889 0.1857638888888889 0.5391975308641975 0.18697916666666664 0.5376543209876543 0.1890625 0.5317901234567901 0.19045138888888888 0.5305555555555556 0.1935763888888889 0.5299382716049382 0.19583333333333333 0.5280864197530865 0.20104166666666665 0.528395061728395 0.2032986111111111 0.5268518518518518 0.20399305555555555 0.5188271604938272 0.20381944444444444 0.5052469135802469 0.20086805555555554 0.49104938271604937 0.19913194444444443 0.48919753086419754 0.1935763888888889 0.4867283950617284 0.18177083333333333 0.48796296296296293 0.17586805555555554 0.491358024691358 0.1685763888888889 0.4978395061728395 0.16597222222222222 0.5027777777777778 0.1644097222222222 0.5040123456790123 0.1611111111111111 0.5111111111111111 0.1579861111111111 0.5148148148148148 0.15677083333333333 0.5212962962962963 0.15625 0.5299382716049382 0.15729166666666666 0.533641975308642
1 0.3232638888888889 0.45987654320987653 0.32430555555555557 0.4608024691358025 0.3395833333333333 0.46049382716049386 0.3432291666666667 0.45679012345679015 0.3444444444444444 0.4530864197530864 0.3440972222222222 0.44537037037037036 0.3427083333333333 0.4398148148148148 0.3414930555555556 0.43796296296296294 0.3383680555555555 0.4364197530864197 0.33090277777777777 0.43580246913580245 0.3267361111111111 0.43765432098765433 0.32447916666666665 0.4422839506172839 0.3232638888888889 0.44814814814814813 0.3225694444444444 0.45339506172839505 0.3232638888888889 0.45987654320987653
1 0.3046875 0.5367283950617284 0.3072916666666667 0.537962962962963 0.31875 0.5376543209876543 0.3203125 0.5385802469135802 0.3253472222222222 0.5388888888888889 0.3284722222222222 0.5385802469135802 0.3317708333333333 0.5364197530864198 0.3326388888888889 0.5317901234567901 0.3383680555555555 0.5203703703703704 0.3395833333333333 0.5151234567901235 0.33975694444444443 0.5070987654320988 0.33871527777777777 0.5021604938271605 0.3390625 0.49074074074074076 0.3385416666666667 0.4876543209876543 0.3354166666666667 0.4858024691358025 0.32413194444444443 0.4854938271604938 0.3206597222222222 0.4861111111111111 0.3177083333333333 0.48796296296296293 0.3112847222222222 0.4944444444444444 0.309375 0.4978395061728395 0.30746527777777777 0.5030864197530864 0.3060763888888889 0.512037037037037 0.30451388888888886 0.5157407407407407 0.3039930555555555 0.5191358024691358 0.3038194444444444 0.5324074074074074 0.3046875 0.5367283950617284
1 0.5465277777777777 0.4861111111111111 0.5467013888888889 0.4925925925925925 0.5486111111111112 0.4959876543209876 0.5506944444444444 0.4975308641975309 0.5519097222222222 0.5015432098765432 0.5527777777777777 0.508641975308642 0.5538194444444444 0.5108024691358024 0.5572916666666666 0.5108024691358024 0.5652777777777778 0.5055555555555555 0.5661458333333333 0.5033950617283951 0.5670138888888888 0.4978395061728395 0.5703125 0.49290123456790125 0.5723958333333333 0.49104938271604937 0.5715277777777777 0.483641975308642 0.5685763888888888 0.47962962962962963 0.5619791666666666 0.47623456790123453 0.5567708333333333 0.4774691358024691 0.5545138888888889 0.47962962962962963 0.5515625 0.4839506172839506 0.5505208333333333 0.48919753086419754 0.5470486111111111 0.4839506172839506 0.5467013888888889 0.48456790123456794 0.5472222222222222 0.48456790123456794 0.5465277777777777 0.4861111111111111
1 0.4133680555555555 0.4191358024691358 0.4154513888888889 0.42191358024691356 0.4166666666666667 0.4253086419753086 0.41788194444444443 0.42592592592592593 0.4225694444444444 0.4253086419753086 0.4227430555555556 0.42407407407407405 0.4262152777777778 0.4188271604938272 0.4276041666666667 0.4126543209876543 0.4274305555555556 0.40771604938271605 0.4263888888888889 0.4046296296296297 0.4220486111111111 0.40154320987654324 0.41805555555555557 0.4024691358024692 0.4166666666666667 0.40370370370370373 0.4131944444444444 0.4111111111111111 0.4128472222222222 0.416358024691358 0.4133680555555555 0.4191358024691358
1 0.3975694444444444 0.44876543209876546 0.4020833333333333 0.44660493827160497 0.4036458333333333 0.4441358024691358 0.4057291666666667 0.4425925925925926 0.4065972222222222 0.4395061728395062 0.4052083333333333 0.4311728395061728 0.40121527777777777 0.4277777777777778 0.39652777777777776 0.429320987654321 0.3940972222222222 0.43209876543209874 0.39340277777777777 0.4354938271604938 0.3928819444444444 0.4395061728395062 0.3975694444444444 0.44876543209876546
1 0.40434027777777776 0.4114197530864197 0.40607638888888886 0.4126543209876543 0.41041666666666665 0.41358024691358025 0.4131944444444444 0.4126543209876543 0.4142361111111111 0.4114197530864197 0.4159722222222222 0.40432098765432095 0.4161458333333333 0.4006172839506173 0.4152777777777778 0.3950617283950617 0.4149305555555556 0.39382716049382716 0.4131944444444444 0.3929012345679012 0.40781249999999997 0.3929012345679012 0.4050347222222222 0.3972222222222222 0.40434027777777776 0.4006172839506173 0.4038194444444444 0.408641975308642 0.40434027777777776 0.4114197530864197
1 0.08993055555555556 0.6348765432098765 0.09218749999999999 0.637037037037037 0.09635416666666667 0.6379629629629631 0.1107638888888889 0.6379629629629631 0.12343749999999999 0.6364197530864197 0.125 0.6379629629629631 0.13020833333333334 0.6382716049382716 0.13350694444444444 0.633641975308642 0.13472222222222222 0.6290123456790124 0.13732638888888887 0.6256172839506172 0.1407986111111111 0.6240740740740741 0.1472222222222222 0.6182098765432099 0.15312499999999998 0.6148148148148148 0.15833333333333333 0.6148148148148148 0.1605902777777778 0.6132716049382716 0.1623263888888889 0.6092592592592593 0.16319444444444445 0.6033950617283951 0.16493055555555555 0.5987654320987654 0.16493055555555555 0.5805555555555555 0.1638888888888889 0.578395061728395 0.16319444444444445 0.5746913580246913 0.16145833333333334 0.5725308641975309 0.1517361111111111 0.5694444444444444 0.1421875 0.567283950617284 0.13697916666666665 0.567283950617284 0.121875 0.5703703703703704 0.11284722222222222 0.5768518518518518 0.11059027777777777 0.5805555555555555 0.10920138888888888 0.5811728395061728 0.10642361111111111 0.5873456790123457 0.10208333333333333 0.5904320987654321 0.1015625 0.592283950617284 0.10190972222222222 0.595679012345679 0.09166666666666667 0.6089506172839506 0.08940972222222222 0.612962962962963 0.08854166666666667 0.6160493827160494 0.08854166666666667 0.6314814814814815 0.08993055555555556 0.6348765432098765
1 0.0703125 0.8006172839506173 0.07256944444444444 0.8058641975308641 0.07482638888888887 0.8080246913580247 0.0876736111111111 0.811111111111111 0.09218749999999999 0.8104938271604938 0.09479166666666666 0.8120370370370371 0.0970486111111111 0.811111111111111 0.09895833333333333 0.8083333333333333 0.10277777777777777 0.8083333333333333 0.10781249999999999 0.8120370370370371 0.11180555555555555 0.8123456790123457 0.11614583333333332 0.811111111111111 0.11996527777777777 0.8083333333333333 0.12812500000000002 0.807716049382716 0.13055555555555556 0.8049382716049384 0.13368055555555555 0.7993827160493827 0.1362847222222222 0.7891975308641975 0.14131944444444444 0.7842592592592593 0.14322916666666666 0.7805555555555556 0.14444444444444443 0.7799382716049382 0.14600694444444443 0.7771604938271606 0.1512152777777778 0.7725308641975309 0.1550347222222222 0.7666666666666666 0.1579861111111111 0.7635802469135803 0.16493055555555555 0.7598765432098765 0.1684027777777778 0.754320987654321 0.1690972222222222 0.7521604938271605 0.16927083333333334 0.7484567901234568 0.1720486111111111 0.7385802469135803 0.1720486111111111 0.7222222222222222 0.17083333333333334 0.7111111111111111 0.1684027777777778 0.7049382716049382 0.16545138888888888 0.7015432098765432 0.16302083333333334 0.7006172839506173 0.14982638888888888 0.7003086419753086 0.14322916666666666 0.6984567901234568 0.13559027777777777 0.6984567901234568 0.1265625 0.6996913580246913 0.12013888888888889 0.7018518518518518 0.11232638888888889 0.7083333333333334 0.10572916666666667 0.7157407407407407 0.0984375 0.7262345679012346 0.09652777777777777 0.7308641975308642 0.09340277777777778 0.7358024691358025 0.08819444444444445 0.7388888888888888 0.08697916666666666 0.7410493827160494 0.0875 0.7469135802469137 0.08628472222222222 0.7512345679012346 0.07447916666666667 0.7700617283950618 0.07083333333333333 0.7796296296296297 0.06996527777777778 0.7830246913580247 0.0703125 0.8006172839506173
1 0.5086805555555556 0.5212962962962963 0.5086805555555556 0.5268518518518518 0.5095486111111112 0.5274691358024691 0.5126736111111111 0.5280864197530865 0.5159722222222223 0.5262345679012346 0.5255208333333333 0.5274691358024691 0.5296875 0.529320987654321 0.5307291666666667 0.5253086419753087 0.5315972222222223 0.5160493827160494 0.5307291666666667 0.5074074074074074 0.5295138888888888 0.5049382716049382 0.5258680555555555 0.5018518518518518 0.5189236111111111 0.5006172839506172 0.5119791666666667 0.5027777777777778 0.5076388888888889 0.5135802469135803 0.5074652777777777 0.5154320987654321 0.5086805555555556 0.5212962962962963
5 0.5913194444444444 0.5098765432098765 0.5953125 0.5141975308641975 0.5979166666666667 0.512962962962963 0.6032986111111112 0.5123456790123457 0.6067708333333334 0.5123456790123457 0.6095486111111111 0.5135802469135803 0.614236111111111 0.5055555555555555 0.6137152777777778 0.4975308641975309 0.6118055555555556 0.4888888888888889 0.6095486111111111 0.483641975308642 0.6086805555555556 0.4833333333333333 0.6060763888888888 0.47932098765432096 0.6027777777777777 0.4780864197530864 0.5984375 0.4780864197530864 0.5947916666666666 0.47962962962962963 0.590625 0.4839506172839506 0.5894097222222222 0.4888888888888889 0.5888888888888888 0.5021604938271605 0.5913194444444444 0.5098765432098765
1 0.5029513888888889 0.47469135802469137 0.5052083333333334 0.47716049382716047 0.5072916666666667 0.475 0.5107638888888889 0.4632716049382716 0.5119791666666667 0.462037037037037 0.5164930555555556 0.4608024691358025 0.5175347222222222 0.45771604938271604 0.5168402777777777 0.4527777777777778 0.5126736111111111 0.44907407407407407 0.5090277777777777 0.44814814814814813 0.5052083333333334 0.44845679012345674 0.5027777777777778 0.4527777777777778 0.5017361111111112 0.45679012345679015 0.5017361111111112 0.47160493827160493 0.5029513888888889 0.47469135802469137
1 0.5690972222222223 0.5935185185185184 0.5717013888888889 0.6012345679012346 0.5723958333333333 0.6061728395061728 0.5744791666666667 0.6101851851851853 0.5777777777777777 0.6074074074074074 0.5814236111111111 0.608641975308642 0.5826388888888888 0.6080246913580247 0.5855902777777777 0.6037037037037037 0.5873263888888889 0.5981481481481481 0.5918402777777777 0.591358024691358 0.5954861111111112 0.5901234567901235 0.603125 0.5898148148148148 0.6046874999999999 0.5879629629629629 0.6046874999999999 0.5839506172839506 0.6034722222222222 0.5777777777777777 0.6012152777777777 0.571604938271605 0.6010416666666666 0.5669753086419753 0.5993055555555555 0.5604938271604938 0.5956597222222222 0.5518518518518518 0.5927083333333334 0.549074074074074 0.5873263888888889 0.5484567901234568 0.5824652777777778 0.545679012345679 0.5803819444444445 0.545679012345679 0.5756944444444444 0.5478395061728395 0.5708333333333333 0.553395061728395 0.5678819444444444 0.5657407407407408 0.5678819444444444 0.587037037037037 0.5690972222222223 0.5935185185185184
1 0.5072916666666667 0.6243827160493828 0.5050347222222222 0.6265432098765432 0.5053819444444444 0.629320987654321 0.5072916666666667 0.6314814814814815 0.5083333333333333 0.6339506172839506 0.5078125 0.6444444444444444 0.5083333333333333 0.6469135802469135 0.5083333333333333 0.6564814814814816 0.5092013888888889 0.6623456790123456 0.5095486111111112 0.6787037037037037 0.5105902777777778 0.686111111111111 0.5119791666666667 0.6873456790123457 0.5151041666666667 0.686111111111111 0.5185763888888889 0.6808641975308641 0.5210069444444444 0.6790123456790123 0.5333333333333333 0.6796296296296297 0.5354166666666667 0.6777777777777778 0.5446180555555555 0.6765432098765432 0.5493055555555555 0.6743827160493827 0.5505208333333333 0.6679012345679012 0.5505208333333333 0.6515432098765431 0.5475694444444444 0.6351851851851852 0.5475694444444444 0.6299382716049382 0.5501736111111111 0.6262345679012346 0.5505208333333333 0.6228395061728395 0.546875 0.6203703703703703 0.545486111111111 0.6179012345679012 0.5434027777777778 0.6064814814814815 0.5397569444444444 0.5929012345679012 0.5364583333333334 0.5882716049382716 0.5256944444444445 0.5885802469135802 0.5159722222222223 0.5916666666666667 0.5131944444444444 0.5950617283950618 0.5119791666666667 0.5987654320987654 0.5092013888888889 0.6200617283950618 0.5072916666666667 0.6243827160493828
1 0.5201388888888888 0.7237654320987654 0.5185763888888889 0.7253086419753086 0.5182291666666666 0.7277777777777777 0.5190972222222222 0.7308641975308642 0.521875 0.7345679012345678 0.5227430555555556 0.7376543209876544 0.5222222222222223 0.7401234567901235 0.5225694444444444 0.7598765432098765 0.5243055555555556 0.7712962962962963 0.5249999999999999 0.7907407407407407 0.5256944444444445 0.7938271604938272 0.5272569444444445 0.7950617283950616 0.5343749999999999 0.7962962962962963 0.5395833333333333 0.7984567901234568 0.5597222222222222 0.7981481481481482 0.5645833333333333 0.7972222222222222 0.5690972222222223 0.7944444444444444 0.5722222222222222 0.7938271604938272 0.5755208333333334 0.7919753086419753 0.5772569444444444 0.7898148148148147 0.5777777777777777 0.7876543209876543 0.5772569444444444 0.7802469135802469 0.5777777777777777 0.7756172839506172 0.5770833333333333 0.7722222222222223 0.5776041666666666 0.769753086419753 0.5777777777777777 0.7604938271604937 0.5729166666666666 0.7364197530864197 0.5730902777777778 0.7305555555555556 0.5758680555555555 0.725925925925926 0.5763888888888888 0.7237654320987654 0.5760416666666667 0.721604938271605 0.5751736111111111 0.7197530864197531 0.5713541666666666 0.7194444444444444 0.5701388888888889 0.7175925925925926 0.5697916666666666 0.7135802469135802 0.5682291666666667 0.7104938271604938 0.5656249999999999 0.6996913580246913 0.5602430555555555 0.6858024691358025 0.5571180555555555 0.6814814814814815 0.5506944444444444 0.6780864197530865 0.5430555555555555 0.6799382716049384 0.5347222222222222 0.6805555555555556 0.5288194444444444 0.6842592592592593 0.5269097222222222 0.6904320987654321 0.5227430555555556 0.6996913580246913 0.521875 0.7197530864197531 0.5201388888888888 0.7237654320987654
1 0.24149305555555556 0.6015432098765432 0.2421875 0.6037037037037037 0.2439236111111111 0.6058641975308642 0.25381944444444443 0.6070987654320987 0.26336805555555554 0.6064814814814815 0.2730902777777778 0.6080246913580247 0.2760416666666667 0.6037037037037037 0.2777777777777778 0.5959876543209875 0.2788194444444444 0.5941358024691359 0.2857638888888889 0.5919753086419752 0.2873263888888889 0.5898148148148148 0.2881944444444444 0.5854938271604938 0.28802083333333334 0.5626543209876543 0.2873263888888889 0.5604938271604938 0.2833333333333333 0.5555555555555556 0.2795138888888889 0.5530864197530865 0.265625 0.5521604938271605 0.26076388888888885 0.553395061728395 0.25295138888888885 0.5608024691358025 0.2517361111111111 0.5629629629629629 0.24965277777777775 0.5688271604938271 0.24444444444444444 0.5777777777777777 0.24131944444444445 0.5885802469135802 0.2409722222222222 0.595679012345679 0.24149305555555556 0.6015432098765432
1 0.43246527777777777 0.44043209876543205 0.4347222222222222 0.441358024691358 0.4442708333333333 0.4416666666666667 0.4465277777777778 0.44043209876543205 0.4472222222222222 0.4382716049382716 0.4477430555555555 0.42839506172839503 0.4465277777777778 0.41851851851851857 0.4427083333333333 0.4154320987654321 0.44027777777777777 0.4154320987654321 0.4350694444444444 0.41851851851851857 0.4319444444444444 0.42993827160493825 0.4314236111111111 0.4361111111111111 0.43246527777777777 0.44043209876543205
1 0.4135416666666667 0.6030864197530863 0.41041666666666665 0.6052469135802468 0.4119791666666667 0.6111111111111112 0.4112847222222222 0.6222222222222222 0.4116319444444444 0.6432098765432099 0.41388888888888886 0.644753086419753 0.4201388888888889 0.644753086419753 0.4282986111111111 0.6425925925925926 0.4435763888888889 0.6432098765432099 0.44513888888888886 0.6404320987654322 0.4456597222222222 0.6333333333333334 0.4477430555555555 0.6243827160493828 0.44861111111111107 0.6166666666666666 0.4484375 0.5996913580246913 0.4477430555555555 0.5929012345679012 0.4460069444444444 0.5864197530864198 0.4442708333333333 0.5833333333333334 0.440625 0.5799382716049383 0.4371527777777778 0.5787037037037037 0.4284722222222222 0.5787037037037037 0.4236111111111111 0.5799382716049383 0.4215277777777778 0.5811728395061728 0.4194444444444444 0.5842592592592593 0.4149305555555556 0.600925925925926 0.4135416666666667 0.6030864197530863
1 0.4300347222222222 0.5222222222222223 0.4305555555555556 0.5243827160493827 0.4289930555555555 0.5342592592592592 0.4296875 0.5429012345679012 0.4314236111111111 0.5462962962962963 0.43298611111111107 0.546604938271605 0.43559027777777776 0.5453703703703704 0.4427083333333333 0.5459876543209877 0.4447916666666667 0.5438271604938272 0.4458333333333333 0.5413580246913581 0.44947916666666665 0.5376543209876543 0.4513888888888889 0.5391975308641975 0.45295138888888886 0.542283950617284 0.4543402777777778 0.5401234567901235 0.4550347222222222 0.5364197530864198 0.4552083333333333 0.5274691358024691 0.45468749999999997 0.5154320987654321 0.4517361111111111 0.5074074074074074 0.4496527777777778 0.5040123456790123 0.44340277777777776 0.5040123456790123 0.43559027777777776 0.5061728395061729 0.4326388888888889 0.5117283950617284 0.4317708333333333 0.5154320987654321 0.4284722222222222 0.5185185185185185 0.4284722222222222 0.5203703703703704 0.4300347222222222 0.5222222222222223
1 0.5244791666666666 0.966358024691358 0.5263888888888889 0.9777777777777777 0.5279513888888888 0.983641975308642 0.5263888888888889 0.9996913580246913 0.5493055555555555 0.9996913580246913 0.5493055555555555 0.9984567901234568 0.5501736111111111 0.9975308641975309 0.5701388888888889 0.9969135802469137 0.5850694444444444 0.9969135802469137 0.5871527777777777 0.9975308641975309 0.5874999999999999 0.9996913580246913 0.6168402777777777 0.9996913580246913 0.6166666666666666 0.9953703703703703 0.6154513888888888 0.9910493827160494 0.6130208333333333 0.9891975308641975 0.607986111111111 0.9888888888888888 0.6065972222222222 0.9873456790123456 0.6048611111111112 0.979320987654321 0.6039930555555556 0.9719135802469135 0.6024305555555556 0.9657407407407407 0.6013888888888889 0.9638888888888888 0.5987847222222222 0.9475308641975309 0.5965277777777778 0.9391975308641975 0.5963541666666666 0.9358024691358025 0.5940972222222222 0.9290123456790123 0.5920138888888888 0.9194444444444444 0.5873263888888889 0.9114197530864198 0.5855902777777777 0.9058641975308641 0.5838541666666667 0.9030864197530865 0.5817708333333333 0.8972222222222223 0.5784722222222222 0.8929012345679013 0.5751736111111111 0.8907407407407407 0.5694444444444444 0.8895061728395062 0.5567708333333333 0.8898148148148147 0.5467013888888889 0.8919753086419753 0.5420138888888888 0.8941358024691358 0.5395833333333333 0.8962962962962963 0.5364583333333334 0.9027777777777778 0.5352430555555555 0.9070987654320988 0.5342013888888888 0.9080246913580247 0.5338541666666666 0.9098765432098765 0.5288194444444444 0.9194444444444444 0.5272569444444445 0.9333333333333333 0.5263888888888889 0.9358024691358025 0.5244791666666666 0.9475308641975309 0.5239583333333333 0.9512345679012346 0.5244791666666666 0.966358024691358
1 0.4456597222222222 0.4070987654320988 0.4567708333333333 0.40648148148148144 0.4576388888888889 0.4049382716049383 0.4581597222222222 0.40185185185185185 0.4581597222222222 0.39043209876543206 0.45642361111111107 0.3867283950617284 0.4534722222222222 0.3845679012345679 0.44930555555555557 0.3854938271604938 0.4458333333333333 0.38981481481481484 0.4444444444444444 0.3972222222222222 0.4440972222222222 0.4049382716049383 0.4456597222222222 0.4070987654320988
1 0.1795138888888889 0.6734567901234568 0.18194444444444444 0.6753086419753087 0.18541666666666665 0.6765432098765432 0.19427083333333334 0.6768518518518518 0.1956597222222222 0.6777777777777778 0.2059027777777778 0.6774691358024691 0.21006944444444445 0.6759259259259259 0.21059027777777775 0.6737654320987654 0.21059027777777775 0.6632716049382715 0.20989583333333334 0.654320987654321 0.20989583333333334 0.6395061728395062 0.20868055555555554 0.6308641975308641 0.20868055555555554 0.6237654320987653 0.209375 0.6191358024691357 0.20833333333333334 0.6089506172839506 0.20694444444444443 0.6067901234567901 0.20243055555555556 0.607716049382716 0.1987847222222222 0.6117283950617284 0.19670138888888888 0.6157407407407407 0.19583333333333333 0.6160493827160494 0.19375 0.6219135802469137 0.190625 0.6265432098765432 0.1862847222222222 0.6302469135802469 0.1861111111111111 0.6373456790123456 0.18541666666666665 0.6401234567901234 0.17881944444444445 0.6558641975308641 0.1784722222222222 0.671604938271605 0.1795138888888889 0.6734567901234568
1 0.2175347222222222 0.6200617283950618 0.2171875 0.6271604938271605 0.21840277777777775 0.6299382716049382 0.21927083333333333 0.6549382716049382 0.2203125 0.6601851851851852 0.2204861111111111 0.6663580246913581 0.22395833333333334 0.6663580246913581 0.23246527777777778 0.6552469135802469 0.24166666666666664 0.6481481481481481 0.24340277777777775 0.6382716049382716 0.24340277777777775 0.6246913580246913 0.24288194444444444 0.6209876543209876 0.24288194444444444 0.6126543209876544 0.240625 0.6074074074074074 0.23506944444444444 0.6046296296296296 0.23177083333333334 0.604320987654321 0.22013888888888888 0.6055555555555556 0.21805555555555556 0.6089506172839506 0.21684027777777778 0.6148148148148148 0.21666666666666665 0.6166666666666666 0.2175347222222222 0.6200617283950618
1 0.5442708333333334 0.48487654320987655 0.5444444444444444 0.4904320987654321 0.5456597222222223 0.49537037037037035 0.5472222222222222 0.4975308641975309 0.5517361111111111 0.49691358024691357 0.5524305555555555 0.49506172839506174 0.5520833333333334 0.49104938271604937 0.5526041666666667 0.48796296296296293 0.5557291666666666 0.48148148148148145 0.5628472222222222 0.4777777777777778 0.5619791666666666 0.4700617283950617 0.5602430555555555 0.4679012345679012 0.5571180555555555 0.4666666666666667 0.5498263888888888 0.466358024691358 0.5449652777777777 0.46882716049382717 0.5435763888888888 0.4700617283950617 0.5432291666666667 0.47160493827160493 0.5432291666666667 0.48148148148148145 0.5442708333333334 0.48487654320987655
1 0.5449652777777777 0.42098765432098767 0.546875 0.42314814814814816 0.5499999999999999 0.4222222222222222 0.5508680555555555 0.41820987654320985 0.5512152777777778 0.4052469135802469 0.5505208333333333 0.40154320987654324 0.5467013888888889 0.39845679012345675 0.54375 0.40987654320987654 0.54375 0.4148148148148148 0.5449652777777777 0.42098765432098767
1 0.5798611111111112 0.4895061728395062 0.5814236111111111 0.4916666666666667 0.5847222222222223 0.4925925925925925 0.5885416666666666 0.4919753086419753 0.5895833333333333 0.4904320987654321 0.5918402777777777 0.483641975308642 0.5967013888888888 0.47932098765432096 0.6010416666666666 0.4777777777777778 0.6013888888888889 0.4756172839506173 0.6010416666666666 0.4728395061728395 0.5977430555555555 0.4660493827160494 0.5973958333333333 0.4635802469135802 0.5961805555555556 0.46141975308641975 0.5928819444444444 0.45925925925925926 0.5874999999999999 0.4589506172839506 0.584548611111111 0.4601851851851852 0.5803819444444445 0.46574074074074073 0.5786458333333333 0.47098765432098766 0.5786458333333333 0.4799382716049383 0.5798611111111112 0.4895061728395062
1 0.171875 0.9111111111111112 0.171875 0.9194444444444444 0.17118055555555556 0.9330246913580247 0.17239583333333333 0.9385802469135802 0.1753472222222222 0.9441358024691359 0.17777777777777778 0.9469135802469135 0.1824652777777778 0.9478395061728394 0.18559027777777778 0.9459876543209877 0.18836805555555555 0.945679012345679 0.19774305555555555 0.946604938271605 0.2137152777777778 0.9447530864197531 0.2171875 0.9435185185185185 0.2203125 0.9407407407407407 0.22743055555555555 0.9370370370370371 0.2342013888888889 0.9296296296296297 0.2409722222222222 0.9339506172839506 0.24375 0.9339506172839506 0.24600694444444443 0.932716049382716 0.2484375 0.9290123456790123 0.25017361111111114 0.9222222222222222 0.25121527777777775 0.9126543209876543 0.25156249999999997 0.9012345679012346 0.25277777777777777 0.8981481481481481 0.25902777777777775 0.8882716049382716 0.26545138888888886 0.8697530864197531 0.2659722222222222 0.866358024691358 0.26805555555555555 0.8617283950617284 0.26979166666666665 0.8595679012345678 0.2765625 0.8561728395061728 0.2782986111111111 0.8518518518518519 0.2796875 0.8432098765432099 0.2795138888888889 0.8296296296296296 0.2798611111111111 0.8209876543209877 0.28072916666666664 0.8179012345679012 0.28072916666666664 0.8027777777777778 0.2796875 0.7947530864197531 0.2777777777777778 0.7870370370370371 0.27586805555555555 0.7830246913580247 0.27326388888888886 0.7824074074074074 0.26579861111111114 0.7777777777777778 0.2534722222222222 0.7771604938271606 0.24618055555555554 0.7777777777777778 0.2388888888888889 0.7814814814814816 0.22708333333333333 0.7839506172839507 0.22413194444444445 0.7851851851851852 0.21961805555555555 0.7895061728395062 0.2126736111111111 0.799074074074074 0.2019097222222222 0.8191358024691359 0.19930555555555554 0.8246913580246913 0.196875 0.8324074074074075 0.19461805555555556 0.8361111111111111 0.19305555555555554 0.8404320987654321 0.18975694444444444 0.842283950617284 0.1878472222222222 0.8444444444444444 0.18559027777777778 0.8450617283950618 0.1859375 0.8487654320987654 0.18697916666666664 0.8493827160493828 0.18888888888888888 0.8533950617283951 0.18888888888888888 0.8583333333333334 0.1878472222222222 0.8614197530864197 0.18559027777777778 0.8648148148148148 0.18368055555555554 0.8719135802469137 0.17899305555555556 0.8802469135802469 0.17760416666666665 0.8858024691358025 0.1717013888888889 0.8978395061728395 0.17118055555555556 0.9070987654320988 0.171875 0.9111111111111112
1 0.3248263888888889 0.43703703703703706 0.3288194444444444 0.43734567901234567 0.3315972222222222 0.4361111111111111 0.33993055555555557 0.4364197530864197 0.3420138888888889 0.43425925925925923 0.3434027777777778 0.42376543209876544 0.3432291666666667 0.42191358024691356 0.3390625 0.4175925925925926 0.3350694444444444 0.4166666666666667 0.33142361111111107 0.4172839506172839 0.32621527777777776 0.42160493827160495 0.3232638888888889 0.42839506172839503 0.32309027777777777 0.43209876543209874 0.3248263888888889 0.43703703703703706
1 0.5815972222222222 0.5438271604938272 0.5850694444444444 0.5472222222222223 0.592361111111111 0.5484567901234568 0.5944444444444444 0.5509259259259259 0.5972222222222222 0.5555555555555556 0.5991319444444444 0.562037037037037 0.6 0.5629629629629629 0.6015625 0.5728395061728395 0.6026041666666666 0.5750000000000001 0.6057291666666667 0.578395061728395 0.6092013888888889 0.5802469135802469 0.6124999999999999 0.5771604938271605 0.6133680555555555 0.5675925925925925 0.6124999999999999 0.5527777777777777 0.6109375 0.5472222222222223 0.6107638888888888 0.5432098765432098 0.6095486111111111 0.5382716049382716 0.6085069444444444 0.5367283950617284 0.606423611111111 0.5296296296296296 0.6041666666666666 0.5256172839506172 0.6013888888888889 0.5243827160493827 0.5881944444444445 0.5243827160493827 0.5833333333333334 0.5277777777777778 0.5821180555555555 0.5296296296296296 0.5814236111111111 0.5324074074074074 0.5810763888888888 0.5413580246913581 0.5815972222222222 0.5438271604938272
1 0.5850694444444444 0.6453703703703704 0.5907986111111111 0.6503086419753087 0.592361111111111 0.6549382716049382 0.5961805555555556 0.6549382716049382 0.5982638888888888 0.653395061728395 0.6017361111111111 0.6530864197530865 0.6092013888888889 0.6503086419753087 0.6192708333333333 0.65 0.6260416666666666 0.6521604938271606 0.6307291666666666 0.6524691358024691 0.6322916666666666 0.65 0.6324652777777777 0.6398148148148147 0.6289930555555555 0.6305555555555555 0.6286458333333333 0.6271604938271605 0.6305555555555555 0.6240740740740741 0.63125 0.6194444444444445 0.6260416666666666 0.617283950617284 0.6248263888888889 0.6148148148148148 0.6232638888888888 0.6083333333333334 0.6211805555555555 0.604320987654321 0.6197916666666666 0.5990740740740741 0.6173611111111111 0.5950617283950618 0.6130208333333333 0.5907407407407407 0.6055555555555555 0.5895061728395061 0.603125 0.591358024691358 0.5951388888888888 0.5904320987654321 0.5921875 0.5916666666666667 0.5880208333333333 0.5981481481481481 0.584548611111111 0.608641975308642 0.5847222222222223 0.6438271604938272 0.5850694444444444 0.6453703703703704
1 0.3503472222222222 0.47129629629629627 0.3512152777777778 0.47314814814814815 0.3519097222222222 0.47901234567901235 0.3515625 0.4876543209876543 0.35312499999999997 0.4944444444444444 0.3532986111111111 0.5024691358024691 0.3545138888888889 0.5049382716049382 0.3560763888888889 0.5058641975308642 0.3630208333333333 0.5003086419753087 0.36527777777777776 0.4962962962962963 0.3661458333333333 0.4959876543209876 0.3684027777777778 0.49104938271604937 0.3663194444444444 0.48302469135802467 0.3661458333333333 0.4774691358024691 0.3638888888888889 0.4700617283950617 0.3597222222222222 0.46728395061728395 0.3524305555555556 0.4675925925925926 0.3512152777777778 0.46882716049382717 0.3503472222222222 0.4700617283950617 0.3503472222222222 0.47129629629629627
2 0.8979166666666666 0.7175925925925926 0.8989583333333333 0.7203703703703703 0.9069444444444444 0.7280864197530863 0.9079861111111112 0.7299382716049382 0.9100694444444444 0.7299382716049382 0.9114583333333334 0.7311728395061728 0.9118055555555555 0.7271604938271605 0.911111111111111 0.7237654320987654 0.911111111111111 0.7200617283950618 0.9083333333333333 0.7098765432098766 0.9065972222222222 0.7083333333333334 0.9024305555555555 0.7083333333333334 0.9 0.7098765432098766 0.8987847222222222 0.7123456790123457 0.897048611111111 0.7169753086419753 0.8979166666666666 0.7175925925925926
2 0.9086805555555556 0.7271604938271605 0.9079861111111112 0.7253086419753086 0.9078125 0.7271604938271605 0.9086805555555556 0.7271604938271605
2 0.8946180555555555 0.7169753086419753 0.8961805555555555 0.7175925925925926 0.8975694444444444 0.7194444444444444 0.9 0.7194444444444444 0.9012152777777778 0.7123456790123457 0.903125 0.7098765432098766 0.9052083333333334 0.7095679012345678 0.9076388888888888 0.7135802469135802 0.9078125 0.7203703703703703 0.9081597222222222 0.7197530864197531 0.9078125 0.7185185185185184 0.9083333333333333 0.7175925925925926 0.9078125 0.7166666666666667 0.9086805555555556 0.7160493827160493 0.9095486111111112 0.7061728395061728 0.9081597222222222 0.6938271604938272 0.9083333333333333 0.6885802469135802 0.9090277777777778 0.6854938271604938 0.9088541666666666 0.6820987654320988 0.9076388888888888 0.6790123456790123 0.9038194444444444 0.6780864197530865 0.9022569444444444 0.6805555555555556 0.9006944444444444 0.6870370370370371 0.8991319444444444 0.6898148148148148 0.897048611111111 0.6916666666666667 0.8960069444444444 0.6941358024691359 0.8935763888888888 0.70679012345679 0.8934027777777778 0.7141975308641975 0.8946180555555555 0.7169753086419753
2 0.8652777777777778 0.675 0.8652777777777778 0.6830246913580247 0.8663194444444444 0.6873456790123457 0.8689236111111112 0.6913580246913581 0.8734375 0.6959876543209877 0.8769097222222222 0.6981481481481482 0.8781249999999999 0.696604938271605 0.8777777777777778 0.6858024691358025 0.8789930555555555 0.6793209876543209 0.8802083333333334 0.6768518518518518 0.8802083333333334 0.6719135802469135 0.8789930555555555 0.6700617283950616 0.8769097222222222 0.6638888888888889 0.8744791666666666 0.6537037037037037 0.8722222222222222 0.6527777777777778 0.8697916666666666 0.654320987654321 0.8692708333333333 0.6635802469135803 0.8652777777777778 0.675
2 0.9178819444444444 0.7228395061728394 0.9170138888888888 0.7296296296296296 0.9170138888888888 0.7345679012345678 0.9182291666666667 0.7395061728395061 0.9206597222222221 0.7425925925925926 0.9270833333333334 0.7481481481481481 0.9295138888888889 0.7490740740740741 0.9303819444444444 0.7444444444444445 0.9288194444444444 0.7342592592592593 0.9288194444444444 0.7305555555555556 0.9251736111111112 0.720679012345679 0.9243055555555556 0.7132716049382716 0.9220486111111111 0.7092592592592593 0.9180555555555555 0.7092592592592593 0.9170138888888888 0.7108024691358025 0.9163194444444444 0.7141975308641975 0.9178819444444444 0.7228395061728394
2 0.7760416666666666 0.8086419753086419 0.7756944444444444 0.8179012345679012 0.7822916666666666 0.8354938271604938 0.7855902777777778 0.8391975308641975 0.7866319444444444 0.8419753086419753 0.7902777777777777 0.8425925925925926 0.7914930555555556 0.8197530864197531 0.7914930555555556 0.8092592592592593 0.7902777777777777 0.7885802469135803 0.7902777777777777 0.7719135802469135 0.7873263888888888 0.7648148148148147 0.7829861111111112 0.7626543209876543 0.7788194444444444 0.769753086419753 0.7774305555555555 0.7765432098765431 0.7769097222222222 0.8027777777777778 0.7760416666666666 0.8086419753086419
2 0.8322916666666667 0.654320987654321 0.8326388888888888 0.6574074074074074 0.8352430555555556 0.6608024691358024 0.8371527777777777 0.6620370370370371 0.8387152777777778 0.6651234567901234 0.8416666666666666 0.6663580246913581 0.8432291666666666 0.6657407407407407 0.8440972222222222 0.6620370370370371 0.8439236111111111 0.6580246913580247 0.8399305555555555 0.6518518518518519 0.8385416666666666 0.6450617283950618 0.8350694444444444 0.6441358024691358 0.8335069444444444 0.6478395061728395 0.8331597222222222 0.6521604938271606 0.8322916666666667 0.654320987654321
5 0.3644097222222222 0.47530864197530864 0.3645833333333333 0.4808641975308642 0.3659722222222222 0.48518518518518516 0.36822916666666666 0.48858024691358026 0.3697916666666667 0.4904320987654321 0.3722222222222222 0.4895061728395062 0.3744791666666667 0.4882716049382716 0.3774305555555555 0.48456790123456794 0.3795138888888889 0.47685185185185186 0.3795138888888889 0.4700617283950617 0.3774305555555555 0.4632716049382716 0.3727430555555556 0.45925925925925926 0.3677083333333333 0.4583333333333333 0.3659722222222222 0.4589506172839506 0.36215277777777777 0.4635802469135802 0.3616319444444444 0.4675925925925926 0.3644097222222222 0.47530864197530864
0 0.49809027777777776 0.4225308641975309 0.4996527777777778 0.4253086419753086 0.5013888888888889 0.42685185185185187 0.5092013888888889 0.42654320987654315 0.5130208333333334 0.4253086419753086 0.5164930555555556 0.4222222222222222 0.5175347222222222 0.40771604938271605 0.5170138888888889 0.3969135802469136 0.5157986111111111 0.3929012345679012 0.5133680555555555 0.38981481481481484 0.5123263888888888 0.3888888888888889 0.50625 0.3885802469135803 0.5020833333333333 0.38981481481481484 0.5 0.3929012345679012 0.4973958333333333 0.4027777777777778 0.4973958333333333 0.4188271604938272 0.49809027777777776 0.4225308641975309
0 0.7185763888888889 0.7148148148148148 0.7222222222222222 0.7243827160493828 0.7256944444444444 0.7296296296296296 0.7270833333333333 0.7342592592592593 0.7286458333333333 0.7361111111111112 0.7307291666666667 0.7425925925925926 0.7357638888888888 0.7509259259259259 0.7383680555555555 0.7567901234567901 0.7430555555555556 0.7623456790123456 0.7439236111111112 0.7691358024691358 0.7439236111111112 0.7802469135802469 0.7463541666666667 0.7898148148148147 0.7484375 0.7938271604938272 0.7501736111111111 0.7944444444444444 0.7517361111111112 0.796604938271605 0.7586805555555556 0.7944444444444444 0.7633680555555555 0.7996913580246913 0.7654513888888889 0.8049382716049384 0.7690972222222222 0.8114197530864197 0.770486111111111 0.8126543209876543 0.7722222222222221 0.8166666666666667 0.775 0.8191358024691359 0.7772569444444444 0.8225308641975309 0.7809027777777777 0.8299382716049382 0.7829861111111112 0.8370370370370371 0.7880208333333334 0.8425925925925926 0.7907986111111112 0.8506172839506172 0.8006944444444444 0.8660493827160494 0.8079861111111112 0.8805555555555555 0.8105902777777778 0.8848765432098765 0.8114583333333334 0.8851851851851852 0.8201388888888889 0.8996913580246914 0.8236111111111112 0.9024691358024691 0.8248263888888888 0.9046296296296297 0.826736111111111 0.9141975308641975 0.828125 0.9290123456790123 0.8310763888888888 0.9425925925925925 0.8347222222222221 0.950925925925926 0.8371527777777777 0.953395061728395 0.8385416666666666 0.9564814814814815 0.842361111111111 0.9574074074074074 0.8460069444444444 0.9537037037037037 0.8489583333333334 0.9530864197530865 0.8539930555555556 0.957716049382716 0.8567708333333334 0.9611111111111111 0.8586805555555556 0.9648148148148148 0.8628472222222222 0.9691358024691359 0.865625 0.9703703703703703 0.8670138888888889 0.9743827160493828 0.8697916666666666 0.9790123456790124 0.8756944444444444 0.9811728395061728 0.8809027777777778 0.985185185185185 0.8914930555555556 0.9888888888888888 0.8935763888888888 0.9904320987654321 0.8994791666666666 0.9885802469135803 0.9105902777777778 0.9888888888888888 0.9154513888888888 0.9916666666666666 0.9180555555555555 0.9898148148148147 0.9310763888888888 0.9910493827160494 0.9359375 0.9907407407407407 0.9414930555555555 0.9888888888888888 0.9559027777777778 0.9888888888888888 0.9730902777777778 0.985185185185185 0.9760416666666666 0.9830246913580247 0.9774305555555556 0.9808641975308642 0.9779513888888888 0.975 0.9774305555555556 0.9490740740740741 0.9786458333333333 0.9416666666666667 0.9784722222222222 0.9228395061728395 0.9791666666666666 0.9108024691358024 0.9763888888888889 0.8830246913580246 0.9762152777777777 0.8595679012345678 0.9772569444444444 0.8447530864197531 0.9767361111111111 0.8425925925925926 0.9769097222222222 0.8382716049382716 0.9760416666666666 0.8262345679012346 0.9739583333333334 0.8080246913580247 0.9739583333333334 0.7996913580246913 0.973611111111111 0.7969135802469135 0.9708333333333333 0.7925925925925925 0.9638888888888888 0.7867283950617284 0.9604166666666666 0.7817901234567901 0.9512152777777778 0.774074074074074 0.9465277777777777 0.7679012345679013 0.9453125 0.7675925925925926 0.9435763888888888 0.7648148148148147 0.9380208333333333 0.7601851851851852 0.9369791666666666 0.7583333333333334 0.9284722222222221 0.7518518518518519 0.9190972222222222 0.7429012345679012 0.9130208333333334 0.7339506172839506 0.9076388888888888 0.7302469135802468 0.8996527777777777 0.7222222222222222 0.8944444444444444 0.7194444444444444 0.8907986111111111 0.7145061728395062 0.8866319444444444 0.7108024691358025 0.8852430555555556 0.7083333333333334 0.8800347222222222 0.7055555555555556 0.8774305555555556 0.7006172839506173 0.8730902777777778 0.6981481481481482 0.8637152777777778 0.6867283950617284 0.8578125 0.6830246913580247 0.8539930555555556 0.6771604938271604 0.8510416666666666 0.674074074074074 0.8489583333333334 0.6734567901234568 0.8421875 0.6675925925925925 0.8380208333333333 0.6651234567901234 0.8354166666666666 0.6611111111111112 0.8340277777777778 0.6608024691358024 0.8286458333333333 0.6552469135802469 0.8211805555555556 0.6462962962962963 0.8185763888888888 0.6441358024691358 0.8147569444444444 0.6425925925925926 0.811111111111111 0.6367283950617284 0.8092013888888888 0.6361111111111112 0.8043402777777777 0.6302469135802469 0.7944444444444444 0.6222222222222222 0.7907986111111112 0.6179012345679012 0.7902777777777777 0.616358024691358 0.7831597222222222 0.6089506172839506 0.7753472222222222 0.6067901234567901 0.7612847222222222 0.6067901234567901 0.7524305555555556 0.6089506172839506 0.7303819444444444 0.6083333333333334 0.7237847222222222 0.6098765432098765 0.7222222222222222 0.6120370370370369 0.7215277777777778 0.6157407407407407 0.7208333333333333 0.6351851851851852 0.7201388888888888 0.6444444444444444 0.7192708333333333 0.6481481481481481 0.71875 0.6722222222222222 0.7180555555555556 0.675 0.7178819444444444 0.7104938271604938 0.7185763888888889 0.7148148148148148
6 0.6211805555555555 0.5438271604938272 0.6229166666666666 0.5527777777777777 0.6237847222222221 0.5719135802469135 0.6265625 0.5750000000000001 0.6302083333333334 0.5719135802469135 0.63125 0.5728395061728395 0.6324652777777777 0.5753086419753086 0.6326388888888889 0.5817901234567902 0.6336805555555556 0.5854938271604938 0.6373263888888888 0.5848765432098765 0.6387152777777778 0.5817901234567902 0.6402777777777777 0.5805555555555555 0.6546875 0.5805555555555555 0.65625 0.5861111111111111 0.6572916666666666 0.5876543209876544 0.6588541666666666 0.5879629629629629 0.6607638888888888 0.5867283950617284 0.6619791666666666 0.5817901234567902 0.6649305555555556 0.5743827160493827 0.6661458333333333 0.5555555555555556 0.6668402777777778 0.5518518518518518 0.6677083333333333 0.5506172839506173 0.6680555555555555 0.546604938271605 0.6673611111111112 0.5435185185185185 0.6638888888888889 0.537962962962963 0.6623263888888888 0.5314814814814814 0.6595486111111112 0.5256172839506172 0.6583333333333333 0.5234567901234568 0.6557291666666666 0.5212962962962963 0.6402777777777777 0.519753086419753 0.6336805555555556 0.5117283950617284 0.6282986111111112 0.5095679012345679 0.6234375 0.5104938271604939 0.6213541666666667 0.5138888888888888 0.6206597222222222 0.519753086419753 0.6211805555555555 0.5438271604938272
6 0.2913194444444444 0.6552469135802469 0.2916666666666667 0.6617283950617284 0.2904513888888889 0.6663580246913581 0.2895833333333333 0.6675925925925925 0.2895833333333333 0.6691358024691358 0.29184027777777777 0.674074074074074 0.2923611111111111 0.6768518518518518 0.2923611111111111 0.6993827160493827 0.29322916666666665 0.7030864197530865 0.29670138888888886 0.7052469135802469 0.30086805555555557 0.7058641975308642 0.3128472222222222 0.7058641975308642 0.3180555555555556 0.7052469135802469 0.3206597222222222 0.7037037037037037 0.3317708333333333 0.703395061728395 0.3335069444444444 0.7055555555555556 0.3354166666666667 0.7064814814814815 0.3378472222222222 0.7043209876543209 0.3385416666666667 0.703395061728395 0.3423611111111111 0.6830246913580247 0.34375 0.6802469135802469 0.34531249999999997 0.6796296296296297 0.3489583333333333 0.6753086419753087 0.3506944444444444 0.6706790123456791 0.3527777777777778 0.6688271604938272 0.3559027777777778 0.6626543209876543 0.3567708333333333 0.6580246913580247 0.3583333333333333 0.654320987654321 0.3595486111111111 0.6435185185185185 0.3612847222222222 0.6373456790123456 0.36267361111111107 0.6240740740740741 0.36267361111111107 0.6160493827160494 0.3614583333333333 0.5978395061728394 0.3619791666666667 0.592283950617284 0.3630208333333333 0.5888888888888889 0.3630208333333333 0.5635802469135802 0.3618055555555555 0.5570987654320988 0.3590277777777778 0.553395061728395 0.3534722222222222 0.5521604938271605 0.32968749999999997 0.553395061728395 0.3208333333333333 0.5555555555555556 0.3131944444444444 0.5688271604938271 0.3100694444444444 0.5725308641975309 0.3059027777777778 0.5805555555555555 0.3046875 0.5811728395061728 0.3012152777777778 0.587037037037037 0.2989583333333333 0.5885802469135802 0.2956597222222222 0.5947530864197531 0.2947916666666667 0.6003086419753086 0.2947916666666667 0.6095679012345678 0.2954861111111111 0.6175925925925926 0.29322916666666665 0.6256172839506172 0.29184027777777777 0.6345679012345679 0.29184027777777777 0.6496913580246914 0.2913194444444444 0.6552469135802469
6 0.4371527777777778 0.4774691358024691 0.4375 0.483641975308642 0.43854166666666666 0.48703703703703705 0.43854166666666666 0.5015432098765432 0.44027777777777777 0.5033950617283951 0.4473958333333333 0.5027777777777778 0.4496527777777778 0.5037037037037037 0.45295138888888886 0.5077160493827161 0.4567708333333333 0.5080246913580247 0.4595486111111111 0.5064814814814814 0.4611111111111111 0.5012345679012346 0.4616319444444444 0.4938271604938272 0.4616319444444444 0.4666666666666667 0.4597222222222222 0.4641975308641975 0.4586805555555556 0.46141975308641975 0.4565972222222222 0.45987654320987653 0.4552083333333333 0.4561728395061728 0.453125 0.45462962962962966 0.4508680555555556 0.44969135802469135 0.4489583333333333 0.44845679012345674 0.4453125 0.44814814814814813 0.44166666666666665 0.4493827160493827 0.44027777777777777 0.45339506172839505 0.4388888888888889 0.4725308641975308 0.4371527777777778 0.4774691358024691
3 0.44513888888888886 0.571604938271605 0.4461805555555556 0.5746913580246913 0.44635416666666666 0.578395061728395 0.4482638888888889 0.5802469135802469 0.4496527777777778 0.5802469135802469 0.4505208333333333 0.5756172839506173 0.4534722222222222 0.5675925925925925 0.4539930555555556 0.562037037037037 0.4534722222222222 0.5512345679012346 0.45295138888888886 0.5499999999999999 0.44861111111111107 0.549074074074074 0.4458333333333333 0.5499999999999999 0.4440972222222222 0.553395061728395 0.4440972222222222 0.5648148148148148 0.44513888888888886 0.571604938271605
3 0.2154513888888889 0.49691358024691357 0.22065972222222222 0.49691358024691357 0.22239583333333335 0.4947530864197531 0.22430555555555554 0.4824074074074074 0.22395833333333334 0.4759259259259259 0.2171875 0.475 0.21562499999999998 0.47716049382716047 0.21510416666666665 0.48271604938271606 0.2144097222222222 0.4947530864197531 0.2154513888888889 0.49691358024691357
3 0.5375 0.495679012345679 0.5378472222222223 0.5055555555555555 0.5383680555555556 0.5077160493827161 0.5399305555555556 0.5101851851851852 0.5434027777777778 0.5098765432098765 0.5446180555555555 0.5049382716049382 0.5451388888888888 0.49907407407407406 0.5446180555555555 0.48456790123456794 0.5434027777777778 0.48148148148148145 0.5399305555555556 0.4780864197530864 0.5378472222222223 0.47962962962962963 0.5366319444444444 0.48456790123456794 0.5364583333333334 0.49104938271604937 0.5375 0.495679012345679
3 0.5444444444444444 0.5641975308641975 0.5460069444444444 0.5675925925925925 0.5472222222222222 0.5685185185185185 0.5493055555555555 0.566358024691358 0.5505208333333333 0.5611111111111111 0.5505208333333333 0.542283950617284 0.5494791666666666 0.5395061728395062 0.5467013888888889 0.5373456790123456 0.5449652777777777 0.5404320987654321 0.54375 0.5462962962962963 0.54375 0.5598765432098766 0.5444444444444444 0.5641975308641975
3 0.4350694444444444 0.4691358024691358 0.4364583333333333 0.4694444444444445 0.4378472222222222 0.46820987654320984 0.4387152777777778 0.4660493827160494 0.4395833333333333 0.4608024691358025 0.4394097222222222 0.4527777777777778 0.4359375 0.4493827160493827 0.43368055555555557 0.4524691358024691 0.43385416666666665 0.46543209876543207 0.4350694444444444 0.4691358024691358