8 0.4546875 0.3680555555555556 0.4583333333333333 0.3671296296296297 0.4583333333333333 0.3509259259259259 0.4565104166666667 0.3476851851851852 0.453125 0.3486111111111111 0.45208333333333334 0.3509259259259259 0.45208333333333334 0.36620370370370375 0.4546875 0.3680555555555556
1 0.46640625 0.37453703703703706 0.4674479166666667 0.3777777777777778 0.4703125 0.37962962962962965 0.4747395833333333 0.37592592592592594 0.4747395833333333 0.3694444444444445 0.4729166666666667 0.36481481481481487 0.4708333333333333 0.36250000000000004 0.4666666666666667 0.36342592592592593 0.4658854166666667 0.36620370370370375 0.46640625 0.37453703703703706
1 0.36223958333333334 0.4097222222222222 0.36953125000000003 0.40925925925925927 0.3705729166666667 0.4050925925925926 0.3697916666666667 0.39722222222222225 0.36614583333333334 0.3930555555555556 0.36223958333333334 0.3930555555555556 0.3598958333333333 0.39722222222222225 0.359375 0.40092592592592596 0.3596354166666667 0.4074074074074074 0.36223958333333334 0.4097222222222222
1 0.45286458333333335 0.3680555555555556 0.4572916666666667 0.3689814814814815 0.45937500000000003 0.3666666666666667 0.4591145833333333 0.36203703703703705 0.45677083333333335 0.3574074074074074 0.453125 0.3574074074074074 0.4518229166666667 0.3615740740740741 0.45156250000000003 0.36620370370370375 0.45286458333333335 0.3680555555555556
1 0.4596354166666667 0.39259259259259266 0.4669270833333333 0.3930555555555556 0.46796875 0.3907407407407408 0.4674479166666667 0.38333333333333336 0.4651041666666667 0.3791666666666667 0.45989583333333334 0.3791666666666667 0.45859375 0.38333333333333336 0.4583333333333333 0.3907407407407408 0.4596354166666667 0.39259259259259266
5 0.4565104166666667 0.49259259259259264 0.4713541666666667 0.4930555555555556 0.4747395833333333 0.49120370370370375 0.47552083333333334 0.48703703703703705 0.4736979166666667 0.4712962962962963 0.4729166666666667 0.4671296296296297 0.4705729166666667 0.4625 0.4674479166666667 0.46064814814814814 0.4596354166666667 0.4615740740740741 0.4565104166666667 0.46666666666666673 0.4552083333333333 0.47175925925925927 0.4552083333333333 0.4847222222222222 0.4565104166666667 0.49259259259259264
1 0.30390625 0.6833333333333333 0.30703125000000003 0.6893518518518519 0.3125 0.6870370370370371 0.33177083333333335 0.6870370370370371 0.3354166666666667 0.6902777777777778 0.340625 0.6898148148148148 0.3424479166666667 0.6851851851851852 0.34375 0.6703703703703704 0.34921875 0.6569444444444444 0.3486979166666667 0.6282407407407408 0.3455729166666667 0.6231481481481481 0.3377604166666667 0.6185185185185185 0.32317708333333334 0.6175925925925926 0.31484375000000003 0.6194444444444445 0.309375 0.6296296296296297 0.30364583333333334 0.6527777777777778 0.3026041666666667 0.6611111111111112 0.3026041666666667 0.6782407407407407 0.30390625 0.6833333333333333
1 0.4416666666666667 0.3791666666666667 0.4497395833333333 0.37870370370370376 0.4497395833333333 0.3694444444444445 0.4473958333333333 0.3666666666666667 0.4427083333333333 0.36574074074074076 0.4408854166666667 0.3699074074074074 0.440625 0.3773148148148148 0.4416666666666667 0.3791666666666667
5 0.3697916666666667 0.5018518518518519 0.3833333333333333 0.5018518518518519 0.38671875 0.5009259259259259 0.3885416666666667 0.4976851851851852 0.3893229166666667 0.4805555555555556 0.3885416666666667 0.47731481481481486 0.3833333333333333 0.46851851851851856 0.3794270833333333 0.4675925925925926 0.3731770833333333 0.4694444444444445 0.37083333333333335 0.4740740740740741 0.3684895833333333 0.48287037037037045 0.3682291666666667 0.49583333333333335 0.3697916666666667 0.5018518518518519
5 0.46640625 0.4296296296296297 0.46770833333333334 0.4324074074074074 0.4778645833333333 0.43287037037037035 0.4799479166666667 0.4314814814814815 0.4809895833333333 0.42870370370370375 0.48046875 0.4217592592592593 0.4786458333333333 0.41481481481481486 0.4770833333333333 0.41250000000000003 0.4747395833333333 0.41111111111111115 0.4703125 0.4115740740740741 0.4666666666666667 0.4180555555555556 0.4658854166666667 0.4217592592592593 0.46640625 0.4296296296296297
1 0.47161458333333334 0.6875 0.471875 0.7004629629629631 0.4747395833333333 0.7231481481481482 0.4770833333333333 0.7291666666666666 0.48281250000000003 0.7305555555555556 0.5085937500000001 0.7310185185185185 0.5122395833333333 0.7305555555555556 0.5153645833333333 0.7268518518518519 0.515625 0.7087962962962963 0.5138020833333333 0.6847222222222222 0.515625 0.6814814814814816 0.5158854166666667 0.6773148148148148 0.5151041666666667 0.675462962962963 0.51171875 0.675 0.5098958333333333 0.6717592592592593 0.5052083333333334 0.6504629629629629 0.5015625 0.6416666666666666 0.4979166666666667 0.6388888888888888 0.4901041666666667 0.6379629629629631 0.48359375 0.6379629629629631 0.4778645833333333 0.639814814814815 0.4739583333333333 0.6462962962962963 0.4713541666666667 0.6601851851851852 0.4703125 0.6796296296296297 0.47161458333333334 0.6875
1 0.47578125 0.3990740740740741 0.4846354166666667 0.3990740740740741 0.4856770833333333 0.39722222222222225 0.4846354166666667 0.3875 0.4807291666666667 0.3824074074074075 0.47734375 0.3819444444444444 0.47552083333333334 0.38425925925925924 0.4744791666666667 0.387962962962963 0.47421875 0.39675925925925926 0.47578125 0.3990740740740741
0 0.26536458333333335 0.6625 0.265625 0.6569444444444444 0.26406250000000003 0.6569444444444444 0.2638020833333333 0.6611111111111112 0.26536458333333335 0.6625
6 0.16848958333333336 0.7236111111111112 0.16979166666666667 0.7263888888888889 0.17317708333333334 0.7657407407407407 0.17578125 0.775 0.17864583333333334 0.7782407407407409 0.18333333333333335 0.7787037037037038 0.18489583333333334 0.7814814814814816 0.18619791666666666 0.7875000000000001 0.1890625 0.7902777777777779 0.21041666666666667 0.7912037037037037 0.21484375 0.789814814814815 0.22005208333333334 0.7935185185185185 0.22369791666666666 0.7921296296296297 0.23072916666666665 0.7925925925925926 0.23411458333333335 0.7888888888888889 0.23619791666666667 0.7828703703703704 0.23671875 0.7675925925925926 0.24036458333333335 0.7495370370370371 0.24322916666666666 0.7412037037037038 0.25286458333333334 0.725925925925926 0.2552083333333333 0.7199074074074074 0.2565104166666667 0.7120370370370371 0.25859375 0.7074074074074075 0.26015625000000003 0.6939814814814815 0.2572916666666667 0.6523148148148148 0.25494791666666666 0.6439814814814815 0.25312500000000004 0.6412037037037037 0.24427083333333335 0.6365740740740741 0.23567708333333334 0.6347222222222222 0.21406250000000002 0.6337962962962963 0.20598958333333334 0.6356481481481482 0.19947916666666665 0.6407407407407407 0.17864583333333334 0.6689814814814815 0.16536458333333334 0.6949074074074074 0.165625 0.7064814814814815 0.16848958333333336 0.7236111111111112