8 0.5380208333333334 0.5078703703703704 0.5424479166666667 0.5143518518518518 0.5432291666666667 0.5180555555555556 0.5617187499999999 0.5189814814814815 0.5638020833333334 0.5162037037037037 0.5645833333333333 0.5120370370370371 0.5640625 0.4962962962962963 0.5614583333333334 0.48842592592592593 0.5604166666666667 0.48101851851851857 0.5570312500000001 0.47361111111111115 0.5541666666666667 0.4703703703703704 0.5502604166666667 0.4680555555555556 0.5398437500000001 0.4699074074074074 0.5377604166666666 0.47731481481481486 0.5364583333333334 0.48842592592592593 0.5364583333333334 0.5032407407407408 0.5380208333333334 0.5078703703703704
1 0.4518229166666667 0.37870370370370376 0.45598958333333334 0.3777777777777778 0.4583333333333333 0.3731481481481482 0.4575520833333333 0.3685185185185186 0.45625 0.36620370370370375 0.45156250000000003 0.36620370370370375 0.4497395833333333 0.3694444444444445 0.4497395833333333 0.37638888888888894 0.4518229166666667 0.37870370370370376
4 0.3932291666666667 0.437962962962963 0.3953125 0.4402777777777778 0.39739583333333334 0.44537037037037036 0.40390625 0.4462962962962963 0.4067708333333333 0.4444444444444444 0.4078125 0.4319444444444445 0.4065104166666667 0.42500000000000004 0.40468750000000003 0.4217592592592593 0.40130208333333334 0.4199074074074074 0.3971354166666667 0.42037037037037045 0.39427083333333335 0.4226851851851852 0.3924479166666667 0.42824074074074076 0.3921875 0.4324074074074074 0.3932291666666667 0.437962962962963
1 0.42161458333333335 0.437962962962963 0.4322916666666667 0.4375 0.4330729166666667 0.4351851851851852 0.4328125 0.4240740740740741 0.4315104166666667 0.41851851851851857 0.4236979166666667 0.41851851851851857 0.421875 0.42083333333333334 0.42083333333333334 0.42685185185185187 0.4205729166666667 0.4356481481481482 0.42161458333333335 0.437962962962963
1 0.3520833333333333 0.7865740740740741 0.35234375 0.789814814814815 0.3546875 0.7958333333333334 0.3611979166666667 0.7981481481481482 0.39739583333333334 0.7976851851851853 0.3994791666666667 0.7912037037037037 0.3997395833333333 0.7791666666666667 0.40208333333333335 0.7620370370370372 0.403125 0.7462962962962963 0.4026041666666667 0.7337962962962963 0.4028645833333333 0.7305555555555556 0.4044270833333333 0.7277777777777779 0.4044270833333333 0.7226851851851853 0.40130208333333334 0.713425925925926 0.39739583333333334 0.7092592592592594 0.3880208333333333 0.7069444444444445 0.37864583333333335 0.7069444444444445 0.3658854166666667 0.7097222222222223 0.36171875000000003 0.7129629629629629 0.35703125 0.7236111111111112 0.35781250000000003 0.7310185185185185 0.3557291666666667 0.7365740740740742 0.35390625000000003 0.7495370370370371 0.35234375 0.7546296296296297 0.3515625 0.763425925925926 0.3520833333333333 0.7865740740740741
5 0.06380208333333333 0.8722222222222222 0.06380208333333333 0.8800925925925926 0.07057291666666667 0.8949074074074075 0.08072916666666667 0.900925925925926 0.08802083333333333 0.9032407407407409 0.09166666666666667 0.9074074074074074 0.09895833333333333 0.9046296296296297 0.10208333333333333 0.9018518518518519 0.10963541666666668 0.900925925925926 0.11145833333333333 0.8986111111111112 0.11276041666666667 0.8939814814814816 0.11328125 0.8828703703703704 0.11692708333333333 0.8782407407407408 0.12447916666666667 0.8615740740740742 0.13385416666666666 0.8467592592592593 0.14114583333333333 0.8402777777777778 0.14296875 0.8300925925925926 0.14244791666666667 0.8101851851851852 0.140625 0.8037037037037038 0.13697916666666668 0.7962962962962963 0.13255208333333335 0.7925925925925926 0.12369791666666667 0.7888888888888889 0.11067708333333333 0.7879629629629631 0.10625 0.7893518518518519 0.09947916666666667 0.7939814814814815 0.0921875 0.7949074074074075 0.08697916666666668 0.7990740740740742 0.07708333333333334 0.8143518518518519 0.07005208333333333 0.8324074074074075 0.06692708333333333 0.8453703703703704 0.06406250000000001 0.850925925925926 0.06302083333333333 0.8555555555555556 0.06276041666666667 0.8662037037037038 0.06380208333333333 0.8722222222222222
1 0.38046875 0.42592592592592593 0.39036458333333335 0.42638888888888893 0.3927083333333333 0.4217592592592593 0.3932291666666667 0.41435185185185186 0.3908854166666667 0.4087962962962963 0.3861979166666667 0.4074074074074074 0.3822916666666667 0.41064814814814815 0.3799479166666667 0.4175925925925926 0.3796875 0.42314814814814816 0.38046875 0.42592592592592593
4 0.4111979166666667 0.4046296296296297 0.41875 0.4046296296296297 0.4205729166666667 0.4013888888888889 0.42031250000000003 0.39398148148148154 0.4182291666666667 0.38703703703703707 0.4153645833333333 0.3856481481481482 0.4122395833333333 0.38657407407407407 0.40989583333333335 0.3930555555555556 0.4096354166666667 0.4013888888888889 0.4111979166666667 0.4046296296296297
1 0.49973958333333335 0.4337962962962963 0.5078125 0.4356481481481482 0.5119791666666667 0.4342592592592593 0.5130208333333334 0.42638888888888893 0.5119791666666667 0.4212962962962963 0.5083333333333333 0.41481481481481486 0.5052083333333334 0.412962962962963 0.5020833333333333 0.4138888888888889 0.49973958333333335 0.4171296296296297 0.4986979166666667 0.4217592592592593 0.4981770833333333 0.4296296296296297 0.49973958333333335 0.4337962962962963
1 0.3419270833333333 0.4967592592592593 0.3455729166666667 0.4981481481481482 0.3479166666666667 0.4967592592592593 0.35911458333333335 0.4962962962962963 0.3627604166666667 0.4916666666666667 0.3638020833333333 0.487962962962963 0.3638020833333333 0.4740740740740741 0.3625 0.4708333333333333 0.35703125 0.46481481481481485 0.3489583333333333 0.46481481481481485 0.34453125 0.4699074074074074 0.3408854166666667 0.4851851851851852 0.340625 0.4921296296296297 0.3419270833333333 0.4967592592592593
1 0.4736979166666667 0.375 0.4770833333333333 0.3740740740740741 0.4796875 0.3680555555555556 0.4796875 0.36620370370370375 0.47734375 0.3615740740740741 0.4739583333333333 0.36203703703703705 0.4721354166666667 0.3666666666666667 0.471875 0.37222222222222223 0.4736979166666667 0.375
8 0.3518229166666667 0.44074074074074077 0.3625 0.4398148148148148 0.36562500000000003 0.4296296296296297 0.3651041666666667 0.4217592592592593 0.3627604166666667 0.41620370370370374 0.35234375 0.4175925925925926 0.3502604166666667 0.42083333333333334 0.34921875 0.42731481481481487 0.3494791666666667 0.43842592592592594 0.3518229166666667 0.44074074074074077
1 0.29270833333333335 0.5208333333333334 0.30390625 0.5208333333333334 0.3104166666666667 0.5231481481481481 0.3135416666666667 0.5162037037037037 0.3174479166666667 0.5120370370370371 0.3182291666666667 0.4967592592592593 0.3174479166666667 0.4921296296296297 0.3140625 0.48750000000000004 0.3072916666666667 0.4851851851851852 0.30234375 0.48564814814814816 0.2971354166666667 0.487962962962963 0.2950520833333333 0.4902777777777778 0.29322916666666665 0.4935185185185186 0.29062499999999997 0.5027777777777778 0.2911458333333333 0.5194444444444445 0.29270833333333335 0.5208333333333334
1 0.4669270833333333 0.3949074074074075 0.4705729166666667 0.39537037037037037 0.4747395833333333 0.39351851851851855 0.47500000000000003 0.38333333333333336 0.4731770833333333 0.37962962962962965 0.4705729166666667 0.3773148148148148 0.46718750000000003 0.37870370370370376 0.465625 0.3856481481481482 0.4653645833333333 0.3912037037037037 0.4669270833333333 0.3949074074074075
1 0.40520833333333334 0.5328703703703704 0.4065104166666667 0.5337962962962963 0.4263020833333333 0.5333333333333333 0.4276041666666667 0.5324074074074074 0.42864583333333334 0.5277777777777778 0.4283854166666667 0.5087962962962963 0.42552083333333335 0.5009259259259259 0.4221354166666667 0.4967592592592593 0.4104166666666667 0.4981481481481482 0.40625 0.5087962962962963 0.4049479166666667 0.5185185185185185 0.40468750000000003 0.5305555555555556 0.40520833333333334 0.5328703703703704
1 0.46015625 0.3736111111111111 0.4651041666666667 0.37453703703703706 0.46796875 0.3731481481481482 0.4682291666666667 0.36759259259259264 0.4669270833333333 0.36203703703703705 0.46328125000000003 0.36064814814814816 0.46067708333333335 0.362962962962963 0.4596354166666667 0.36574074074074076 0.46015625 0.3736111111111111
1 0.4869791666666667 0.4703703703703704 0.4986979166666667 0.4703703703703704 0.5018229166666667 0.4726851851851852 0.5044270833333333 0.4699074074074074 0.50546875 0.4638888888888889 0.5044270833333333 0.45277777777777783 0.5015625 0.4435185185185186 0.49843750000000003 0.43888888888888894 0.4890625 0.43888888888888894 0.4877604166666667 0.44120370370370376 0.4861979166666667 0.44907407407407407 0.4856770833333333 0.4638888888888889 0.4869791666666667 0.4703703703703704
1 0.47890625000000003 0.38333333333333336 0.4869791666666667 0.38333333333333336 0.4869791666666667 0.3768518518518519 0.4848958333333333 0.3694444444444445 0.4799479166666667 0.3685185185185186 0.4778645833333333 0.37222222222222223 0.4778645833333333 0.38009259259259265 0.47890625000000003 0.38333333333333336
1 0.3002604166666667 0.738888888888889 0.3072916666666667 0.7439814814814816 0.3130208333333333 0.7449074074074075 0.32265625000000003 0.7444444444444445 0.33177083333333335 0.7407407407407407 0.33489583333333334 0.7347222222222223 0.33671875 0.7236111111111112 0.33828125000000003 0.7208333333333334 0.3390625 0.7157407407407409 0.34348958333333335 0.7013888888888888 0.34348958333333335 0.6791666666666667 0.3419270833333333 0.6759259259259259 0.33125 0.6666666666666666 0.3252604166666667 0.6652777777777779 0.3166666666666667 0.6652777777777779 0.31328125 0.6666666666666666 0.3091145833333333 0.6708333333333334 0.3052083333333333 0.6787037037037037 0.3026041666666667 0.7004629629629631 0.3 0.7097222222222223 0.2986979166666667 0.7347222222222223 0.3002604166666667 0.738888888888889
6 0.3908854166666667 0.40231481481481485 0.4010416666666667 0.4027777777777778 0.4028645833333333 0.40046296296296297 0.4041666666666667 0.3916666666666667 0.4041666666666667 0.38333333333333336 0.4033854166666667 0.37638888888888894 0.4015625 0.3731481481481482 0.39739583333333334 0.37222222222222223 0.39453125 0.3736111111111111 0.390625 0.37638888888888894 0.38958333333333334 0.37962962962962965 0.38958333333333334 0.3976851851851852 0.3908854166666667 0.40231481481481485
0 0.4028645833333333 0.37592592592592594 0.4041666666666667 0.3819444444444444 0.40598958333333335 0.38333333333333336 0.4109375 0.3819444444444444 0.41171875 0.38009259259259265 0.4109375 0.3597222222222222 0.4088541666666667 0.35787037037037045 0.4065104166666667 0.35787037037037045 0.40234375 0.3592592592592593 0.4002604166666667 0.36203703703703705 0.4 0.3699074074074074 0.4028645833333333 0.37592592592592594
6 0.7794270833333334 0.7532407407407408 0.7794270833333334 0.7504629629629631 0.77578125 0.7495370370370371 0.7760416666666666 0.7574074074074075 0.7794270833333334 0.7532407407407408
6 0.62265625 0.6657407407407407 0.62265625 0.6708333333333334 0.6239583333333334 0.6777777777777778 0.6302083333333334 0.6976851851851853 0.6335937500000001 0.7041666666666666 0.6395833333333334 0.7120370370370371 0.6432291666666666 0.727314814814815 0.6598958333333333 0.7569444444444444 0.6674479166666667 0.7722222222222223 0.6708333333333334 0.7819444444444444 0.6796875 0.7967592592592594 0.6841145833333334 0.8064814814814816 0.6877604166666667 0.8217592592592593 0.6893229166666667 0.8245370370370372 0.6903645833333334 0.8324074074074075 0.6921875000000001 0.8379629629629629 0.696875 0.8430555555555557 0.7065104166666667 0.8458333333333334 0.7104166666666667 0.8490740740740741 0.7143229166666667 0.8495370370370371 0.7270833333333334 0.8472222222222222 0.74765625 0.8407407407407409 0.7515625 0.838888888888889 0.7585937500000001 0.8319444444444445 0.7604166666666666 0.8287037037037037 0.7622395833333334 0.8208333333333334 0.7671875 0.7787037037037038 0.76796875 0.7597222222222223 0.7677083333333334 0.7337962962962963 0.7622395833333334 0.702314814814815 0.7526041666666666 0.6648148148148147 0.7520833333333334 0.6476851851851853 0.7505208333333334 0.6444444444444445 0.7403645833333334 0.6296296296296297 0.7299479166666667 0.6208333333333333 0.7080729166666666 0.5949074074074074 0.70234375 0.5902777777777778 0.6809895833333334 0.5662037037037038 0.6760416666666667 0.5625 0.6299479166666666 0.563888888888889 0.628125 0.5675925925925926 0.6270833333333334 0.5824074074074075 0.6260416666666666 0.637037037037037 0.62265625 0.6657407407407407
6 0.4575520833333333 0.4180555555555556 0.465625 0.4194444444444445 0.4682291666666667 0.4180555555555556 0.46953125 0.4083333333333333 0.4692708333333333 0.40231481481481485 0.4682291666666667 0.4 0.4669270833333333 0.39861111111111114 0.4591145833333333 0.39861111111111114 0.4565104166666667 0.40231481481481485 0.45625 0.41481481481481486 0.4575520833333333 0.4180555555555556
6 0.3799479166666667 0.48101851851851857 0.390625 0.4800925925925926 0.39427083333333335 0.48148148148148145 0.3966145833333333 0.4800925925925926 0.3979166666666667 0.475462962962963 0.3986979166666667 0.4620370370370371 0.3979166666666667 0.45 0.39609375 0.44212962962962965 0.39375 0.4393518518518519 0.38359375 0.4393518518518519 0.3802083333333333 0.4416666666666667 0.37890625 0.4462962962962963 0.37864583333333335 0.46851851851851856 0.3799479166666667 0.48101851851851857
6 0.45546875000000003 0.42592592592592593 0.4565104166666667 0.4375 0.46015625 0.43888888888888894 0.46718750000000003 0.43888888888888894 0.46875 0.4375 0.4697916666666667 0.4356481481481482 0.4700520833333333 0.42870370370370375 0.46875 0.41898148148148145 0.4692708333333333 0.4055555555555556 0.46848958333333335 0.40092592592592596 0.4666666666666667 0.39861111111111114 0.45937500000000003 0.39861111111111114 0.4572916666666667 0.4 0.45598958333333334 0.40416666666666673 0.45625 0.41620370370370374 0.45546875000000003 0.42592592592592593