4 0.5278645833333333 0.5453703703703704 0.5294270833333333 0.5527777777777778 0.5354166666666667 0.5675925925925926 0.5416666666666666 0.5657407407407408 0.5513020833333333 0.5657407407407408 0.5539062499999999 0.5671296296296297 0.5572916666666666 0.563888888888889 0.5578124999999999 0.550462962962963 0.5544270833333333 0.5402777777777777 0.55234375 0.525925925925926 0.5481770833333334 0.5166666666666667 0.5437500000000001 0.5129629629629631 0.5377604166666666 0.5120370370370371 0.5294270833333333 0.513425925925926 0.5283854166666667 0.5175925925925926 0.5276041666666667 0.5296296296296297 0.5278645833333333 0.5453703703703704
8 0.44765625000000003 0.5606481481481482 0.4494791666666667 0.562962962962963 0.4703125 0.5634259259259259 0.4721354166666667 0.5587962962962963 0.471875 0.525 0.4669270833333333 0.5101851851851852 0.4640625 0.5069444444444444 0.45286458333333335 0.5069444444444444 0.44921875 0.5087962962962963 0.4479166666666667 0.5148148148148148 0.4466145833333333 0.5296296296296297 0.44765625000000003 0.5606481481481482
1 0.3453125 0.5837962962962964 0.3526041666666667 0.5814814814814815 0.3645833333333333 0.5828703703703704 0.36614583333333334 0.5814814814814815 0.36640625 0.5726851851851852 0.3692708333333333 0.5569444444444445 0.3690104166666667 0.5537037037037037 0.36614583333333334 0.5462962962962963 0.3627604166666667 0.5435185185185185 0.3557291666666667 0.5430555555555556 0.35078125 0.5444444444444445 0.3479166666666667 0.5476851851851853 0.3453125 0.5550925925925926 0.34348958333333335 0.5662037037037038 0.34348958333333335 0.5782407407407407 0.3453125 0.5837962962962964
1 0.24140625000000002 0.6162037037037037 0.24375 0.6185185185185185 0.265625 0.6194444444444445 0.26875000000000004 0.6166666666666667 0.27187500000000003 0.6097222222222223 0.2760416666666667 0.6055555555555556 0.27786458333333336 0.6018518518518519 0.27890624999999997 0.5986111111111112 0.27890624999999997 0.5879629629629629 0.27760416666666665 0.5814814814814815 0.27447916666666666 0.5773148148148148 0.26640625 0.5736111111111112 0.2559895833333333 0.5736111111111112 0.25156249999999997 0.5763888888888888 0.24791666666666667 0.5810185185185185 0.24479166666666666 0.5875 0.240625 0.6004629629629631 0.240625 0.6125 0.24140625000000002 0.6162037037037037
1 0.29322916666666665 0.5347222222222222 0.30833333333333335 0.5361111111111112 0.3106770833333333 0.5347222222222222 0.3151041666666667 0.525925925925926 0.31536458333333334 0.5120370370370371 0.3104166666666667 0.5060185185185185 0.3 0.5069444444444444 0.29609375000000004 0.5111111111111112 0.29218750000000004 0.5226851851851853 0.29192708333333334 0.5314814814814816 0.29322916666666665 0.5347222222222222
1 0.26406250000000003 0.5717592592592593 0.2721354166666667 0.5745370370370371 0.27630208333333334 0.5736111111111112 0.2830729166666667 0.5750000000000001 0.2864583333333333 0.5694444444444444 0.28984375 0.5675925925925926 0.29192708333333334 0.5606481481481482 0.29140625000000003 0.5444444444444445 0.28932291666666665 0.5393518518518519 0.28619791666666666 0.5361111111111112 0.2721354166666667 0.5388888888888889 0.26875000000000004 0.5416666666666666 0.2651041666666667 0.5486111111111112 0.26171875 0.5597222222222222 0.26171875 0.5680555555555555 0.26406250000000003 0.5717592592592593
1 0.6179687500000001 0.6444444444444445 0.628125 0.6578703703703703 0.6330729166666667 0.6685185185185185 0.6380208333333334 0.6694444444444444 0.659375 0.6671296296296296 0.6619791666666667 0.6662037037037037 0.6651041666666666 0.6615740740740741 0.665625 0.6560185185185186 0.6648437500000001 0.6453703703703704 0.66015625 0.6324074074074074 0.65859375 0.6254629629629629 0.6486979166666667 0.6055555555555556 0.6442708333333333 0.5995370370370371 0.6375000000000001 0.5958333333333334 0.6231770833333334 0.5958333333333334 0.6179687500000001 0.6050925925925926 0.61640625 0.6162037037037037 0.6161458333333334 0.6402777777777778 0.6179687500000001 0.6444444444444445
5 0.19036458333333334 0.6814814814814816 0.1921875 0.6837962962962963 0.2203125 0.6837962962962963 0.2234375 0.6731481481481482 0.22552083333333334 0.6689814814814815 0.234375 0.6606481481481482 0.2359375 0.6541666666666667 0.23619791666666667 0.6439814814814815 0.23463541666666665 0.6356481481481482 0.23098958333333336 0.6310185185185185 0.21744791666666666 0.6273148148148148 0.20625000000000002 0.6277777777777778 0.20260416666666667 0.6291666666666667 0.19947916666666665 0.6333333333333334 0.19791666666666666 0.6379629629629631 0.19583333333333336 0.6407407407407407 0.1890625 0.6606481481481482 0.1890625 0.675462962962963 0.19036458333333334 0.6814814814814816
5 0.27630208333333334 0.6462962962962963 0.28411458333333334 0.6449074074074075 0.3002604166666667 0.6458333333333334 0.30312500000000003 0.6430555555555556 0.31145833333333334 0.6268518518518519 0.3125 0.6203703703703703 0.31223958333333335 0.6055555555555556 0.3104166666666667 0.6018518518518519 0.3028645833333333 0.5967592592592593 0.29218750000000004 0.5944444444444444 0.28619791666666666 0.5949074074074074 0.2830729166666667 0.5981481481481482 0.27890624999999997 0.6069444444444444 0.2752604166666667 0.6189814814814816 0.27499999999999997 0.6240740740740741 0.2747395833333333 0.6393518518518518 0.27630208333333334 0.6462962962962963
1 0.5052083333333334 0.6157407407407407 0.5283854166666667 0.6166666666666667 0.5304687499999999 0.6152777777777778 0.5315104166666667 0.6037037037037037 0.5309895833333333 0.5930555555555556 0.5265624999999999 0.5787037037037037 0.5257812500000001 0.5736111111111112 0.5226562499999999 0.5675925925925926 0.5187499999999999 0.5634259259259259 0.5049479166666667 0.562962962962963 0.5015625 0.5648148148148148 0.5 0.5726851851851852 0.5002604166666667 0.6023148148148147 0.5052083333333334 0.6157407407407407
1 0.39036458333333335 0.5726851851851852 0.4078125 0.5726851851851852 0.41015625 0.5712962962962963 0.4111979166666667 0.5685185185185185 0.41171875 0.5472222222222223 0.4080729166666667 0.5375000000000001 0.40625 0.5351851851851852 0.39375 0.5361111111111112 0.3911458333333333 0.5402777777777777 0.3888020833333333 0.55 0.3885416666666667 0.5699074074074074 0.39036458333333335 0.5726851851851852
1 0.44921875 0.6592592592592593 0.45 0.6648148148148147 0.45156250000000003 0.6685185185185185 0.4533854166666667 0.6699074074074075 0.48020833333333335 0.6703703703703704 0.48281250000000003 0.6680555555555556 0.48359375 0.65 0.4822916666666667 0.6412037037037037 0.4825520833333333 0.6300925925925925 0.4770833333333333 0.612962962962963 0.4747395833333333 0.6083333333333334 0.4705729166666667 0.6064814814814815 0.45625 0.6074074074074075 0.45234375 0.6120370370370372 0.44895833333333335 0.6231481481481481 0.4479166666666667 0.6296296296296297 0.44765625000000003 0.639814814814815 0.44921875 0.6592592592592593
1 0.48046875 0.5333333333333333 0.49114583333333334 0.5314814814814816 0.4981770833333333 0.5337962962962963 0.49921875 0.5319444444444444 0.5005208333333333 0.5222222222222223 0.49973958333333335 0.5087962962962963 0.4924479166666667 0.49074074074074076 0.48802083333333335 0.487962962962963 0.4838541666666667 0.48842592592592593 0.4807291666666667 0.4921296296296297 0.47734375 0.5027777777777778 0.4770833333333333 0.5199074074074075 0.48046875 0.5333333333333333
1 0.14088541666666668 0.7541666666666667 0.14244791666666667 0.7583333333333334 0.146875 0.7638888888888888 0.15572916666666667 0.763425925925926 0.16640625 0.7671296296296297 0.17447916666666666 0.7662037037037037 0.17916666666666667 0.7694444444444445 0.18281250000000002 0.7666666666666667 0.18463541666666666 0.7587962962962963 0.18489583333333334 0.751388888888889 0.18385416666666665 0.7398148148148148 0.18567708333333335 0.7370370370370372 0.18880208333333334 0.738888888888889 0.19244791666666666 0.7384259259259259 0.19479166666666667 0.7328703703703704 0.20130208333333335 0.7305555555555556 0.20338541666666665 0.7263888888888889 0.20442708333333334 0.7203703703703704 0.20442708333333334 0.713888888888889 0.20104166666666667 0.6925925925925925 0.19921875 0.688888888888889 0.19557291666666665 0.6870370370370371 0.1875 0.6861111111111112 0.1609375 0.6865740740740741 0.15729166666666666 0.688888888888889 0.15052083333333335 0.6981481481481482 0.14401041666666667 0.7162037037037038 0.14036458333333335 0.7305555555555556 0.13984375000000002 0.737962962962963 0.14088541666666668 0.7541666666666667
1 0.3322916666666667 0.5226851851851853 0.3497395833333333 0.5236111111111111 0.35234375 0.5208333333333334 0.3528645833333333 0.5175925925925926 0.3557291666666667 0.5120370370370371 0.3557291666666667 0.5092592592592593 0.3536458333333333 0.501388888888889 0.3502604166666667 0.4967592592592593 0.3463541666666667 0.4944444444444445 0.34140625 0.4939814814814815 0.3380208333333333 0.4962962962962963 0.33437500000000003 0.5018518518518519 0.33125 0.513425925925926 0.33098958333333334 0.5194444444444445 0.3322916666666667 0.5226851851851853
4 0.39765625 0.5046296296296297 0.4122395833333333 0.5055555555555555 0.4143229166666667 0.5023148148148148 0.41484375 0.48750000000000004 0.4135416666666667 0.47870370370370374 0.4111979166666667 0.47453703703703703 0.403125 0.47361111111111115 0.3994791666666667 0.475462962962963 0.39739583333333334 0.4800925925925926 0.3963541666666667 0.48888888888888893 0.3963541666666667 0.49953703703703706 0.39765625 0.5046296296296297
5 0.2989583333333333 0.688425925925926 0.30078125 0.6930555555555556 0.3096354166666667 0.6944444444444444 0.3315104166666667 0.6930555555555556 0.3330729166666667 0.688888888888889 0.33515625 0.675 0.3385416666666667 0.6643518518518519 0.3385416666666667 0.639814814814815 0.33098958333333334 0.6347222222222222 0.3263020833333333 0.6333333333333334 0.3138020833333333 0.6324074074074074 0.31015625 0.6347222222222222 0.3057291666666667 0.6402777777777778 0.30234375 0.6490740740740741 0.29765625 0.6699074074074075 0.2979166666666667 0.6814814814814816 0.2989583333333333 0.688425925925926
0 0.34453125 0.7699074074074075 0.3453125 0.7754629629629629 0.34739583333333335 0.7796296296296297 0.3502604166666667 0.7814814814814816 0.3763020833333333 0.7819444444444444 0.3916666666666667 0.7814814814814816 0.3958333333333333 0.7787037037037038 0.39765625 0.7712962962962964 0.3989583333333333 0.7550925925925926 0.3986979166666667 0.7412037037037038 0.40078125000000003 0.7245370370370371 0.40078125000000003 0.7157407407407409 0.40208333333333335 0.7046296296296297 0.40234375 0.663425925925926 0.4028645833333333 0.6587962962962963 0.4044270833333333 0.6546296296296297 0.4010416666666667 0.6472222222222223 0.4 0.6305555555555556 0.39739583333333334 0.6212962962962963 0.38984375 0.6189814814814816 0.371875 0.6189814814814816 0.3635416666666667 0.6203703703703703 0.359375 0.6231481481481481 0.35781250000000003 0.6268518518518519 0.3520833333333333 0.651388888888889 0.3502604166666667 0.6629629629629631 0.3450520833333333 0.6833333333333333 0.3432291666666667 0.6953703703703704 0.3432291666666667 0.7268518518518519 0.34453125 0.7699074074074075