5 0.3244791666666667 0.4962962962962963 0.3263020833333333 0.4939814814814815 0.3294270833333333 0.48564814814814816 0.3419270833333333 0.4805555555555556 0.34270833333333334 0.4777777777777778 0.3424479166666667 0.47314814814814815 0.340625 0.4694444444444445 0.33489583333333334 0.4652777777777778 0.33125 0.46620370370370373 0.32786458333333335 0.46851851851851856 0.3244791666666667 0.47361111111111115 0.3221354166666667 0.4842592592592593 0.3221354166666667 0.4930555555555556 0.3244791666666667 0.4962962962962963
1 0.37786458333333334 0.48703703703703705 0.3799479166666667 0.487962962962963 0.38359375 0.4851851851851852 0.390625 0.4865740740740741 0.39296875000000003 0.4837962962962963 0.3940104166666667 0.4703703703703704 0.3932291666666667 0.46666666666666673 0.3901041666666667 0.46064814814814814 0.3833333333333333 0.45972222222222225 0.3794270833333333 0.46342592592592596 0.3765625 0.4712962962962963 0.3765625 0.4842592592592593 0.37786458333333334 0.48703703703703705
5 0.5083333333333333 0.6717592592592593 0.5130208333333334 0.6962962962962963 0.5138020833333333 0.7069444444444445 0.5153645833333333 0.7111111111111112 0.5182291666666666 0.713425925925926 0.5229166666666667 0.713425925925926 0.5255208333333333 0.7101851851851853 0.5403645833333334 0.7106481481481481 0.5471354166666667 0.7129629629629629 0.5505208333333333 0.7097222222222223 0.5515625000000001 0.6962962962962963 0.5497395833333334 0.6796296296296297 0.5398437500000001 0.6435185185185185 0.5372395833333333 0.6388888888888888 0.5335937500000001 0.6365740740740741 0.5265624999999999 0.6351851851851853 0.5151041666666667 0.6361111111111112 0.5114583333333333 0.6402777777777778 0.5091145833333334 0.6481481481481481 0.5085937500000001 0.6532407407407407 0.5078125 0.6648148148148147 0.5083333333333333 0.6717592592592593
1 0.3247395833333333 0.6337962962962963 0.3294270833333333 0.6342592592592593 0.3369791666666667 0.6319444444444444 0.34921875 0.6333333333333334 0.35234375 0.6277777777777778 0.3567708333333333 0.612962962962963 0.3567708333333333 0.5953703703703703 0.3557291666666667 0.5921296296296297 0.35234375 0.588425925925926 0.34739583333333335 0.5856481481481481 0.3361979166666667 0.5851851851851853 0.3307291666666667 0.5865740740740741 0.328125 0.5898148148148148 0.3263020833333333 0.5953703703703703 0.3223958333333333 0.6148148148148148 0.32265625000000003 0.6268518518518519 0.3247395833333333 0.6337962962962963
1 0.3541666666666667 0.7305555555555556 0.3557291666666667 0.7337962962962963 0.3768229166666667 0.7324074074074075 0.390625 0.7342592592592594 0.3924479166666667 0.7291666666666666 0.3940104166666667 0.7074074074074075 0.3953125 0.699537037037037 0.3958333333333333 0.6717592592592593 0.39375 0.6685185185185185 0.38645833333333335 0.6629629629629631 0.3677083333333333 0.6625 0.3625 0.6638888888888889 0.35833333333333334 0.6712962962962963 0.35781250000000003 0.6791666666666667 0.353125 0.7027777777777778 0.3533854166666667 0.7254629629629631 0.3541666666666667 0.7305555555555556
1 0.08723958333333333 0.8657407407407407 0.09010416666666668 0.8703703703703703 0.09479166666666668 0.8736111111111112 0.10442708333333334 0.8773148148148148 0.12291666666666667 0.8819444444444444 0.12552083333333333 0.8814814814814815 0.12812500000000002 0.8773148148148148 0.12968749999999998 0.8662037037037038 0.13333333333333333 0.8625 0.1390625 0.8490740740740741 0.14296875 0.8425925925925926 0.146875 0.8370370370370371 0.15130208333333334 0.8333333333333334 0.15364583333333334 0.8212962962962963 0.15364583333333334 0.813888888888889 0.15286458333333336 0.8069444444444445 0.15078125 0.8 0.14531249999999998 0.7930555555555556 0.13645833333333335 0.7893518518518519 0.12656250000000002 0.788425925925926 0.11484375000000001 0.7847222222222222 0.10677083333333333 0.7847222222222222 0.09869791666666668 0.7921296296296297 0.08776041666666667 0.8125 0.0859375 0.8180555555555556 0.08411458333333333 0.8347222222222223 0.08489583333333334 0.8560185185185185 0.08723958333333333 0.8657407407407407
1 0.34765625 0.4944444444444445 0.3486979166666667 0.4962962962962963 0.359375 0.4962962962962963 0.36328125 0.4902777777777778 0.36328125 0.47870370370370374 0.3598958333333333 0.47314814814814815 0.35625 0.47175925925925927 0.3518229166666667 0.4722222222222222 0.3489583333333333 0.47361111111111115 0.34661458333333334 0.4782407407407408 0.3463541666666667 0.4851851851851852 0.34765625 0.4944444444444445
1 0.27265625000000004 0.5587962962962963 0.2786458333333333 0.5625 0.2885416666666667 0.5615740740740741 0.29322916666666665 0.5666666666666667 0.29609375000000004 0.563888888888889 0.2981770833333333 0.5583333333333333 0.3013020833333333 0.5564814814814815 0.30312500000000003 0.5532407407407407 0.3033854166666667 0.5425925925925926 0.3018229166666667 0.5310185185185186 0.30052083333333335 0.5277777777777778 0.29609375000000004 0.5240740740740741 0.2869791666666667 0.5217592592592593 0.2786458333333333 0.5245370370370371 0.2760416666666667 0.5296296296296297 0.27369791666666665 0.5393518518518519 0.2703125 0.5462962962962963 0.27005208333333336 0.5523148148148148 0.27265625000000004 0.5587962962962963
5 0.4111979166666667 0.4337962962962963 0.4140625 0.4361111111111111 0.4182291666666667 0.4351851851851852 0.41770833333333335 0.4222222222222222 0.41692708333333334 0.42037037037037045 0.4151041666666667 0.41898148148148145 0.41328125 0.4199074074074074 0.4106770833333333 0.4277777777777778 0.4104166666666667 0.4319444444444445 0.4111979166666667 0.4337962962962963
1 0.4971354166666667 0.4944444444444445 0.49973958333333335 0.4981481481481482 0.5158854166666667 0.4981481481481482 0.5164062500000001 0.4865740740740741 0.515625 0.4819444444444445 0.5125000000000001 0.47361111111111115 0.5085937500000001 0.4694444444444445 0.5041666666666667 0.46851851851851856 0.5010416666666667 0.4699074074074074 0.4981770833333333 0.47500000000000003 0.496875 0.4824074074074074 0.4966145833333333 0.4916666666666667 0.4971354166666667 0.4944444444444445
4 0.27265625000000004 0.5583333333333333 0.2794270833333333 0.5625 0.28984375 0.5620370370370371 0.29322916666666665 0.5662037037037038 0.29531250000000003 0.5643518518518519 0.2981770833333333 0.5578703703703703 0.3013020833333333 0.5555555555555556 0.3026041666666667 0.5527777777777778 0.3028645833333333 0.5490740740740742 0.3028645833333333 0.5416666666666666 0.3010416666666667 0.5296296296296297 0.296875 0.5254629629629629 0.2903645833333333 0.5222222222222223 0.2833333333333333 0.5226851851851853 0.2791666666666667 0.5245370370370371 0.2768229166666667 0.5287037037037037 0.27395833333333336 0.5388888888888889 0.27109374999999997 0.5439814814814815 0.2703125 0.5518518518518518 0.27265625000000004 0.5583333333333333
4 0.3307291666666667 0.49074074074074076 0.3299479166666667 0.4921296296296297 0.328125 0.48981481481481487 0.3276041666666667 0.4921296296296297 0.328125 0.501388888888889 0.3307291666666667 0.49074074074074076
4 0.3453125 0.4916666666666667 0.3453125 0.48703703703703705 0.34453125 0.48703703703703705 0.3440104166666667 0.487962962962963 0.3453125 0.4916666666666667
0 0.21901041666666665 0.6675925925925926 0.22213541666666667 0.7166666666666667 0.22369791666666666 0.7194444444444444 0.228125 0.7208333333333334 0.25703125000000004 0.7222222222222222 0.26171875 0.7208333333333334 0.26927083333333335 0.7097222222222223 0.27187500000000003 0.699537037037037 0.28281249999999997 0.6745370370370372 0.28932291666666665 0.6541666666666667 0.28984375 0.638425925925926 0.28880208333333335 0.6083333333333334 0.29010416666666666 0.5976851851851852 0.28984375 0.5879629629629629 0.2859375 0.5814814814814815 0.27968750000000003 0.5782407407407407 0.2596354166666667 0.5782407407407407 0.25364583333333335 0.5810185185185185 0.24739583333333334 0.5875 0.22604166666666667 0.6194444444444445 0.21953125 0.6310185185185185 0.21692708333333335 0.639814814814815 0.21692708333333335 0.65 0.21901041666666665 0.6675925925925926
0 0.5294270833333333 0.5444444444444445 0.5309895833333333 0.5560185185185186 0.5335937500000001 0.5643518518518519 0.53515625 0.5745370370370371 0.5414062500000001 0.5814814814814815 0.5455729166666666 0.5916666666666667 0.5486979166666667 0.5967592592592593 0.5502604166666667 0.6037037037037037 0.5536458333333334 0.6097222222222223 0.5598958333333334 0.6134259259259259 0.5796875 0.6143518518518519 0.5919270833333333 0.611574074074074 0.5955729166666667 0.6074074074074075 0.5958333333333334 0.5976851851851852 0.5947916666666666 0.5847222222222223 0.5963541666666666 0.5467592592592593 0.5950520833333334 0.5328703703703704 0.5916666666666667 0.525925925925926 0.5833333333333334 0.5208333333333334 0.5770833333333334 0.5148148148148148 0.5744791666666667 0.5111111111111112 0.5705729166666667 0.5009259259259259 0.5604166666666667 0.4902777777777778 0.5356770833333333 0.48981481481481487 0.5322916666666667 0.4939814814814815 0.5302083333333334 0.5018518518518519 0.53125 0.5208333333333334 0.5294270833333333 0.5444444444444445
6 0.38828125 0.5421296296296296 0.39036458333333335 0.5486111111111112 0.40130208333333334 0.5490740740740742 0.4049479166666667 0.5476851851851853 0.4083333333333333 0.5490740740740742 0.4109375 0.5467592592592593 0.4109375 0.5254629629629629 0.40911458333333334 0.5078703703703704 0.4078125 0.5064814814814815 0.39140625 0.5074074074074074 0.39036458333333335 0.5078703703703704 0.3888020833333333 0.5120370370370371 0.38906250000000003 0.5291666666666667 0.38828125 0.5421296296296296
6 0.4408854166666667 0.48750000000000004 0.4408854166666667 0.4949074074074074 0.4421875 0.5083333333333334 0.44453125 0.5097222222222223 0.4513020833333333 0.5092592592592593 0.4565104166666667 0.5106481481481482 0.4591145833333333 0.5087962962962963 0.4596354166666667 0.4921296296296297 0.4575520833333333 0.4708333333333333 0.453125 0.4671296296296297 0.4479166666666667 0.4671296296296297 0.4424479166666667 0.46898148148148155 0.44114583333333335 0.47175925925925927 0.4416666666666667 0.4847222222222222 0.4408854166666667 0.48750000000000004
6 0.328125 0.5268518518518519 0.3299479166666667 0.5310185185185186 0.3315104166666667 0.5319444444444444 0.33489583333333334 0.5277777777777778 0.33828125000000003 0.5268518518518519 0.34609375000000003 0.5282407407407408 0.3484375 0.5263888888888889 0.3518229166666667 0.5189814814814815 0.3526041666666667 0.5009259259259259 0.3518229166666667 0.4986111111111111 0.3481770833333333 0.4949074074074074 0.3471354166666667 0.48703703703703705 0.3453125 0.4824074074074074 0.3419270833333333 0.48148148148148145 0.33125 0.4842592592592593 0.32786458333333335 0.48750000000000004 0.32656250000000003 0.4939814814814815 0.3268229166666667 0.5171296296296296 0.328125 0.5268518518518519
6 0.46848958333333335 0.5166666666666667 0.46848958333333335 0.5254629629629629 0.4703125 0.5398148148148149 0.4877604166666667 0.5416666666666666 0.4895833333333333 0.5370370370370371 0.4903645833333333 0.5273148148148148 0.48828125 0.5101851851851852 0.48828125 0.5018518518518519 0.4893229166666667 0.4962962962962963 0.4893229166666667 0.48842592592592593 0.48828125 0.48287037037037045 0.4864583333333333 0.4796296296296297 0.4825520833333333 0.4777777777777778 0.4700520833333333 0.47870370370370374 0.46770833333333334 0.4819444444444445 0.4697916666666667 0.5046296296296297 0.46848958333333335 0.5166666666666667
6 0.4044270833333333 0.4625 0.40703125 0.4652777777777778 0.4158854166666667 0.46296296296296297 0.4171875 0.4574074074074075 0.41692708333333334 0.43888888888888894 0.4151041666666667 0.4365740740740741 0.4080729166666667 0.4356481481481482 0.4036458333333333 0.4398148148148148 0.4033854166666667 0.4537037037037037 0.4044270833333333 0.4625