8 0.6752604166666667 0.8458333333333334 0.6783854166666666 0.850925925925926 0.68203125 0.8694444444444445 0.690625 0.8777777777777779 0.7075520833333334 0.9152777777777779 0.7096354166666666 0.9287037037037038 0.7130208333333334 0.9337962962962963 0.7171875 0.9375 0.7236979166666666 0.9476851851851853 0.7278645833333334 0.9504629629629631 0.7315104166666666 0.950925925925926 0.7486979166666666 0.9462962962962963 0.7690104166666667 0.9370370370370371 0.7736979166666667 0.9314814814814816 0.775 0.925 0.7755208333333334 0.8967592592592594 0.7768229166666667 0.8912037037037037 0.7765625 0.8819444444444444 0.7752604166666667 0.8736111111111112 0.7765625 0.862962962962963 0.7760416666666666 0.8546296296296297 0.7721354166666666 0.8495370370370371 0.7674479166666667 0.8351851851851853 0.7664062500000001 0.8277777777777778 0.7598958333333334 0.813888888888889 0.7513020833333334 0.7995370370370372 0.7466145833333334 0.7939814814814815 0.7432291666666666 0.7861111111111112 0.7401041666666667 0.7828703703703704 0.7216145833333334 0.7541666666666667 0.7174479166666666 0.7518518518518519 0.7052083333333334 0.7527777777777779 0.6888020833333334 0.7569444444444444 0.6859375 0.7597222222222223 0.68359375 0.7657407407407407 0.6786458333333334 0.7888888888888889 0.6739583333333334 0.8310185185185185 0.67421875 0.8416666666666667 0.6752604166666667 0.8458333333333334
0 0.4619791666666667 0.5902777777777778 0.4627604166666667 0.6439814814814815 0.46484375 0.6537037037037038 0.4653645833333333 0.6662037037037037 0.46718750000000003 0.6787037037037037 0.4697916666666667 0.6833333333333333 0.4729166666666667 0.6842592592592593 0.4893229166666667 0.6847222222222222 0.5049479166666667 0.6819444444444445 0.5067708333333334 0.6782407407407407 0.5078125 0.6689814814814815 0.5085937500000001 0.6439814814814815 0.5080729166666667 0.6356481481481482 0.5036458333333333 0.6050925925925926 0.4994791666666667 0.5921296296296297 0.4924479166666667 0.5606481481481482 0.4877604166666667 0.5569444444444445 0.4830729166666667 0.5560185185185186 0.4682291666666667 0.5569444444444445 0.4640625 0.5606481481481482 0.4627604166666667 0.5699074074074074 0.4627604166666667 0.5861111111111111 0.4619791666666667 0.5902777777777778
4 0.4494791666666667 0.4939814814814815 0.4486979166666667 0.5064814814814815 0.45 0.5226851851851853 0.4526041666666667 0.525 0.4565104166666667 0.5231481481481481 0.4640625 0.5231481481481481 0.4666666666666667 0.525925925925926 0.46953125 0.5254629629629629 0.4705729166666667 0.5194444444444445 0.4705729166666667 0.5125000000000001 0.46718750000000003 0.4694444444444445 0.46328125000000003 0.46481481481481485 0.4583333333333333 0.46342592592592596 0.45234375 0.4638888888888889 0.4502604166666667 0.46666666666666673 0.45078125 0.487962962962963 0.4494791666666667 0.4939814814814815
5 0.3549479166666667 0.45462962962962966 0.3627604166666667 0.45601851851851855 0.3658854166666667 0.45231481481481484 0.3682291666666667 0.44583333333333336 0.3684895833333333 0.44212962962962965 0.36614583333333334 0.43703703703703706 0.3627604166666667 0.4361111111111111 0.3557291666666667 0.44074074074074077 0.3536458333333333 0.44583333333333336 0.3536458333333333 0.45277777777777783 0.3549479166666667 0.45462962962962966
5 0.3929947916666667 0.4486111111111111 0.4008072916666667 0.4481481481481482 0.40341145833333336 0.44583333333333336 0.40341145833333336 0.43703703703703706 0.40054687499999997 0.4296296296296297 0.394296875 0.4314814814814815 0.39117187499999995 0.43888888888888894 0.39091145833333335 0.4462962962962963 0.3929947916666667 0.4486111111111111
1 0.3244791666666667 0.4981481481481482 0.3385416666666667 0.4986111111111111 0.3416666666666667 0.4949074074074074 0.34270833333333334 0.48981481481481487 0.34270833333333334 0.4842592592592593 0.34140625 0.47731481481481486 0.33984375 0.47453703703703703 0.33437500000000003 0.47361111111111115 0.328125 0.4763888888888889 0.3244791666666667 0.48333333333333334 0.3234375 0.48842592592592593 0.32317708333333334 0.4944444444444445 0.3244791666666667 0.4981481481481482
5 0.4193424479166667 0.44212962962962965 0.4240299479166667 0.4430555555555556 0.42611328125000003 0.44120370370370376 0.42611328125000003 0.42685185185185187 0.4219466145833334 0.42592592592592593 0.4193424479166667 0.42870370370370375 0.4185611979166667 0.4324074074074074 0.41830078125000003 0.43888888888888894 0.4193424479166667 0.44212962962962965
1 0.5091145833333334 0.6013888888888889 0.515625 0.6245370370370371 0.5221354166666666 0.6212962962962963 0.5364583333333334 0.6222222222222222 0.5398437500000001 0.6236111111111112 0.5432291666666667 0.6217592592592593 0.5455729166666666 0.6041666666666666 0.5434895833333333 0.5935185185185186 0.5442708333333334 0.588425925925926 0.5437500000000001 0.5856481481481481 0.5411458333333333 0.5833333333333334 0.5364583333333334 0.5712962962962963 0.5315104166666667 0.563888888888889 0.5265624999999999 0.5611111111111111 0.5153645833333333 0.5620370370370371 0.5122395833333333 0.5680555555555555 0.5101562500000001 0.5782407407407407 0.5088541666666667 0.5879629629629629 0.5091145833333334 0.6013888888888889
1 0.4109375 0.46342592592592596 0.42161458333333335 0.46296296296296297 0.4229166666666667 0.4587962962962963 0.42265625 0.45 0.4221354166666667 0.4476851851851852 0.41953125 0.4444444444444444 0.4140625 0.4444444444444444 0.4109375 0.4476851851851852 0.40911458333333334 0.45601851851851855 0.4088541666666667 0.4601851851851852 0.4109375 0.46342592592592596
1 0.36614583333333334 0.4694444444444445 0.37578125 0.46898148148148155 0.3776041666666667 0.4675925925925926 0.378125 0.4587962962962963 0.3755208333333333 0.44907407407407407 0.3697916666666667 0.44675925925925924 0.3674479166666667 0.45 0.3653645833333333 0.45601851851851855 0.3651041666666667 0.46666666666666673 0.36614583333333334 0.4694444444444445
5 0.5752604166666667 0.8662037037037038 0.5906250000000001 0.9185185185185185 0.5953125 0.9435185185185185 0.6002604166666666 0.9532407407407407 0.6026041666666666 0.9560185185185185 0.6088541666666667 0.9587962962962964 0.6197916666666666 0.9592592592592594 0.6338541666666666 0.9569444444444445 0.6442708333333333 0.9532407407407407 0.6494791666666666 0.9495370370370372 0.6518229166666667 0.9462962962962963 0.6544270833333334 0.9273148148148148 0.6544270833333334 0.9203703703703704 0.65234375 0.9027777777777778 0.6450520833333334 0.8768518518518519 0.6453125000000001 0.8745370370370371 0.6481770833333333 0.8699074074074075 0.6481770833333333 0.8657407407407407 0.6473958333333334 0.863888888888889 0.6432291666666666 0.8634259259259259 0.6395833333333334 0.8606481481481482 0.6302083333333334 0.8328703703703704 0.62109375 0.8129629629629631 0.6184895833333334 0.8101851851851852 0.6096354166666667 0.8055555555555556 0.596875 0.8046296296296297 0.5895833333333333 0.8060185185185186 0.5812499999999999 0.8097222222222222 0.5776041666666667 0.8129629629629631 0.5755208333333334 0.8185185185185185 0.5739583333333333 0.8287037037037037 0.5734374999999999 0.838888888888889 0.5752604166666667 0.8662037037037038
5 0.49609375 0.475462962962963 0.5065104166666666 0.4763888888888889 0.5091145833333334 0.47453703703703703 0.5096354166666667 0.46342592592592596 0.5083333333333333 0.45787037037037037 0.5052083333333334 0.4532407407407408 0.5023437500000001 0.4513888888888889 0.4979166666666667 0.4518518518518519 0.49505208333333334 0.45462962962962966 0.4932291666666667 0.45925925925925926 0.4934895833333333 0.4671296296296297 0.49609375 0.475462962962963
5 0.20755208333333336 0.6861111111111112 0.21796875000000002 0.6875 0.23489583333333336 0.6865740740740741 0.23750000000000002 0.6847222222222222 0.24192708333333335 0.6745370370370372 0.24973958333333335 0.6657407407407407 0.2518229166666667 0.6583333333333334 0.25156249999999997 0.6439814814814815 0.24921875000000002 0.6365740740740741 0.24427083333333335 0.6333333333333334 0.23203125 0.6305555555555556 0.2203125 0.6310185185185185 0.21692708333333335 0.6333333333333334 0.21328125 0.6393518518518518 0.2078125 0.6550925925925926 0.20286458333333335 0.663425925925926 0.20234375000000002 0.6717592592592593 0.20755208333333336 0.6861111111111112
1 0.17083333333333334 0.925 0.17161458333333335 0.9361111111111112 0.17552083333333335 0.9439814814814815 0.18229166666666666 0.9513888888888888 0.19609375 0.9550925925925926 0.21666666666666667 0.9574074074074075 0.2234375 0.9611111111111112 0.22604166666666667 0.9601851851851853 0.228125 0.9569444444444445 0.22864583333333335 0.9462962962962963 0.23072916666666665 0.9333333333333335 0.23515625 0.925462962962963 0.24479166666666666 0.9023148148148148 0.24817708333333335 0.8907407407407407 0.24921875000000002 0.8814814814814815 0.24869791666666666 0.863888888888889 0.24531250000000002 0.8458333333333334 0.24453125 0.8435185185185186 0.24270833333333336 0.8421296296296297 0.23333333333333334 0.8398148148148148 0.23072916666666665 0.8356481481481481 0.22369791666666666 0.8375 0.21979166666666666 0.8347222222222223 0.19270833333333334 0.8476851851851853 0.1890625 0.8513888888888889 0.18203125 0.8666666666666667 0.17369791666666667 0.9032407407407409 0.16953125 0.9115740740740741 0.16901041666666666 0.9180555555555556 0.17083333333333334 0.925
1 0.4893229166666667 0.5361111111111112 0.49114583333333334 0.5402777777777777 0.5057291666666667 0.5407407407407407 0.5088541666666667 0.538425925925926 0.5098958333333333 0.5328703703703704 0.5098958333333333 0.5245370370370371 0.5078125 0.5152777777777778 0.5046875000000001 0.5074074074074074 0.4994791666666667 0.5046296296296297 0.49114583333333334 0.5055555555555555 0.4895833333333333 0.5083333333333334 0.4888020833333333 0.5148148148148148 0.4888020833333333 0.5310185185185186 0.4893229166666667 0.5361111111111112
1 0.4002604166666667 0.5430555555555556 0.4075520833333333 0.5407407407407407 0.4182291666666667 0.5416666666666666 0.4192708333333333 0.5393518518518519 0.41875 0.5180555555555556 0.4174479166666667 0.5115740740740741 0.4151041666666667 0.5078703703703704 0.41015625 0.5069444444444444 0.40234375 0.5087962962962963 0.40078125000000003 0.5120370370370371 0.3984375 0.5291666666666667 0.39817708333333335 0.5393518518518519 0.4002604166666667 0.5430555555555556
1 0.5190104166666667 0.5226851851851853 0.5216145833333333 0.5263888888888889 0.5276041666666667 0.5287037037037037 0.5369791666666667 0.5287037037037037 0.5401041666666667 0.525925925925926 0.5414062500000001 0.5194444444444445 0.5403645833333334 0.5111111111111112 0.53671875 0.5018518518518519 0.5330729166666667 0.4967592592592593 0.52734375 0.4944444444444445 0.5234375 0.4949074074074074 0.5205729166666667 0.49722222222222223 0.5179687500000001 0.5027777777777778 0.5179687500000001 0.5189814814814815 0.5190104166666667 0.5226851851851853
4 0.5669270833333333 0.6125 0.5736979166666667 0.6226851851851852 0.5778645833333333 0.6365740740740741 0.5856770833333333 0.6333333333333334 0.5971354166666667 0.6333333333333334 0.6020833333333334 0.6356481481481482 0.6057291666666667 0.6356481481481482 0.6072916666666667 0.6291666666666667 0.60859375 0.6138888888888888 0.6046875 0.6 0.6046875 0.5921296296296297 0.6015625 0.5879629629629629 0.5994791666666667 0.5814814814814815 0.5958333333333334 0.5750000000000001 0.5903645833333333 0.5722222222222223 0.5778645833333333 0.5722222222222223 0.5669270833333333 0.5736111111111112 0.5653645833333334 0.5745370370370371 0.5645833333333333 0.5768518518518518 0.5645833333333333 0.5912037037037037 0.5669270833333333 0.6125