4 0.35078125 0.7148148148148148 0.3518229166666667 0.727314814814815 0.3533854166666667 0.7310185185185185 0.35833333333333334 0.7347222222222223 0.3765625 0.7347222222222223 0.3893229166666667 0.7337962962962963 0.39296875000000003 0.7305555555555556 0.39375 0.7245370370370371 0.39427083333333335 0.7000000000000001 0.3966145833333333 0.6833333333333333 0.3963541666666667 0.6675925925925926 0.3971354166666667 0.6625 0.3955729166666667 0.6578703703703703 0.3924479166666667 0.6537037037037038 0.39036458333333335 0.6472222222222223 0.3848958333333333 0.6435185185185185 0.36692708333333335 0.6435185185185185 0.3614583333333333 0.6453703703703704 0.3580729166666667 0.6495370370370371 0.3557291666666667 0.6560185185185186 0.3520833333333333 0.6685185185185185 0.3510416666666667 0.6763888888888888 0.3515625 0.699537037037037 0.35078125 0.7148148148148148
8 0.3994791666666667 0.413425925925926 0.4049479166666667 0.41481481481481486 0.40703125 0.41250000000000003 0.4072916666666667 0.4078703703703704 0.40546875 0.4013888888888889 0.4010416666666667 0.40046296296296297 0.39921875 0.40416666666666673 0.3986979166666667 0.41203703703703703 0.3994791666666667 0.413425925925926
1 0.38203125 0.5828703703703704 0.4044270833333333 0.5824074074074075 0.4057291666666667 0.5787037037037037 0.4078125 0.5527777777777778 0.4065104166666667 0.5490740740740742 0.4010416666666667 0.5416666666666666 0.3877604166666667 0.5421296296296296 0.38359375 0.5490740740740742 0.38046875 0.5662037037037038 0.38046875 0.5782407407407407 0.38203125 0.5828703703703704
1 0.45859375 0.4513888888888889 0.4669270833333333 0.45231481481481484 0.4703125 0.44953703703703707 0.4708333333333333 0.44212962962962965 0.4700520833333333 0.4375 0.4669270833333333 0.4310185185185186 0.46380208333333334 0.4277777777777778 0.45989583333333334 0.42870370370370375 0.4583333333333333 0.4314814814814815 0.4565104166666667 0.44074074074074077 0.4565104166666667 0.4486111111111111 0.45859375 0.4513888888888889
1 0.4361979166666667 0.4319444444444445 0.44453125 0.4319444444444445 0.44609375 0.4310185185185186 0.446875 0.42870370370370375 0.44609375 0.4212962962962963 0.4427083333333333 0.4157407407407408 0.4385416666666667 0.4157407407407408 0.4361979166666667 0.41851851851851857 0.4354166666666667 0.4217592592592593 0.43515625 0.4296296296296297 0.4361979166666667 0.4319444444444445
1 0.4044270833333333 0.41481481481481486 0.4075520833333333 0.41203703703703703 0.4067708333333333 0.4046296296296297 0.4044270833333333 0.40046296296296297 0.40078125000000003 0.40092592592592596 0.3989583333333333 0.40416666666666673 0.3989583333333333 0.41250000000000003 0.4044270833333333 0.41481481481481486
1 0.3299479166666667 0.47314814814814815 0.33098958333333334 0.47453703703703703 0.3440104166666667 0.47361111111111115 0.3455729166666667 0.4722222222222222 0.34661458333333334 0.46851851851851856 0.3458333333333333 0.4574074074074075 0.3419270833333333 0.45 0.3390625 0.4486111111111111 0.33489583333333334 0.44953703703703707 0.33125 0.45462962962962966 0.3296875 0.45972222222222225 0.3294270833333333 0.46851851851851856 0.3299479166666667 0.47314814814814815
1 0.32786458333333335 0.5287037037037037 0.3375 0.5263888888888889 0.3455729166666667 0.5287037037037037 0.3489583333333333 0.5208333333333334 0.3497395833333333 0.5083333333333334 0.34921875 0.5041666666666667 0.3453125 0.4976851851851852 0.34218750000000003 0.49537037037037035 0.33828125000000003 0.4949074074074074 0.3299479166666667 0.4976851851851852 0.328125 0.5009259259259259 0.32578125 0.5120370370370371 0.3252604166666667 0.5226851851851853 0.32786458333333335 0.5287037037037037
1 0.5416666666666666 0.5777777777777778 0.5645833333333333 0.5777777777777778 0.5661458333333333 0.5708333333333334 0.5661458333333333 0.5634259259259259 0.5640625 0.5541666666666667 0.5640625 0.550462962962963 0.5630208333333333 0.5467592592592593 0.5572916666666666 0.5361111111111112 0.5510416666666667 0.5319444444444444 0.54296875 0.5314814814814816 0.5369791666666667 0.5356481481481482 0.5346354166666667 0.5430555555555556 0.5348958333333333 0.5620370370370371 0.5416666666666666 0.5777777777777778
1 0.3619791666666667 0.4393518518518519 0.36614583333333334 0.43888888888888894 0.36614583333333334 0.4277777777777778 0.3653645833333333 0.425462962962963 0.36302083333333335 0.4236111111111111 0.35703125 0.42453703703703705 0.35703125 0.42870370370370375 0.3619791666666667 0.4393518518518519
1 0.4049479166666667 0.42592592592592593 0.4065104166666667 0.42500000000000004 0.4075520833333333 0.4222222222222222 0.40703125 0.4157407407407408 0.40468750000000003 0.41203703703703703 0.40078125000000003 0.41111111111111115 0.39739583333333334 0.4166666666666667 0.39765625 0.425462962962963 0.4049479166666667 0.42592592592592593
1 0.37890625 0.42453703703703705 0.3869791666666667 0.4236111111111111 0.3872395833333333 0.4152777777777778 0.3854166666666667 0.41111111111111115 0.3807291666666667 0.41064814814814815 0.3783854166666667 0.41481481481481486 0.37786458333333334 0.4226851851851852 0.37890625 0.42453703703703705
1 0.4416666666666667 0.5087962962962963 0.45208333333333334 0.5083333333333334 0.45677083333333335 0.5097222222222223 0.4583333333333333 0.5078703703703704 0.4591145833333333 0.4939814814814815 0.45625 0.4824074074074074 0.4541666666666667 0.4796296296296297 0.44765625000000003 0.47870370370370374 0.4434895833333333 0.4805555555555556 0.4416666666666667 0.4851851851851852 0.43984375000000003 0.4949074074074074 0.4395833333333333 0.5037037037037038 0.4416666666666667 0.5087962962962963
1 0.4041666666666667 0.4518518518518519 0.41484375 0.45277777777777783 0.4166666666666667 0.44953703703703707 0.41692708333333334 0.43842592592592594 0.4153645833333333 0.43472222222222223 0.4075520833333333 0.4342592592592593 0.4057291666666667 0.4361111111111111 0.4044270833333333 0.44120370370370376 0.403125 0.4486111111111111 0.4041666666666667 0.4518518518518519
1 0.4044270833333333 0.4796296296296297 0.4161458333333333 0.47870370370370374 0.41770833333333335 0.475462962962963 0.4174479166666667 0.45972222222222225 0.41484375 0.45509259259259266 0.4078125 0.45509259259259266 0.4049479166666667 0.45972222222222225 0.4033854166666667 0.46898148148148155 0.403125 0.4763888888888889 0.4044270833333333 0.4796296296296297
1 0.34921875 0.44907407407407407 0.3572916666666667 0.44953703703703707 0.35911458333333335 0.4486111111111111 0.3604166666666667 0.44583333333333336 0.36015625 0.4356481481481482 0.35911458333333335 0.4324074074074074 0.3559895833333333 0.42870370370370375 0.3510416666666667 0.4296296296296297 0.3494791666666667 0.4319444444444445 0.3484375 0.43842592592592594 0.3481770833333333 0.44675925925925924 0.34921875 0.44907407407407407
1 0.4151041666666667 0.42638888888888893 0.4174479166666667 0.42453703703703705 0.41770833333333335 0.41435185185185186 0.4166666666666667 0.41111111111111115 0.4145833333333333 0.4097222222222222 0.41171875 0.4166666666666667 0.4114583333333333 0.42500000000000004 0.4151041666666667 0.42638888888888893
1 0.3768229166666667 0.4837962962962963 0.38671875 0.4837962962962963 0.38958333333333334 0.4805555555555556 0.3908854166666667 0.475925925925926 0.390625 0.4694444444444445 0.38906250000000003 0.46296296296296297 0.38567708333333334 0.45925925925925926 0.378125 0.45972222222222225 0.3763020833333333 0.4615740740740741 0.3736979166666667 0.4699074074074074 0.3731770833333333 0.4791666666666667 0.3768229166666667 0.4837962962962963
4 0.46640625 0.48148148148148145 0.47734375 0.48333333333333334 0.48125 0.4819444444444445 0.48203125 0.475925925925926 0.4815104166666667 0.46666666666666673 0.4796875 0.4601851851851852 0.4770833333333333 0.45601851851851855 0.4703125 0.45277777777777783 0.46796875 0.4541666666666667 0.4661458333333333 0.45694444444444443 0.46458333333333335 0.4643518518518519 0.46458333333333335 0.4740740740740741 0.46640625 0.48148148148148145
1 0.24791666666666667 0.6148148148148148 0.2721354166666667 0.6138888888888888 0.28020833333333334 0.5990740740740741 0.28020833333333334 0.5875 0.2794270833333333 0.5833333333333334 0.2752604166666667 0.5777777777777778 0.26640625 0.5745370370370371 0.2578125 0.575925925925926 0.25494791666666666 0.5777777777777778 0.25104166666666666 0.5837962962962964 0.24739583333333334 0.5930555555555556 0.24531250000000002 0.6013888888888889 0.24583333333333335 0.611574074074074 0.24791666666666667 0.6148148148148148
1 0.4388020833333333 0.4699074074074074 0.4494791666666667 0.4712962962962963 0.4518229166666667 0.4699074074074074 0.4526041666666667 0.4587962962962963 0.4494791666666667 0.45 0.44609375 0.4476851851851852 0.4432291666666667 0.4476851851851852 0.440625 0.44907407407407407 0.4380208333333333 0.45277777777777783 0.4377604166666667 0.4675925925925926 0.4388020833333333 0.4699074074074074
1 0.4356770833333333 0.41620370370370374 0.44114583333333335 0.41620370370370374 0.4434895833333333 0.4138888888888889 0.44375000000000003 0.41064814814814815 0.4424479166666667 0.40601851851851856 0.4388020833333333 0.40416666666666673 0.4361979166666667 0.4050925925925926 0.4348958333333333 0.4074074074074074 0.4346354166666667 0.4115740740740741 0.4356770833333333 0.41620370370370374
5 0.5026041666666666 0.6254629629629629 0.50546875 0.638425925925926 0.5080729166666667 0.6444444444444445 0.5151041666666667 0.6458333333333334 0.5294270833333333 0.6458333333333334 0.5361979166666667 0.6435185185185185 0.5375000000000001 0.6287037037037038 0.5356770833333333 0.6097222222222223 0.5322916666666667 0.6027777777777779 0.5304687499999999 0.5953703703703703 0.5276041666666667 0.5907407407407408 0.5229166666666667 0.5875 0.5091145833333334 0.588425925925926 0.5044270833333333 0.5912037037037037 0.5015625 0.6004629629629631 0.5013020833333334 0.6134259259259259 0.5026041666666666 0.6254629629629629
1 0.4354166666666667 0.4050925925925926 0.4377604166666667 0.40370370370370373 0.4393229166666667 0.40092592592592596 0.4385416666666667 0.39444444444444443 0.4361979166666667 0.3912037037037037 0.43359375 0.39212962962962966 0.4322916666666667 0.3976851851851852 0.4322916666666667 0.4018518518518519 0.4354166666666667 0.4050925925925926
1 0.5057291666666667 0.5023148148148148 0.5111979166666667 0.5041666666666667 0.5190104166666667 0.5041666666666667 0.5213541666666667 0.501388888888889 0.5223958333333334 0.4976851851851852 0.5205729166666667 0.48750000000000004 0.5192708333333333 0.48287037037037045 0.515625 0.47731481481481486 0.5114583333333333 0.475462962962963 0.5070312499999999 0.475925925925926 0.5046875000000001 0.47870370370370374 0.5036458333333333 0.48333333333333334 0.5036458333333333 0.49537037037037035 0.5057291666666667 0.5023148148148148
1 0.4463541666666667 0.6037037037037037 0.4703125 0.6037037037037037 0.47109375000000003 0.5925925925925926 0.4708333333333333 0.5782407407407407 0.47161458333333334 0.5745370370370371 0.46718750000000003 0.5615740740740741 0.4640625 0.5560185185185186 0.45989583333333334 0.5541666666666667 0.45286458333333335 0.5541666666666667 0.44921875 0.5560185185185186 0.44609375 0.5643518518518519 0.4432291666666667 0.575925925925926 0.4434895833333333 0.588425925925926 0.4463541666666667 0.6037037037037037
1 0.26406250000000003 0.7976851851851853 0.2643229166666667 0.8037037037037038 0.26614583333333336 0.8106481481481482 0.26875000000000004 0.8129629629629631 0.2911458333333333 0.8129629629629631 0.3072916666666667 0.8180555555555556 0.3096354166666667 0.8115740740740741 0.309375 0.7916666666666666 0.3119791666666667 0.7800925925925926 0.3143229166666667 0.7745370370370371 0.3182291666666667 0.7726851851851853 0.32005208333333335 0.7685185185185185 0.32005208333333335 0.7476851851851852 0.31927083333333334 0.7407407407407407 0.3171875 0.7328703703703704 0.3106770833333333 0.7287037037037037 0.30234375 0.7268518518518519 0.2877604166666667 0.7263888888888889 0.2786458333333333 0.7282407407407407 0.27447916666666666 0.7333333333333334 0.26484375000000004 0.7652777777777778 0.2638020833333333 0.775 0.26406250000000003 0.7976851851851853
0 0.08541666666666667 0.8828703703703704 0.08802083333333333 0.9 0.08802083333333333 0.9046296296296297 0.09166666666666667 0.9226851851851853 0.09322916666666667 0.9351851851851852 0.09921875000000001 0.9564814814814816 0.09973958333333333 0.963425925925926 0.10546875 0.9750000000000001 0.11614583333333334 0.9819444444444445 0.14947916666666666 0.9953703703703703 0.15885416666666666 0.9972222222222222 0.16432291666666665 0.9972222222222222 0.16770833333333335 0.9953703703703703 0.17864583333333334 0.9722222222222222 0.18098958333333334 0.963425925925926 0.19166666666666665 0.9361111111111112 0.19244791666666666 0.9347222222222222 0.19895833333333335 0.9328703703703703 0.20130208333333335 0.9287037037037038 0.20286458333333335 0.9185185185185185 0.203125 0.9041666666666667 0.20416666666666666 0.8953703703703704 0.20703125 0.8912037037037037 0.21276041666666667 0.8726851851851852 0.21848958333333335 0.8592592592592594 0.23177083333333334 0.8208333333333334 0.24453125 0.7916666666666666 0.246875 0.7805555555555557 0.24869791666666666 0.775925925925926 0.25234375000000003 0.7708333333333334 0.25546874999999997 0.7611111111111112 0.25703125000000004 0.7518518518518519 0.25703125000000004 0.7398148148148148 0.2533854166666667 0.7120370370370371 0.2520833333333333 0.6685185185185185 0.24895833333333334 0.6638888888888889 0.24713541666666666 0.6569444444444444 0.2421875 0.6541666666666667 0.21223958333333334 0.6523148148148148 0.2 0.6550925925925926 0.19427083333333334 0.6597222222222222 0.18776041666666665 0.6675925925925926 0.16927083333333334 0.6953703703703704 0.14921875 0.7310185185185185 0.14218750000000002 0.7398148148148148 0.12682291666666667 0.764814814814815 0.12161458333333333 0.7712962962962964 0.09947916666666667 0.8120370370370371 0.09192708333333333 0.8212962962962963 0.084375 0.8342592592592594 0.08098958333333334 0.8421296296296297 0.07942708333333333 0.8490740740740741 0.07942708333333333 0.8601851851851853 0.08541666666666667 0.8828703703703704
6 0.6036458333333334 0.6856481481481481 0.6036458333333334 0.700925925925926 0.6049479166666667 0.7125 0.6083333333333334 0.7208333333333334 0.6138020833333334 0.7305555555555556 0.6140625000000001 0.7407407407407407 0.6158854166666666 0.7472222222222222 0.6184895833333334 0.751388888888889 0.62109375 0.7527777777777779 0.6325520833333333 0.7796296296296297 0.63828125 0.7865740740740741 0.6440104166666667 0.8129629629629631 0.6479166666666667 0.8171296296296297 0.6578125 0.8194444444444444 0.6794270833333333 0.8157407407407408 0.6846354166666666 0.8125 0.6927083333333334 0.8111111111111112 0.6963541666666666 0.8087962962962963 0.6994791666666667 0.801388888888889 0.7015625 0.7638888888888888 0.7010416666666667 0.750925925925926 0.7018229166666666 0.7333333333333334 0.7010416666666667 0.7263888888888889 0.6958333333333334 0.7101851851851853 0.69453125 0.6916666666666667 0.6927083333333334 0.6819444444444445 0.675 0.6532407407407407 0.65859375 0.6296296296296297 0.6533854166666666 0.6231481481481481 0.6481770833333333 0.6194444444444445 0.6369791666666667 0.6180555555555556 0.6171875 0.6194444444444445 0.6080729166666666 0.6231481481481481 0.6065104166666666 0.626388888888889 0.6057291666666667 0.6319444444444444 0.6065104166666666 0.6476851851851853 0.6036458333333334 0.6856481481481481
6 0.4041666666666667 0.40046296296296297 0.4075520833333333 0.4027777777777778 0.4111979166666667 0.40092592592592596 0.41171875 0.3912037037037037 0.4106770833333333 0.38842592592592595 0.4078125 0.3856481481481482 0.4044270833333333 0.38842592592592595 0.4036458333333333 0.3907407407407408 0.403125 0.39814814814814814 0.4041666666666667 0.40046296296296297
6 0.3557291666666667 0.5222222222222223 0.3572916666666667 0.5300925925925926 0.35911458333333335 0.5337962962962963 0.36223958333333334 0.5356481481481482 0.3666666666666667 0.5347222222222222 0.3721354166666667 0.5365740740740741 0.3768229166666667 0.5361111111111112 0.3791666666666667 0.5236111111111111 0.3799479166666667 0.5125000000000001 0.37864583333333335 0.4990740740740741 0.3768229166666667 0.4939814814814815 0.36614583333333334 0.4935185185185186 0.3596354166666667 0.49722222222222223 0.3565104166666667 0.5018518518518519 0.3557291666666667 0.5050925925925926 0.3557291666666667 0.5222222222222223
4 0.4934895833333333 0.4699074074074074 0.4947916666666667 0.47314814814814815 0.4981770833333333 0.47500000000000003 0.5052083333333334 0.475462962962963 0.5091145833333334 0.4712962962962963 0.5091145833333334 0.46111111111111114 0.5049479166666667 0.4449074074074075 0.4973958333333333 0.4430555555555556 0.4947916666666667 0.44398148148148153 0.4932291666666667 0.44675925925925924 0.49296875 0.46481481481481485 0.4934895833333333 0.4699074074074074
6 0.44453125 0.4018518518518519 0.453125 0.4027777777777778 0.45390625 0.4013888888888889 0.4546875 0.39722222222222225 0.4546875 0.38703703703703707 0.4526041666666667 0.38148148148148153 0.45 0.37962962962962965 0.4458333333333333 0.3810185185185186 0.4440104166666667 0.3875 0.44375000000000003 0.3962962962962963 0.44453125 0.4018518518518519
4 0.3244791666666667 0.639814814814815 0.34218750000000003 0.638425925925926 0.3486979166666667 0.6425925925925926 0.35078125 0.6402777777777778 0.3528645833333333 0.6300925925925925 0.35625 0.6231481481481481 0.35781250000000003 0.6106481481481482 0.3575520833333333 0.5944444444444444 0.3557291666666667 0.588425925925926 0.3481770833333333 0.5824074074074075 0.3375 0.5810185185185185 0.3315104166666667 0.5828703703703704 0.3283854166666667 0.5861111111111111 0.3244791666666667 0.5944444444444444 0.3208333333333333 0.6138888888888888 0.32109375 0.6333333333333334 0.3244791666666667 0.639814814814815