8 0.4322916666666667 0.37222222222222223 0.4427083333333333 0.3731481481481482 0.4434895833333333 0.3699074074074074 0.4434895833333333 0.3592592592592593 0.4419270833333333 0.35185185185185186 0.4390625 0.34814814814814815 0.4354166666666667 0.34814814814814815 0.4328125 0.3509259259259259 0.4315104166666667 0.3555555555555556 0.43125 0.36620370370370375 0.4322916666666667 0.37222222222222223
6 0.51953125 0.4939814814814815 0.52734375 0.5152777777777778 0.5294270833333333 0.5171296296296296 0.540625 0.5171296296296296 0.5434895833333333 0.5148148148148148 0.5442708333333334 0.5037037037037038 0.5440104166666667 0.48888888888888893 0.5455729166666666 0.4777777777777778 0.5408854166666667 0.46296296296296297 0.5377604166666666 0.45787037037037037 0.5328125 0.4541666666666667 0.5291666666666667 0.4541666666666667 0.5247395833333334 0.45648148148148154 0.5213541666666667 0.4638888888888889 0.5190104166666667 0.47731481481481486 0.5187499999999999 0.48888888888888893 0.51953125 0.4939814814814815
1 0.296875 0.5550925925925926 0.30052083333333335 0.5560185185185186 0.30312500000000003 0.5546296296296297 0.3174479166666667 0.5537037037037037 0.3213541666666667 0.5583333333333333 0.3244791666666667 0.5555555555555556 0.325 0.5458333333333334 0.32734375 0.5356481481481482 0.32734375 0.5189814814814815 0.3252604166666667 0.5120370370370371 0.32109375 0.5092592592592593 0.3041666666666667 0.5106481481481482 0.30052083333333335 0.5157407407407407 0.29609375000000004 0.5324074074074074 0.29583333333333334 0.5439814814814815 0.296875 0.5550925925925926
1 0.3401481770833334 0.7168615740740741 0.3409294270833334 0.7238060185185186 0.3424919270833333 0.7279726851851853 0.34587734375 0.7293615740740741 0.35134609375000003 0.7265837962962963 0.3745231770833333 0.7265837962962963 0.3773877604166667 0.7288986111111112 0.3807731770833334 0.7288986111111112 0.38415859375 0.7242689814814816 0.3852002604166667 0.7201023148148148 0.38650234375000003 0.6964912037037038 0.3885856770833334 0.6826023148148148 0.3891065104166667 0.6515837962962964 0.3846794270833334 0.6441763888888888 0.38103359375 0.6423245370370372 0.3648877604166667 0.6418615740740741 0.35290859375 0.644639351851852 0.3477002604166667 0.6515837962962964 0.34509609375 0.6594541666666667 0.3437940104166667 0.6742689814814815 0.3424919270833333 0.6775097222222223 0.3406690104166667 0.6895467592592593 0.3398877604166667 0.6978800925925926 0.3401481770833334 0.7168615740740741
1 0.4627604166666667 0.4236111111111111 0.4713541666666667 0.42314814814814816 0.4768229166666667 0.425462962962963 0.4783854166666667 0.4236111111111111 0.4796875 0.4180555555555556 0.47942708333333334 0.4115740740740741 0.4770833333333333 0.4013888888888889 0.47421875 0.3962962962962963 0.4705729166666667 0.39351851851851855 0.4666666666666667 0.39259259259259266 0.4635416666666667 0.3930555555555556 0.4611979166666667 0.39814814814814814 0.4609375 0.4175925925925926 0.4627604166666667 0.4236111111111111
1 0.434375 0.39398148148148154 0.4356770833333333 0.39444444444444443 0.4395833333333333 0.3907407407407408 0.4463541666666667 0.39027777777777783 0.4447916666666667 0.37962962962962965 0.4427083333333333 0.37453703703703706 0.4354166666666667 0.375 0.4330729166666667 0.38009259259259265 0.4328125 0.3912037037037037 0.434375 0.39398148148148154
1 0.5473958333333333 0.7412037037037038 0.5536458333333334 0.7652777777777778 0.5583333333333333 0.776388888888889 0.5606770833333333 0.7944444444444445 0.5638020833333334 0.800462962962963 0.5697916666666667 0.8046296296296297 0.5778645833333333 0.8060185185185186 0.5828125000000001 0.8037037037037038 0.5940104166666667 0.8037037037037038 0.5986979166666666 0.8023148148148148 0.6059895833333334 0.8032407407407407 0.609375 0.801388888888889 0.6109375 0.7986111111111112 0.6130208333333333 0.789814814814815 0.61328125 0.7740740740740741 0.609375 0.7555555555555556 0.6046875 0.7416666666666667 0.6046875 0.7375 0.6072916666666667 0.7337962962962963 0.60703125 0.7319444444444445 0.6013020833333333 0.7250000000000001 0.5934895833333333 0.7018518518518518 0.5882812500000001 0.6912037037037038 0.5815104166666667 0.6851851851851852 0.5755208333333334 0.6819444444444445 0.5580729166666667 0.6824074074074075 0.5520833333333334 0.6851851851851852 0.5486979166666667 0.688888888888889 0.546875 0.6930555555555556 0.5447916666666667 0.7060185185185185 0.54453125 0.713425925925926 0.5473958333333333 0.7412037037037038
1 0.4354166666666667 0.412962962962963 0.4466145833333333 0.413425925925926 0.4497395833333333 0.41111111111111115 0.4502604166666667 0.4 0.4497395833333333 0.39722222222222225 0.44609375 0.3907407407407408 0.4424479166666667 0.387962962962963 0.43671875 0.3916666666666667 0.4346354166666667 0.3962962962962963 0.434375 0.40925925925925927 0.4354166666666667 0.412962962962963
1 0.6466145833333334 0.7893518518518519 0.6533854166666666 0.7981481481481482 0.6622395833333334 0.8175925925925926 0.665625 0.8282407407407407 0.6682291666666667 0.8453703703703704 0.6721354166666667 0.8490740740740741 0.6783854166666666 0.8518518518518519 0.6950520833333333 0.8513888888888889 0.70625 0.8486111111111112 0.7135416666666666 0.8435185185185186 0.71640625 0.838425925925926 0.7177083333333334 0.8314814814814816 0.7171875 0.8106481481481482 0.7111979166666667 0.7861111111111112 0.7135416666666666 0.7800925925925926 0.7135416666666666 0.775925925925926 0.7096354166666666 0.7754629629629629 0.7072916666666667 0.7722222222222223 0.7000000000000001 0.7486111111111112 0.6955729166666667 0.7412037037037038 0.6940104166666666 0.7365740740740742 0.6901041666666666 0.7310185185185185 0.6830729166666667 0.7236111111111112 0.6799479166666667 0.7222222222222222 0.66953125 0.7222222222222222 0.6614583333333334 0.7245370370370371 0.6570312500000001 0.7305555555555556 0.65078125 0.7444444444444445 0.6455729166666666 0.7629629629629631 0.6455729166666666 0.7819444444444444 0.6466145833333334 0.7893518518518519
1 0.546875 0.47361111111111115 0.5499999999999999 0.4763888888888889 0.5567708333333333 0.4740740740740741 0.5643229166666667 0.475462962962963 0.5658854166666667 0.47361111111111115 0.5671875000000001 0.46481481481481485 0.5666666666666667 0.4555555555555556 0.5640625 0.4462962962962963 0.5606770833333333 0.43842592592592594 0.5572916666666666 0.43333333333333335 0.5513020833333333 0.4305555555555556 0.5447916666666667 0.4314814814814815 0.5421874999999999 0.4356481481481482 0.5395833333333333 0.44583333333333336 0.5398437500000001 0.45972222222222225 0.546875 0.47361111111111115
1 0.6648437500000001 0.6787037037037037 0.6682291666666667 0.6865740740740741 0.68203125 0.7115740740740741 0.6841145833333334 0.7129629629629629 0.6875 0.7185185185185186 0.6890625 0.7245370370370371 0.6919270833333334 0.7287037037037037 0.7018229166666666 0.7319444444444445 0.7111979166666667 0.7319444444444445 0.73046875 0.7277777777777779 0.7325520833333334 0.7245370370370371 0.734375 0.7171296296296297 0.7341145833333333 0.7069444444444445 0.7309895833333334 0.6925925925925925 0.7234375000000001 0.6777777777777778 0.7239583333333334 0.6680555555555556 0.7182291666666667 0.663425925925926 0.71328125 0.6509259259259259 0.70546875 0.639814814814815 0.6973958333333334 0.6347222222222222 0.6919270833333334 0.6351851851851853 0.6822916666666666 0.6324074074074074 0.6755208333333333 0.6333333333333334 0.6682291666666667 0.6375000000000001 0.6648437500000001 0.6453703703703704 0.6627604166666666 0.6550925925925926 0.6625 0.6652777777777779 0.6648437500000001 0.6787037037037037
1 0.3940104166666667 0.450462962962963 0.40911458333333334 0.450462962962963 0.41171875 0.4486111111111111 0.4122395833333333 0.43842592592592594 0.4114583333333333 0.42638888888888893 0.4078125 0.4212962962962963 0.40078125000000003 0.4199074074074074 0.39739583333333334 0.4222222222222222 0.39348958333333334 0.4342592592592593 0.39296875000000003 0.44722222222222224 0.3940104166666667 0.450462962962963
1 0.4078125 0.412962962962963 0.4083333333333333 0.41111111111111115 0.4072916666666667 0.41250000000000003 0.4067708333333333 0.41064814814814815 0.40520833333333334 0.41111111111111115 0.4078125 0.412962962962963
1 0.2526041666666667 0.5074074074074074 0.25312500000000004 0.5120370370370371 0.2552083333333333 0.5171296296296296 0.27578125000000003 0.5175925925925926 0.28281249999999997 0.5069444444444444 0.28411458333333334 0.49120370370370375 0.28281249999999997 0.48750000000000004 0.2799479166666667 0.4861111111111111 0.27630208333333334 0.4805555555555556 0.2682291666666667 0.4796296296296297 0.2598958333333333 0.4837962962962963 0.25755208333333335 0.4902777777777778 0.25416666666666665 0.49583333333333335 0.2526041666666667 0.501388888888889 0.2526041666666667 0.5074074074074074
1 0.3763020833333333 0.4199074074074074 0.3861979166666667 0.41851851851851857 0.38828125 0.41111111111111115 0.3872395833333333 0.4013888888888889 0.3859375 0.3976851851851852 0.384375 0.3962962962962963 0.3802083333333333 0.3958333333333333 0.3763020833333333 0.39722222222222225 0.3723958333333333 0.4078703703703704 0.37265625 0.41481481481481486 0.3763020833333333 0.4199074074074074
1 0.3138020833333333 0.4675925925925926 0.328125 0.46898148148148155 0.33203125 0.4601851851851852 0.3315104166666667 0.4486111111111111 0.3296875 0.4398148148148148 0.328125 0.437962962962963 0.3216145833333333 0.4375 0.3171875 0.4398148148148148 0.3140625 0.44537037037037036 0.31171875 0.45277777777777783 0.31145833333333334 0.45972222222222225 0.3138020833333333 0.4675925925925926
1 0.39739583333333334 0.4212962962962963 0.40703125 0.4236111111111111 0.409375 0.42500000000000004 0.4114583333333333 0.42870370370370375 0.4127604166666667 0.42314814814814816 0.4122395833333333 0.41111111111111115 0.4114583333333333 0.4087962962962963 0.40911458333333334 0.40648148148148155 0.40390625 0.40601851851851856 0.3994791666666667 0.4078703703703704 0.39765625 0.4101851851851852 0.3963541666666667 0.41481481481481486 0.39739583333333334 0.4212962962962963
1 0.3268229166666667 0.4171296296296297 0.3359375 0.4166666666666667 0.3385416666666667 0.41481481481481486 0.340625 0.4087962962962963 0.33958333333333335 0.39722222222222225 0.3354166666666667 0.39444444444444443 0.328125 0.3958333333333333 0.3247395833333333 0.3995370370370371 0.3229166666666667 0.40416666666666673 0.3234375 0.41435185185185186 0.3268229166666667 0.4171296296296297
1 0.3611979166666667 0.44583333333333336 0.3627604166666667 0.4486111111111111 0.3765625 0.4481481481481482 0.3776041666666667 0.4462962962962963 0.3776041666666667 0.42592592592592593 0.37421875 0.42083333333333334 0.36484375 0.4212962962962963 0.36171875000000003 0.42500000000000004 0.36015625 0.4310185185185186 0.3604166666666667 0.4416666666666667 0.3611979166666667 0.44583333333333336
5 0.4458333333333333 0.5986111111111112 0.4466145833333333 0.6134259259259259 0.44921875 0.6199074074074075 0.47734375 0.6208333333333333 0.4807291666666667 0.6175925925925926 0.4809895833333333 0.5972222222222222 0.4786458333333333 0.5856481481481481 0.47890625000000003 0.5833333333333334 0.48046875 0.5810185185185185 0.48046875 0.5782407407407407 0.4778645833333333 0.5750000000000001 0.47239583333333335 0.5564814814814815 0.4705729166666667 0.5532407407407407 0.4583333333333333 0.5518518518518518 0.4494791666666667 0.5537037037037037 0.44609375 0.5592592592592593 0.44375000000000003 0.5740740740740741 0.4434895833333333 0.5824074074074075 0.4458333333333333 0.5986111111111112
1 0.4494791666666667 0.49537037037037035 0.45286458333333335 0.49074074074074076 0.45859375 0.49120370370370375 0.4494791666666667 0.4902777777777778 0.4484375 0.49120370370370375 0.4494791666666667 0.49537037037037035
1 0.33489583333333334 0.48842592592592593 0.3528645833333333 0.48842592592592593 0.35546875 0.48703703703703705 0.3575520833333333 0.4824074074074074 0.35911458333333335 0.4726851851851852 0.359375 0.4620370370370371 0.35625 0.4555555555555556 0.35234375 0.45277777777777783 0.3419270833333333 0.4537037037037037 0.3380208333333333 0.4574074074074075 0.3341145833333333 0.4694444444444445 0.3338541666666667 0.4842592592592593 0.33489583333333334 0.48842592592592593
1 0.453125 0.3875 0.4544270833333333 0.39027777777777783 0.4591145833333333 0.39351851851851855 0.45989583333333334 0.39537037037037037 0.4643229166666667 0.3916666666666667 0.4674479166666667 0.38703703703703707 0.46718750000000003 0.38009259259259265 0.4630208333333333 0.3736111111111111 0.45989583333333334 0.3717592592592593 0.4541666666666667 0.3773148148148148 0.45286458333333335 0.37962962962962965 0.453125 0.3875
1 0.47421875 0.4625 0.484375 0.4638888888888889 0.4903645833333333 0.4615740740740741 0.49192708333333335 0.45972222222222225 0.4921875 0.45601851851851855 0.4903645833333333 0.4393518518518519 0.4888020833333333 0.4337962962962963 0.4869791666666667 0.4310185185185186 0.48020833333333335 0.4291666666666667 0.4768229166666667 0.4291666666666667 0.4739583333333333 0.4310185185185186 0.47265625 0.4342592592592593 0.471875 0.44212962962962965 0.47161458333333334 0.45648148148148154 0.47421875 0.4625
1 0.39739583333333334 0.4097222222222222 0.4049479166666667 0.4074074074074074 0.4111979166666667 0.41111111111111115 0.41328125 0.4078703703703704 0.41380208333333335 0.4050925925925926 0.4143229166666667 0.39351851851851855 0.41380208333333335 0.39027777777777783 0.4119791666666667 0.38842592592592595 0.4072916666666667 0.3888888888888889 0.4044270833333333 0.3861111111111111 0.40234375 0.3907407407407408 0.39765625 0.3949074074074075 0.39609375 0.40046296296296297 0.3958333333333333 0.40601851851851856 0.39739583333333334 0.4097222222222222
1 0.3731770833333333 0.5662037037037038 0.39739583333333334 0.5662037037037038 0.3994791666666667 0.563888888888889 0.4010416666666667 0.5537037037037037 0.4010416666666667 0.5328703703703704 0.3984375 0.5236111111111111 0.3953125 0.5203703703703704 0.38645833333333335 0.5194444444444445 0.3799479166666667 0.5208333333333334 0.3765625 0.525 0.3721354166666667 0.5439814814814815 0.371875 0.5564814814814815 0.3731770833333333 0.5662037037037038
5 0.17838541666666666 0.9513888888888888 0.18125 0.9629629629629629 0.1875 0.9708333333333334 0.19270833333333334 0.9740740740740741 0.20859375 0.9791666666666666 0.22395833333333334 0.9800925925925926 0.22760416666666666 0.9796296296296297 0.23098958333333336 0.9768518518518519 0.23645833333333335 0.9685185185185186 0.24088541666666666 0.9657407407407409 0.2421875 0.963425925925926 0.24296875 0.9569444444444445 0.24296875 0.9393518518518519 0.24583333333333335 0.9319444444444445 0.24765625 0.9212962962962963 0.25859375 0.8782407407407408 0.26093750000000004 0.8564814814814815 0.26067708333333334 0.8425925925925926 0.2591145833333333 0.8351851851851853 0.2533854166666667 0.827314814814815 0.2484375 0.8240740740740741 0.24010416666666667 0.8208333333333334 0.22968750000000002 0.8199074074074075 0.21666666666666667 0.8217592592592593 0.20989583333333334 0.8277777777777778 0.20572916666666666 0.8337962962962964 0.19791666666666666 0.8379629629629629 0.19505208333333335 0.8555555555555556 0.19010416666666666 0.8694444444444445 0.18854166666666666 0.8787037037037038 0.18541666666666667 0.889814814814815 0.18385416666666665 0.901388888888889 0.178125 0.9208333333333334 0.1765625 0.9375 0.17838541666666666 0.9513888888888888
1 0.44140625 0.47175925925925927 0.45677083333333335 0.4722222222222222 0.4596354166666667 0.47500000000000003 0.4614583333333333 0.47314814814814815 0.4630208333333333 0.45648148148148154 0.4625 0.450462962962963 0.4604166666666667 0.4398148148148148 0.4575520833333333 0.4324074074074074 0.45208333333333334 0.43009259259259264 0.44453125 0.4314814814814815 0.4421875 0.4351851851851852 0.4401041666666667 0.44537037037037036 0.43984375000000003 0.4675925925925926 0.44140625 0.47175925925925927
1 0.48411458333333335 0.5115740740740741 0.4924479166666667 0.5101851851851852 0.5057291666666667 0.5129629629629631 0.5072916666666667 0.5106481481481482 0.5083333333333333 0.5018518518518519 0.5070312499999999 0.4842592592592593 0.5018229166666667 0.46851851851851856 0.49843750000000003 0.46342592592592596 0.4901041666666667 0.46111111111111114 0.4838541666666667 0.4657407407407408 0.4809895833333333 0.47500000000000003 0.4799479166666667 0.4837962962962963 0.4796875 0.4944444444444445 0.48411458333333335 0.5115740740740741
1 0.48046875 0.4319444444444445 0.4770833333333333 0.4314814814814815 0.4765625 0.4324074074074074 0.48046875 0.4319444444444445
1 0.4434895833333333 0.5333333333333333 0.44505208333333335 0.5375000000000001 0.4622395833333333 0.5393518518518519 0.46796875 0.538425925925926 0.4697916666666667 0.5365740740740741 0.4705729166666667 0.5324074074074074 0.4705729166666667 0.5189814814814815 0.46953125 0.5087962962962963 0.4666666666666667 0.4981481481481482 0.4635416666666667 0.49074074074074076 0.4575520833333333 0.48842592592592593 0.4484375 0.48935185185185187 0.4466145833333333 0.4916666666666667 0.4447916666666667 0.5018518518518519 0.4432291666666667 0.5055555555555555 0.4427083333333333 0.5273148148148148 0.4434895833333333 0.5333333333333333
1 0.4979166666666667 0.575925925925926 0.5 0.5791666666666667 0.5026041666666666 0.5912037037037037 0.5044270833333333 0.5949074074074074 0.5257812500000001 0.5953703703703703 0.52890625 0.5972222222222222 0.5328125 0.5949074074074074 0.5341145833333334 0.5782407407407407 0.5328125 0.5712962962962963 0.5322916666666667 0.5569444444444445 0.5278645833333333 0.5513888888888889 0.5260416666666666 0.5435185185185185 0.5226562499999999 0.5370370370370371 0.51328125 0.5347222222222222 0.5015625 0.5370370370370371 0.4973958333333333 0.5435185185185185 0.4963541666666667 0.5527777777777778 0.4966145833333333 0.5708333333333334 0.4979166666666667 0.575925925925926
1 0.5278645833333333 0.44212962962962965 0.5296875000000001 0.44537037037037036 0.5333333333333333 0.44722222222222224 0.5395833333333333 0.4462962962962963 0.54453125 0.4319444444444445 0.54453125 0.42824074074074076 0.5424479166666667 0.4222222222222222 0.5401041666666667 0.4180555555555556 0.53671875 0.41620370370370374 0.52890625 0.4175925925925926 0.5255208333333333 0.42592592592592593 0.5255208333333333 0.4356481481481482 0.5278645833333333 0.44212962962962965
1 0.4692708333333333 0.8587962962962963 0.4697916666666667 0.8805555555555556 0.4713541666666667 0.889814814814815 0.4721354166666667 0.9097222222222222 0.4736979166666667 0.9189814814814815 0.4768229166666667 0.926388888888889 0.4877604166666667 0.9342592592592593 0.5049479166666667 0.9351851851851852 0.5257812500000001 0.9328703703703703 0.5304687499999999 0.9300925925925926 0.5341145833333334 0.925 0.5361979166666667 0.9125000000000001 0.5359375000000001 0.8861111111111112 0.5330729166666667 0.8675925925925926 0.5317708333333333 0.8518518518518519 0.5299479166666666 0.8425925925925926 0.5335937500000001 0.8351851851851853 0.5341145833333334 0.8310185185185185 0.5328125 0.8282407407407407 0.5286458333333334 0.8287037037037037 0.5252604166666667 0.8222222222222223 0.5190104166666667 0.7902777777777779 0.515625 0.7791666666666667 0.5106770833333334 0.7685185185185185 0.5052083333333334 0.763425925925926 0.49895833333333334 0.7620370370370372 0.4838541666666667 0.7629629629629631 0.4768229166666667 0.7680555555555556 0.4744791666666667 0.7736111111111112 0.46953125 0.7791666666666667 0.46848958333333335 0.7953703703703704 0.4661458333333333 0.8120370370370371 0.4661458333333333 0.8328703703703704 0.4692708333333333 0.8587962962962963
5 0.31145833333333334 0.9671296296296297 0.31328125 0.977314814814815 0.3171875 0.9837962962962963 0.32656250000000003 0.987962962962963 0.3442708333333333 0.9893518518518519 0.3640625 0.9884259259259259 0.36953125000000003 0.9856481481481482 0.3731770833333333 0.9796296296296297 0.3770833333333333 0.9629629629629629 0.3768229166666667 0.9490740740740741 0.3783854166666667 0.9259259259259259 0.3783854166666667 0.9101851851851853 0.3796875 0.9004629629629629 0.3809895833333333 0.8578703703703704 0.38203125 0.8481481481481482 0.3765625 0.8287037037037037 0.36614583333333334 0.8236111111111112 0.3565104166666667 0.8217592592592593 0.33437500000000003 0.8245370370370372 0.32786458333333335 0.8277777777777778 0.3221354166666667 0.8416666666666667 0.31614583333333335 0.8458333333333334 0.315625 0.8486111111111112 0.3174479166666667 0.852314814814815 0.3208333333333333 0.8527777777777779 0.3221354166666667 0.8555555555555556 0.31614583333333335 0.8768518518518519 0.3140625 0.8986111111111112 0.3104166666666667 0.9138888888888889 0.31015625 0.9430555555555556 0.31145833333333334 0.9671296296296297
1 0.6005208333333334 0.5222222222222223 0.6036458333333334 0.5462962962962963 0.6046875 0.5481481481481482 0.6130208333333333 0.5481481481481482 0.61640625 0.5458333333333334 0.6179687500000001 0.5347222222222222 0.6174479166666667 0.5300925925925926 0.6127604166666667 0.5157407407407407 0.60546875 0.49953703703703706 0.6026041666666666 0.49722222222222223 0.59609375 0.49537037037037035 0.5859375 0.49722222222222223 0.5854166666666667 0.4981481481481482 0.6005208333333334 0.5222222222222223
4 0.38359375 0.5018518518518519 0.3854166666666667 0.5041666666666667 0.4078125 0.5032407407407408 0.4083333333333333 0.47453703703703703 0.4075520833333333 0.4703703703703704 0.4033854166666667 0.4620370370370371 0.39348958333333334 0.46111111111111114 0.3880208333333333 0.46342592592592596 0.3859375 0.46851851851851856 0.38255208333333335 0.4861111111111111 0.3822916666666667 0.49120370370370375 0.38359375 0.5018518518518519
0 0.5455729166666666 0.5435185185185185 0.5494791666666666 0.5555555555555556 0.5502604166666667 0.5657407407407408 0.5531250000000001 0.5740740740740741 0.5572916666666666 0.5745370370370371 0.5614583333333334 0.5847222222222223 0.5625 0.5912037037037037 0.5617187499999999 0.5953703703703703 0.5653645833333334 0.6055555555555556 0.5674479166666667 0.6074074074074075 0.5713541666666667 0.6078703703703704 0.5893229166666667 0.6074074074074075 0.5953125 0.6064814814814815 0.6020833333333334 0.6013888888888889 0.6041666666666666 0.5949074074074074 0.6041666666666666 0.5634259259259259 0.6028645833333334 0.538425925925926 0.6002604166666666 0.5222222222222223 0.5989583333333334 0.5185185185185185 0.5908854166666667 0.5074074074074074 0.5796875 0.48703703703703705 0.57421875 0.48101851851851857 0.5499999999999999 0.4800925925925926 0.5455729166666666 0.4842592592592593 0.5442708333333334 0.4939814814814815 0.5440104166666667 0.5189814814814815 0.5455729166666666 0.5435185185185185
0 0.4768229166666667 0.37962962962962965 0.4770833333333333 0.38703703703703707 0.4791666666666667 0.39537037037037037 0.48020833333333335 0.4078703703703704 0.48203125 0.4115740740740741 0.4859375 0.4166666666666667 0.4893229166666667 0.41851851851851857 0.5018229166666667 0.41898148148148145 0.5049479166666667 0.4171296296296297 0.5065104166666666 0.41435185185185186 0.5075520833333333 0.4101851851851852 0.5078125 0.40092592592592596 0.5067708333333334 0.3861111111111111 0.5052083333333334 0.37962962962962965 0.5015625 0.375462962962963 0.4981770833333333 0.3736111111111111 0.4875 0.3712962962962963 0.48411458333333335 0.36620370370370375 0.48020833333333335 0.3671296296296297 0.4776041666666667 0.3731481481481482 0.4778645833333333 0.37638888888888894 0.4768229166666667 0.37962962962962965
6 0.5125000000000001 0.41435185185185186 0.5171875 0.42314814814814816 0.5226562499999999 0.42638888888888893 0.5260416666666666 0.4236111111111111 0.5286458333333334 0.41851851851851857 0.53515625 0.41435185185185186 0.5356770833333333 0.40370370370370373 0.5343749999999999 0.3888888888888889 0.5328125 0.38472222222222224 0.5296875000000001 0.3805555555555556 0.5231770833333333 0.37592592592592594 0.5153645833333333 0.375462962962963 0.5109374999999999 0.37962962962962965 0.5104166666666666 0.38287037037037036 0.5106770833333334 0.4046296296296297 0.5125000000000001 0.41435185185185186