4 0.24544270833333334 0.3342013888888889 0.2591145833333333 0.3353587962962963 0.2647569444444444 0.3336226851851852 0.2680121527777778 0.33130787037037035 0.2697482638888889 0.32783564814814814 0.2697482638888889 0.3177083333333333 0.2673611111111111 0.31626157407407407 0.2593315972222222 0.3151041666666667 0.2534722222222222 0.3151041666666667 0.24934895833333334 0.31626157407407407 0.24739583333333334 0.31741898148148145 0.2439236111111111 0.3214699074074074 0.2419704861111111 0.3289930555555556 0.2419704861111111 0.33217592592592593 0.24544270833333334 0.3342013888888889
5 0.5329861111111112 0.3107638888888889 0.5434027777777778 0.31105324074074076 0.5451388888888888 0.3070023148148148 0.5451388888888888 0.30063657407407407 0.5434027777777778 0.2980324074074074 0.5399305555555556 0.2957175925925926 0.5358072916666666 0.296875 0.5325520833333334 0.3020833333333333 0.5323350694444444 0.30844907407407407 0.5329861111111112 0.3107638888888889
1 0.7816840277777778 0.8318865740740741 0.7825520833333334 0.8677662037037037 0.7845052083333334 0.8732638888888888 0.7914496527777778 0.8836805555555556 0.7927517361111112 0.8871527777777778 0.79296875 0.8909143518518519 0.7960069444444444 0.8972800925925926 0.796875 0.9021990740740741 0.7981770833333334 0.9048032407407407 0.7983940972222222 0.9079861111111112 0.7992621527777778 0.9088541666666666 0.8005642361111112 0.9146412037037037 0.8033854166666666 0.9212962962962963 0.8057725694444444 0.9357638888888888 0.8072916666666666 0.9398148148148148 0.8111979166666666 0.9600694444444444 0.810546875 0.9632523148148148 0.8118489583333334 0.9670138888888888 0.8148871527777778 0.9704861111111112 0.8148871527777778 0.9742476851851852 0.8170572916666666 0.9814814814814815 0.818359375 0.9930555555555556 0.8196614583333334 0.9962384259259259 0.8220486111111112 0.9976851851851852 0.8259548611111112 0.9982638888888888 0.826171875 0.9997106481481481 0.8342013888888888 0.9997106481481481 0.8344184027777778 0.9979745370370371 0.8415798611111112 0.9979745370370371 0.8426649305555556 0.9982638888888888 0.8428819444444444 0.9997106481481481 0.8548177083333334 0.9997106481481481 0.8550347222222222 0.9982638888888888 0.8563368055555556 0.9979745370370371 0.857421875 0.9985532407407407 0.857421875 0.9997106481481481 0.8598090277777778 0.9997106481481481 0.8602430555555556 0.9979745370370371 0.8663194444444444 0.9979745370370371 0.869140625 0.9971064814814815 0.8841145833333334 0.9979745370370371 0.8845486111111112 0.9997106481481481 0.9110243055555556 0.9997106481481481 0.9112413194444444 0.9979745370370371 0.9184027777777778 0.9968171296296297 0.9212239583333334 0.9979745370370371 0.9216579861111112 0.9997106481481481 0.9602864583333334 0.9997106481481481 0.9609375 0.9979745370370371 0.9635416666666666 0.9976851851851852 0.9646267361111112 0.9947916666666666 0.9626736111111112 0.9904513888888888 0.9615885416666666 0.984375 0.9583333333333334 0.9736689814814815 0.9548611111111112 0.9664351851851852 0.9516059027777778 0.9565972222222222 0.9490017361111112 0.9519675925925926 0.9455295138888888 0.9427083333333334 0.9431423611111112 0.9389467592592593 0.9401041666666666 0.9291087962962963 0.9407552083333334 0.9250578703703703 0.9461805555555556 0.9224537037037037 0.9496527777777778 0.9181134259259259 0.9496527777777778 0.9126157407407407 0.9461805555555556 0.9105902777777778 0.9388020833333334 0.9111689814814815 0.9364149305555556 0.9126157407407407 0.9353298611111112 0.9123263888888888 0.9312065972222222 0.9013310185185185 0.9299045138888888 0.8955439814814815 0.9259982638888888 0.8854166666666666 0.9216579861111112 0.8767361111111112 0.9162326388888888 0.8614004629629629 0.9095052083333334 0.8492476851851852 0.9084201388888888 0.8454861111111112 0.8953993055555556 0.8174189814814815 0.8873697916666666 0.8043981481481481 0.8782552083333334 0.7980324074074074 0.8747829861111112 0.7945601851851852 0.8700086805555556 0.78125 0.8674045138888888 0.7777777777777778 0.8634982638888888 0.7751736111111112 0.8567708333333334 0.7734375 0.8315972222222222 0.7693865740740741 0.8192274305555556 0.7688078703703703 0.8146701388888888 0.7676504629629629 0.7999131944444444 0.7679398148148148 0.7979600694444444 0.7696759259259259 0.7957899305555556 0.7745949074074074 0.7925347222222222 0.7795138888888888 0.7890625 0.7824074074074074 0.787109375 0.7861689814814815 0.7860243055555556 0.7945601851851852 0.7827690972222222 0.8032407407407407 0.7805989583333334 0.8125 0.7803819444444444 0.8223379629629629 0.7816840277777778 0.8318865740740741
1 0.6579861111111112 0.3168402777777778 0.6692708333333334 0.31741898148148145 0.6714409722222222 0.3168402777777778 0.6723090277777778 0.31539351851851855 0.6720920138888888 0.3064236111111111 0.6714409722222222 0.30439814814814814 0.6701388888888888 0.30179398148148145 0.6668836805555556 0.2994791666666667 0.6612413194444444 0.2994791666666667 0.6579861111111112 0.30092592592592593 0.65625 0.3041087962962963 0.6553819444444444 0.30873842592592593 0.6553819444444444 0.3142361111111111 0.6579861111111112 0.3168402777777778
1 0.4917534722222222 0.3211805555555556 0.4926215277777778 0.3220486111111111 0.4950086805555556 0.3226273148148148 0.4978298611111111 0.3211805555555556 0.5017361111111112 0.32175925925925924 0.5045572916666666 0.3208912037037037 0.5047743055555556 0.3119212962962963 0.5041232638888888 0.3098958333333333 0.5023871527777778 0.30873842592592593 0.4984809027777778 0.3081597222222222 0.4945746527777778 0.3090277777777778 0.4932725694444444 0.3098958333333333 0.4917534722222222 0.31394675925925924 0.4915364583333333 0.3191550925925926 0.4917534722222222 0.3211805555555556
1 0.4913194444444444 0.34403935185185186 0.5054253472222222 0.34403935185185186 0.5086805555555556 0.3420138888888889 0.5088975694444444 0.32783564814814814 0.5080295138888888 0.32523148148148145 0.5052083333333334 0.32175925925925924 0.5021701388888888 0.3208912037037037 0.4947916666666667 0.3214699074074074 0.4921875 0.32523148148148145 0.490234375 0.33217592592592593 0.4898003472222222 0.34056712962962965 0.4913194444444444 0.34403935185185186
5 0.7803819444444444 0.5329861111111112 0.7829861111111112 0.5355902777777778 0.7873263888888888 0.5373263888888888 0.7914496527777778 0.5428240740740741 0.79296875 0.5471643518518519 0.7955729166666666 0.5494791666666666 0.7973090277777778 0.5532407407407407 0.7983940972222222 0.5607638888888888 0.8003472222222222 0.5645254629629629 0.8044704861111112 0.5662615740740741 0.8177083333333334 0.5688657407407407 0.8404947916666666 0.5711805555555556 0.8524305555555556 0.5706018518518519 0.8559027777777778 0.5691550925925926 0.8578559027777778 0.5656828703703703 0.8585069444444444 0.5601851851851852 0.8580729166666666 0.5465856481481481 0.8556857638888888 0.5387731481481481 0.8506944444444444 0.5298032407407407 0.8509114583333334 0.5260416666666666 0.8532986111111112 0.5225694444444444 0.8526475694444444 0.5205439814814815 0.84765625 0.5188078703703703 0.845703125 0.5167824074074074 0.8361545138888888 0.5 0.833984375 0.49797453703703703 0.8322482638888888 0.4947916666666667 0.8285590277777778 0.49189814814814814 0.8003472222222222 0.48929398148148145 0.79296875 0.4910300925925926 0.7864583333333334 0.4939236111111111 0.7827690972222222 0.5 0.7797309027777778 0.5176504629629629 0.779296875 0.5292245370370371 0.7803819444444444 0.5329861111111112
1 0.26171875 0.3509837962962963 0.2649739583333333 0.35185185185185186 0.2762586805555556 0.3521412037037037 0.2810329861111111 0.34953703703703703 0.2864583333333333 0.3492476851851852 0.2879774305555556 0.3460648148148148 0.2877604166666667 0.3385416666666667 0.2864583333333333 0.3350694444444444 0.2834201388888889 0.33217592592592593 0.2779947916666667 0.3304398148148148 0.2708333333333333 0.3304398148148148 0.2673611111111111 0.33304398148148145 0.2630208333333333 0.3385416666666667 0.26171875 0.34056712962962965 0.2604166666666667 0.3454861111111111 0.2601996527777778 0.34866898148148145 0.26171875 0.3509837962962963
5 0.6705729166666666 0.46585648148148145 0.6733940972222222 0.4748263888888889 0.6753472222222222 0.4759837962962963 0.6842447916666666 0.47627314814814814 0.6909722222222222 0.47800925925925924 0.7026909722222222 0.4788773148148148 0.7100694444444444 0.4788773148148148 0.7115885416666666 0.4771412037037037 0.7131076388888888 0.4704861111111111 0.7131076388888888 0.4661458333333333 0.7120225694444444 0.46122685185185186 0.7111545138888888 0.4505208333333333 0.7135416666666666 0.4458912037037037 0.7098524305555556 0.4441550925925926 0.7074652777777778 0.44126157407407407 0.7039930555555556 0.4314236111111111 0.7003038194444444 0.42650462962962965 0.6948784722222222 0.4244791666666667 0.6898871527777778 0.42390046296296297 0.6751302083333334 0.4262152777777778 0.671875 0.4291087962962963 0.6707899305555556 0.43113425925925924 0.6686197916666666 0.4375 0.6677517361111112 0.4435763888888889 0.6677517361111112 0.4603587962962963 0.6705729166666666 0.46585648148148145
4 0.4016927083333333 0.44936342592592593 0.4038628472222222 0.4513888888888889 0.4216579861111111 0.4487847222222222 0.4290364583333333 0.4496527777777778 0.4322916666666667 0.4519675925925926 0.4357638888888889 0.45109953703703703 0.4379340277777778 0.44212962962962965 0.4422743055555556 0.4392361111111111 0.4442274305555556 0.43547453703703703 0.4448784722222222 0.4305555555555556 0.4448784722222222 0.40769675925925924 0.4435763888888889 0.4056712962962963 0.4370659722222222 0.40422453703703703 0.4327256944444444 0.40219907407407407 0.4184027777777778 0.40219907407407407 0.4138454861111111 0.40306712962962965 0.4110243055555556 0.4053819444444444 0.4069010416666667 0.41435185185185186 0.4034288194444444 0.4184027777777778 0.4027777777777778 0.42563657407407407 0.4010416666666667 0.4302662037037037 0.4010416666666667 0.4470486111111111 0.4016927083333333 0.44936342592592593
4 0.3511284722222222 0.3058449074074074 0.3663194444444444 0.3058449074074074 0.3674045138888889 0.30497685185185186 0.3682725694444444 0.3023726851851852 0.3684895833333333 0.2962962962962963 0.3678385416666667 0.2934027777777778 0.3663194444444444 0.2916666666666667 0.3621961805555556 0.2907986111111111 0.3559027777777778 0.2913773148148148 0.3528645833333333 0.2934027777777778 0.3513454861111111 0.2957175925925926 0.349609375 0.3003472222222222 0.3511284722222222 0.3058449074074074
1 0.7300347222222222 0.4071180555555556 0.7356770833333334 0.41001157407407407 0.7413194444444444 0.41724537037037035 0.7554253472222222 0.41869212962962965 0.76171875 0.41550925925925924 0.7686631944444444 0.41435185185185186 0.7703993055555556 0.4129050925925926 0.7717013888888888 0.41030092592592593 0.7719184027777778 0.40769675925925924 0.7701822916666666 0.4007523148148148 0.7658420138888888 0.3900462962962963 0.7599826388888888 0.3828125 0.7554253472222222 0.3802083333333333 0.7489149305555556 0.3793402777777778 0.7413194444444444 0.37962962962962965 0.734375 0.3816550925925926 0.7309027777777778 0.3854166666666667 0.728515625 0.390625 0.7278645833333334 0.39438657407407407 0.7280815972222222 0.40480324074074076 0.7300347222222222 0.4071180555555556
1 0.4559461805555556 0.37991898148148145 0.4659288194444444 0.3784722222222222 0.4774305555555556 0.37905092592592593 0.4789496527777778 0.37644675925925924 0.4800347222222222 0.37094907407407407 0.4793836805555556 0.35908564814814814 0.4778645833333333 0.3515625 0.4741753472222222 0.3489583333333333 0.4702690972222222 0.34837962962962965 0.4644097222222222 0.34866898148148145 0.4609375 0.35011574074074076 0.458984375 0.3524305555555556 0.4544270833333333 0.3666087962962963 0.4542100694444444 0.3767361111111111 0.4559461805555556 0.37991898148148145
1 0.3487413194444444 0.32609953703703703 0.3513454861111111 0.32783564814814814 0.3665364583333333 0.32783564814814814 0.3700086805555556 0.3258101851851852 0.3721788194444444 0.3214699074074074 0.3721788194444444 0.3177083333333333 0.3704427083333333 0.3107638888888889 0.3674045138888889 0.3072916666666667 0.3654513888888889 0.3064236111111111 0.3561197916666667 0.3058449074074074 0.3522135416666667 0.30671296296296297 0.3491753472222222 0.3098958333333333 0.3483072916666667 0.3151041666666667 0.3480902777777778 0.3211805555555556 0.3487413194444444 0.32609953703703703
5 0.671875 0.34172453703703703 0.6764322916666666 0.3428819444444444 0.6840277777777778 0.3431712962962963 0.6898871527777778 0.3431712962962963 0.6916232638888888 0.34172453703703703 0.6918402777777778 0.33304398148148145 0.6907552083333334 0.328125 0.6896701388888888 0.32523148148148145 0.6859809027777778 0.3211805555555556 0.6820746527777778 0.32002314814814814 0.67578125 0.3203125 0.6716579861111112 0.3246527777777778 0.6705729166666666 0.3304398148148148 0.6703559027777778 0.33738425925925924 0.671875 0.34172453703703703
1 0.8552517361111112 0.4965277777777778 0.8569878472222222 0.4982638888888889 0.8604600694444444 0.49971064814814814 0.8676215277777778 0.5063657407407407 0.873046875 0.5196759259259259 0.8771701388888888 0.5199652777777778 0.8806423611111112 0.5185185185185185 0.8934461805555556 0.5211226851851852 0.9060329861111112 0.5225694444444444 0.9153645833333334 0.5225694444444444 0.9181857638888888 0.5214120370370371 0.9192708333333334 0.5188078703703703 0.9210069444444444 0.5112847222222222 0.9212239583333334 0.5040509259259259 0.9188368055555556 0.49363425925925924 0.9177517361111112 0.4916087962962963 0.9188368055555556 0.48408564814814814 0.9140625 0.48234953703703703 0.9084201388888888 0.47193287037037035 0.9040798611111112 0.4661458333333333 0.8975694444444444 0.4609375 0.8871527777777778 0.4574652777777778 0.8773871527777778 0.45688657407407407 0.8650173611111112 0.4597800925925926 0.8626302083333334 0.4615162037037037 0.8591579861111112 0.46238425925925924 0.8582899305555556 0.4635416666666667 0.8561197916666666 0.4681712962962963 0.8548177083333334 0.4774305555555556 0.8546006944444444 0.4939236111111111 0.8552517361111112 0.4965277777777778
1 0.6536458333333334 0.4079861111111111 0.654296875 0.4117476851851852 0.6569010416666666 0.4149305555555556 0.6579861111111112 0.41811342592592593 0.6605902777777778 0.4163773148148148 0.6629774305555556 0.4163773148148148 0.6690538194444444 0.41811342592592593 0.6859809027777778 0.42042824074074076 0.6896701388888888 0.41608796296296297 0.6903211805555556 0.41203703703703703 0.6903211805555556 0.4036458333333333 0.6888020833333334 0.39554398148148145 0.6827256944444444 0.37962962962962965 0.6786024305555556 0.37471064814814814 0.6686197916666666 0.3732638888888889 0.662109375 0.375 0.6599392361111112 0.3767361111111111 0.6577690972222222 0.37991898148148145 0.6540798611111112 0.39438657407407407 0.6534288194444444 0.4007523148148148 0.6536458333333334 0.4079861111111111
1 0.7020399305555556 0.5763888888888888 0.7029079861111112 0.5798611111111112 0.7055121527777778 0.5833333333333334 0.7113715277777778 0.5951967592592593 0.7109375 0.5998263888888888 0.7122395833333334 0.6096643518518519 0.7133246527777778 0.6160300925925926 0.71484375 0.6200810185185185 0.7172309027777778 0.6212384259259259 0.7280815972222222 0.6192129629629629 0.7508680555555556 0.6218171296296297 0.7593315972222222 0.6215277777777778 0.7690972222222222 0.6235532407407407 0.7758246527777778 0.6278935185185185 0.7795138888888888 0.6252893518518519 0.7821180555555556 0.6163194444444444 0.7825520833333334 0.6050347222222222 0.7801649305555556 0.5873842592592593 0.7762586805555556 0.5711805555555556 0.7766927083333334 0.5691550925925926 0.7808159722222222 0.5645254629629629 0.7810329861111112 0.5607638888888888 0.7797309027777778 0.5590277777777778 0.7760416666666666 0.5593171296296297 0.7732204861111112 0.5570023148148148 0.7725694444444444 0.5535300925925926 0.7701822916666666 0.5497685185185185 0.7658420138888888 0.5381944444444444 0.7586805555555556 0.5257523148148148 0.7573784722222222 0.5248842592592593 0.7552083333333334 0.5208333333333334 0.7506510416666666 0.5153356481481481 0.7463107638888888 0.5130208333333334 0.7350260416666666 0.5112847222222222 0.7200520833333334 0.5115740740740741 0.7165798611111112 0.5127314814814815 0.7124565972222222 0.5176504629629629 0.7085503472222222 0.5257523148148148 0.7057291666666666 0.5370370370370371 0.703125 0.5428240740740741 0.701171875 0.5558449074074074 0.7009548611111112 0.5679976851851852 0.7020399305555556 0.5763888888888888
1 0.5086805555555556 0.30960648148148145 0.5197482638888888 0.3101851851851852 0.5217013888888888 0.30787037037037035 0.5217013888888888 0.30063657407407407 0.5201822916666666 0.296875 0.5186631944444444 0.29542824074074076 0.5149739583333334 0.29484953703703703 0.5123697916666666 0.2957175925925926 0.5084635416666666 0.3003472222222222 0.5078125 0.30787037037037035 0.5086805555555556 0.30960648148148145
5 0.5013020833333334 0.2795138888888889 0.5052083333333334 0.2821180555555556 0.5088975694444444 0.28153935185185186 0.5095486111111112 0.27980324074074076 0.5095486111111112 0.2757523148148148 0.5080295138888888 0.2722800925925926 0.5047743055555556 0.27054398148148145 0.5017361111111112 0.2717013888888889 0.5008680555555556 0.27314814814814814 0.5 0.27662037037037035 0.5013020833333334 0.2795138888888889
1 0.5225694444444444 0.2986111111111111 0.5301649305555556 0.2986111111111111 0.5323350694444444 0.29716435185185186 0.5329861111111112 0.2945601851851852 0.5325520833333334 0.2902199074074074 0.5297309027777778 0.28501157407407407 0.5251736111111112 0.2838541666666667 0.521484375 0.2855902777777778 0.5201822916666666 0.2884837962962963 0.5208333333333334 0.2951388888888889 0.5225694444444444 0.2986111111111111
1 0.5503472222222222 0.28761574074074076 0.5536024305555556 0.2873263888888889 0.5549045138888888 0.28616898148148145 0.5551215277777778 0.2795138888888889 0.5533854166666666 0.2760416666666667 0.5486111111111112 0.2760416666666667 0.546875 0.2777777777777778 0.5462239583333334 0.2803819444444444 0.5460069444444444 0.2867476851851852 0.5503472222222222 0.28761574074074076
1 0.7068142361111112 0.34056712962962965 0.7215711805555556 0.34230324074074076 0.7243923611111112 0.3414351851851852 0.7259114583333334 0.3382523148148148 0.7261284722222222 0.33130787037037035 0.7228732638888888 0.32494212962962965 0.7202690972222222 0.32233796296296297 0.7163628472222222 0.3211805555555556 0.7087673611111112 0.3211805555555556 0.7063802083333334 0.32233796296296297 0.7037760416666666 0.32957175925925924 0.7044270833333334 0.33883101851851855 0.7068142361111112 0.34056712962962965
1 0.703125 0.3654513888888889 0.7074652777777778 0.37008101851851855 0.7096354166666666 0.37123842592592593 0.7274305555555556 0.3715277777777778 0.7296006944444444 0.37008101851851855 0.7309027777777778 0.3663194444444444 0.7309027777777778 0.35908564814814814 0.7300347222222222 0.3559027777777778 0.7267795138888888 0.3489583333333333 0.7237413194444444 0.34519675925925924 0.7139756944444444 0.34375 0.7065972222222222 0.34519675925925924 0.703125 0.3515625 0.7026909722222222 0.35474537037037035 0.7024739583333334 0.3611111111111111 0.703125 0.3654513888888889
5 0.75390625 0.44820601851851855 0.7552083333333334 0.4508101851851852 0.7571614583333334 0.4513888888888889 0.7588975694444444 0.453125 0.7610677083333334 0.4615162037037037 0.7621527777777778 0.4626736111111111 0.7699652777777778 0.4620949074074074 0.7751736111111112 0.46383101851851855 0.7973090277777778 0.4652777777777778 0.7994791666666666 0.46383101851851855 0.8003472222222222 0.46122685185185186 0.8009982638888888 0.4574652777777778 0.8009982638888888 0.4458912037037037 0.7979600694444444 0.43460648148148145 0.7899305555555556 0.41869212962962965 0.7834201388888888 0.4140625 0.7725694444444444 0.4134837962962963 0.7677951388888888 0.4157986111111111 0.76171875 0.4166666666666667 0.7586805555555556 0.4184027777777778 0.7554253472222222 0.421875 0.7532552083333334 0.4357638888888889 0.7530381944444444 0.44328703703703703 0.75390625 0.44820601851851855
2 0.9459635416666666 0.6753472222222222 0.9461805555555556 0.6863425925925926 0.94921875 0.6987847222222222 0.9529079861111112 0.7034143518518519 0.9563802083333334 0.7013888888888888 0.9583333333333334 0.6918402777777778 0.9596354166666666 0.6892361111111112 0.9605034722222222 0.6785300925925926 0.9618055555555556 0.6753472222222222 0.9611545138888888 0.6721643518518519 0.9618055555555556 0.6678240740740741 0.96484375 0.6660879629629629 0.9724392361111112 0.6652199074074074 0.9756944444444444 0.6660879629629629 0.98046875 0.6698495370370371 0.9826388888888888 0.6684027777777778 0.9817708333333334 0.6649305555555556 0.9798177083333334 0.6623263888888888 0.9780815972222222 0.6579861111111112 0.9774305555555556 0.6536458333333334 0.9752604166666666 0.6475694444444444 0.9724392361111112 0.6435185185185185 0.9722222222222222 0.6400462962962963 0.9730902777777778 0.6377314814814815 0.9730902777777778 0.6333912037037037 0.9722222222222222 0.6302083333333334 0.9702690972222222 0.6270254629629629 0.9674479166666666 0.6255787037037037 0.9633246527777778 0.6264467592592593 0.9609375 0.6296296296296297 0.958984375 0.6354166666666666 0.9583333333333334 0.6400462962962963 0.9576822916666666 0.6412037037037037 0.9546440972222222 0.6423611111111112 0.951171875 0.6475694444444444 0.9453125 0.6634837962962963 0.9442274305555556 0.6695601851851852 0.9459635416666666 0.6753472222222222
6 0.6126302083333334 0.2777777777777778 0.6202256944444444 0.27806712962962965 0.6232638888888888 0.27719907407407407 0.6236979166666666 0.26244212962962965 0.6228298611111112 0.2586805555555556 0.6200086805555556 0.2566550925925926 0.6128472222222222 0.25578703703703703 0.6111111111111112 0.26099537037037035 0.6111111111111112 0.27633101851851855 0.6126302083333334 0.2777777777777778
6 0.18098958333333334 0.6582754629629629 0.1796875 0.6611689814814815 0.18098958333333334 0.6649305555555556 0.1779513888888889 0.6672453703703703 0.16731770833333334 0.6689814814814815 0.16297743055555555 0.6715856481481481 0.1579861111111111 0.6776620370370371 0.14973958333333334 0.6903935185185185 0.146484375 0.6941550925925926 0.14149305555555555 0.7063078703703703 0.13932291666666666 0.7089120370370371 0.1362847222222222 0.7100694444444444 0.13671875 0.7112268518518519 0.1349826388888889 0.7135416666666666 0.13389756944444445 0.7126736111111112 0.1332465277777778 0.7132523148148148 0.1328125 0.7219328703703703 0.13411458333333334 0.7245370370370371 0.1328125 0.7254050925925926 0.1323784722222222 0.7277199074074074 0.1304253472222222 0.7311921296296297 0.12782118055555555 0.7233796296296297 0.12369791666666667 0.7213541666666666 0.11979166666666667 0.7233796296296297 0.11979166666666667 0.7288773148148148 0.12109375 0.7384259259259259 0.123046875 0.7430555555555556 0.1271701388888889 0.7427662037037037 0.12999131944444445 0.7387152777777778 0.13368055555555555 0.7392939814814815 0.13541666666666666 0.7421875 0.13736979166666666 0.7528935185185185 0.13932291666666666 0.7578125 0.13997395833333334 0.7615740740740741 0.140625 0.7774884259259259 0.1421440972222222 0.7864583333333334 0.1421440972222222 0.7931134259259259 0.14366319444444445 0.8000578703703703 0.1440972222222222 0.8206018518518519 0.14735243055555555 0.8313078703703703 0.154296875 0.8414351851851852 0.16102430555555555 0.8440393518518519 0.21202256944444445 0.8440393518518519 0.2341579861111111 0.8425925925925926 0.23936631944444445 0.8396990740740741 0.2437065972222222 0.8327546296296297 0.248046875 0.8287037037037037 0.2526041666666667 0.8295717592592593 0.2549913194444444 0.8313078703703703 0.2586805555555556 0.8313078703703703 0.2621527777777778 0.8275462962962963 0.2658420138888889 0.8197337962962963 0.2686631944444444 0.8107638888888888 0.2697482638888889 0.8041087962962963 0.2701822916666667 0.7913773148148148 0.2712673611111111 0.7835648148148148 0.2732204861111111 0.7809606481481481 0.2797309027777778 0.7806712962962963 0.2810329861111111 0.7792245370370371 0.2816840277777778 0.7734375 0.2810329861111111 0.7711226851851852 0.2808159722222222 0.7615740740740741 0.2823350694444444 0.7552083333333334 0.2829861111111111 0.7543402777777778 0.2864583333333333 0.7546296296296297 0.2940538194444444 0.7476851851851852 0.2979600694444444 0.7392939814814815 0.2994791666666667 0.7375578703703703 0.3042534722222222 0.7265625 0.3109809027777778 0.7170138888888888 0.3122829861111111 0.7129629629629629 0.3177083333333333 0.7048611111111112 0.3263888888888889 0.7034143518518519 0.3302951388888889 0.6973379629629629 0.3313802083333333 0.6932870370370371 0.3302951388888889 0.6750578703703703 0.3326822916666667 0.6652199074074074 0.3357204861111111 0.6588541666666666 0.3420138888888889 0.6516203703703703 0.3500434027777778 0.6339699074074074 0.3504774305555556 0.6177662037037037 0.3489583333333333 0.5951967592592593 0.3483072916666667 0.5925925925925926 0.3461371527777778 0.5905671296296297 0.2899305555555556 0.5899884259259259 0.2827690972222222 0.5911458333333334 0.2810329861111111 0.5888310185185185 0.2805989583333333 0.5865162037037037 0.2805989583333333 0.5760995370370371 0.2795138888888889 0.5662615740740741 0.2775607638888889 0.5613425925925926 0.2762586805555556 0.5598958333333334 0.271484375 0.5598958333333334 0.2649739583333333 0.5642361111111112 0.2554253472222222 0.5746527777777778 0.2526041666666667 0.5792824074074074 0.23958333333333334 0.5954861111111112 0.2365451388888889 0.6006944444444444 0.23046875 0.6061921296296297 0.2165798611111111 0.6223958333333334 0.2144097222222222 0.6273148148148148 0.21158854166666666 0.6394675925925926 0.20963541666666666 0.6446759259259259 0.2068142361111111 0.6464120370370371 0.1851128472222222 0.6464120370370371 0.18229166666666666 0.6438078703703703 0.181640625 0.6440972222222222 0.1801215277777778 0.6504629629629629 0.18098958333333334 0.6582754629629629
6 0.6903211805555556 0.30324074074074076 0.6929253472222222 0.30439814814814814 0.7037760416666666 0.30439814814814814 0.7358940972222222 0.2945601851851852 0.7387152777777778 0.2934027777777778 0.7415364583333334 0.28935185185185186 0.7428385416666666 0.27980324074074076 0.7430555555555556 0.2647569444444444 0.7424045138888888 0.26273148148148145 0.7413194444444444 0.26186342592592593 0.7146267361111112 0.2621527777777778 0.7063802083333334 0.26273148148148145 0.6996527777777778 0.2644675925925926 0.6981336805555556 0.265625 0.6968315972222222 0.2699652777777778 0.6918402777777778 0.2757523148148148 0.6890190972222222 0.2829861111111111 0.6888020833333334 0.30063657407407407 0.6903211805555556 0.30324074074074076
3 0.9416232638888888 0.6533564814814815 0.9459635416666666 0.6582754629629629 0.9466145833333334 0.6579861111111112 0.9459635416666666 0.6605902777777778 0.9463975694444444 0.6637731481481481 0.9463975694444444 0.6608796296296297 0.9470486111111112 0.6571180555555556 0.9518229166666666 0.6475694444444444 0.9548611111111112 0.6429398148148148 0.9592013888888888 0.6403356481481481 0.9585503472222222 0.6377314814814815 0.9587673611111112 0.6336805555555556 0.9559461805555556 0.6302083333333334 0.9392361111111112 0.6290509259259259 0.9364149305555556 0.6302083333333334 0.9351128472222222 0.6339699074074074 0.9346788194444444 0.6420717592592593 0.935546875 0.6475694444444444 0.9366319444444444 0.6481481481481481 0.9385850694444444 0.6516203703703703 0.9416232638888888 0.6533564814814815
3 0.9427083333333334 0.6918402777777778 0.94921875 0.7045717592592593 0.9524739583333334 0.7068865740740741 0.9574652777777778 0.7074652777777778 0.9620225694444444 0.7123842592592593 0.9644097222222222 0.7178819444444444 0.966796875 0.7306134259259259 0.9704861111111112 0.7352430555555556 0.9735243055555556 0.7346643518518519 0.9767795138888888 0.7309027777777778 0.9780815972222222 0.7248263888888888 0.9787326388888888 0.7080439814814815 0.9780815972222222 0.6958912037037037 0.9796006944444444 0.6895254629629629 0.9800347222222222 0.6831597222222222 0.9793836805555556 0.6770833333333334 0.9802517361111112 0.6750578703703703 0.9832899305555556 0.6721643518518519 0.9835069444444444 0.6686921296296297 0.984843293128655 0.6671083089668616 0.9832899305555556 0.6684027777777778 0.9811197916666666 0.6684027777777778 0.9787326388888888 0.6666666666666666 0.9724392361111112 0.6649305555555556 0.9644097222222222 0.6660879629629629 0.958984375 0.6689814814814815 0.9587673611111112 0.6684027777777778 0.9585503472222222 0.6883680555555556 0.9557291666666666 0.6958912037037037 0.953125 0.6976273148148148 0.9487847222222222 0.6892361111111112 0.9481336805555556 0.6820023148148148 0.9498697916666666 0.6788194444444444 0.9476996527777778 0.6756365740740741 0.9476996527777778 0.6684027777777778 0.9463975694444444 0.6652199074074074 0.9463975694444444 0.6637731481481481 0.9427083333333334 0.6710069444444444 0.9422743055555556 0.6750578703703703 0.9392361111111112 0.6785300925925926 0.939453125 0.6814236111111112 0.9427083333333334 0.6918402777777778
3 0.9461805555555556 0.6710069444444444 0.9466145833333334 0.6684027777777778 0.9461805555555556 0.6672453703703703 0.9453125 0.6681134259259259 0.9453125 0.6701388888888888 0.9461805555555556 0.6710069444444444
3 0.939453125 0.6811342592592593 0.9427083333333334 0.6912615740740741 0.9440104166666666 0.6927083333333334 0.9461805555555556 0.6984953703703703 0.9476996527777778 0.6999421296296297 0.9490017361111112 0.7039930555555556 0.9529079861111112 0.7068865740740741 0.9568142361111112 0.7068865740740741 0.9622395833333334 0.7126736111111112 0.9639756944444444 0.7161458333333334 0.966796875 0.7306134259259259 0.9700520833333334 0.7349537037037037 0.9735243055555556 0.7346643518518519 0.9748263888888888 0.7335069444444444 0.9774305555555556 0.7294560185185185 0.9782986111111112 0.7222222222222222 0.9780815972222222 0.6953125 0.9796006944444444 0.6895254629629629 0.9800347222222222 0.6843171296296297 0.9791666666666666 0.6779513888888888 0.9798177083333334 0.6753472222222222 0.9826388888888888 0.6724537037037037 0.9828559027777778 0.6712962962962963 0.9796006944444444 0.6681134259259259 0.9737413194444444 0.6652199074074074 0.9672309027777778 0.6655092592592593 0.9596354166666666 0.6684027777777778 0.9602864583333334 0.6724537037037037 0.9618055555555556 0.6756365740740741 0.9574652777777778 0.6956018518518519 0.9561631944444444 0.6984953703703703 0.9542100694444444 0.6990740740740741 0.9529079861111112 0.6990740740740741 0.9490017361111112 0.6924189814814815 0.9457465277777778 0.6767939814814815 0.9440104166666666 0.6756365740740741 0.94140625 0.6765046296296297 0.9392361111111112 0.6785300925925926 0.939453125 0.6811342592592593
3 0.9876302083333334 0.6657986111111112 0.9884982638888888 0.6652199074074074 0.9895833333333334 0.6614583333333334 0.9880642361111112 0.6603009259259259 0.9861111111111112 0.6614583333333334 0.9852430555555556 0.6649305555555556 0.9876302083333334 0.6657986111111112
3 0.5399305555555556 0.3524305555555556 0.5438368055555556 0.3524305555555556 0.5453559027777778 0.35011574074074076 0.5457899305555556 0.34780092592592593 0.5451388888888888 0.3382523148148148 0.5434027777777778 0.3350694444444444 0.5418836805555556 0.3350694444444444 0.5399305555555556 0.3353587962962963 0.5388454861111112 0.3385416666666667 0.5390625 0.3509837962962963 0.5399305555555556 0.3524305555555556