8 0.359375 0.325 0.36562500000000003 0.31666666666666665 0.36328125 0.3041666666666667 0.35859375000000004 0.2986111111111111 0.3515625 0.30277777777777776 0.353125 0.32361111111111107 0.359375 0.325
8 0.82578125 0.998611111111111 0.9234375 0.998611111111111 0.9593750000000001 0.9930555555555556 0.9828125000000001 0.998611111111111 0.9945312500000001 0.9958333333333333 0.91953125 0.9 0.9007812500000001 0.8791666666666667 0.88828125 0.8708333333333333 0.85859375 0.8722222222222222 0.8453125 0.8777777777777778 0.84140625 0.8972222222222221 0.828125 0.9222222222222222 0.8265625000000001 0.9444444444444444 0.8226562500000001 0.9583333333333334 0.8210937500000001 0.9861111111111112 0.82578125 0.998611111111111
8 0.2265625 0.3805555555555556 0.24531250000000002 0.37916666666666665 0.246875 0.36527777777777776 0.24375000000000002 0.3444444444444444 0.234375 0.3402777777777778 0.225 0.3472222222222222 0.22421875000000002 0.3694444444444444 0.2265625 0.3805555555555556
8 0.35859375000000004 0.3833333333333333 0.36250000000000004 0.3875 0.36562500000000003 0.3722222222222222 0.36250000000000004 0.35138888888888886 0.359375 0.3458333333333333 0.34453125 0.3458333333333333 0.3453125 0.3847222222222222 0.35859375000000004 0.3833333333333333
8 0.34687500000000004 0.30277777777777776 0.353125 0.2861111111111111 0.3515625 0.2805555555555555 0.34296875000000004 0.2777777777777778 0.33984375 0.28194444444444444 0.340625 0.3013888888888889 0.34687500000000004 0.30277777777777776
1 0.2828125 0.2791666666666667 0.28515625000000006 0.27499999999999997 0.28437500000000004 0.26805555555555555 0.2828125 0.2638888888888889 0.27890625 0.26666666666666666 0.278125 0.2777777777777778 0.2828125 0.2791666666666667
1 0.3375 0.7097222222222221 0.35468750000000004 0.7125 0.38046875 0.7083333333333334 0.38828125 0.7027777777777777 0.38906250000000003 0.6694444444444444 0.38515625000000003 0.65 0.3875 0.6361111111111112 0.38203125000000004 0.6305555555555555 0.371875 0.5944444444444444 0.36640625000000004 0.5902777777777778 0.34296875000000004 0.5930555555555556 0.33437500000000003 0.6111111111111112 0.33203125 0.625 0.33125000000000004 0.6472222222222221 0.3375 0.7097222222222221
1 0.23046875 0.3069444444444444 0.2421875 0.3055555555555556 0.24140625000000002 0.29305555555555557 0.23828125 0.2861111111111111 0.23125 0.2861111111111111 0.22734375 0.2916666666666667 0.2265625 0.3013888888888889 0.23046875 0.3069444444444444
1 0.32109375 0.2916666666666667 0.32734375000000004 0.2916666666666667 0.3296875 0.2875 0.32421875 0.26666666666666666 0.31796875 0.2736111111111111 0.3171875 0.2833333333333333 0.32109375 0.2916666666666667
1 0.359375 0.325 0.36562500000000003 0.31666666666666665 0.36562500000000003 0.3097222222222222 0.35859375000000004 0.2986111111111111 0.3515625 0.30277777777777776 0.35234375 0.32361111111111107 0.359375 0.325
5 0.65546875 0.7444444444444444 0.6640625 0.7513888888888888 0.69296875 0.7916666666666666 0.7015625000000001 0.8152777777777778 0.7234375000000001 0.8263888888888888 0.7546875000000001 0.8222222222222222 0.7640625000000001 0.8166666666666667 0.765625 0.7888888888888889 0.759375 0.7652777777777777 0.74609375 0.7444444444444444 0.7445312500000001 0.7305555555555555 0.7328125000000001 0.7194444444444444 0.72421875 0.7013888888888888 0.71015625 0.6847222222222222 0.69921875 0.6777777777777778 0.665625 0.6763888888888888 0.65546875 0.6819444444444444 0.65 0.7013888888888888 0.6492187500000001 0.7208333333333333 0.65546875 0.7444444444444444
1 0.20390625 0.3583333333333333 0.22109375 0.35555555555555557 0.22031250000000002 0.33749999999999997 0.21406250000000002 0.33194444444444443 0.20625000000000002 0.3333333333333333 0.20234375000000002 0.3402777777777778 0.20390625 0.3583333333333333
1 0.25625000000000003 0.2736111111111111 0.259375 0.26249999999999996 0.2546875 0.2583333333333333 0.25 0.2652777777777778 0.25078125 0.2736111111111111 0.25625000000000003 0.2736111111111111
1 0.30703125000000003 0.3569444444444444 0.32421875 0.3569444444444444 0.32578125 0.3430555555555555 0.32265625000000003 0.3305555555555555 0.3171875 0.325 0.30859375 0.3277777777777778 0.30625 0.33194444444444443 0.30703125000000003 0.3569444444444444
1 0.25625000000000003 0.3305555555555555 0.25625000000000003 0.3208333333333333 0.2515625 0.3111111111111111 0.24375000000000002 0.3111111111111111 0.23984375000000002 0.31666666666666665 0.240625 0.3333333333333333 0.25625000000000003 0.3305555555555555
1 0.28359375000000003 0.2986111111111111 0.2828125 0.2861111111111111 0.27578125000000003 0.2875 0.27578125000000003 0.2986111111111111 0.28359375000000003 0.2986111111111111
1 0.26562500000000006 0.29583333333333334 0.26562500000000006 0.2847222222222222 0.26328125 0.2805555555555555 0.25390625000000006 0.28194444444444444 0.25312500000000004 0.29583333333333334 0.26562500000000006 0.29583333333333334
1 0.25234375000000003 0.2833333333333333 0.2484375 0.2708333333333333 0.2421875 0.27638888888888885 0.2421875 0.2861111111111111 0.25234375000000003 0.2833333333333333
1 0.26171875000000006 0.3972222222222222 0.28203125 0.3930555555555555 0.2828125 0.37777777777777777 0.278125 0.3625 0.26562500000000006 0.3611111111111111 0.26015625000000003 0.3694444444444444 0.259375 0.3902777777777778 0.26171875000000006 0.3972222222222222
1 0.34375 0.26805555555555555 0.3453125 0.25972222222222224 0.33906250000000004 0.2569444444444444 0.3375 0.2652777777777778 0.34375 0.26805555555555555
1 0.38984375000000004 0.3958333333333333 0.40937500000000004 0.39444444444444443 0.40937500000000004 0.3847222222222222 0.403125 0.3666666666666667 0.39140625 0.3638888888888889 0.38515625000000003 0.3694444444444444 0.384375 0.3847222222222222 0.38984375000000004 0.3958333333333333
1 0.39296875000000003 0.5513888888888888 0.40078125000000003 0.5472222222222222 0.42578125 0.5472222222222222 0.42421875000000003 0.5041666666666667 0.42031250000000003 0.5 0.41250000000000003 0.4722222222222222 0.390625 0.4722222222222222 0.38593750000000004 0.4888888888888889 0.38515625000000003 0.5249999999999999 0.39296875000000003 0.5513888888888888
1 0.15546875000000002 0.5444444444444444 0.17734375000000002 0.5375 0.1921875 0.5402777777777777 0.19921875 0.5208333333333334 0.19921875 0.49027777777777776 0.19687500000000002 0.4847222222222222 0.18515625000000002 0.4777777777777778 0.16328125000000002 0.4819444444444444 0.15625 0.4916666666666667 0.15390625000000002 0.5069444444444444 0.153125 0.5375 0.15546875000000002 0.5444444444444444
1 0.328125 0.3083333333333333 0.33359375 0.3 0.32890625 0.29027777777777775 0.321875 0.29583333333333334 0.32265625000000003 0.3083333333333333 0.328125 0.3083333333333333
1 0.30390625000000004 0.3277777777777778 0.31796875 0.32361111111111107 0.3125 0.3055555555555556 0.30625 0.30277777777777776 0.30234375 0.3069444444444444 0.3015625 0.3180555555555556 0.30390625000000004 0.3277777777777778
1 0.5468750000000001 0.5652777777777778 0.5531250000000001 0.5833333333333334 0.5882812500000001 0.5833333333333334 0.5906250000000001 0.5791666666666666 0.59296875 0.5708333333333333 0.5921875000000001 0.561111111111111 0.5843750000000001 0.5416666666666666 0.5843750000000001 0.5333333333333333 0.5671875000000001 0.5083333333333333 0.5593750000000001 0.5027777777777778 0.5390625000000001 0.5041666666666667 0.5335937500000001 0.5194444444444445 0.5328125 0.5527777777777777 0.5468750000000001 0.5652777777777778
1 0.26562500000000006 0.2833333333333333 0.275 0.2833333333333333 0.27421875 0.26805555555555555 0.26171875000000006 0.26805555555555555 0.26093750000000004 0.27499999999999997 0.26562500000000006 0.2833333333333333
1 0.33203125 0.2847222222222222 0.3375 0.2847222222222222 0.34140625 0.2791666666666667 0.33828125000000003 0.2708333333333333 0.33359375 0.2708333333333333 0.33046875000000003 0.27499999999999997 0.33203125 0.2847222222222222
1 0.2828125 0.3180555555555556 0.2828125 0.3055555555555556 0.28046875000000004 0.3013888888888889 0.27109375 0.30277777777777776 0.2703125 0.3180555555555556 0.2828125 0.3180555555555556
1 0.28359375000000003 0.3402777777777778 0.2828125 0.32361111111111107 0.28046875000000004 0.3194444444444444 0.27109375 0.3194444444444444 0.26796875000000003 0.3263888888888889 0.26875000000000004 0.3430555555555555 0.28359375000000003 0.3402777777777778
1 0.30390625000000004 0.2986111111111111 0.30859375 0.2944444444444444 0.30703125000000003 0.2791666666666667 0.29921875000000003 0.2805555555555555 0.30000000000000004 0.29583333333333334 0.30390625000000004 0.2986111111111111
1 0.3140625 0.4194444444444444 0.31640625 0.4263888888888889 0.33828125000000003 0.4263888888888889 0.33828125000000003 0.4027777777777778 0.33359375 0.3888888888888889 0.3171875 0.3902777777777778 0.3140625 0.3972222222222222 0.3140625 0.4194444444444444
1 0.33359375 0.2791666666666667 0.33671875 0.2722222222222222 0.33515625000000004 0.26249999999999996 0.32734375000000004 0.2638888888888889 0.32734375000000004 0.27499999999999997 0.33359375 0.2791666666666667
1 0.23203125000000002 0.3222222222222222 0.22968750000000002 0.3083333333333333 0.2265625 0.3041666666666667 0.22031250000000002 0.3055555555555556 0.21640625000000002 0.3125 0.2171875 0.325 0.23203125000000002 0.3222222222222222
1 0.11171875 0.998611111111111 0.209375 0.9958333333333333 0.20859375000000002 0.9694444444444444 0.19765625 0.9458333333333333 0.15937500000000002 0.9486111111111112 0.1296875 0.9625 0.11796875000000001 0.9763888888888889 0.11093750000000001 0.9944444444444444 0.11171875 0.998611111111111
1 0.36250000000000004 0.3416666666666667 0.37578125 0.3402777777777778 0.37265625 0.3222222222222222 0.36484375 0.31527777777777777 0.36015625 0.32361111111111107 0.359375 0.3361111111111111 0.36250000000000004 0.3416666666666667
1 0.39296875000000003 0.3486111111111111 0.4078125 0.3486111111111111 0.4078125 0.33194444444444443 0.40390625 0.3208333333333333 0.3953125 0.3194444444444444 0.390625 0.3277777777777778 0.38984375000000004 0.3402777777777778 0.39296875000000003 0.3486111111111111
1 0.3125 0.30277777777777776 0.31875000000000003 0.30277777777777776 0.31875000000000003 0.29027777777777775 0.31015625 0.2847222222222222 0.30859375 0.29305555555555557 0.3125 0.30277777777777776
1 0.8796875000000001 0.3430555555555555 0.88984375 0.3458333333333333 0.8968750000000001 0.33749999999999997 0.90546875 0.3388888888888889 0.9109375000000001 0.35138888888888886 0.91953125 0.3527777777777778 0.925 0.3486111111111111 0.93125 0.3361111111111111 0.9421875000000001 0.3388888888888889 0.9484375 0.3333333333333333 0.9593750000000001 0.33194444444444443 0.96796875 0.3430555555555555 0.97578125 0.3416666666666667 0.98359375 0.3138888888888889 0.98359375 0.2944444444444444 0.97265625 0.2722222222222222 0.9593750000000001 0.26666666666666666 0.9375 0.2652777777777778 0.9171875 0.2722222222222222 0.8984375 0.29027777777777775 0.878125 0.29583333333333334 0.8718750000000001 0.3069444444444444 0.87109375 0.33194444444444443 0.8796875000000001 0.3430555555555555
1 0.40859375000000003 0.4444444444444444 0.43203125000000003 0.4444444444444444 0.43281250000000004 0.425 0.42578125 0.4069444444444444 0.42031250000000003 0.4027777777777778 0.40703125 0.4041666666666667 0.403125 0.4111111111111111 0.403125 0.4347222222222222 0.40859375000000003 0.4444444444444444
5 0.5265625 0.6888888888888888 0.540625 0.7166666666666666 0.54453125 0.7374999999999999 0.5593750000000001 0.7444444444444444 0.59375 0.7416666666666666 0.60078125 0.7374999999999999 0.6015625 0.7152777777777778 0.5898437500000001 0.6749999999999999 0.59140625 0.6680555555555555 0.5843750000000001 0.661111111111111 0.56796875 0.6305555555555555 0.5570312500000001 0.623611111111111 0.5296875000000001 0.625 0.52265625 0.6305555555555555 0.51875 0.6458333333333334 0.51875 0.6805555555555556 0.5265625 0.6888888888888888
1 0.32734375000000004 0.3194444444444444 0.33984375 0.3208333333333333 0.33906250000000004 0.3055555555555556 0.33125000000000004 0.3 0.32656250000000003 0.3097222222222222 0.32734375000000004 0.3194444444444444
1 0.33671875 0.35555555555555557 0.340625 0.35555555555555557 0.34296875000000004 0.3416666666666667 0.35078125000000004 0.3347222222222222 0.3453125 0.3277777777777778 0.33828125000000003 0.32916666666666666 0.33515625000000004 0.3347222222222222 0.33437500000000003 0.3458333333333333 0.33671875 0.35555555555555557
1 0.278125 0.25277777777777777 0.27734375000000006 0.2472222222222222 0.27187500000000003 0.24583333333333335 0.27109375 0.25416666666666665 0.278125 0.25277777777777777
1 0.31953125000000004 0.4888888888888889 0.32109375 0.5180555555555555 0.35234375 0.5180555555555555 0.353125 0.48055555555555557 0.3484375 0.475 0.34609375000000003 0.4652777777777778 0.33984375 0.4597222222222222 0.32578125 0.4611111111111111 0.32265625000000003 0.4652777777777778 0.3171875 0.4819444444444444 0.31953125000000004 0.4888888888888889
1 0.353125 0.2736111111111111 0.34921875 0.2638888888888889 0.34453125 0.26666666666666666 0.34453125 0.27499999999999997 0.353125 0.2736111111111111
1 0.45 0.4361111111111111 0.4546875 0.4458333333333333 0.47734375 0.4444444444444444 0.478125 0.4347222222222222 0.47421875 0.4152777777777778 0.46640625 0.4013888888888889 0.45 0.3986111111111111 0.44609375 0.4111111111111111 0.44609375 0.4347222222222222 0.45 0.4361111111111111
1 0.45156250000000003 0.9958333333333333 0.44921875 0.9874999999999999 0.4421875 0.9805555555555555 0.39453125 0.9902777777777778 0.38984375000000004 0.9944444444444444 0.3875 0.998611111111111 0.45156250000000003 0.9958333333333333
2 0.7351562500000001 0.3930555555555555 0.73046875 0.4013888888888889 0.7351562500000001 0.4041666666666667 0.7367187500000001 0.37916666666666665 0.73359375 0.3708333333333333 0.73046875 0.3763888888888889 0.7296875 0.3888888888888889 0.7351562500000001 0.3930555555555555
2 0.71875 0.3972222222222222 0.7234375000000001 0.39999999999999997 0.72578125 0.37916666666666665 0.7234375000000001 0.3694444444444444 0.7203125 0.3680555555555556 0.71796875 0.37916666666666665 0.71875 0.3972222222222222
4 0.24140625000000002 0.4958333333333333 0.25390625000000006 0.4888888888888889 0.27109375 0.4916666666666667 0.27187500000000003 0.4458333333333333 0.26562500000000006 0.4388888888888889 0.2515625 0.4388888888888889 0.24375000000000002 0.4430555555555556 0.23984375000000002 0.4527777777777778 0.23828125 0.47638888888888886 0.24140625000000002 0.4958333333333333
5 0.33671875 0.35555555555555557 0.34140625 0.35555555555555557 0.34296875000000004 0.3416666666666667 0.35234375 0.3347222222222222 0.3453125 0.3277777777777778 0.33828125000000003 0.32916666666666666 0.33515625000000004 0.3347222222222222 0.33437500000000003 0.3458333333333333 0.33671875 0.35555555555555557
6 0.1015625 0.5375 0.10234375000000001 0.5319444444444444 0.09921875000000001 0.5361111111111111 0.09843750000000001 0.5388888888888889 0.1015625 0.5375
6 0 0.6666666666666666 0.0023437500000000003 0.6680555555555555 0.004687500000000001 0.6819444444444444 0.045312500000000006 0.6763888888888888 0.05625 0.6652777777777777 0.06328125000000001 0.6638888888888889 0.06875 0.6527777777777778 0.07031250000000001 0.6375 0.09062500000000001 0.6027777777777777 0.09531250000000001 0.5874999999999999 0.09375 0.5375 0.0859375 0.5 0.07578125000000001 0.4736111111111111 0.03515625000000001 0.475 0.014843750000000001 0.4847222222222222 0 0.5027777777777778 0 0.6666666666666666