6 0.27578125000000003 0.7875000000000001 0.2794270833333333 0.7916666666666666 0.28619791666666666 0.7967592592592594 0.29010416666666666 0.7976851851851853 0.29322916666666665 0.8009259259259259 0.2986979166666667 0.800462962962963 0.3033854166666667 0.7967592592592594 0.3125 0.7967592592592594 0.3171875 0.7949074074074075 0.3203125 0.7967592592592594 0.3229166666666667 0.7962962962962963 0.32421875 0.7953703703703704 0.3247395833333333 0.7930555555555556 0.3247395833333333 0.7740740740740741 0.3255208333333333 0.7694444444444445 0.3315104166666667 0.7555555555555556 0.33489583333333334 0.7384259259259259 0.33515625 0.713425925925926 0.3299479166666667 0.7027777777777778 0.3244791666666667 0.6986111111111112 0.3169270833333333 0.6972222222222222 0.2989583333333333 0.6972222222222222 0.29296875 0.6990740740740741 0.28828125000000004 0.7027777777777778 0.28177083333333336 0.7143518518518519 0.27578125000000003 0.7375 0.2734375 0.7569444444444444 0.27395833333333336 0.7791666666666667 0.27578125000000003 0.7875000000000001
8 0.22447916666666667 0.6222222222222222 0.22708333333333336 0.6245370370370371 0.25156249999999997 0.6254629629629629 0.2578125 0.6143518518518519 0.26875000000000004 0.5986111111111112 0.2703125 0.5856481481481481 0.26979166666666665 0.5777777777777778 0.26640625 0.5662037037037038 0.2604166666666667 0.5564814814814815 0.25625000000000003 0.5537037037037037 0.24609375 0.5537037037037037 0.23776041666666667 0.5569444444444445 0.22630208333333335 0.5699074074074074 0.22369791666666666 0.5777777777777778 0.2234375 0.6171296296296297 0.22447916666666667 0.6222222222222222
8 0.45989583333333334 0.7083333333333334 0.4614583333333333 0.7157407407407409 0.4619791666666667 0.7347222222222223 0.4651041666666667 0.7689814814814816 0.4658854166666667 0.7712962962962964 0.4669270833333333 0.7731481481481481 0.4697916666666667 0.7740740740740741 0.4916666666666667 0.7745370370370371 0.50390625 0.7726851851851853 0.5072916666666667 0.7694444444444445 0.5085937500000001 0.7662037037037037 0.5091145833333334 0.7402777777777778 0.5067708333333334 0.7157407407407409 0.5083333333333333 0.7097222222222223 0.5041666666666667 0.6981481481481482 0.49921875 0.6708333333333334 0.4947916666666667 0.6555555555555556 0.49114583333333334 0.6509259259259259 0.4653645833333333 0.651388888888889 0.46380208333333334 0.6541666666666667 0.4604166666666667 0.6800925925925926 0.4596354166666667 0.6925925925925925 0.45989583333333334 0.7083333333333334
1 0.3744791666666667 0.6472222222222223 0.3760416666666667 0.6486111111111111 0.4010416666666667 0.6486111111111111 0.4044270833333333 0.6472222222222223 0.4067708333333333 0.6324074074074074 0.4072916666666667 0.5990740740740741 0.4065104166666667 0.5953703703703703 0.4026041666666667 0.5879629629629629 0.3979166666666667 0.5856481481481481 0.3841145833333333 0.5865740740740741 0.3799479166666667 0.588425925925926 0.3765625 0.5995370370370371 0.3765625 0.6060185185185185 0.3729166666666667 0.6287037037037038 0.3736979166666667 0.6444444444444445 0.3744791666666667 0.6472222222222223
1 0.5192708333333333 0.4865740740740741 0.5268229166666667 0.4921296296296297 0.5328125 0.5009259259259259 0.5403645833333334 0.4990740740740741 0.5424479166666667 0.49537037037037035 0.5427083333333333 0.48888888888888893 0.5419270833333334 0.4837962962962963 0.5398437500000001 0.4763888888888889 0.5361979166666667 0.4699074074074074 0.5330729166666667 0.4680555555555556 0.5242187500000001 0.46898148148148155 0.5171875 0.47870370370370374 0.5169270833333334 0.48101851851851857 0.5192708333333333 0.4865740740740741
1 0.4377604166666667 0.4726851851851852 0.4494791666666667 0.47361111111111115 0.45208333333333334 0.4708333333333333 0.4518229166666667 0.4555555555555556 0.4494791666666667 0.4481481481481482 0.4463541666666667 0.4462962962962963 0.4393229166666667 0.44722222222222224 0.43828125 0.4486111111111111 0.43671875 0.45648148148148154 0.43645833333333334 0.4699074074074074 0.4377604166666667 0.4726851851851852
1 0.4010416666666667 0.48703703703703705 0.41302083333333334 0.4865740740740741 0.4153645833333333 0.4842592592592593 0.4158854166666667 0.47361111111111115 0.4143229166666667 0.4638888888888889 0.4119791666666667 0.46111111111111114 0.4026041666666667 0.4620370370370371 0.40130208333333334 0.4638888888888889 0.3994791666666667 0.47175925925925927 0.39921875 0.47731481481481486 0.4010416666666667 0.48703703703703705
1 0.28281249999999997 0.5444444444444445 0.29401041666666666 0.5435185185185185 0.2963541666666667 0.5453703703703704 0.3002604166666667 0.5453703703703704 0.3057291666666667 0.5365740740740741 0.3065104166666667 0.5328703703703704 0.3052083333333333 0.5189814814814815 0.30364583333333334 0.5138888888888888 0.30052083333333335 0.5111111111111112 0.28932291666666665 0.5138888888888888 0.28671874999999997 0.5157407407407407 0.2846354166666667 0.5189814814814815 0.28229166666666666 0.5291666666666667 0.28177083333333336 0.5407407407407407 0.28281249999999997 0.5444444444444445
5 0.5442708333333334 0.5842592592592593 0.5471354166666667 0.5856481481481481 0.5640625 0.5856481481481481 0.5671875000000001 0.5814814814814815 0.5682291666666667 0.5750000000000001 0.5674479166666667 0.5671296296296297 0.5604166666666667 0.5472222222222223 0.5570312500000001 0.5430555555555556 0.55078125 0.5407407407407407 0.5440104166666667 0.5412037037037037 0.5385416666666667 0.5453703703703704 0.5364583333333334 0.55 0.5364583333333334 0.5685185185185185 0.5442708333333334 0.5842592592592593
4 0.4494791666666667 0.5643518518518519 0.4505208333333333 0.5666666666666667 0.46718750000000003 0.5671296296296297 0.4697916666666667 0.5689814814814815 0.4721354166666667 0.5675925925925926 0.4731770833333333 0.5643518518518519 0.4736979166666667 0.5486111111111112 0.4703125 0.5328703703703704 0.46718750000000003 0.5268518518518519 0.4619791666666667 0.5240740740740741 0.4533854166666667 0.525 0.4510416666666667 0.5282407407407408 0.44921875 0.5333333333333333 0.4486979166666667 0.5453703703703704 0.4494791666666667 0.5643518518518519
1 0.3307291666666667 0.475925925925926 0.3419270833333333 0.475462962962963 0.34375 0.47361111111111115 0.3453125 0.46342592592592596 0.34348958333333335 0.45694444444444443 0.3419270833333333 0.45509259259259266 0.3346354166666667 0.45462962962962966 0.3315104166666667 0.4587962962962963 0.32890625 0.4680555555555556 0.32890625 0.4740740740740741 0.3307291666666667 0.475925925925926
1 0.3127604166666667 0.55 0.3140625 0.5513888888888889 0.32395833333333335 0.550462962962963 0.3322916666666667 0.5518518518518518 0.33489583333333334 0.550462962962963 0.3380208333333333 0.5421296296296296 0.33880208333333334 0.5296296296296297 0.33828125000000003 0.525925925925926 0.3328125 0.5185185185185185 0.3244791666666667 0.5175925925925926 0.31796875 0.5217592592592593 0.3140625 0.5300925925925926 0.3119791666666667 0.537962962962963 0.3119791666666667 0.5462962962962963 0.3127604166666667 0.55
1 0.4848958333333333 0.46666666666666673 0.4869791666666667 0.4680555555555556 0.49843750000000003 0.4680555555555556 0.49921875 0.46666666666666673 0.5002604166666667 0.46296296296296297 0.49973958333333335 0.4532407407407408 0.49843750000000003 0.44907407407407407 0.4947916666666667 0.44398148148148153 0.4916666666666667 0.4416666666666667 0.4885416666666667 0.44212962962962965 0.4838541666666667 0.45 0.48359375 0.46342592592592596 0.4848958333333333 0.46666666666666673
1 0.30859375 0.5078703703703704 0.3098958333333333 0.5092592592592593 0.3247395833333333 0.5097222222222223 0.3286458333333333 0.5046296296296297 0.33046875000000003 0.4976851851851852 0.3307291666666667 0.4930555555555556 0.3291666666666667 0.4861111111111111 0.3244791666666667 0.48148148148148145 0.3169270833333333 0.4837962962962963 0.3106770833333333 0.48842592592592593 0.3080729166666667 0.4976851851851852 0.3078125 0.5046296296296297 0.30859375 0.5078703703703704
5 0.15390625 0.7199074074074074 0.1578125 0.727314814814815 0.16119791666666666 0.7291666666666666 0.18281250000000002 0.7291666666666666 0.18932291666666667 0.7333333333333334 0.19166666666666665 0.7305555555555556 0.19322916666666667 0.7199074074074074 0.19557291666666665 0.7148148148148148 0.20208333333333334 0.7050925925925926 0.20651041666666667 0.7027777777777778 0.20911458333333335 0.6990740740740741 0.20989583333333334 0.6962962962962963 0.20963541666666666 0.6726851851851853 0.20651041666666667 0.6615740740740741 0.20364583333333336 0.6597222222222222 0.18151041666666667 0.6560185185185186 0.17473958333333334 0.6564814814814816 0.16848958333333336 0.6606481481481482 0.1578125 0.675462962962963 0.15494791666666666 0.6847222222222222 0.15390625 0.6916666666666667 0.15182291666666667 0.6967592592592593 0.15156250000000002 0.7004629629629631 0.15390625 0.7199074074074074
1 0.040364583333333336 0.9120370370370371 0.04296875 0.9231481481481482 0.04609375 0.9287037037037038 0.05078125 0.9342592592592593 0.05755208333333334 0.9379629629629631 0.07005208333333333 0.9425925925925926 0.078125 0.9416666666666667 0.08489583333333334 0.9453703703703704 0.08854166666666667 0.938888888888889 0.08958333333333333 0.9217592592592594 0.09375 0.9120370370370371 0.10520833333333333 0.8916666666666667 0.10833333333333334 0.8879629629629631 0.11302083333333333 0.8870370370370372 0.11588541666666667 0.8833333333333334 0.11770833333333333 0.8685185185185186 0.11640625 0.8486111111111112 0.10911458333333333 0.8342592592592594 0.10625 0.8310185185185185 0.10052083333333334 0.8277777777777778 0.09375 0.8263888888888888 0.08385416666666667 0.826851851851852 0.07447916666666668 0.8319444444444445 0.06276041666666667 0.8324074074074075 0.05677083333333334 0.838888888888889 0.046614583333333334 0.8574074074074075 0.04296875 0.8666666666666667 0.039843750000000004 0.8861111111111112 0.039322916666666666 0.8958333333333334 0.040364583333333336 0.9120370370370371
1 0.515625 0.663425925925926 0.5205729166666667 0.675 0.5223958333333334 0.6893518518518519 0.5236979166666667 0.6916666666666667 0.5257812500000001 0.6935185185185185 0.5544270833333333 0.6930555555555556 0.5606770833333333 0.6907407407407408 0.5630208333333333 0.6745370370370372 0.5619791666666667 0.6615740740740741 0.5604166666666667 0.6541666666666667 0.5588541666666667 0.6509259259259259 0.5591145833333333 0.6472222222222223 0.5606770833333333 0.6435185185185185 0.5593750000000001 0.6407407407407407 0.55625 0.6379629629629631 0.5505208333333333 0.6217592592592593 0.5421874999999999 0.6050925925925926 0.5372395833333333 0.6023148148148147 0.5294270833333333 0.6023148148148147 0.5192708333333333 0.6050925925925926 0.515625 0.6143518518518519 0.5135416666666667 0.6305555555555556 0.5135416666666667 0.6541666666666667 0.515625 0.663425925925926
1 0.47500000000000003 0.5120370370370371 0.4768229166666667 0.5166666666666667 0.4924479166666667 0.5166666666666667 0.4942708333333333 0.5152777777777778 0.49505208333333334 0.5097222222222223 0.49505208333333334 0.4981481481481482 0.49114583333333334 0.4865740740740741 0.48828125 0.4819444444444445 0.48359375 0.4800925925925926 0.47734375 0.48287037037037045 0.47500000000000003 0.4865740740740741 0.4739583333333333 0.49074074074074076 0.4739583333333333 0.5041666666666667 0.47500000000000003 0.5120370370370371
1 0.3924479166666667 0.5398148148148149 0.39375 0.5412037037037037 0.4005208333333333 0.5398148148148149 0.4114583333333333 0.5402777777777777 0.41380208333333335 0.5370370370370371 0.41380208333333335 0.5180555555555556 0.4114583333333333 0.5101851851851852 0.40911458333333334 0.5078703703703704 0.40130208333333334 0.5074074074074074 0.3971354166666667 0.5087962962962963 0.3940104166666667 0.513425925925926 0.3921875 0.525925925925926 0.3919270833333333 0.5370370370370371 0.3924479166666667 0.5398148148148149
1 0.5122395833333333 0.5199074074074075 0.5148437499999999 0.5222222222222223 0.5304687499999999 0.5222222222222223 0.5320312500000001 0.5203703703703704 0.5330729166666667 0.5120370370370371 0.5325520833333334 0.5060185185185185 0.5304687499999999 0.4990740740740741 0.5260416666666666 0.4921296296296297 0.5216145833333333 0.48981481481481487 0.5153645833333333 0.48981481481481487 0.5122395833333333 0.4916666666666667 0.5101562500000001 0.4981481481481482 0.5101562500000001 0.5125000000000001 0.5122395833333333 0.5199074074074075
5 0.17057291666666666 0.8185185185185185 0.171875 0.8217592592592593 0.17500000000000002 0.8250000000000001 0.18020833333333336 0.827314814814815 0.20260416666666667 0.8305555555555556 0.20963541666666666 0.8282407407407407 0.21432291666666667 0.8240740740740741 0.21770833333333334 0.8092592592592593 0.22942708333333334 0.7847222222222222 0.23463541666666665 0.7787037037037038 0.23567708333333334 0.7736111111111112 0.23567708333333334 0.7625000000000001 0.23411458333333335 0.7518518518518519 0.23098958333333336 0.7439814814814816 0.22734375 0.7407407407407407 0.21848958333333335 0.7375 0.20651041666666667 0.737962962962963 0.18932291666666667 0.7462962962962963 0.18541666666666667 0.751388888888889 0.18229166666666666 0.7583333333333334 0.16875 0.7967592592592594 0.16848958333333336 0.8018518518518519 0.17057291666666666 0.8185185185185185
1 0.5101562500000001 0.4675925925925926 0.5190104166666667 0.4680555555555556 0.5221354166666666 0.46666666666666673 0.5231770833333333 0.4638888888888889 0.5234375 0.45694444444444443 0.5226562499999999 0.45277777777777783 0.5190104166666667 0.4449074074074075 0.5161458333333333 0.4430555555555556 0.5114583333333333 0.44259259259259265 0.5085937500000001 0.44398148148148153 0.5067708333333334 0.4537037037037037 0.5067708333333334 0.46296296296296297 0.5101562500000001 0.4675925925925926
4 0.37786458333333334 0.46342592592592596 0.3888020833333333 0.46342592592592596 0.39036458333333335 0.4625 0.39140625 0.45972222222222225 0.39140625 0.4481481481481482 0.390625 0.4444444444444444 0.3880208333333333 0.44120370370370376 0.3833333333333333 0.4402777777777778 0.3799479166666667 0.44212962962962965 0.3770833333333333 0.45 0.3765625 0.45972222222222225 0.37786458333333334 0.46342592592592596
1 0.3416666666666667 0.5856481481481481 0.3455729166666667 0.5851851851851853 0.3486979166666667 0.5824074074074075 0.353125 0.5819444444444445 0.3596354166666667 0.5824074074074075 0.36302083333333335 0.5851851851851853 0.3651041666666667 0.5819444444444445 0.3674479166666667 0.5708333333333334 0.36875 0.5555555555555556 0.3677083333333333 0.55 0.3627604166666667 0.5421296296296296 0.3565104166666667 0.5398148148148149 0.3486979166666667 0.5402777777777777 0.3450520833333333 0.5430555555555556 0.3419270833333333 0.55 0.3393229166666667 0.563888888888889 0.3390625 0.5777777777777778 0.3416666666666667 0.5856481481481481
4 0.4010416666666667 0.4865740740740741 0.4119791666666667 0.4865740740740741 0.4151041666666667 0.4847222222222222 0.4158854166666667 0.4740740740740741 0.41328125 0.4625 0.41015625 0.46111111111111114 0.4036458333333333 0.4620370370370371 0.40208333333333335 0.46342592592592596 0.4005208333333333 0.46851851851851856 0.3994791666666667 0.47731481481481486 0.4010416666666667 0.4865740740740741
4 0.36796875 0.48842592592592593 0.3682291666666667 0.4962962962962963 0.3697916666666667 0.5037037037037038 0.3846354166666667 0.5027777777777778 0.38645833333333335 0.501388888888889 0.3869791666666667 0.49722222222222223 0.3861979166666667 0.48333333333333334 0.3848958333333333 0.475925925925926 0.3809895833333333 0.47361111111111115 0.37473958333333335 0.47361111111111115 0.3716145833333333 0.47500000000000003 0.3697916666666667 0.4791666666666667 0.3692708333333333 0.4847222222222222 0.36796875 0.48842592592592593
6 0.6765625000000001 0.7129629629629629 0.6765625000000001 0.7166666666666667 0.6786458333333334 0.7171296296296297 0.6822916666666666 0.7115740740740741 0.6828125 0.7013888888888888 0.6815104166666667 0.7000000000000001 0.6791666666666667 0.7018518518518518 0.6776041666666667 0.7064814814814815 0.678125 0.7097222222222223 0.6765625000000001 0.7129629629629629
6 0.5903645833333333 0.6393518518518518 0.5916666666666667 0.6555555555555556 0.5906250000000001 0.6712962962962963 0.5919270833333333 0.675462962962963 0.596875 0.6824074074074075 0.5994791666666667 0.688888888888889 0.5984375000000001 0.6949074074074074 0.5986979166666666 0.7037037037037037 0.6013020833333333 0.7125 0.6023437500000001 0.713888888888889 0.6052083333333333 0.713425925925926 0.6091145833333333 0.7101851851851853 0.6143229166666666 0.7189814814814816 0.61953125 0.7310185185185185 0.6205729166666667 0.7342592592592594 0.6203125 0.7467592592592593 0.6231770833333334 0.7578703703703704 0.6315104166666666 0.7652777777777778 0.6390625 0.7657407407407407 0.6606770833333334 0.7597222222222223 0.665625 0.7597222222222223 0.6682291666666667 0.7587962962962963 0.6713541666666667 0.7550925925925926 0.6734375 0.7458333333333335 0.6731770833333334 0.7291666666666666 0.6747395833333334 0.7203703703703704 0.6747395833333334 0.7129629629629629 0.6716145833333333 0.6907407407407408 0.6716145833333333 0.6712962962962963 0.6690104166666666 0.6587962962962963 0.6653645833333334 0.6472222222222223 0.6510416666666666 0.625 0.6463541666666667 0.6194444444444445 0.6338541666666666 0.5981481481481482 0.6299479166666666 0.5939814814814816 0.6177083333333334 0.5907407407407408 0.603125 0.5916666666666667 0.5950520833333334 0.5939814814814816 0.5916666666666667 0.5986111111111112 0.5911458333333334 0.6023148148148147 0.5911458333333334 0.6273148148148148 0.5903645833333333 0.6393518518518518