6 0.5109375 0.6364583333333333 0.51328125 0.6645833333333334 0.5429687500000001 0.6645833333333334 0.54453125 0.63125 0.540625 0.6020833333333334 0.51875 0.6020833333333334 0.51328125 0.6072916666666667 0.5125000000000001 0.6125 0.5140625000000001 0.6291666666666667 0.5109375 0.6364583333333333
5 0.6015625 0.665625 0.6234375000000001 0.6687500000000001 0.62890625 0.675 0.6578125 0.671875 0.66171875 0.6677083333333333 0.6609375000000001 0.6541666666666667 0.634375 0.63125 0.6109375 0.6322916666666667 0.6015625 0.6354166666666666 0.5953125 0.6427083333333334 0.5945312500000001 0.6541666666666667 0.6015625 0.665625
1 0.1703125 0.5208333333333334 0.16796875 0.509375 0.16328125000000002 0.5072916666666667 0.15703125 0.5114583333333333 0.15781250000000002 0.5229166666666667 0.1703125 0.5208333333333334
1 0.47968750000000004 0.5520833333333334 0.50546875 0.5531250000000001 0.509375 0.5499999999999999 0.5085937500000001 0.5437500000000001 0.49843750000000003 0.5354166666666667 0.48046875 0.5343749999999999 0.478125 0.5385416666666667 0.47734375 0.546875 0.47968750000000004 0.5520833333333334
4 0.16796875 0.6645833333333334 0.17890625000000002 0.6489583333333334 0.1796875 0.6302083333333334 0.17265625 0.6208333333333333 0.15078125 0.6218750000000001 0.14375000000000002 0.628125 0.13671875000000003 0.64375 0.1375 0.6645833333333334 0.16796875 0.6645833333333334
1 0.6921875000000001 0.9989583333333334 0.80625 0.9989583333333334 0.8031250000000001 0.9875 0.8070312500000001 0.9770833333333334 0.79609375 0.9770833333333334 0.7765625 0.9427083333333334 0.7546875000000001 0.9208333333333334 0.73203125 0.9177083333333333 0.69921875 0.9208333333333334 0.69140625 0.9260416666666667 0.68515625 0.9364583333333334 0.68515625 0.9677083333333334 0.6921875000000001 0.9989583333333334
1 0.240625 0.5593750000000001 0.24140625000000002 0.546875 0.23750000000000002 0.5395833333333333 0.22890625 0.5385416666666667 0.2234375 0.5458333333333334 0.22031250000000002 0.5604166666666667 0.240625 0.5593750000000001
1 0.27656250000000004 0.5322916666666667 0.27578125000000003 0.5197916666666667 0.27265625000000004 0.515625 0.26484375000000004 0.5166666666666667 0.2625 0.5218750000000001 0.26328125 0.5322916666666667 0.27656250000000004 0.5322916666666667
7 0.41796875 0.5302083333333334 0.41796875 0.5364583333333334 0.42421875000000003 0.5416666666666666 0.4421875 0.540625 0.44375000000000003 0.525 0.44140625 0.5052083333333334 0.43125 0.5020833333333333 0.42500000000000004 0.5031249999999999 0.4234375 0.5072916666666667 0.42421875000000003 0.5187499999999999 0.41796875 0.5302083333333334
6 0.66796875 0.7614583333333333 0.6742187500000001 0.7625000000000001 0.67890625 0.76875 0.68125 0.784375 0.6859375000000001 0.7854166666666667 0.69140625 0.7927083333333333 0.696875 0.790625 0.7250000000000001 0.815625 0.7390625000000001 0.8416666666666667 0.7484375000000001 0.8395833333333333 0.7601562500000001 0.8427083333333334 0.7757812500000001 0.8385416666666666 0.8054687500000001 0.8375 0.80859375 0.834375 0.81015625 0.8 0.8078125 0.7666666666666666 0.8054687500000001 0.7510416666666666 0.7921875 0.7125 0.7898437500000001 0.6979166666666666 0.7250000000000001 0.6604166666666667 0.7195312500000001 0.6604166666666667 0.70234375 0.675 0.6890625 0.6729166666666666 0.6726562500000001 0.6635416666666667 0.6687500000000001 0.6583333333333334 0.6648437500000001 0.6625 0.665625 0.7520833333333334 0.66796875 0.7614583333333333
7 0.41015625 0.5322916666666667 0.41875 0.5354166666666667 0.42500000000000004 0.5166666666666667 0.42421875000000003 0.5072916666666667 0.43125 0.5 0.43125 0.49583333333333335 0.4109375 0.49375 0.40859375000000003 0.496875 0.41015625 0.5322916666666667
6 0.02109375 0.8885416666666667 0.08125 0.8802083333333334 0.08750000000000001 0.8760416666666666 0.09296875 0.8562500000000001 0.10078125 0.8427083333333334 0.10703125000000001 0.8385416666666666 0.11093750000000001 0.8250000000000001 0.1125 0.7625000000000001 0.109375 0.7156250000000001 0.08281250000000001 0.7156250000000001 0.059375000000000004 0.7197916666666666 0.0390625 0.740625 0.03515625000000001 0.7541666666666667 0.037500000000000006 0.8041666666666667 0.032031250000000004 0.81875 0.022656250000000003 0.8250000000000001 0.021875000000000002 0.8291666666666666 0.026562500000000003 0.834375 0.017968750000000002 0.8562500000000001 0.0171875 0.8822916666666667 0.02109375 0.8885416666666667
6 0.31875000000000003 0.55625 0.31796875 0.5385416666666667 0.31328125 0.5218750000000001 0.28984375 0.5229166666666667 0.28828125000000004 0.5270833333333333 0.28671875 0.5572916666666666 0.31875000000000003 0.55625
6 0.27109375 0.6229166666666667 0.27578125000000003 0.640625 0.27578125000000003 0.6687500000000001 0.278125 0.671875 0.28906250000000006 0.6708333333333334 0.29921875000000003 0.6760416666666667 0.3203125 0.678125 0.325 0.6625 0.32421875 0.6395833333333334 0.328125 0.6197916666666666 0.321875 0.5593750000000001 0.28359375000000003 0.5604166666666667 0.27890625 0.5677083333333334 0.27578125000000003 0.5843750000000001 0.275 0.615625 0.27109375 0.6229166666666667
6 0.25078125 0.5239583333333333 0.25078125 0.49895833333333334 0.2390625 0.4979166666666667 0.23750000000000002 0.5239583333333333 0.25078125 0.5239583333333333
6 0.1921875 0.7000000000000001 0.21015625000000002 0.6947916666666667 0.23750000000000002 0.696875 0.2421875 0.6770833333333334 0.25 0.6666666666666666 0.25234375000000003 0.6458333333333334 0.25 0.5697916666666667 0.23828125 0.5677083333333334 0.20234375000000002 0.5708333333333333 0.184375 0.5906250000000001 0.18515625000000002 0.6979166666666666 0.1921875 0.7000000000000001
7 0.4234375 0.5833333333333334 0.42265625 0.6062500000000001 0.42500000000000004 0.6114583333333334 0.45625000000000004 0.609375 0.46953125 0.5864583333333333 0.4734375 0.5916666666666667 0.47734375 0.5916666666666667 0.47968750000000004 0.5864583333333333 0.49375 0.5906250000000001 0.50546875 0.5895833333333333 0.5101562500000001 0.5802083333333333 0.509375 0.5697916666666667 0.50546875 0.5656249999999999 0.4703125 0.5656249999999999 0.45937500000000003 0.5697916666666667 0.45625000000000004 0.5552083333333333 0.45156250000000003 0.5489583333333333 0.42812500000000003 0.5499999999999999 0.42421875000000003 0.5697916666666667 0.42031250000000003 0.5739583333333333 0.41953125 0.5770833333333334 0.4234375 0.5833333333333334
6 0.50703125 0.59375 0.5078125000000001 0.6062500000000001 0.5125000000000001 0.6062500000000001 0.5195312500000001 0.6 0.53671875 0.5989583333333334 0.5398437500000001 0.5666666666666667 0.5359375000000001 0.5583333333333333 0.5156250000000001 0.5604166666666667 0.5109375 0.5677083333333334 0.5109375 0.5802083333333333 0.50703125 0.59375
6 0.2265625 0.8354166666666667 0.22812500000000002 0.8625 0.23125 0.8677083333333334 0.23515625 0.8708333333333333 0.2515625 0.8708333333333333 0.26406250000000003 0.8666666666666667 0.27187500000000003 0.86875 0.29765625 0.8635416666666667 0.30625 0.8729166666666667 0.3125 0.8729166666666667 0.31484375000000003 0.8677083333333334 0.32265625000000003 0.7989583333333334 0.3171875 0.7322916666666667 0.3171875 0.6864583333333334 0.30312500000000003 0.6864583333333334 0.296875 0.678125 0.28671875 0.6739583333333334 0.27109375 0.6770833333333334 0.25078125 0.7229166666666667 0.24531250000000002 0.7479166666666667 0.23984375000000002 0.7520833333333334 0.23359375000000002 0.765625 0.23125 0.8072916666666666 0.2265625 0.8354166666666667