1 0.42168209876543206 0.4979423868312757 0.43557098765432095 0.4979423868312757 0.44560185185185186 0.49537037037037035 0.4498456790123456 0.49176954732510286 0.44945987654320985 0.47479423868312753 0.4463734567901234 0.4670781893004115 0.4425154320987654 0.4645061728395061 0.43479938271604934 0.46347736625514396 0.4251543209876543 0.4665637860082304 0.4224537037037037 0.4701646090534979 0.41898148148148145 0.4809670781893004 0.4185956790123456 0.4948559670781893 0.42168209876543206 0.4979423868312757
4 0.5432098765432098 0.4053497942386831 0.5540123456790123 0.4053497942386831 0.5570987654320988 0.4022633744855967 0.5563271604938271 0.389917695473251 0.5536265432098765 0.3837448559670782 0.5432098765432098 0.38786008230452673 0.5412808641975309 0.39300411522633744 0.5408950617283951 0.39969135802469136 0.5432098765432098 0.4053497942386831
1 0.46836419753086417 0.43827160493827155 0.47453703703703703 0.43775720164609055 0.48148148148148145 0.4429012345679012 0.48418209876543206 0.4475308641975308 0.4853395061728395 0.4454732510288065 0.4861111111111111 0.44238683127572015 0.4849537037037037 0.4362139917695473 0.4810956790123456 0.4279835390946502 0.47029320987654316 0.42592592592592593 0.46334876543209874 0.43209876543209874 0.46257716049382713 0.44084362139917693 0.46836419753086417 0.43827160493827155
8 0.4810956790123456 0.4284979423868313 0.48302469135802467 0.4310699588477366 0.4861111111111111 0.44238683127572015 0.49112654320987653 0.44238683127572015 0.49459876543209874 0.43878600823045266 0.4949845679012345 0.42695473251028804 0.49382716049382713 0.4171810699588477 0.48070987654320985 0.4151234567901234 0.47646604938271603 0.41820987654320985 0.4749228395061728 0.4254115226337448 0.4810956790123456 0.4284979423868313
5 0.5370370370370371 0.4156378600823045 0.5432098765432098 0.4223251028806584 0.5451388888888888 0.41100823045267487 0.5439814814814815 0.40586419753086417 0.5397376543209876 0.4007201646090535 0.5327932098765432 0.4017489711934156 0.5273919753086419 0.40792181069958844 0.5273919753086419 0.4146090534979424 0.5370370370370371 0.4156378600823045
1 0.7280092592592593 0.5617283950617283 0.7303240740740741 0.5699588477366254 0.7507716049382716 0.5679012345679012 0.7608024691358024 0.5684156378600823 0.7673611111111112 0.5715020576131687 0.7723765432098765 0.5715020576131687 0.7743055555555556 0.5524691358024691 0.7716049382716049 0.5401234567901234 0.7665895061728394 0.5277777777777778 0.7642746913580246 0.5252057613168725 0.7554012345679012 0.522633744855967 0.7415123456790123 0.5231481481481481 0.7368827160493827 0.5252057613168725 0.7330246913580246 0.5334362139917695 0.7291666666666666 0.5360082304526749 0.7295524691358024 0.5498971193415637 0.7280092592592593 0.5617283950617283
1 0.31057098765432095 0.5509259259259259 0.31057098765432095 0.5565843621399177 0.31404320987654316 0.5653292181069959 0.3148148148148148 0.5745884773662551 0.3179012345679012 0.5797325102880658 0.32060185185185186 0.581275720164609 0.33564814814814814 0.5823045267489712 0.34220679012345673 0.581275720164609 0.34529320987654316 0.5776748971193415 0.35185185185185186 0.5833333333333334 0.35570987654320985 0.5838477366255144 0.35841049382716045 0.58179012345679 0.3607253086419753 0.573559670781893 0.3638117283950617 0.5679012345679012 0.3638117283950617 0.5468106995884773 0.35532407407407407 0.5252057613168725 0.3526234567901234 0.5236625514403291 0.32793209876543206 0.522633744855967 0.32098765432098764 0.5257201646090535 0.3175154320987654 0.529835390946502 0.31404320987654316 0.5390946502057613 0.3125 0.5478395061728395 0.31057098765432095 0.5509259259259259
1 0.49537037037037035 0.419238683127572 0.49807098765432095 0.419238683127572 0.5007716049382716 0.4166666666666667 0.5084876543209876 0.4171810699588477 0.5119598765432098 0.4151234567901234 0.5108024691358024 0.4074074074074074 0.5084876543209876 0.4032921810699588 0.5057870370370371 0.4017489711934156 0.5015432098765432 0.4038065843621399 0.49807098765432095 0.4032921810699588 0.49459876543209874 0.40792181069958844 0.49382716049382713 0.4156378600823045 0.49537037037037035 0.419238683127572
1 0.35455246913580246 0.5190329218106995 0.35455246913580246 0.522119341563786 0.3576388888888889 0.5267489711934156 0.3611111111111111 0.5401234567901234 0.36535493827160487 0.5457818930041152 0.36959876543209874 0.5473251028806584 0.37461419753086417 0.5411522633744856 0.3838734567901234 0.5349794238683127 0.3942901234567901 0.5344650205761317 0.3958333333333333 0.5329218106995884 0.3962191358024691 0.5185185185185185 0.3919753086419753 0.5087448559670782 0.3881172839506173 0.5046296296296297 0.38425925925925924 0.5030864197530863 0.37114197530864196 0.5036008230452674 0.36689814814814814 0.5046296296296297 0.3630401234567901 0.507716049382716 0.35841049382716045 0.5159465020576132 0.35455246913580246 0.5190329218106995
5 0.02854938271604938 0.6718106995884774 0.03125 0.6738683127572016 0.04899691358024691 0.6779835390946501 0.05401234567901234 0.6831275720164608 0.056712962962962965 0.6934156378600823 0.059413580246913573 0.6959876543209875 0.0779320987654321 0.6965020576131686 0.08757716049382715 0.698559670781893 0.09143518518518519 0.7026748971193415 0.0952932098765432 0.7026748971193415 0.10146604938271604 0.6903292181069959 0.10262345679012344 0.6898148148148148 0.10570987654320987 0.6929012345679012 0.1091820987654321 0.6923868312757201 0.1099537037037037 0.6903292181069959 0.1118827160493827 0.6625514403292181 0.1091820987654321 0.6435185185185185 0.09837962962962964 0.6265432098765431 0.09143518518518519 0.6224279835390946 0.08796296296296297 0.6177983539094649 0.08256172839506172 0.6162551440329218 0.05787037037037037 0.6172839506172839 0.04668209876543209 0.6296296296296297 0.040123456790123455 0.6430041152263374 0.032407407407407406 0.6430041152263374 0.029320987654320986 0.6460905349794238 0.032407407407407406 0.6543209876543209 0.02854938271604938 0.6718106995884774
1 0.34336419753086417 0.5051440329218106 0.3626543209876543 0.5056584362139918 0.36844135802469136 0.5025720164609053 0.3784722222222222 0.5015432098765432 0.38078703703703703 0.49691358024691357 0.3815586419753086 0.4861111111111111 0.3804012345679012 0.47890946502057613 0.3773148148148148 0.4737654320987654 0.3715277777777778 0.47170781893004116 0.3599537037037037 0.47170781893004116 0.35223765432098764 0.47273662551440326 0.34452160493827155 0.47942386831275713 0.34182098765432095 0.49022633744855965 0.3414351851851852 0.5010288065843621 0.34336419753086417 0.5051440329218106
1 0.30439814814814814 0.5061728395061729 0.3090277777777778 0.5108024691358024 0.31057098765432095 0.5190329218106995 0.31404320987654316 0.5262345679012346 0.3256172839506173 0.5205761316872428 0.33487654320987653 0.5190329218106995 0.3352623456790123 0.4994855967078189 0.3317901234567901 0.49074074074074076 0.32831790123456783 0.4876543209876543 0.3082561728395061 0.4876543209876543 0.3047839506172839 0.49022633744855965 0.3005401234567901 0.4979423868312757 0.29668209876543206 0.500514403292181 0.29668209876543206 0.5025720164609053 0.30439814814814814 0.5061728395061729
5 0.12307098765432098 0.7232510288065842 0.125 0.7268518518518519 0.11959876543209876 0.7407407407407407 0.11766975308641975 0.7525720164609053 0.11766975308641975 0.7767489711934156 0.11959876543209876 0.7839506172839505 0.12461419753086418 0.7844650205761317 0.13040123456790123 0.7788065843621398 0.13464506172839505 0.7772633744855967 0.16203703703703703 0.7767489711934156 0.18325617283950615 0.7793209876543209 0.1925154320987654 0.7870370370370371 0.19598765432098764 0.7854938271604938 0.19945987654320985 0.772633744855967 0.2064043209876543 0.7736625514403292 0.2079475308641975 0.772119341563786 0.20987654320987653 0.7654320987654321 0.21103395061728392 0.743312757201646 0.20871913580246912 0.7155349794238682 0.2048611111111111 0.7098765432098765 0.20100308641975306 0.6995884773662552 0.19598765432098764 0.6923868312757201 0.19135802469135801 0.6908436213991769 0.18518518518518517 0.6846707818930041 0.16165123456790123 0.6831275720164608 0.14776234567901234 0.6846707818930041 0.1400462962962963 0.6944444444444444 0.1284722222222222 0.7145061728395061 0.12654320987654322 0.7160493827160493 0.12114197530864196 0.7150205761316871 0.11844135802469136 0.7165637860082305 0.11882716049382715 0.7211934156378601 0.12307098765432098 0.7232510288065842
1 0.4193672839506173 0.4393004115226337 0.4251543209876543 0.4552469135802469 0.4402006172839506 0.455761316872428 0.4425154320987654 0.4542181069958847 0.4440586419753086 0.4351851851851852 0.4405864197530864 0.4305555555555556 0.43287037037037035 0.4279835390946502 0.4270833333333333 0.4279835390946502 0.42091049382716045 0.43158436213991763 0.4193672839506173 0.4351851851851852 0.4193672839506173 0.4393004115226337
1 0.39081790123456783 0.5066872427983539 0.39737654320987653 0.5195473251028806 0.4151234567901234 0.5195473251028806 0.41782407407407407 0.5154320987654321 0.41782407407407407 0.49897119341563784 0.41435185185185186 0.48148148148148145 0.4128086419753086 0.47942386831275713 0.40239197530864196 0.47736625514403286 0.3939043209876543 0.478395061728395 0.39043209876543206 0.4809670781893004 0.38657407407407407 0.4871399176954732 0.38310185185185186 0.49691358024691357 0.38271604938271603 0.5015432098765432 0.39081790123456783 0.5066872427983539
1 0.22260802469135801 0.5426954732510287 0.2199074074074074 0.5504115226337448 0.21913580246913578 0.5627572016460904 0.21913580246913578 0.581275720164609 0.220679012345679 0.5833333333333334 0.23070987654320985 0.5828189300411523 0.23418209876543208 0.5787037037037037 0.2368827160493827 0.5776748971193415 0.25462962962962965 0.5787037037037037 0.26157407407407407 0.5828189300411523 0.2646604938271605 0.5823045267489712 0.2689043209876543 0.5802469135802469 0.27584876543209874 0.5643004115226338 0.27584876543209874 0.5385802469135802 0.2712191358024691 0.5252057613168725 0.2673611111111111 0.5205761316872428 0.25887345679012347 0.5185185185185185 0.2361111111111111 0.5185185185185185 0.23032407407407407 0.5231481481481481 0.2249228395061728 0.5339506172839505 0.21952160493827158 0.5349794238683127 0.2202932098765432 0.5396090534979423 0.22260802469135801 0.5426954732510287
1 0.2689043209876543 0.6193415637860082 0.27237654320987653 0.6198559670781892 0.28279320987654316 0.6157407407407407 0.28973765432098764 0.6157407407407407 0.29282407407407407 0.6141975308641975 0.29668209876543206 0.6039094650205761 0.2978395061728395 0.5941358024691357 0.3005401234567901 0.5859053497942386 0.3125 0.5761316872427984 0.31327160493827155 0.5648148148148148 0.31211419753086417 0.5601851851851852 0.30941358024691357 0.5576131687242798 0.2989969135802469 0.5560699588477366 0.2854938271604938 0.5570987654320988 0.2820216049382716 0.559156378600823 0.2785493827160494 0.5637860082304527 0.2677469135802469 0.5920781893004116 0.2677469135802469 0.6152263374485597 0.2689043209876543 0.6193415637860082
1 0.5212191358024691 0.4362139917695473 0.5343364197530863 0.43569958847736623 0.5381944444444444 0.43261316872427985 0.5408950617283951 0.42592592592592593 0.5412808641975309 0.4212962962962963 0.5405092592592593 0.41820987654320985 0.5362654320987654 0.4146090534979424 0.5289351851851852 0.41358024691358025 0.5243055555555556 0.4166666666666667 0.5204475308641975 0.42489711934156377 0.5200617283950617 0.4331275720164609 0.5212191358024691 0.4362139917695473
1 0.36226851851851855 0.47119341563786005 0.37191358024691357 0.4722222222222222 0.3780864197530864 0.4758230452674897 0.3804012345679012 0.48456790123456783 0.38310185185185186 0.4881687242798354 0.3915895061728395 0.47685185185185186 0.3942901234567901 0.4701646090534979 0.3939043209876543 0.4665637860082304 0.3900462962962963 0.46090534979423864 0.3888888888888889 0.455761316872428 0.38425925925925924 0.45164609053497945 0.3672839506172839 0.45267489711934156 0.3587962962962963 0.4619341563786008 0.35841049382716045 0.4639917695473251 0.36226851851851855 0.47119341563786005
1 0.44560185185185186 0.43775720164609055 0.45987654320987653 0.4393004115226337 0.4614197530864197 0.43569958847736623 0.4618055555555556 0.42644032921810693 0.4564043209876543 0.4156378600823045 0.44483024691358025 0.4146090534979424 0.43904320987654316 0.42181069958847733 0.4386574074074074 0.42952674897119336 0.44560185185185186 0.43775720164609055
1 0.27662037037037035 0.5375514403292181 0.2770061728395061 0.5498971193415637 0.2789351851851852 0.5534979423868313 0.30709876543209874 0.5540123456790123 0.31057098765432095 0.5452674897119342 0.3125 0.5360082304526749 0.31211419753086417 0.5257201646090535 0.3090277777777778 0.5154320987654321 0.3090277777777778 0.5113168724279835 0.30709876543209874 0.5082304526748971 0.3005401234567901 0.5056584362139918 0.2824074074074074 0.5066872427983539 0.2789351851851852 0.5102880658436214 0.2743055555555556 0.5210905349794238 0.27391975308641975 0.5303497942386831 0.27662037037037035 0.5375514403292181
1 0.14814814814814814 0.588477366255144 0.14506172839506173 0.5982510288065844 0.14390432098765432 0.6080246913580246 0.14429012345679013 0.6255144032921811 0.14621913580246912 0.632201646090535 0.15239197530864196 0.6316872427983539 0.16435185185185186 0.6244855967078189 0.17708333333333334 0.6239711934156378 0.18557098765432098 0.6255144032921811 0.1936728395061728 0.6332304526748971 0.19675925925925927 0.6342592592592593 0.20177469135802467 0.6270576131687242 0.20679012345679013 0.6265432098765431 0.2075617283950617 0.625 0.21103395061728392 0.6100823045267489 0.21180555555555555 0.588991769547325 0.20987654320987653 0.5802469135802469 0.2037037037037037 0.5725308641975309 0.19945987654320985 0.5622427983539094 0.18595679012345678 0.5596707818930041 0.16396604938271603 0.5601851851851852 0.1577932098765432 0.5643004115226338 0.15084876543209874 0.5776748971193415 0.14583333333333334 0.5771604938271605 0.1431327160493827 0.5787037037037037 0.1431327160493827 0.5823045267489712 0.14814814814814814 0.588477366255144
5 0.4976851851851852 0.47685185185185186 0.5057870370370371 0.47890946502057613 0.5084876543209876 0.47736625514403286 0.5092592592592593 0.45627572016460904 0.5050154320987654 0.44907407407407407 0.501929012345679 0.4470164609053498 0.4930555555555556 0.44598765432098764 0.48726851851851855 0.4480452674897119 0.4837962962962963 0.4531893004115226 0.4810956790123456 0.46244855967078186 0.48148148148148145 0.47788065843621397 0.4976851851851852 0.47685185185185186
4 0.49807098765432095 0.4418724279835391 0.5057870370370371 0.4398148148148148 0.5119598765432098 0.441358024691358 0.5146604938271605 0.43878600823045266 0.5158179012345678 0.42592592592592593 0.5119598765432098 0.4156378600823045 0.49537037037037035 0.4171810699588477 0.49614197530864196 0.44084362139917693 0.49807098765432095 0.4418724279835391
1 0.45949074074074076 0.5339506172839505 0.4710648148148148 0.536522633744856 0.4741512345679012 0.5329218106995884 0.47453703703703703 0.5082304526748971 0.4722222222222222 0.5051440329218106 0.47029320987654316 0.49845679012345673 0.46682098765432095 0.4948559670781893 0.44945987654320985 0.4948559670781893 0.4436728395061728 0.4974279835390946 0.4367283950617284 0.5087448559670782 0.43557098765432095 0.5164609053497942 0.43595679012345673 0.5360082304526749 0.45949074074074076 0.5339506172839505
1 0.36535493827160487 0.5910493827160493 0.37037037037037035 0.5961934156378601 0.37229938271604934 0.602366255144033 0.37191358024691357 0.6069958847736626 0.37307098765432095 0.6111111111111112 0.38695987654320985 0.6131687242798353 0.4012345679012345 0.6126543209876543 0.40625 0.6152263374485597 0.41087962962962965 0.6208847736625515 0.41473765432098764 0.6208847736625515 0.41782407407407407 0.6147119341563786 0.42206790123456783 0.6126543209876543 0.4228395061728395 0.5720164609053497 0.42168209876543206 0.5565843621399177 0.4185956790123456 0.5534979423868313 0.41898148148148145 0.5504115226337448 0.41550925925925924 0.5468106995884773 0.40779320987654316 0.5426954732510287 0.40316358024691357 0.5426954732510287 0.39737654320987653 0.5473251028806584 0.3888888888888889 0.5478395061728395 0.3850308641975308 0.5468106995884773 0.384645061728395 0.5432098765432098 0.38233024691358025 0.5432098765432098 0.37307098765432095 0.5498971193415637 0.36612654320987653 0.5751028806584362 0.3649691358024691 0.5828189300411523 0.36535493827160487 0.5910493827160493
1 0.4012345679012345 0.5416666666666666 0.40162037037037035 0.5396090534979423 0.3993055555555556 0.5401234567901234 0.4012345679012345 0.5416666666666666
1 0.47800925925925924 0.46502057613168724 0.48070987654320985 0.46244855967078186 0.48418209876543206 0.44958847736625507 0.48341049382716045 0.44238683127572015 0.48225308641975306 0.44084362139917693 0.4756944444444444 0.43724279835390945 0.46682098765432095 0.4351851851851852 0.46334876543209874 0.43775720164609055 0.45987654320987653 0.4454732510288065 0.45987654320987653 0.46502057613168724 0.47800925925925924 0.46502057613168724
1 0.49112654320987653 0.4156378600823045 0.49459876543209874 0.40946502057613166 0.49537037037037035 0.3986625514403292 0.49459876543209874 0.39609053497942387 0.48418209876543206 0.39609053497942387 0.48070987654320985 0.39917695473251025 0.47993827160493824 0.4032921810699588 0.48032407407407407 0.4151234567901234 0.49112654320987653 0.4156378600823045
2 0.9332561728395061 0.6826131687242798 0.9375 0.6882716049382716 0.9390432098765431 0.6980452674897119 0.9421296296296297 0.6995884773662552 0.9459876543209875 0.6980452674897119 0.9467592592592593 0.6851851851851852 0.9494598765432097 0.6738683127572016 0.9502314814814815 0.6640946502057612 0.9490740740740741 0.6610082304526749 0.9444444444444444 0.6589506172839505 0.9402006172839505 0.6532921810699589 0.9402006172839505 0.6466049382716049 0.9432870370370371 0.6404320987654321 0.9429012345679012 0.6363168724279835 0.9390432098765431 0.6337448559670782 0.9344135802469135 0.6352880658436214 0.9278549382716049 0.6553497942386831 0.9282407407407407 0.6795267489711934 0.9332561728395061 0.6826131687242798
2 0.21643518518518517 0.8034979423868313 0.21219135802469133 0.8137860082304527 0.21334876543209874 0.8323045267489712 0.21643518518518517 0.8353909465020576 0.21797839506172836 0.8323045267489712 0.2183641975308642 0.8065843621399176 0.21720679012345678 0.8034979423868313 0.21913580246913578 0.8004115226337448 0.21913580246913578 0.7962962962962963 0.22569444444444445 0.7916666666666666 0.2345679012345679 0.7916666666666666 0.24035493827160492 0.7962962962962963 0.24228395061728392 0.8034979423868313 0.24228395061728392 0.8076131687242798 0.2388117283950617 0.8199588477366255 0.2388117283950617 0.8276748971193415 0.24112654320987653 0.8395061728395061 0.24459876543209874 0.8415637860082305 0.24729938271604937 0.8348765432098765 0.24807098765432098 0.8281893004115226 0.24807098765432098 0.7870370370370371 0.24537037037037038 0.7813786008230452 0.2345679012345679 0.7700617283950616 0.23418209876543208 0.7602880658436213 0.23186728395061726 0.7546296296296297 0.22723765432098764 0.7525720164609053 0.22299382716049382 0.7566872427983539 0.2218364197530864 0.7613168724279835 0.22260802469135801 0.772119341563786 0.21334876543209874 0.7813786008230452 0.21180555555555555 0.7849794238683127 0.21180555555555555 0.7998971193415637 0.21643518518518517 0.8034979423868313
4 0.06327160493827161 0.8611111111111112 0.07214506172839506 0.8652263374485597 0.07330246913580246 0.8677983539094649 0.07253086419753087 0.8719135802469135 0.0640432098765432 0.8904320987654321 0.061342592592592594 0.9079218106995884 0.062114197530864196 0.9207818930041152 0.07137345679012345 0.9269547325102879 0.08487654320987653 0.9459876543209875 0.08989197530864196 0.9480452674897119 0.10262345679012344 0.9454732510288065 0.10570987654320987 0.9470164609053497 0.15316358024691357 0.9501028806584361 0.16087962962962962 0.9634773662551439 0.16782407407407407 0.9650205761316871 0.17168209876543208 0.9598765432098765 0.17785493827160492 0.9290123456790123 0.17901234567901234 0.9284979423868313 0.18132716049382716 0.9326131687242798 0.189429012345679 0.9346707818930041 0.1925154320987654 0.9336419753086419 0.19521604938271603 0.9284979423868313 0.20216049382716048 0.8600823045267489 0.20023148148148148 0.8359053497942386 0.19675925925925927 0.8333333333333334 0.18364197530864196 0.8323045267489712 0.18132716049382716 0.8292181069958848 0.17785493827160492 0.8179012345679012 0.1728395061728395 0.8122427983539094 0.14891975308641975 0.809156378600823 0.10493827160493827 0.809156378600823 0.09876543209876543 0.8127572016460904 0.09066358024691358 0.8215020576131686 0.08333333333333333 0.838991769547325 0.08217592592592593 0.8451646090534979 0.0779320987654321 0.8528806584362139 0.07175925925925926 0.8492798353909464 0.06674382716049382 0.8492798353909464 0.06327160493827161 0.8508230452674896 0.06172839506172839 0.8549382716049382 0.06172839506172839 0.8590534979423867 0.06327160493827161 0.8611111111111112
4 0.38773148148148145 0.455761316872428 0.38927469135802467 0.4619341563786008 0.39699074074074076 0.4732510288065843 0.40162037037037035 0.4732510288065843 0.41203703703703703 0.47788065843621397 0.4151234567901234 0.4696502057613169 0.42168209876543206 0.46502057613168724 0.42168209876543206 0.45730452674897115 0.41782407407407407 0.455761316872428 0.41203703703703703 0.441358024691358 0.4097222222222222 0.4393004115226337 0.3927469135802469 0.4393004115226337 0.38966049382716045 0.44084362139917693 0.38580246913580246 0.4465020576131687 0.3854166666666667 0.45267489711934156 0.38773148148148145 0.455761316872428
4 0.43364197530864196 0.6898148148148148 0.4425154320987654 0.6944444444444444 0.45177469135802467 0.6908436213991769 0.45601851851851855 0.691358024691358 0.4583333333333333 0.6965020576131686 0.4583333333333333 0.7047325102880657 0.45987654320987653 0.7088477366255144 0.47337962962962965 0.7098765432098765 0.4810956790123456 0.706275720164609 0.4876543209876543 0.6959876543209875 0.4922839506172839 0.6939300411522633 0.5316358024691358 0.6882716049382716 0.5536265432098765 0.6872427983539094 0.5609567901234568 0.6944444444444444 0.5679012345679012 0.6959876543209875 0.5740740740740741 0.7006172839506172 0.5825617283950617 0.7021604938271605 0.591820987654321 0.7011316872427983 0.5952932098765431 0.6975308641975309 0.5979938271604938 0.6872427983539094 0.603395061728395 0.6790123456790123 0.6099537037037037 0.6754115226337448 0.6226851851851852 0.6738683127572016 0.6265432098765431 0.669238683127572 0.6265432098765431 0.6656378600823045 0.6246141975308641 0.6594650205761317 0.6242283950617283 0.6404320987654321 0.6230709876543209 0.6373456790123456 0.6203703703703703 0.6352880658436214 0.6026234567901234 0.6316872427983539 0.5898919753086419 0.6332304526748971 0.5783179012345678 0.6316872427983539 0.564429012345679 0.6229423868312757 0.5555555555555556 0.6193415637860082 0.5501543209876543 0.6147119341563786 0.5412808641975309 0.6126543209876543 0.5057870370370371 0.6152263374485597 0.4915123456790123 0.6203703703703703 0.4645061728395061 0.6435185185185185 0.43595679012345673 0.6507201646090535 0.43209876543209874 0.6599794238683127 0.42862654320987653 0.6738683127572016 0.42862654320987653 0.6851851851851852 0.43364197530864196 0.6898148148148148
5 0.49459876543209874 0.4166666666666667 0.5119598765432098 0.4151234567901234 0.5108024691358024 0.40792181069958844 0.5050154320987654 0.4007201646090535 0.501929012345679 0.4027777777777778 0.49807098765432095 0.4022633744855967 0.49421296296296297 0.4084362139917695 0.49344135802469136 0.4146090534979424 0.49459876543209874 0.4166666666666667
5 0.48070987654320985 0.4151234567901234 0.4926697530864197 0.4151234567901234 0.49459876543209874 0.41255144032921803 0.4957561728395061 0.4022633744855967 0.49421296296296297 0.397119341563786 0.4837962962962963 0.397119341563786 0.48070987654320985 0.4002057613168724 0.47993827160493824 0.40432098765432095 0.47955246913580246 0.41358024691358025 0.48070987654320985 0.4151234567901234
6 0.28973765432098764 0.6301440329218108 0.29205246913580246 0.6332304526748971 0.2916666666666667 0.6718106995884774 0.2951388888888889 0.691358024691358 0.29706790123456783 0.6959876543209875 0.3020833333333333 0.6959876543209875 0.3047839506172839 0.6929012345679012 0.30709876543209874 0.6867283950617283 0.3101851851851852 0.6856995884773662 0.31327160493827155 0.6872427983539094 0.33564814814814814 0.6867283950617283 0.3429783950617284 0.6882716049382716 0.345679012345679 0.6898148148148148 0.3487654320987654 0.6970164609053497 0.35223765432098764 0.6980452674897119 0.35493827160493824 0.6965020576131686 0.3587962962962963 0.6903292181069959 0.3645833333333333 0.6903292181069959 0.3676697530864197 0.6882716049382716 0.36959876543209874 0.6790123456790123 0.3715277777777778 0.6039094650205761 0.3699845679012345 0.5972222222222222 0.3626543209876543 0.5946502057613168 0.35918209876543206 0.5874485596707819 0.3429783950617284 0.5838477366255144 0.30709876543209874 0.5828189300411523 0.30362654320987653 0.5848765432098765 0.3005401234567901 0.5895061728395061 0.2935956790123457 0.6188271604938271 0.28587962962962965 0.618312757201646 0.2847222222222222 0.6198559670781892 0.285108024691358 0.6296296296296297 0.28973765432098764 0.6301440329218108
6 0.6925154320987653 0.6831275720164608 0.7010030864197531 0.6898148148148148 0.7060185185185185 0.7016460905349794 0.7098765432098765 0.706275720164609 0.7237654320987653 0.7088477366255144 0.7291666666666666 0.7073045267489712 0.7411265432098765 0.698559670781893 0.7480709876543209 0.6975308641975309 0.7677469135802468 0.7001028806584361 0.7758487654320987 0.6995884773662552 0.7939814814814815 0.7026748971193415 0.8032407407407407 0.7001028806584361 0.8159722222222222 0.7006172839506172 0.8298611111111112 0.7037037037037037 0.8391203703703703 0.7114197530864197 0.8422067901234568 0.7103909465020576 0.8472222222222222 0.7037037037037037 0.8510802469135802 0.7011316872427983 0.8699845679012346 0.6990740740740741 0.8719135802469135 0.6975308641975309 0.8780864197530863 0.6851851851851852 0.8792438271604938 0.677469135802469 0.8850308641975309 0.6769547325102879 0.8869598765432097 0.6687242798353908 0.8854166666666666 0.6481481481481481 0.8773148148148148 0.6260288065843622 0.8695987654320987 0.6167695473251029 0.8572530864197531 0.6147119341563786 0.8213734567901234 0.6167695473251029 0.8070987654320987 0.6213991769547326 0.8040123456790123 0.6239711934156378 0.7689043209876543 0.6239711934156378 0.7584876543209875 0.6286008230452674 0.7395833333333334 0.6419753086419753 0.7349537037037037 0.6435185185185185 0.7152777777777778 0.6430041152263374 0.6998456790123456 0.6481481481481481 0.6959876543209875 0.6512345679012346 0.6917438271604938 0.6640946502057612 0.691358024691358 0.6795267489711934 0.6925154320987653 0.6831275720164608
6 0 0.8194444444444444 0.0019290123456790122 0.8199588477366255 0.0019290123456790122 0.8323045267489712 0 0.8328189300411523 0 0.8677983539094649 0.0019290123456790122 0.868312757201646 0.0023148148148148147 0.882201646090535 0.0019290123456790122 0.8863168724279835 0 0.8868312757201645 0 0.9223251028806584 0.005015432098765432 0.9223251028806584 0.009645061728395061 0.9182098765432097 0.011959876543209876 0.9089506172839505 0.012345679012345678 0.8883744855967078 0.01427469135802469 0.8852880658436213 0.018904320987654318 0.882201646090535 0.022762345679012343 0.8837448559670782 0.02546296296296296 0.897119341563786 0.02816358024691358 0.9007201646090535 0.036265432098765434 0.9007201646090535 0.03973765432098765 0.897633744855967 0.043209876543209874 0.8662551440329218 0.043209876543209874 0.8539094650205761 0.050154320987654315 0.8256172839506172 0.05131172839506172 0.8158436213991769 0.052083333333333336 0.7998971193415637 0.05516975308641975 0.7762345679012346 0.05594135802469135 0.7479423868312757 0.05632716049382716 0.691872427983539 0.05324074074074074 0.6826131687242798 0.04668209876543209 0.6779835390946501 0.02199074074074074 0.6738683127572016 0.0038580246913580245 0.6728395061728394 0 0.6738683127572016 0 0.8194444444444444
6 0.36612654320987653 0.5982510288065844 0.3699845679012345 0.5997942386831275 0.37191358024691357 0.6085390946502057 0.37345679012345673 0.61059670781893 0.3854166666666667 0.6131687242798353 0.40239197530864196 0.6141975308641975 0.40779320987654316 0.6172839506172839 0.4112654320987654 0.6213991769547326 0.41473765432098764 0.6208847736625515 0.41743827160493824 0.6152263374485597 0.42206790123456783 0.6126543209876543 0.4236111111111111 0.5828189300411523 0.42206790123456783 0.5504115226337448 0.40470679012345673 0.5396090534979423 0.39737654320987653 0.536522633744856 0.3888888888888889 0.536522633744856 0.3800154320987654 0.5396090534979423 0.3753858024691358 0.5432098765432098 0.37229938271604934 0.5473251028806584 0.3645833333333333 0.5807613168724279 0.3641975308641975 0.588477366255144 0.36612654320987653 0.5982510288065844
6 0.7415123456790123 0.4475308641975308 0.7445987654320987 0.44598765432098764 0.7449845679012346 0.434156378600823 0.7438271604938271 0.43158436213991763 0.7395833333333334 0.43158436213991763 0.7391975308641975 0.44084362139917693 0.7415123456790123 0.4475308641975308
6 0.6273148148148148 0.44958847736625507 0.6508487654320987 0.45627572016460904 0.658179012345679 0.4639917695473251 0.6720679012345678 0.46553497942386823 0.6770833333333334 0.4639917695473251 0.6820987654320987 0.455761316872428 0.6847993827160493 0.4542181069958847 0.7237654320987653 0.455761316872428 0.7256944444444444 0.4454732510288065 0.7326388888888888 0.4393004115226337 0.7334104938271605 0.4279835390946502 0.7295524691358024 0.4207818930041152 0.7287808641975309 0.41049382716049376 0.7268518518518519 0.4074074074074074 0.6898148148148148 0.4074074074074074 0.6859567901234568 0.4089506172839506 0.6840277777777778 0.4140946502057613 0.6844135802469135 0.41975308641975306 0.6882716049382716 0.42438271604938266 0.6890432098765431 0.4310699588477366 0.6786265432098765 0.43004115226337447 0.6751543209876543 0.43158436213991763 0.6736111111111112 0.4279835390946502 0.6705246913580246 0.42695473251028804 0.6331018518518519 0.42695473251028804 0.6300154320987653 0.4279835390946502 0.6257716049382716 0.43569958847736623 0.6253858024691357 0.44393004115226337 0.6273148148148148 0.44958847736625507
3 0.2218364197530864 0.8559670781893004 0.22337962962962962 0.8667695473251028 0.22723765432098764 0.8677983539094649 0.2391975308641975 0.8528806584362139 0.23996913580246912 0.8364197530864197 0.2388117283950617 0.8209876543209875 0.24266975308641975 0.8060699588477367 0.24112654320987653 0.7968106995884774 0.2361111111111111 0.7921810699588477 0.22337962962962962 0.7921810699588477 0.21875 0.7962962962962963 0.21797839506172836 0.8451646090534979 0.2218364197530864 0.8559670781893004
3 0.9066358024691357 0.6944444444444444 0.9108796296296297 0.6995884773662552 0.9182098765432097 0.7031893004115226 0.9266975308641975 0.706275720164609 0.9537037037037037 0.7083333333333334 0.9594907407407407 0.7114197530864197 0.9645061728395061 0.7114197530864197 0.9675925925925926 0.7088477366255144 0.9683641975308641 0.6887860082304527 0.9672067901234568 0.6815843621399176 0.9660493827160493 0.6784979423868313 0.9591049382716049 0.6723251028806584 0.9529320987654321 0.6630658436213991 0.9494598765432097 0.6625514403292181 0.9483024691358024 0.6640946502057612 0.947145061728395 0.6810699588477367 0.945216049382716 0.6887860082304527 0.9429012345679012 0.6908436213991769 0.9390432098765431 0.6882716049382716 0.9286265432098765 0.6748971193415637 0.9212962962962963 0.6738683127572016 0.9151234567901234 0.669238683127572 0.9112654320987653 0.6707818930041152 0.9077932098765431 0.6805555555555556 0.9058641975308641 0.6882716049382716 0.9066358024691357 0.6944444444444444
3 0.2222222222222222 0.8575102880658435 0.22337962962962962 0.8667695473251028 0.22723765432098764 0.8677983539094649 0.23842592592592593 0.8549382716049382 0.24228395061728392 0.8451646090534979 0.24074074074074073 0.8431069958847737 0.2391975308641975 0.831275720164609 0.2391975308641975 0.8209876543209875 0.24421296296296297 0.8065843621399176 0.24151234567901234 0.8009259259259259 0.24074074074074073 0.7957818930041152 0.2349537037037037 0.7916666666666666 0.2222222222222222 0.7921810699588477 0.21913580246913578 0.7947530864197531 0.2183641975308642 0.7978395061728394 0.21797839506172836 0.8461934156378601 0.2222222222222222 0.8575102880658435
3 0.24344135802469133 0.7782921810699589 0.24807098765432098 0.7870370370370371 0.24922839506172836 0.7824074074074074 0.2465277777777778 0.779835390946502 0.24459876543209874 0.7736625514403292 0.23996913580246912 0.7716049382716049 0.23804012345679013 0.772633744855967 0.24344135802469133 0.7782921810699589