6 0.8322916666666667 0.512962962962963 0.8335069444444444 0.5151234567901235 0.8347222222222221 0.516358024691358 0.8524305555555556 0.516358024691358 0.8534722222222222 0.5154320987654321 0.8536458333333333 0.5117283950617284 0.856423611111111 0.5006172839506172 0.8565972222222222 0.49660493827160496 0.8560763888888888 0.49104938271604937 0.8527777777777777 0.4839506172839506 0.8493055555555555 0.4824074074074074 0.8484375 0.483641975308642 0.8475694444444444 0.49104938271604937 0.8477430555555555 0.4959876543209876 0.8467013888888888 0.49845679012345684 0.8458333333333333 0.5089506172839506 0.8453125 0.5095679012345679 0.8446180555555556 0.508641975308642 0.8439236111111111 0.49876543209876545 0.8427083333333334 0.49506172839506174 0.8434027777777777 0.49104938271604937 0.8416666666666666 0.4864197530864197 0.8420138888888888 0.4774691358024691 0.8392361111111112 0.47530864197530864 0.8355902777777777 0.475 0.8319444444444444 0.47530864197530864 0.8309027777777778 0.47716049382716047 0.8307291666666666 0.5055555555555555 0.8322916666666667 0.512962962962963
6 0.4704861111111111 0.6685185185185185 0.47152777777777777 0.696604938271605 0.4708333333333333 0.7 0.4696180555555556 0.7024691358024691 0.4666666666666667 0.703395061728395 0.4659722222222222 0.7055555555555556 0.4661458333333333 0.7074074074074075 0.4684027777777778 0.7101851851851853 0.4690972222222222 0.7132716049382716 0.46684027777777776 0.7280864197530863 0.46684027777777776 0.7549382716049382 0.4678819444444444 0.7564814814814815 0.47031249999999997 0.7570987654320988 0.5045138888888888 0.7564814814814815 0.5052083333333334 0.7549382716049382 0.5057291666666667 0.7432098765432099 0.5072916666666667 0.7354938271604938 0.5072916666666667 0.7302469135802468 0.5086805555555556 0.7234567901234568 0.5086805555555556 0.7132716049382716 0.5092013888888889 0.7104938271604938 0.5086805555555556 0.6793209876543209 0.5074652777777777 0.66820987654321 0.5076388888888889 0.6524691358024691 0.5090277777777777 0.6395061728395062 0.5085069444444444 0.6339506172839506 0.5050347222222222 0.6311728395061729 0.4996527777777778 0.6302469135802469 0.4836805555555555 0.6299382716049382 0.4782986111111111 0.6311728395061729 0.4770833333333333 0.6320987654320988 0.4751736111111111 0.6367283950617284 0.4732638888888889 0.6475308641975309 0.47152777777777777 0.6537037037037037 0.47152777777777777 0.6617283950617284 0.4704861111111111 0.6685185185185185
6 0.9310763888888888 0.4922839506172839 0.9350694444444444 0.5021604938271605 0.9395833333333333 0.5055555555555555 0.9449652777777777 0.5055555555555555 0.9496527777777778 0.5033950617283951 0.9541666666666666 0.4996913580246914 0.9600694444444444 0.49938271604938267 0.9607638888888889 0.4981481481481481 0.9605902777777777 0.48117283950617284 0.9604166666666666 0.47932098765432096 0.9597222222222221 0.47901234567901235 0.9600694444444444 0.4780864197530864 0.9548611111111112 0.4824074074074074 0.9529513888888889 0.4799382716049383 0.9510416666666666 0.47530864197530864 0.9496527777777778 0.4740740740740741 0.9467013888888888 0.4722222222222222 0.9421875 0.47160493827160493 0.9378472222222222 0.4722222222222222 0.9319444444444444 0.47530864197530864 0.9300347222222222 0.4774691358024691 0.9295138888888889 0.4802469135802469 0.9296875 0.49104938271604937 0.9310763888888888 0.4922839506172839
6 0.946875 0.4743827160493827 0.950173611111111 0.47685185185185186 0.9522569444444444 0.48055555555555557 0.9529513888888889 0.4833333333333333 0.9567708333333333 0.4876543209876543 0.9581597222222222 0.49104938271604937 0.957986111111111 0.4919753086419753 0.9548611111111112 0.4941358024691358 0.9534722222222222 0.4981481481481481 0.9552083333333333 0.49907407407407406 0.9604166666666666 0.4981481481481481 0.9605902777777777 0.491358024691358 0.9621527777777777 0.4864197530864197 0.9630208333333333 0.47716049382716047 0.9628472222222222 0.47314814814814815 0.9621527777777777 0.4700617283950617 0.9605902777777777 0.4669753086419753 0.9604166666666666 0.4635802469135802 0.9571180555555555 0.4601851851851852 0.9520833333333334 0.45925925925925926 0.9428819444444444 0.45987654320987653 0.9404513888888888 0.4632716049382716 0.9392361111111112 0.4737654320987654 0.946875 0.4743827160493827
6 0.8567708333333334 0.5024691358024691 0.8574652777777778 0.5064814814814814 0.8635416666666667 0.519753086419753 0.8664930555555556 0.5231481481481481 0.8732638888888888 0.5240740740740741 0.8776041666666666 0.5262345679012346 0.8796875 0.5290123456790123 0.8805555555555555 0.5290123456790123 0.8822916666666666 0.5240740740740741 0.8829861111111111 0.5172839506172839 0.8829861111111111 0.4972222222222222 0.8817708333333334 0.4839506172839506 0.8807291666666666 0.47962962962962963 0.8788194444444444 0.47623456790123453 0.8763888888888888 0.4740740740740741 0.8734375 0.47314814814814815 0.8640625 0.4737654320987654 0.859375 0.47530864197530864 0.8581597222222221 0.4774691358024691 0.8578125 0.4864197530864197 0.8569444444444444 0.491358024691358 0.8574652777777778 0.49845679012345684 0.8567708333333334 0.5024691358024691
1 0.9149305555555556 0.504320987654321 0.9163194444444444 0.508641975308642 0.9215277777777777 0.5108024691358024 0.9248263888888888 0.5111111111111111 0.9335069444444444 0.5108024691358024 0.9369791666666666 0.5098765432098765 0.9378472222222222 0.508641975308642 0.9378472222222222 0.5052469135802469 0.9359375 0.5018518518518518 0.9350694444444444 0.5015432098765432 0.9317708333333333 0.4944444444444444 0.9286458333333334 0.491358024691358 0.9222222222222222 0.48858024691358026 0.9170138888888888 0.48919753086419754 0.9137152777777777 0.491358024691358 0.9133680555555556 0.49537037037037035 0.9149305555555556 0.504320987654321
1 0.4131246527777777 0.45049320987654323 0.4148607638888888 0.45141913580246906 0.4192010416666666 0.45141913580246906 0.421284375 0.4492586419753086 0.4216315972222222 0.4458635802469136 0.4211107638888889 0.4421598765432098 0.41885381944444444 0.43845617283950616 0.41468715277777773 0.43845617283950616 0.41173576388888883 0.4415425925925926 0.4112149305555555 0.44648086419753086 0.4131246527777777 0.45049320987654323
1 0.5347222222222222 0.6478395061728395 0.5338541666666666 0.6546296296296297 0.5342013888888888 0.6694444444444444 0.5359375 0.6746913580246913 0.5388888888888889 0.6759259259259259 0.5583333333333333 0.6768518518518518 0.5618055555555556 0.6787037037037037 0.5644097222222222 0.6780864197530865 0.5649305555555555 0.6756172839506173 0.5649305555555555 0.6601851851851852 0.5638888888888889 0.65 0.5661458333333333 0.6438271604938272 0.5623263888888889 0.6358024691358025 0.5619791666666666 0.6333333333333334 0.561111111111111 0.6317901234567901 0.5607638888888888 0.6280864197530863 0.5583333333333333 0.6216049382716049 0.5559027777777777 0.6194444444444445 0.553125 0.6185185185185185 0.5432291666666667 0.6185185185185185 0.5421874999999999 0.6203703703703703 0.5390625 0.6228395061728395 0.5362847222222222 0.6348765432098765 0.5348958333333333 0.6382716049382716 0.5328124999999999 0.6404320987654322 0.5328124999999999 0.644753086419753 0.5347222222222222 0.6478395061728395
1 0.5600694444444444 0.48302469135802467 0.561111111111111 0.4842592592592592 0.5635416666666666 0.48456790123456794 0.5680555555555555 0.4842592592592592 0.5685763888888888 0.4833333333333333 0.568923611111111 0.47530864197530864 0.5685763888888888 0.47314814814814815 0.5673611111111111 0.47098765432098766 0.5649305555555555 0.46882716049382717 0.5633680555555556 0.46882716049382717 0.5600694444444444 0.4722222222222222 0.559375 0.47685185185185186 0.5600694444444444 0.48302469135802467
1 0.5703125 0.4669753086419753 0.5729166666666666 0.4691358024691358 0.5751736111111111 0.4691358024691358 0.576736111111111 0.4638888888888889 0.5765625 0.45987654320987653 0.5753472222222222 0.4561728395061728 0.5739583333333333 0.45493827160493827 0.5708333333333333 0.45493827160493827 0.5696180555555556 0.4561728395061728 0.5690972222222223 0.4580246913580247 0.5690972222222223 0.4632716049382716 0.5703125 0.4669753086419753
1 0.6706597222222221 0.6753086419753087 0.6753472222222222 0.6765432098765432 0.6833333333333333 0.6768518518518518 0.6869791666666666 0.6802469135802469 0.6880208333333333 0.682716049382716 0.6911458333333333 0.6851851851851852 0.6927083333333334 0.6882716049382716 0.6982638888888888 0.6833333333333333 0.7074652777777778 0.6808641975308641 0.7098958333333334 0.6787037037037037 0.7104166666666666 0.6765432098765432 0.7092013888888888 0.6688271604938272 0.7100694444444444 0.6660493827160494 0.7100694444444444 0.6632716049382715 0.7060763888888888 0.6595679012345679 0.7039930555555556 0.6549382716049382 0.7032986111111111 0.6515432098765431 0.701736111111111 0.6496913580246914 0.6996527777777778 0.6441358024691358 0.6973958333333333 0.6419753086419753 0.6887152777777777 0.6398148148148147 0.6793402777777777 0.6398148148148147 0.6765625 0.6407407407407407 0.6717013888888889 0.6450617283950618 0.6706597222222221 0.6469135802469135 0.6699652777777778 0.6515432098765431 0.6694444444444444 0.6651234567901234 0.6706597222222221 0.6753086419753087
6 0.559375 0.508641975308642 0.5605902777777777 0.5108024691358024 0.5677083333333334 0.5123456790123457 0.5717013888888889 0.5123456790123457 0.5727430555555555 0.5108024691358024 0.5727430555555555 0.49876543209876545 0.5701388888888889 0.4916666666666667 0.5697916666666666 0.48796296296296293 0.5677083333333334 0.48487654320987655 0.5640624999999999 0.48487654320987655 0.5623263888888889 0.4861111111111111 0.5616319444444444 0.48796296296296293 0.5609375 0.4947530864197531 0.559375 0.4978395061728395 0.5592013888888888 0.5067901234567901 0.559375 0.508641975308642
1 0.7541666666666667 0.8280864197530865 0.7583333333333333 0.8324074074074075 0.7623263888888888 0.8308641975308642 0.7659722222222222 0.832716049382716 0.7713541666666666 0.841358024691358 0.7737847222222222 0.846604938271605 0.7751736111111112 0.8660493827160494 0.7762152777777778 0.8697530864197531 0.7793402777777778 0.8740740740740741 0.7864583333333334 0.8712962962962962 0.790625 0.8731481481481481 0.7999999999999999 0.8743827160493828 0.8072916666666666 0.8765432098765432 0.8119791666666666 0.8765432098765432 0.8206597222222222 0.878395061728395 0.8282986111111111 0.878395061728395 0.8312499999999999 0.8771604938271605 0.8342013888888888 0.8731481481481481 0.8354166666666666 0.8648148148148148 0.8354166666666666 0.8552469135802468 0.834548611111111 0.8515432098765432 0.834375 0.845679012345679 0.8317708333333333 0.8361111111111111 0.826736111111111 0.825925925925926 0.825173611111111 0.8212962962962963 0.8227430555555556 0.8179012345679012 0.8229166666666666 0.8151234567901234 0.8246527777777778 0.8132716049382716 0.825173611111111 0.8114197530864197 0.8246527777777778 0.8080246913580247 0.8211805555555556 0.8074074074074075 0.8190972222222221 0.8055555555555556 0.8164930555555555 0.8006172839506173 0.8144097222222222 0.7925925925925925 0.8107638888888888 0.7848765432098765 0.8038194444444444 0.7728395061728395 0.7970486111111111 0.7648148148148147 0.7934027777777778 0.7626543209876543 0.7802083333333334 0.7583333333333334 0.7689236111111112 0.7580246913580246 0.7647569444444444 0.7595679012345679 0.7578125 0.7700617283950618 0.7553819444444444 0.7765432098765431 0.7541666666666667 0.7839506172839507 0.7532986111111112 0.8009259259259259 0.7527777777777778 0.8030864197530865 0.7527777777777778 0.820679012345679 0.7541666666666667 0.8280864197530865
4 0.9397569444444444 0.5194444444444445 0.9425347222222222 0.5231481481481481 0.9494791666666667 0.5219135802469136 0.9522569444444444 0.5228395061728395 0.9635416666666666 0.5228395061728395 0.967361111111111 0.5268518518518518 0.9729166666666667 0.5219135802469136 0.9845486111111111 0.5209876543209876 0.9871527777777778 0.5185185185185185 0.9871527777777778 0.5154320987654321 0.9855902777777777 0.5114197530864197 0.9815972222222222 0.5083333333333333 0.9758680555555556 0.5058641975308642 0.9715277777777778 0.5009259259259259 0.9678819444444444 0.5 0.959375 0.4996913580246914 0.9524305555555556 0.5009259259259259 0.9461805555555556 0.5058641975308642 0.9409722222222222 0.5070987654320988 0.9397569444444444 0.5095679012345679 0.9392361111111112 0.5172839506172839 0.9397569444444444 0.5194444444444445
4 0.5284722222222222 0.47314814814814815 0.5293402777777777 0.48302469135802467 0.5303819444444444 0.4842592592592592 0.5340277777777778 0.4842592592592592 0.5350694444444444 0.4833333333333333 0.5361111111111111 0.4802469135802469 0.5361111111111111 0.4737654320987654 0.5345486111111111 0.4666666666666667 0.5331597222222222 0.4645061728395061 0.5281250000000001 0.4666666666666667 0.5276041666666667 0.47067901234567905 0.5284722222222222 0.47314814814814815
1 0.5161458333333333 0.9021604938271606 0.5140625 0.921604938271605 0.5121527777777778 0.9256172839506173 0.5081597222222223 0.9262345679012346 0.50625 0.928395061728395 0.50625 0.932716049382716 0.5078125 0.9354938271604938 0.5121527777777778 0.9376543209876543 0.5135416666666667 0.9395061728395062 0.5137152777777777 0.9410493827160493 0.5135416666666667 0.9450617283950616 0.5119791666666667 0.9496913580246913 0.5116319444444445 0.9552469135802469 0.5107638888888889 0.9592592592592593 0.5107638888888889 0.9790123456790124 0.5100694444444445 0.9950617283950618 0.5112847222222222 0.9978395061728395 0.5112847222222222 0.9996913580246913 0.5262152777777778 0.9996913580246913 0.5262152777777778 0.9984567901234568 0.5274305555555555 0.9975308641975309 0.5315972222222223 0.9972222222222222 0.5526041666666667 0.9969135802469137 0.5626736111111111 0.9972222222222222 0.5649305555555555 0.9981481481481481 0.5651041666666666 0.9996913580246913 0.5748263888888888 0.9996913580246913 0.5760416666666667 0.9953703703703703 0.5765625 0.9824074074074074 0.5760416666666667 0.9790123456790124 0.5760416666666667 0.9666666666666666 0.5746527777777778 0.9558641975308642 0.5736111111111111 0.9530864197530865 0.5736111111111111 0.9481481481481482 0.5741319444444444 0.9459876543209877 0.5755208333333334 0.9441358024691359 0.5795138888888889 0.9407407407407407 0.5802083333333333 0.9395061728395062 0.5805555555555555 0.9358024691358025 0.5788194444444444 0.9320987654320988 0.5744791666666667 0.9314814814814815 0.5730902777777778 0.9296296296296297 0.5717013888888889 0.9188271604938272 0.5715277777777777 0.9 0.5701388888888889 0.8944444444444444 0.5697916666666666 0.8888888888888888 0.5661458333333333 0.8728395061728395 0.5640624999999999 0.8694444444444445 0.5585069444444444 0.866358024691358 0.5409722222222222 0.8635802469135803 0.5251736111111112 0.8641975308641975 0.5222222222222223 0.8669753086419753 0.5206597222222222 0.8709876543209876 0.5189236111111111 0.8728395061728395 0.5161458333333333 0.8950617283950618 0.5161458333333333 0.9021604938271606
8 0.4822916666666667 0.5311728395061729 0.49548611111111107 0.5320987654320988 0.4977430555555556 0.5299382716049382 0.4986111111111111 0.5237654320987654 0.4986111111111111 0.5157407407407407 0.4965277777777778 0.5037037037037037 0.4947916666666667 0.5 0.4913194444444444 0.49876543209876545 0.48715277777777777 0.49876543209876545 0.48420138888888886 0.5 0.48125 0.5058641975308642 0.48055555555555557 0.5104938271604939 0.48072916666666665 0.5302469135802469 0.4822916666666667 0.5311728395061729
1 0.5220486111111111 0.5916666666666667 0.5213541666666667 0.6135802469135803 0.5225694444444444 0.6191358024691357 0.5293402777777777 0.6182098765432099 0.5442708333333334 0.6182098765432099 0.5463541666666666 0.6169753086419753 0.5480902777777777 0.6132716049382716 0.5482638888888889 0.6018518518518519 0.5475694444444444 0.5947530864197531 0.5484374999999999 0.592283950617284 0.5487847222222222 0.5885802469135802 0.5458333333333333 0.5836419753086419 0.5434027777777778 0.5746913580246913 0.5414930555555555 0.5712962962962963 0.5364583333333334 0.5694444444444444 0.5284722222222222 0.5703703703703704 0.5262152777777778 0.5734567901234567 0.5248263888888889 0.5787037037037037 0.5227430555555556 0.5820987654320988 0.5210069444444444 0.587037037037037 0.5210069444444444 0.5898148148148148 0.5220486111111111 0.5916666666666667
1 0.5921875 0.6101851851851853 0.606423611111111 0.6104938271604938 0.6126736111111112 0.6135802469135803 0.6137152777777778 0.6117283950617284 0.6144097222222222 0.6058641975308642 0.6144097222222222 0.5864197530864198 0.6092013888888889 0.5743827160493827 0.6060763888888888 0.5731481481481482 0.5984375 0.5731481481481482 0.5942708333333333 0.5746913580246913 0.5918402777777777 0.5805555555555555 0.590625 0.5925925925925926 0.590625 0.6061728395061728 0.5921875 0.6101851851851853
4 0.5432291666666667 0.4888888888888889 0.5463541666666666 0.48518518518518516 0.5479166666666666 0.48148148148148145 0.5513888888888888 0.4777777777777778 0.5505208333333333 0.47314814814814815 0.5472222222222222 0.4697530864197531 0.5430555555555555 0.4697530864197531 0.5420138888888888 0.47067901234567905 0.5411458333333333 0.47314814814814815 0.5407986111111112 0.4842592592592592 0.5432291666666667 0.4888888888888889
1 0.5605902777777777 0.5753086419753086 0.5677083333333334 0.5740740740740741 0.5784722222222222 0.5762345679012346 0.5805555555555555 0.5740740740740741 0.5812499999999999 0.5709876543209876 0.5802083333333333 0.5580246913580247 0.5805555555555555 0.5518518518518518 0.5772569444444444 0.5435185185185185 0.5748263888888888 0.5404320987654321 0.5680555555555555 0.5388888888888889 0.5642361111111112 0.5395061728395062 0.5625 0.5416666666666666 0.5605902777777777 0.5469135802469135 0.5598958333333334 0.553395061728395 0.559375 0.566358024691358 0.5605902777777777 0.5753086419753086
1 0.6128472222222222 0.6913580246913581 0.6145833333333334 0.6932098765432099 0.6175347222222222 0.7006172839506173 0.6194444444444444 0.7104938271604938 0.6244791666666666 0.7089506172839506 0.6371527777777778 0.7111111111111111 0.6388888888888888 0.7098765432098766 0.6407986111111111 0.7046296296296296 0.6420138888888888 0.696604938271605 0.6425347222222222 0.6876543209876543 0.6447916666666667 0.6842592592592593 0.6475694444444444 0.682716049382716 0.6512152777777778 0.6768518518518518 0.6534722222222222 0.6753086419753087 0.6546875 0.671604938271605 0.6539930555555555 0.6685185185185185 0.6522569444444444 0.667283950617284 0.6487847222222222 0.6620370370370371 0.645486111111111 0.6512345679012346 0.6444444444444444 0.6496913580246914 0.6439236111111112 0.6472222222222223 0.6418402777777777 0.6441358024691358 0.637673611111111 0.6407407407407407 0.6352430555555556 0.6398148148148147 0.6248263888888889 0.6385802469135803 0.6225694444444444 0.6388888888888888 0.6197916666666666 0.6407407407407407 0.6159722222222221 0.6478395061728395 0.6128472222222222 0.6608024691358024 0.6123263888888888 0.674074074074074 0.6121527777777778 0.6854938271604938 0.6128472222222222 0.6913580246913581
1 0.5432291666666667 0.5296296296296296 0.5435763888888888 0.5472222222222223 0.5467013888888889 0.5487654320987654 0.5496527777777778 0.5475308641975308 0.5579861111111111 0.5484567901234568 0.5609375 0.5459876543209877 0.5619791666666666 0.5401234567901235 0.5609375 0.5342592592592592 0.5607638888888888 0.5274691358024691 0.5590277777777778 0.5212962962962963 0.5578124999999999 0.5191358024691358 0.5560763888888889 0.5179012345679012 0.5503472222222222 0.5169753086419754 0.546875 0.5191358024691358 0.5456597222222223 0.5222222222222223 0.5447916666666667 0.5268518518518518 0.5432291666666667 0.5296296296296296
1 0.6197916666666666 0.5962962962962963 0.6229166666666666 0.5978395061728394 0.6276041666666666 0.596604938271605 0.6336805555555556 0.5969135802469135 0.6378472222222222 0.5993827160493828 0.6413194444444444 0.5993827160493828 0.6414930555555556 0.5904320987654321 0.6409722222222222 0.5867283950617284 0.6407986111111111 0.5746913580246913 0.6371527777777778 0.567283950617284 0.6352430555555556 0.5651234567901234 0.631423611111111 0.5638888888888889 0.6225694444444444 0.5638888888888889 0.6201388888888888 0.567283950617284 0.6171875 0.5756172839506173 0.6171875 0.5879629629629629 0.6197916666666666 0.5962962962962963
1 0.8942708333333333 0.5027777777777778 0.8944444444444444 0.4944444444444444 0.8934027777777778 0.49506172839506174 0.8932291666666666 0.5015432098765432 0.8942708333333333 0.5027777777777778
1 0.8989583333333333 0.5037037037037037 0.9001736111111112 0.508641975308642 0.9142361111111111 0.508641975308642 0.9154513888888888 0.5049382716049382 0.9152777777777777 0.5018518518518518 0.9119791666666666 0.491358024691358 0.9046875 0.48796296296296293 0.9005208333333333 0.48796296296296293 0.8984375 0.491358024691358 0.8989583333333333 0.5037037037037037
1 0.54375 0.4552469135802469 0.5467013888888889 0.4574074074074074 0.5494791666666666 0.45648148148148143 0.5501736111111111 0.44969135802469135 0.5484374999999999 0.44537037037037036 0.5460069444444444 0.4444444444444444 0.5442708333333334 0.44598765432098764 0.5430555555555555 0.44845679012345674 0.5428819444444444 0.45339506172839505 0.54375 0.4552469135802469
1 0.6975694444444444 0.696604938271605 0.6998263888888888 0.700925925925926 0.7053819444444444 0.7083333333333334 0.7083333333333334 0.7212962962962963 0.7154513888888888 0.733641975308642 0.7175347222222221 0.7447530864197531 0.7204861111111112 0.7537037037037038 0.7237847222222222 0.7558641975308641 0.7350694444444444 0.7564814814814815 0.7381944444444444 0.7555555555555555 0.7413194444444444 0.758641975308642 0.7428819444444444 0.7558641975308641 0.7449652777777778 0.7484567901234568 0.7453124999999999 0.7370370370370369 0.7413194444444444 0.7200617283950618 0.7401041666666666 0.7175925925925926 0.7416666666666666 0.7138888888888888 0.7413194444444444 0.7098765432098766 0.7394097222222222 0.7089506172839506 0.7366319444444444 0.7058641975308642 0.7274305555555556 0.6876543209876543 0.7243055555555555 0.6836419753086419 0.7211805555555556 0.6820987654320988 0.7100694444444444 0.6805555555555556 0.7074652777777778 0.6820987654320988 0.6994791666666667 0.6833333333333333 0.6970486111111112 0.6864197530864197 0.6958333333333333 0.6898148148148148 0.6975694444444444 0.696604938271605
1 0.5453125 0.4981481481481481 0.5465277777777777 0.5003086419753087 0.5548611111111111 0.5003086419753087 0.5567708333333333 0.4981481481481481 0.5571180555555555 0.48703703703703705 0.5565972222222222 0.4839506172839506 0.5538194444444444 0.47962962962962963 0.5498263888888888 0.47901234567901235 0.5467013888888889 0.48055555555555557 0.5444444444444444 0.4858024691358025 0.5449652777777777 0.4959876543209876 0.5453125 0.4981481481481481
1 0.5555555555555556 0.46820987654320984 0.5572916666666666 0.47160493827160493 0.5607638888888888 0.47129629629629627 0.5621527777777777 0.4691358024691358 0.5631944444444444 0.46481481481481485 0.5619791666666666 0.4561728395061728 0.5607638888888888 0.45401234567901233 0.5574652777777778 0.45401234567901233 0.5557291666666666 0.4580246913580247 0.5552083333333333 0.4611111111111111 0.5555555555555556 0.46820987654320984
4 0.7571180555555556 0.508641975308642 0.7578125 0.5111111111111111 0.7595486111111112 0.512962962962963 0.7631944444444444 0.5141975308641975 0.7737847222222222 0.5151234567901235 0.7760416666666666 0.5145061728395062 0.7772569444444444 0.5123456790123457 0.7772569444444444 0.5046296296296297 0.7765624999999999 0.5 0.7732638888888889 0.4941358024691358 0.7723958333333334 0.491358024691358 0.7706597222222222 0.48919753086419754 0.7689236111111112 0.48796296296296293 0.7659722222222222 0.4876543209876543 0.7619791666666667 0.4888888888888889 0.7605902777777778 0.49104938271604937 0.7598958333333333 0.4947530864197531 0.7588541666666666 0.495679012345679 0.7578125 0.49845679012345684 0.7571180555555556 0.5018518518518518 0.7571180555555556 0.508641975308642
1 0.5567708333333333 0.7731481481481481 0.5572916666666666 0.778395061728395 0.5572916666666666 0.7901234567901234 0.5605902777777777 0.7981481481481482 0.5675347222222222 0.8006172839506173 0.5708333333333333 0.7993827160493827 0.5772569444444444 0.8003086419753087 0.5895833333333333 0.7993827160493827 0.5939236111111111 0.8009259259259259 0.5972222222222222 0.8037037037037037 0.5989583333333334 0.8037037037037037 0.5998263888888888 0.8024691358024691 0.6010416666666666 0.7981481481481482 0.6010416666666666 0.7753086419753087 0.5993055555555555 0.7617283950617284 0.5975694444444444 0.7549382716049382 0.5989583333333334 0.7515432098765432 0.6012152777777777 0.7490740740740741 0.6013888888888889 0.7478395061728395 0.600173611111111 0.7444444444444445 0.5967013888888888 0.7432098765432099 0.5946180555555556 0.7395061728395061 0.5885416666666666 0.7154320987654321 0.5854166666666666 0.7101851851851853 0.5829861111111111 0.7083333333333334 0.5776041666666666 0.7070987654320987 0.5690972222222223 0.7070987654320987 0.5640624999999999 0.7083333333333334 0.5605902777777777 0.7135802469135802 0.5597222222222222 0.717283950617284 0.5572916666666666 0.7231481481481481 0.5555555555555556 0.7395061728395061 0.5546875 0.7429012345679012 0.5545138888888889 0.762037037037037 0.5567708333333333 0.7731481481481481
1 0.4206597222222222 0.8324074074074075 0.42343749999999997 0.8351851851851853 0.4232638888888889 0.8441358024691359 0.4211805555555555 0.8512345679012346 0.41996527777777776 0.8608024691358025 0.4203125 0.8740740740740741 0.4197916666666667 0.8768518518518519 0.4197916666666667 0.8873456790123456 0.4206597222222222 0.891358024691358 0.421875 0.8938271604938272 0.4253472222222222 0.8966049382716049 0.4333333333333333 0.8978395061728395 0.43732638888888886 0.8969135802469135 0.4498263888888889 0.8966049382716049 0.4600694444444444 0.8944444444444444 0.4671875 0.8953703703703704 0.4708333333333333 0.8932098765432099 0.471875 0.8885802469135803 0.471875 0.8768518518518519 0.4723958333333333 0.8740740740740741 0.47204861111111107 0.8679012345679012 0.4739583333333333 0.8614197530864197 0.4755208333333333 0.8475308641975309 0.4762152777777778 0.8330246913580247 0.4774305555555556 0.828395061728395 0.4774305555555556 0.8246913580246913 0.4762152777777778 0.8197530864197531 0.4762152777777778 0.8064814814814815 0.4755208333333333 0.7956790123456791 0.4743055555555556 0.7888888888888889 0.4713541666666667 0.782716049382716 0.4661458333333333 0.7796296296296297 0.4538194444444444 0.7787037037037037 0.4444444444444444 0.779320987654321 0.4395833333333333 0.7808641975308641 0.4375 0.7830246913580247 0.434375 0.7895061728395062 0.43368055555555557 0.7929012345679012 0.4326388888888889 0.7947530864197531 0.4310763888888889 0.8024691358024691 0.4284722222222222 0.8104938271604938 0.428125 0.8148148148148148 0.4269097222222222 0.8197530864197531 0.42517361111111107 0.8222222222222222 0.42170138888888886 0.8222222222222222 0.4190972222222222 0.8246913580246913 0.41875 0.828395061728395 0.4206597222222222 0.8324074074074075
6 0.9805555555555555 0.5688271604938271 0.9810763888888888 0.592283950617284 0.9842013888888889 0.5962962962962963 0.9869791666666666 0.5969135802469135 0.990798611111111 0.5996913580246913 0.9960069444444444 0.6006172839506172 0.9998263888888889 0.5993827160493828 0.9998263888888889 0.5277777777777778 0.990625 0.5274691358024691 0.9836805555555556 0.528395061728395 0.9805555555555555 0.5296296296296296 0.9791666666666666 0.5324074074074074 0.9782986111111112 0.5546296296296296 0.9805555555555555 0.5688271604938271
6 0.0015624999999999999 0.5848765432098765 0 0.5848765432098765 0 0.6574074074074074 0.005208333333333333 0.6564814814814816 0.008159722222222223 0.6592592592592593 0.012847222222222222 0.6595679012345679 0.014583333333333334 0.6583333333333333 0.019097222222222224 0.649074074074074 0.023784722222222224 0.6478395061728395 0.028125 0.6438271604938272 0.03732638888888889 0.6410493827160494 0.03940972222222222 0.6395061728395062 0.040451388888888884 0.6395061728395062 0.043229166666666666 0.6422839506172839 0.04722222222222222 0.6425925925925926 0.049305555555555554 0.6410493827160494 0.051215277777777776 0.6379629629629631 0.05434027777777777 0.6290123456790124 0.057291666666666664 0.6243827160493828 0.059027777777777776 0.6135802469135803 0.059027777777777776 0.6030864197530863 0.059895833333333336 0.595679012345679 0.059722222222222225 0.5790123456790123 0.059027777777777776 0.5719135802469135 0.05954861111111111 0.5638888888888889 0.05798611111111111 0.5608024691358025 0.04461805555555555 0.5564814814814815 0.03263888888888889 0.5574074074074074 0.02239583333333333 0.5617283950617283 0.014756944444444444 0.5629629629629629 0.008680555555555556 0.5660493827160494 0.0071180555555555546 0.567283950617284 0.004166666666666667 0.5731481481481482 0.0020833333333333333 0.5839506172839506 0.0015624999999999999 0.5848765432098765
6 0.7956597222222221 0.4777777777777778 0.7984375 0.4808641975308642 0.8045138888888889 0.4842592592592592 0.8156249999999999 0.48518518518518516 0.8206597222222222 0.483641975308642 0.8288194444444444 0.48302469135802467 0.8302083333333333 0.4808641975308642 0.8305555555555556 0.4774691358024691 0.8321180555555555 0.475 0.8404513888888888 0.4725308641975308 0.8420138888888888 0.47129629629629627 0.8416666666666666 0.4635802469135802 0.8395833333333333 0.462037037037037 0.80625 0.46141975308641975 0.8010416666666667 0.4632716049382716 0.8003472222222222 0.46512345679012346 0.7994791666666666 0.4632716049382716 0.7967013888888889 0.4611111111111111 0.7956597222222221 0.4632716049382716 0.7949652777777778 0.4697530864197531 0.7956597222222221 0.4777777777777778
6 0.7345486111111111 0.9030864197530865 0.7361111111111112 0.9003086419753087 0.7380208333333333 0.8987654320987654 0.7383680555555555 0.8919753086419753 0.7380208333333333 0.8876543209876543 0.7369791666666666 0.8854938271604937 0.7342013888888889 0.8845679012345679 0.7335069444444444 0.8864197530864197 0.7331597222222221 0.8987654320987654 0.7345486111111111 0.9030864197530865
6 0.6369791666666667 0.7731481481481481 0.6369791666666667 0.8027777777777778 0.6373263888888888 0.8175925925925925 0.6381944444444444 0.825 0.6390625 0.8277777777777778 0.6411458333333333 0.8518518518518519 0.6411458333333333 0.8558641975308642 0.640625 0.857716049382716 0.6409722222222222 0.8666666666666666 0.6423611111111112 0.8719135802469137 0.6463541666666666 0.8799382716049382 0.6465277777777778 0.8879629629629631 0.6489583333333333 0.8978395061728395 0.6506944444444444 0.9003086419753087 0.6546875 0.9024691358024691 0.654861111111111 0.9061728395061728 0.6538194444444444 0.907716049382716 0.6543402777777778 0.9098765432098765 0.6543402777777778 0.9148148148148147 0.6559027777777777 0.917283950617284 0.6571180555555556 0.9212962962962963 0.6571180555555556 0.9333333333333333 0.6579861111111112 0.9413580246913581 0.6633680555555556 0.95 0.6659722222222222 0.9515432098765432 0.6668402777777778 0.9530864197530865 0.6706597222222221 0.9543209876543209 0.6796875 0.9564814814814815 0.7013888888888888 0.9580246913580247 0.7085069444444444 0.9598765432098766 0.7206597222222222 0.9595679012345678 0.7225694444444444 0.9574074074074074 0.7237847222222222 0.9537037037037037 0.7243055555555555 0.9481481481481482 0.7243055555555555 0.9293209876543209 0.7230902777777778 0.9163580246913581 0.7244791666666666 0.9092592592592593 0.725173611111111 0.895679012345679 0.7243055555555555 0.8787037037037038 0.7244791666666666 0.8611111111111112 0.7230902777777778 0.8481481481481481 0.7208333333333333 0.8367283950617284 0.7206597222222222 0.8333333333333334 0.7185763888888889 0.828395061728395 0.7182291666666666 0.8191358024691359 0.717361111111111 0.8126543209876543 0.717361111111111 0.8083333333333333 0.7184027777777777 0.8012345679012346 0.7206597222222222 0.7953703703703704 0.7215277777777778 0.7811728395061728 0.7213541666666666 0.7719135802469135 0.7206597222222222 0.7638888888888888 0.7178819444444444 0.7493827160493828 0.7177083333333334 0.7444444444444445 0.7145833333333333 0.732716049382716 0.7083333333333334 0.7225308641975309 0.7067708333333333 0.7166666666666667 0.7046875 0.7132716049382716 0.7038194444444444 0.7089506172839506 0.6982638888888888 0.7012345679012346 0.6960069444444444 0.6959876543209877 0.6940972222222221 0.6941358024691359 0.6859375 0.6802469135802469 0.6810763888888888 0.6777777777777778 0.6604166666666667 0.6771604938271604 0.6560763888888889 0.678395061728395 0.6545138888888888 0.6799382716049384 0.6510416666666666 0.6805555555555556 0.6439236111111112 0.6858024691358025 0.6428819444444444 0.6885802469135802 0.6420138888888888 0.7012345679012346 0.6399305555555556 0.7092592592592593 0.6390625 0.7277777777777777 0.6380208333333334 0.7339506172839506 0.6380208333333334 0.7555555555555555 0.6369791666666667 0.7731481481481481
7 0.5045138888888888 0.5018518518518518 0.5050347222222222 0.5216049382716049 0.5034722222222222 0.5361111111111111 0.5046875000000001 0.5496913580246914 0.5052083333333334 0.5506172839506173 0.5086805555555556 0.5509259259259259 0.5116319444444445 0.5487654320987654 0.5171874999999999 0.5487654320987654 0.5260416666666666 0.5515432098765432 0.5270833333333333 0.5493827160493827 0.5277777777777778 0.5450617283950617 0.5286458333333334 0.5333333333333333 0.5286458333333334 0.5253086419753087 0.5295138888888888 0.520679012345679 0.5296875 0.5058641975308642 0.5289930555555555 0.49845679012345684 0.5289930555555555 0.4876543209876543 0.5296875 0.48518518518518516 0.5296875 0.47962962962962963 0.5286458333333334 0.4740740740740741 0.5267361111111111 0.47098765432098766 0.5243055555555556 0.4700617283950617 0.5149305555555556 0.4700617283950617 0.5128472222222222 0.47160493827160493 0.5092013888888889 0.4722222222222222 0.5059027777777777 0.4774691358024691 0.5050347222222222 0.483641975308642 0.5053819444444444 0.4916666666666667 0.5045138888888888 0.5018518518518518
6 0.3569444444444444 0.4694444444444445 0.3581597222222222 0.4787037037037037 0.3598958333333333 0.4799382716049383 0.3697916666666667 0.4802469135802469 0.3802083333333333 0.47716049382716047 0.3807291666666667 0.4694444444444445 0.3817708333333333 0.4669753086419753 0.3824652777777778 0.46265432098765435 0.3822916666666667 0.4419753086419753 0.3805555555555556 0.44012345679012344 0.3734375 0.44012345679012344 0.3616319444444444 0.4422839506172839 0.35920138888888886 0.44382716049382714 0.3581597222222222 0.4475308641975309 0.3581597222222222 0.4580246913580247 0.3569444444444444 0.4694444444444445
3 0.9913194444444444 0.8052469135802469 0.9916666666666666 0.8030864197530865 0.990798611111111 0.8027777777777778 0.9895833333333334 0.8040123456790123 0.9913194444444444 0.8052469135802469
3 0.9449652777777777 0.8324074074074075 0.9440972222222221 0.8342592592592593 0.943923611111111 0.8382716049382716 0.9461805555555556 0.845679012345679 0.9470486111111112 0.8558641975308642 0.9482638888888888 0.8592592592592593 0.9512152777777778 0.8632716049382716 0.9571180555555555 0.8657407407407407 0.9607638888888889 0.8645061728395061 0.9666666666666666 0.8574074074074074 0.9690972222222222 0.8558641975308642 0.9720486111111112 0.8496913580246913 0.9727430555555555 0.842283950617284 0.9777777777777777 0.8354938271604938 0.9800347222222222 0.8302469135802469 0.9847222222222222 0.825 0.9868055555555556 0.820679012345679 0.9869791666666666 0.8169753086419753 0.9857638888888888 0.8117283950617284 0.9822916666666666 0.807716049382716 0.981423611111111 0.8 0.9805555555555555 0.799074074074074 0.9774305555555556 0.7987654320987654 0.9737847222222222 0.8 0.9720486111111112 0.8027777777777778 0.9697916666666666 0.8040123456790123 0.9696180555555556 0.8080246913580247 0.9670138888888888 0.8129629629629629 0.9631944444444444 0.8129629629629629 0.957986111111111 0.8095679012345679 0.9539930555555556 0.8086419753086419 0.9473958333333333 0.8108024691358025 0.9470486111111112 0.8141975308641975 0.9449652777777777 0.8209876543209877 0.9453125 0.8287037037037037 0.9449652777777777 0.8324074074074075
3 0.9272569444444444 0.8070987654320988 0.9272569444444444 0.8104938271604938 0.9293402777777777 0.813888888888889 0.9296875 0.8219135802469135 0.9319444444444444 0.8280864197530865 0.9333333333333333 0.8287037037037037 0.9350694444444444 0.8314814814814815 0.9385416666666666 0.8324074074074075 0.9411458333333333 0.8314814814814815 0.9454861111111111 0.8175925925925925 0.9470486111111112 0.8101851851851852 0.9532986111111111 0.807716049382716 0.959375 0.8092592592592593 0.9635416666666666 0.8120370370370371 0.9671875 0.8114197530864197 0.9689236111111111 0.8043209876543209 0.9727430555555555 0.8003086419753087 0.9737847222222222 0.7975308641975308 0.9723958333333333 0.7895061728395062 0.9690972222222222 0.782716049382716 0.9694444444444444 0.7728395061728395 0.967361111111111 0.7712962962962963 0.9647569444444444 0.7722222222222223 0.9638888888888888 0.7734567901234568 0.9623263888888888 0.7824074074074074 0.9600694444444444 0.7858024691358024 0.9564236111111112 0.7867283950617284 0.9546875 0.7845679012345679 0.9545138888888888 0.782716049382716 0.9532986111111111 0.7805555555555556 0.9498263888888888 0.7796296296296297 0.9482638888888888 0.7830246913580247 0.9480902777777778 0.7864197530864198 0.946875 0.7879629629629629 0.9314236111111112 0.7888888888888889 0.9295138888888889 0.7895061728395062 0.9288194444444444 0.7913580246913581 0.9288194444444444 0.8006172839506173 0.9272569444444444 0.8070987654320988
3 0.9727430555555555 0.8595679012345678 0.9717013888888888 0.8753086419753087 0.9722222222222222 0.8796296296296297 0.9734375 0.883641975308642 0.9765625 0.8879629629629631 0.9803819444444444 0.8901234567901234 0.9842013888888889 0.8901234567901234 0.9869791666666666 0.8873456790123456 0.9897569444444444 0.8820987654320988 0.9998263888888889 0.8808641975308641 0.9998263888888889 0.841358024691358 0.9980902777777778 0.841358024691358 0.997048611111111 0.8388888888888888 0.9979166666666666 0.8333333333333334 0.9998263888888889 0.832716049382716 0.9998263888888889 0.8209876543209877 0.9980902777777778 0.8209876543209877 0.9960069444444444 0.8194444444444444 0.9930555555555556 0.8194444444444444 0.9885416666666667 0.8212962962962963 0.9871527777777778 0.8253086419753086 0.984375 0.8265432098765432 0.9826388888888888 0.8296296296296296 0.9805555555555555 0.8308641975308642 0.9784722222222222 0.8348765432098766 0.9734375 0.8404320987654321 0.9720486111111112 0.8450617283950618 0.9722222222222222 0.8561728395061728 0.9727430555555555 0.8595679012345678