8 0.50390625 0.46620370370370373 0.5067708333333334 0.47500000000000003 0.5083333333333333 0.4763888888888889 0.5114583333333333 0.47500000000000003 0.5221354166666666 0.47731481481481486 0.5268229166666667 0.4763888888888889 0.5291666666666667 0.4638888888888889 0.5286458333333334 0.4587962962962963 0.5242187500000001 0.44212962962962965 0.51953125 0.4337962962962963 0.5143229166666666 0.4310185185185186 0.5062500000000001 0.4305555555555556 0.50390625 0.43287037037037035 0.5026041666666666 0.44074074074074077 0.5026041666666666 0.4583333333333333 0.50390625 0.46620370370370373
6 0.42942708333333335 0.3791666666666667 0.4390625 0.3791666666666667 0.44036458333333334 0.3680555555555556 0.4395833333333333 0.3592592592592593 0.4380208333333333 0.3550925925925926 0.43593750000000003 0.35324074074074074 0.4322916666666667 0.35370370370370374 0.4299479166666667 0.3569444444444445 0.42864583333333334 0.362962962962963 0.4283854166666667 0.37638888888888894 0.42942708333333335 0.3791666666666667
8 0.3520833333333333 0.39398148148148154 0.3557291666666667 0.39212962962962966 0.3580729166666667 0.38703703703703707 0.3572916666666667 0.38009259259259265 0.35546875 0.37638888888888894 0.3528645833333333 0.37453703703703706 0.34921875 0.375462962962963 0.34609375000000003 0.3805555555555556 0.3455729166666667 0.3837962962962963 0.3520833333333333 0.39398148148148154
1 0.19010416666666666 0.6300925925925925 0.19270833333333334 0.6319444444444444 0.19895833333333335 0.6291666666666667 0.20755208333333336 0.6287037037037038 0.21354166666666666 0.6324074074074074 0.21692708333333335 0.6324074074074074 0.21979166666666666 0.6203703703703703 0.22265625 0.6148148148148148 0.23072916666666665 0.6083333333333334 0.23203125 0.5995370370370371 0.23151041666666666 0.5870370370370371 0.22786458333333334 0.5800925925925926 0.22083333333333335 0.5763888888888888 0.21197916666666666 0.5740740740740741 0.20338541666666665 0.5750000000000001 0.19869791666666667 0.5777777777777778 0.19479166666666667 0.5828703703703704 0.18958333333333335 0.5958333333333334 0.1875 0.6046296296296296 0.1875 0.6222222222222222 0.19010416666666666 0.6300925925925925
1 0.3557291666666667 0.5388888888888889 0.3565104166666667 0.5398148148148149 0.3596354166666667 0.5398148148148149 0.3627604166666667 0.5370370370370371 0.36614583333333334 0.5361111111111112 0.3721354166666667 0.5365740740740741 0.3760416666666667 0.5393518518518519 0.3799479166666667 0.538425925925926 0.38203125 0.5208333333333334 0.3822916666666667 0.5027777777777778 0.3807291666666667 0.5 0.37473958333333335 0.49583333333333335 0.3609375 0.4976851851851852 0.35859375 0.5023148148148148 0.35520833333333335 0.5208333333333334 0.35520833333333335 0.5319444444444444 0.3557291666666667 0.5388888888888889
1 0.45156250000000003 0.3837962962962963 0.46015625 0.38472222222222224 0.4611979166666667 0.38333333333333336 0.4611979166666667 0.37592592592592594 0.4596354166666667 0.3685185185185186 0.45625 0.3666666666666667 0.45078125 0.37037037037037035 0.4505208333333333 0.38009259259259265 0.45156250000000003 0.3837962962962963
1 0.6283854166666667 0.7300925925925926 0.62890625 0.7412037037037038 0.6299479166666666 0.7444444444444445 0.6346354166666667 0.7472222222222222 0.6385416666666667 0.7532407407407408 0.6481770833333333 0.775925925925926 0.6492187500000001 0.7856481481481482 0.6510416666666666 0.7916666666666666 0.65390625 0.7939814814814815 0.65859375 0.7939814814814815 0.6643229166666667 0.7967592592592594 0.6747395833333334 0.7976851851851853 0.6856770833333334 0.7958333333333334 0.6893229166666667 0.7939814814814815 0.6927083333333334 0.7902777777777779 0.6960937500000001 0.7768518518518519 0.6960937500000001 0.7574074074074075 0.690625 0.7416666666666667 0.6895833333333334 0.7305555555555556 0.671875 0.6958333333333334 0.65546875 0.6833333333333333 0.6515625 0.6814814814814816 0.6442708333333333 0.6814814814814816 0.6375000000000001 0.6837962962962963 0.6335937500000001 0.6870370370370371 0.6299479166666666 0.6925925925925925 0.6291666666666667 0.6962962962962963 0.6294270833333334 0.7143518518518519 0.6283854166666667 0.7300925925925926
1 0.4744791666666667 0.36574074074074076 0.4770833333333333 0.3685185185185186 0.4817708333333333 0.3689814814814815 0.4846354166666667 0.3671296296296297 0.4846354166666667 0.3597222222222222 0.4809895833333333 0.35324074074074074 0.4765625 0.3527777777777778 0.4731770833333333 0.3611111111111111 0.4729166666666667 0.36250000000000004 0.4744791666666667 0.36574074074074076
1 0.35390625000000003 0.3768518518518519 0.35911458333333335 0.3837962962962963 0.3619791666666667 0.3773148148148148 0.3619791666666667 0.3731481481481482 0.359375 0.3680555555555556 0.35234375 0.3671296296296297 0.35078125 0.3699074074074074 0.3502604166666667 0.37592592592592594 0.35390625000000003 0.3768518518518519
8 0.2791666666666667 0.48842592592592593 0.29322916666666665 0.48842592592592593 0.296875 0.49074074074074076 0.30364583333333334 0.4837962962962963 0.3052083333333333 0.47731481481481486 0.3041666666666667 0.46111111111111114 0.3002604166666667 0.45231481481481484 0.2984375 0.450462962962963 0.28229166666666666 0.45277777777777783 0.27890624999999997 0.45694444444444443 0.27734375 0.46666666666666673 0.2768229166666667 0.4842592592592593 0.2791666666666667 0.48842592592592593
5 0.3432291666666667 0.4078703703703704 0.3424479166666667 0.4115740740740741 0.3453125 0.41250000000000003 0.34661458333333334 0.4069444444444445 0.3515625 0.39675925925925926 0.3518229166666667 0.39351851851851855 0.35078125 0.39027777777777783 0.3453125 0.38425925925925924 0.3411458333333333 0.3856481481481482 0.3377604166666667 0.3907407407407408 0.3372395833333333 0.39814814814814814 0.3432291666666667 0.4078703703703704
5 0.5255208333333333 0.6675925925925926 0.5309895833333333 0.6851851851851852 0.5328125 0.6962962962962963 0.5364583333333334 0.7027777777777778 0.5424479166666667 0.7064814814814815 0.5606770833333333 0.7060185185185185 0.5703125 0.7046296296296297 0.5744791666666667 0.7000000000000001 0.5747395833333333 0.6773148148148148 0.5713541666666667 0.6606481481481482 0.571875 0.6509259259259259 0.5677083333333334 0.6467592592592594 0.5570312500000001 0.6212962962962963 0.5533854166666666 0.6180555555555556 0.546875 0.6157407407407407 0.5325520833333334 0.6171296296296297 0.52734375 0.6194444444444445 0.525 0.6231481481481481 0.5242187500000001 0.6282407407407408 0.5242187500000001 0.6569444444444444 0.5255208333333333 0.6675925925925926
1 0.44427083333333334 0.5537037037037037 0.44609375 0.5597222222222222 0.4703125 0.5601851851851852 0.4721354166666667 0.5574074074074075 0.4734375 0.5472222222222223 0.471875 0.5328703703703704 0.47265625 0.5254629629629629 0.46953125 0.5194444444444445 0.4661458333333333 0.5083333333333334 0.4643229166666667 0.5050925925925926 0.46067708333333335 0.5027777777777778 0.4486979166666667 0.5032407407407408 0.4473958333333333 0.5050925925925926 0.4427083333333333 0.5217592592592593 0.4427083333333333 0.537962962962963 0.44427083333333334 0.5537037037037037
1 0.4739583333333333 0.4782407407407408 0.4760416666666667 0.48842592592592593 0.4786458333333333 0.4902777777777778 0.4916666666666667 0.4902777777777778 0.4947916666666667 0.487962962962963 0.49505208333333334 0.48101851851851857 0.49375 0.4675925925925926 0.49192708333333335 0.4601851851851852 0.4895833333333333 0.45601851851851855 0.4869791666666667 0.4541666666666667 0.48046875 0.4537037037037037 0.4768229166666667 0.45509259259259266 0.4747395833333333 0.45972222222222225 0.4739583333333333 0.46481481481481485 0.4739583333333333 0.4782407407407408
1 0.3520833333333333 0.39444444444444443 0.3559895833333333 0.39212962962962966 0.35911458333333335 0.3837962962962963 0.3565104166666667 0.3768518518518519 0.3528645833333333 0.3740740740740741 0.3486979166666667 0.375462962962963 0.3458333333333333 0.38009259259259265 0.34609375000000003 0.38472222222222224 0.3520833333333333 0.39444444444444443
1 0.38828125 0.4486111111111111 0.38828125 0.4537037037037037 0.3888020833333333 0.45925925925925926 0.390625 0.4638888888888889 0.3971354166666667 0.4620370370370371 0.40546875 0.46296296296296297 0.4075520833333333 0.46111111111111114 0.4078125 0.44398148148148153 0.4072916666666667 0.4356481481481482 0.40598958333333335 0.4319444444444445 0.403125 0.4296296296296297 0.39687500000000003 0.4291666666666667 0.3919270833333333 0.4310185185185186 0.3888020833333333 0.4356481481481482 0.38958333333333334 0.44259259259259265 0.38828125 0.4486111111111111
1 0.440625 0.3726851851851852 0.4421875 0.37453703703703706 0.4494791666666667 0.37453703703703706 0.4513020833333333 0.3694444444444445 0.4505208333333333 0.3615740740740741 0.44609375 0.35648148148148145 0.4427083333333333 0.35648148148148145 0.43984375000000003 0.36064814814814816 0.4393229166666667 0.362962962962963 0.440625 0.3726851851851852
1 0.3263020833333333 0.4226851851851852 0.3283854166666667 0.42870370370370375 0.33177083333333335 0.4291666666666667 0.33515625 0.42731481481481487 0.3375 0.42037037037037045 0.3380208333333333 0.41481481481481486 0.3364583333333333 0.4078703703703704 0.33177083333333335 0.4032407407407408 0.3244791666666667 0.40648148148148155 0.3216145833333333 0.41203703703703703 0.3216145833333333 0.4157407407407408 0.3263020833333333 0.4226851851851852
1 0.22734375 0.5745370370370371 0.23072916666666665 0.575925925925926 0.240625 0.5736111111111112 0.25156249999999997 0.5740740740740741 0.2572916666666667 0.5625 0.26276041666666666 0.5569444444444445 0.2635416666666667 0.5541666666666667 0.2630208333333333 0.5361111111111112 0.26093750000000004 0.5314814814814816 0.2557291666666667 0.5277777777777778 0.24088541666666666 0.5268518518518519 0.23645833333333335 0.5282407407407408 0.23359375000000002 0.5300925925925926 0.23072916666666665 0.5347222222222222 0.22369791666666666 0.5546296296296297 0.2234375 0.5643518518518519 0.22734375 0.5745370370370371
1 0.315625 0.43888888888888894 0.32109375 0.44583333333333336 0.3247395833333333 0.44537037037037036 0.32734375 0.44259259259259265 0.3296875 0.4356481481481482 0.3286458333333333 0.43287037037037035 0.32786458333333335 0.42500000000000004 0.3244791666666667 0.41898148148148145 0.32109375 0.41851851851851857 0.3158854166666667 0.4217592592592593 0.3111979166666667 0.4324074074074074 0.3106770833333333 0.4356481481481482 0.315625 0.43888888888888894
1 0.46171875 0.4319444444444445 0.4731770833333333 0.4337962962962963 0.47734375 0.43287037037037035 0.47734375 0.41435185185185186 0.4736979166666667 0.40370370370370373 0.4705729166666667 0.40046296296296297 0.4669270833333333 0.4 0.4627604166666667 0.4046296296296297 0.4609375 0.41250000000000003 0.46067708333333335 0.42870370370370375 0.46171875 0.4319444444444445
1 0.25390625 0.5263888888888889 0.26015625000000003 0.5282407407407408 0.2651041666666667 0.5263888888888889 0.2690104166666667 0.5268518518518519 0.27630208333333334 0.5310185185185186 0.2791666666666667 0.5231481481481481 0.28411458333333334 0.5157407407407407 0.2846354166666667 0.5018518518518519 0.2833333333333333 0.49583333333333335 0.27890624999999997 0.49074074074074076 0.27369791666666665 0.48888888888888893 0.26328124999999997 0.48981481481481487 0.25807291666666665 0.4935185185185186 0.25494791666666666 0.4990740740740741 0.2526041666666667 0.5115740740740741 0.25234375000000003 0.5226851851851853 0.25390625 0.5263888888888889
1 0.43359375 0.4574074074074075 0.4361979166666667 0.4583333333333333 0.4408854166666667 0.45694444444444443 0.44609375 0.45787037037037037 0.4486979166666667 0.46064814814814814 0.4513020833333333 0.45972222222222225 0.45208333333333334 0.45694444444444443 0.4518229166666667 0.4356481481481482 0.4502604166666667 0.42685185185185187 0.4471354166666667 0.42083333333333334 0.44114583333333335 0.4199074074074074 0.4375 0.4212962962962963 0.4346354166666667 0.42500000000000004 0.4330729166666667 0.4319444444444445 0.43255208333333334 0.45277777777777783 0.43359375 0.4574074074074075
1 0.07395833333333333 0.8245370370370372 0.07578125000000001 0.8287037037037037 0.08151041666666667 0.8347222222222223 0.09427083333333333 0.838888888888889 0.10234375 0.838888888888889 0.10859375 0.8365740740740741 0.11276041666666667 0.838888888888889 0.11614583333333334 0.838425925925926 0.11953125 0.8310185185185185 0.12057291666666667 0.8175925925925926 0.12552083333333333 0.8101851851851852 0.12812500000000002 0.8027777777777778 0.13619791666666667 0.789814814814815 0.14401041666666667 0.7837962962962963 0.14583333333333334 0.775925925925926 0.14531249999999998 0.7615740740740741 0.14114583333333333 0.7458333333333335 0.13723958333333333 0.7421296296296297 0.13307291666666668 0.7421296296296297 0.11953125 0.737962962962963 0.10755208333333333 0.7375 0.09869791666666668 0.7393518518518519 0.09244791666666667 0.7449074074074075 0.08463541666666667 0.7601851851851853 0.078125 0.7777777777777778 0.07187500000000001 0.7995370370370372 0.07161458333333333 0.8092592592592593 0.07395833333333333 0.8245370370370372
1 0.4877604166666667 0.38703703703703707 0.4903645833333333 0.3888888888888889 0.4986979166666667 0.3875 0.4981770833333333 0.37638888888888894 0.4966145833333333 0.3731481481481482 0.4901041666666667 0.37083333333333335 0.4869791666666667 0.3740740740740741 0.4864583333333333 0.3810185185185186 0.4877604166666667 0.38703703703703707
1 0.4739583333333333 0.3930555555555556 0.48411458333333335 0.39351851851851855 0.4859375 0.3907407407407408 0.4861979166666667 0.3861111111111111 0.48515625 0.37962962962962965 0.4807291666666667 0.37222222222222223 0.47578125 0.3726851851851852 0.47421875 0.375462962962963 0.4731770833333333 0.3810185185185186 0.4729166666666667 0.39027777777777783 0.4739583333333333 0.3930555555555556
1 0.5283854166666667 0.4532407407407408 0.5322916666666667 0.4638888888888889 0.5359375000000001 0.4657407407407408 0.5437500000000001 0.46666666666666673 0.546875 0.46666666666666673 0.5492187500000001 0.4638888888888889 0.5494791666666666 0.45601851851851855 0.5484375 0.44907407407407407 0.5447916666666667 0.4393518518518519 0.5421874999999999 0.4351851851851852 0.5380208333333334 0.43333333333333335 0.5320312500000001 0.43333333333333335 0.5294270833333333 0.4356481481481482 0.5276041666666667 0.44259259259259265 0.52734375 0.4476851851851852 0.5283854166666667 0.4532407407407408
6 0.19062500000000002 0.7277777777777779 0.1921875 0.7333333333333334 0.19348958333333335 0.75 0.19583333333333336 0.763425925925926 0.19739583333333335 0.7861111111111112 0.20130208333333335 0.8083333333333335 0.20286458333333335 0.8222222222222223 0.2046875 0.8282407407407407 0.20859375 0.8314814814814816 0.2171875 0.8300925925925926 0.22395833333333334 0.8347222222222223 0.24114583333333334 0.8421296296296297 0.24869791666666666 0.8421296296296297 0.25755208333333335 0.838425925925926 0.26223958333333336 0.838888888888889 0.26536458333333335 0.8416666666666667 0.26927083333333335 0.8425925925925926 0.2794270833333333 0.8416666666666667 0.28489583333333335 0.8180555555555556 0.29375 0.7939814814814815 0.29453124999999997 0.7652777777777778 0.2984375 0.7587962962962963 0.3 0.7537037037037038 0.3106770833333333 0.7092592592592594 0.3145833333333333 0.6611111111111112 0.3140625 0.625 0.3151041666666667 0.6148148148148148 0.3143229166666667 0.6092592592592593 0.3067708333333333 0.5967592592592593 0.30312500000000003 0.5949074074074074 0.29401041666666666 0.5939814814814816 0.26796875000000003 0.5953703703703703 0.26328124999999997 0.5976851851851852 0.25885416666666666 0.6027777777777779 0.2518229166666667 0.6037037037037037 0.24869791666666666 0.6055555555555556 0.24635416666666665 0.6087962962962963 0.24348958333333334 0.6171296296296297 0.23567708333333334 0.6310185185185185 0.21458333333333335 0.675462962962963 0.209375 0.6842592592592593 0.20078125 0.7041666666666666 0.19166666666666665 0.7212962962962963 0.19062500000000002 0.7236111111111112 0.19062500000000002 0.7277777777777779
4 0.4700520833333333 0.8592592592592594 0.47109375000000003 0.876388888888889 0.47239583333333335 0.9185185185185185 0.4729166666666667 0.9226851851851853 0.47552083333333334 0.9291666666666667 0.4765625 0.9504629629629631 0.4796875 0.977314814814815 0.47890625000000003 0.9944444444444445 0.48046875 0.9962962962962963 0.49114583333333334 0.9976851851851852 0.5307291666666667 0.9962962962962963 0.5377604166666666 0.9967592592592593 0.5401041666666667 0.9976851851851852 0.5403645833333334 0.9995370370370371 0.5497395833333334 0.9995370370370371 0.55234375 0.9935185185185186 0.5528645833333333 0.9824074074074075 0.5505208333333333 0.9569444444444445 0.5453125000000001 0.9259259259259259 0.5460937499999999 0.9208333333333334 0.5486979166666667 0.9180555555555556 0.5476562500000001 0.9185185185185185 0.546875 0.914814814814815 0.5432291666666667 0.9143518518518519 0.5411458333333333 0.9083333333333334 0.5375000000000001 0.8791666666666667 0.52890625 0.8398148148148148 0.5260416666666666 0.8208333333333334 0.5226562499999999 0.8097222222222222 0.5190104166666667 0.8074074074074075 0.4739583333333333 0.8087962962962963 0.4703125 0.8129629629629631 0.4682291666666667 0.825925925925926 0.4682291666666667 0.8467592592592593 0.4700520833333333 0.8592592592592594