1 0.5290637860082305 0.4301697530864197 0.5398662551440329 0.43132716049382713 0.5424382716049382 0.43557098765432095 0.5432098765432098 0.44598765432098764 0.5465534979423867 0.4444444444444444 0.5465534979423867 0.42939814814814814 0.5450102880658436 0.42168209876543206 0.5432098765432098 0.41820987654320985 0.5401234567901234 0.415895061728395 0.5326646090534979 0.4166666666666667 0.5295781893004116 0.41898148148148145 0.5288065843621399 0.42206790123456783 0.5282921810699588 0.4290123456790123 0.5290637860082305 0.4301697530864197
5 0.5432098765432098 0.38927469135802467 0.5470679012345678 0.38580246913580246 0.5529835390946501 0.38348765432098764 0.5514403292181069 0.3780864197530864 0.5498971193415637 0.37577160493827155 0.5470679012345678 0.3742283950617284 0.5432098765432098 0.37461419753086417 0.5408950617283951 0.37962962962962965 0.5406378600823045 0.38348765432098764 0.5432098765432098 0.38927469135802467
4 0.5794753086419753 0.41473765432098764 0.588991769547325 0.415895061728395 0.592335390946502 0.41435185185185186 0.5928497942386831 0.40432098765432095 0.592335390946502 0.40084876543209874 0.5905349794238682 0.39737654320987653 0.5856481481481481 0.3954475308641975 0.5784465020576132 0.39660493827160487 0.5763888888888888 0.3985339506172839 0.5756172839506173 0.4020061728395061 0.5766460905349794 0.4116512345679012 0.5794753086419753 0.41473765432098764
1 0.7039609053497942 0.5709876543209876 0.7142489711934156 0.5756172839506173 0.7163065843621398 0.5806327160493827 0.717335390946502 0.5864197530864197 0.7186213991769547 0.5883487654320988 0.7214506172839505 0.5883487654320988 0.7237654320987653 0.5841049382716049 0.7301954732510287 0.5852623456790123 0.7448559670781892 0.5844907407407407 0.7502572016460904 0.5868055555555556 0.7523148148148148 0.5864197530864197 0.7533436213991769 0.5841049382716049 0.754372427983539 0.566358024691358 0.753858024691358 0.560570987654321 0.7484567901234568 0.5470679012345678 0.7412551440329218 0.5381944444444444 0.7348251028806584 0.5358796296296297 0.7235082304526749 0.5358796296296297 0.7163065843621398 0.5378086419753086 0.7124485596707819 0.5397376543209876 0.7052469135802468 0.5466820987654321 0.7029320987654321 0.5536265432098765 0.7026748971193415 0.5648148148148148 0.7039609053497942 0.5709876543209876
1 0.9320987654320987 0.4579475308641975 0.9359567901234568 0.4544753086419753 0.9405864197530863 0.4537037037037037 0.9441872427983539 0.4548611111111111 0.952417695473251 0.4610339506172839 0.956275720164609 0.4614197530864197 0.9611625514403291 0.4567901234567901 0.9611625514403291 0.44521604938271603 0.960133744855967 0.44174382716049376 0.9578189300411523 0.4386574074074074 0.9529320987654321 0.4363425925925926 0.9475308641975309 0.43557098765432095 0.9356995884773661 0.43711419753086417 0.9313271604938271 0.4409722222222222 0.9284979423868313 0.4475308641975308 0.9287551440329217 0.4579475308641975 0.9320987654320987 0.4579475308641975
1 0.7826646090534979 0.4020061728395061 0.789866255144033 0.40316358024691357 0.7921810699588477 0.40162037037037035 0.794238683127572 0.39737654320987653 0.7916666666666666 0.39043209876543206 0.7896090534979423 0.38773148148148145 0.7829218106995884 0.3881172839506173 0.7808641975308641 0.39043209876543206 0.7803497942386831 0.39313271604938266 0.7803497942386831 0.40084876543209874 0.7826646090534979 0.4020061728395061
4 0.4904835390946502 0.7480709876543209 0.4897119341563786 0.7619598765432097 0.4791666666666667 0.8271604938271605 0.4796810699588477 0.8441358024691357 0.48302469135802467 0.8591820987654321 0.4879115226337448 0.8638117283950616 0.5054012345679012 0.864969135802469 0.5087448559670782 0.8711419753086419 0.522633744855967 0.8711419753086419 0.5239197530864197 0.8703703703703703 0.525977366255144 0.8661265432098765 0.543724279835391 0.8638117283950616 0.5501543209876543 0.8603395061728394 0.5524691358024691 0.8557098765432097 0.5537551440329218 0.8472222222222222 0.5527263374485597 0.8256172839506172 0.5534979423868313 0.8186728395061728 0.5527263374485597 0.8059413580246912 0.5542695473251028 0.76929012345679 0.5537551440329218 0.7480709876543209 0.5547839506172839 0.7457561728395061 0.5581275720164608 0.7445987654320987 0.5604423868312757 0.7418981481481481 0.5596707818930041 0.7368827160493827 0.5565843621399177 0.7341820987654321 0.5516975308641975 0.7330246913580246 0.5468106995884773 0.7272376543209875 0.5426954732510287 0.7245370370370371 0.5313786008230452 0.7229938271604938 0.5087448559670782 0.7229938271604938 0.5041152263374485 0.7237654320987653 0.49845679012345673 0.726466049382716 0.492798353909465 0.7353395061728394 0.4848251028806584 0.7376543209876543 0.48302469135802467 0.7411265432098765 0.48431069958847733 0.7453703703703703 0.4904835390946502 0.7480709876543209
1 0.4943415637860082 0.415895061728395 0.5056584362139918 0.41550925925925924 0.5074588477366254 0.41435185185185186 0.507716049382716 0.4074074074074074 0.5066872427983539 0.40162037037037035 0.5048868312757201 0.3985339506172839 0.4974279835390946 0.39814814814814814 0.49459876543209874 0.40162037037037035 0.493312757201646 0.40586419753086417 0.4930555555555556 0.41473765432098764 0.4943415637860082 0.415895061728395
1 0.49974279835390945 0.36959876543209874 0.5079732510288065 0.36959876543209874 0.5097736625514403 0.3665123456790123 0.5090020576131687 0.3626543209876543 0.5051440329218106 0.3599537037037037 0.5018004115226338 0.3607253086419753 0.4994855967078189 0.36342592592592593 0.4987139917695473 0.36612654320987653 0.49974279835390945 0.36959876543209874
4 0.5236625514403291 0.40779320987654316 0.5300925925925926 0.4085648148148148 0.5334362139917695 0.4074074074074074 0.5362654320987654 0.40432098765432095 0.5362654320987654 0.3950617283950617 0.5336934156378601 0.3900462962962963 0.5285493827160493 0.3888888888888889 0.5223765432098765 0.39081790123456783 0.5228909465020576 0.40470679012345673 0.5236625514403291 0.40779320987654316
1 0.48585390946502055 0.44907407407407407 0.4871399176954732 0.45023148148148145 0.5015432098765432 0.45100308641975306 0.5066872427983539 0.447145061728395 0.5118312757201645 0.44598765432098764 0.5133744855967078 0.4425154320987654 0.5136316872427984 0.4386574074074074 0.5123456790123456 0.43479938271604934 0.5059156378600823 0.42824074074074076 0.5010288065843621 0.42785493827160487 0.49382716049382713 0.42862654320987653 0.4881687242798354 0.43209876543209874 0.4863683127572016 0.43557098765432095 0.4853395061728395 0.441358024691358 0.48508230452674894 0.44598765432098764 0.48585390946502055 0.44907407407407407
1 0.5527263374485597 0.41820987654320985 0.5545267489711934 0.4193672839506173 0.5643004115226338 0.4185956790123456 0.5671296296296297 0.41435185185185186 0.5679012345679012 0.4112654320987654 0.5658436213991769 0.40046296296296297 0.5640432098765432 0.39814814814814814 0.5601851851851852 0.39699074074074076 0.5570987654320988 0.39699074074074076 0.5542695473251028 0.40007716049382713 0.5524691358024691 0.40316358024691357 0.5511831275720164 0.4089506172839506 0.5509259259259259 0.41473765432098764 0.5527263374485597 0.41820987654320985
1 0.4045781893004115 0.45177469135802467 0.41383744855967075 0.45023148148148145 0.41820987654320985 0.4513888888888889 0.4207818930041152 0.45023148148148145 0.42181069958847733 0.44868827160493824 0.42335390946502055 0.4402006172839506 0.4228395061728395 0.43595679012345673 0.41975308641975306 0.42939814814814814 0.41486625514403286 0.4270833333333333 0.4112654320987654 0.4266975308641975 0.4074074074074074 0.42824074074074076 0.4038065843621399 0.4324845679012345 0.40252057613168724 0.4363425925925926 0.40303497942386834 0.44907407407407407 0.4045781893004115 0.45177469135802467
1 0.5015432098765432 0.3985339506172839 0.5084876543209876 0.40354938271604934 0.5087448559670782 0.40239197530864196 0.5069444444444444 0.40162037037037035 0.5087448559670782 0.3993055555555556 0.5066872427983539 0.39351851851851855 0.5041152263374485 0.3919753086419753 0.5 0.3915895061728395 0.49639917695473246 0.3939043209876543 0.496656378600823 0.39814814814814814 0.5015432098765432 0.3985339506172839
1 0.529320987654321 0.4201388888888889 0.5354938271604938 0.4166666666666667 0.5419238683127572 0.41820987654320985 0.5432098765432098 0.41975308641975306 0.543724279835391 0.41898148148148145 0.5434670781893004 0.41396604938271603 0.5421810699588477 0.4112654320987654 0.5398662551440329 0.4093364197530864 0.5326646090534979 0.4085648148148148 0.529320987654321 0.41203703703703703 0.5282921810699588 0.41473765432098764 0.529320987654321 0.4201388888888889
4 0.4290123456790123 0.4027777777777778 0.4323559670781893 0.40354938271604934 0.4349279835390946 0.4020061728395061 0.4400720164609054 0.40239197530864196 0.4429012345679012 0.40586419753086417 0.44598765432098764 0.4124228395061728 0.44907407407407407 0.408179012345679 0.4480452674897119 0.39737654320987653 0.44598765432098764 0.39313271604938266 0.430298353909465 0.39351851851851855 0.42875514403292175 0.3939043209876543 0.4279835390946502 0.3958333333333333 0.42772633744855965 0.40007716049382713 0.4290123456790123 0.4027777777777778
1 0.4112654320987654 0.4263117283950617 0.41743827160493824 0.4290123456790123 0.4207818930041152 0.43479938271604934 0.4223251028806584 0.44174382716049376 0.4256687242798354 0.4425154320987654 0.42772633744855965 0.43595679012345673 0.42592592592592593 0.4251543209876543 0.42181069958847733 0.42052469135802467 0.41872427983539096 0.41898148148148145 0.4128086419753086 0.42206790123456783 0.41100823045267487 0.4251543209876543 0.4112654320987654 0.4263117283950617
1 0.7021604938271605 0.7129629629629629 0.7042181069958848 0.7172067901234568 0.706275720164609 0.71875 0.7109053497942386 0.7179783950617283 0.713477366255144 0.7195216049382716 0.7222222222222222 0.7318672839506172 0.7229938271604938 0.7353395061728394 0.7235082304526749 0.7550154320987653 0.7265946502057612 0.7631172839506172 0.7296810699588477 0.7642746913580246 0.7343106995884774 0.7638888888888888 0.7373971193415637 0.7600308641975309 0.7412551440329218 0.7592592592592593 0.7533436213991769 0.7608024691358024 0.7878086419753086 0.7600308641975309 0.7911522633744856 0.7588734567901234 0.7934670781893004 0.7554012345679012 0.7950102880658435 0.7442129629629629 0.7932098765432097 0.7145061728395061 0.7885802469135802 0.6990740740740741 0.7834362139917694 0.6859567901234568 0.775977366255144 0.6712962962962963 0.7690329218106996 0.6612654320987653 0.765946502057613 0.6585648148148148 0.7626028806584361 0.6570216049382716 0.7397119341563786 0.6577932098765431 0.7268518518518519 0.660108024691358 0.7170781893004116 0.6647376543209875 0.710133744855967 0.6647376543209875 0.7047325102880657 0.6682098765432097 0.7029320987654321 0.6716820987654321 0.7013888888888888 0.6786265432098765 0.7011316872427983 0.6983024691358024 0.7021604938271605 0.7129629629629629
1 0.43569958847736623 0.41898148148148145 0.44264403292181065 0.41820987654320985 0.4454732510288065 0.41396604938271603 0.44598765432098764 0.4112654320987654 0.44341563786008226 0.4054783950617284 0.43955761316872427 0.4020061728395061 0.43544238683127573 0.4012345679012345 0.4308127572016461 0.40432098765432095 0.4305555555555556 0.408179012345679 0.43569958847736623 0.41898148148148145
1 0.5643004115226338 0.3958333333333333 0.5676440329218106 0.3977623456790123 0.5745884773662551 0.3962191358024691 0.5756172839506173 0.39467592592592593 0.5756172839506173 0.3881172839506173 0.573559670781893 0.38078703703703703 0.5715020576131687 0.37962962962962965 0.566358024691358 0.3800154320987654 0.5637860082304527 0.38425925925925924 0.5632716049382716 0.38850308641975306 0.5643004115226338 0.3958333333333333
4 0.5357510288065843 0.3838734567901234 0.5380658436213991 0.3838734567901234 0.5411522633744856 0.3804012345679012 0.5426954732510287 0.37654320987654316 0.5426954732510287 0.3742283950617284 0.5396090534979423 0.3699845679012345 0.5360082304526749 0.36959876543209874 0.5339506172839505 0.376929012345679 0.5342078189300411 0.38233024691358025 0.5357510288065843 0.3838734567901234
1 0.42438271604938266 0.42438271604938266 0.42824074074074076 0.43364197530864196 0.4323559670781893 0.4332561728395061 0.434156378600823 0.43171296296296297 0.43544238683127573 0.42862654320987653 0.4351851851851852 0.41820987654320985 0.4318415637860082 0.41049382716049376 0.42926954732510286 0.4089506172839506 0.4256687242798354 0.4093364197530864 0.42052469135802467 0.41087962962962965 0.41820987654320985 0.4131944444444444 0.41820987654320985 0.41820987654320985 0.42438271604938266 0.42438271604938266
1 0.5290637860082305 0.36921296296296297 0.5336934156378601 0.36921296296296297 0.5357510288065843 0.3665123456790123 0.5352366255144032 0.3626543209876543 0.5329218106995884 0.35956790123456783 0.529320987654321 0.3587962962962963 0.5267489711934156 0.3626543209876543 0.5267489711934156 0.3672839506172839 0.5290637860082305 0.36921296296296297
1 0.8924897119341564 0.4386574074074074 0.8981481481481481 0.4444444444444444 0.900977366255144 0.44945987654320985 0.9120370370370371 0.4575617283950617 0.9146090534979423 0.4610339506172839 0.9187242798353908 0.4614197530864197 0.9200102880658435 0.45987654320987653 0.9202674897119342 0.4548611111111111 0.9189814814814815 0.4425154320987654 0.9182098765432097 0.4398148148148148 0.9161522633744856 0.4375 0.9117798353909464 0.43441358024691357 0.9061213991769547 0.4332561728395061 0.8919753086419753 0.4351851851851852 0.8914609053497942 0.43557098765432095 0.8924897119341564 0.4386574074074074
5 0.5900205761316872 0.48688271604938266 0.592335390946502 0.49189814814814814 0.5959362139917695 0.4922839506172839 0.5987654320987653 0.4899691358024691 0.6051954732510288 0.4891975308641975 0.6131687242798353 0.4899691358024691 0.6162551440329218 0.4864969135802469 0.6165123456790123 0.4791666666666667 0.6154835390946501 0.47029320987654316 0.6126543209876543 0.46219135802469136 0.6100823045267489 0.45987654320987653 0.6051954732510288 0.4587191358024691 0.5964506172839505 0.45910493827160487 0.5882201646090535 0.46682098765432095 0.5882201646090535 0.4791666666666667 0.5900205761316872 0.48688271604938266
1 0.5447530864197531 0.40046296296296297 0.5465534979423867 0.40239197530864196 0.5493827160493827 0.40316358024691357 0.5537551440329218 0.4012345679012345 0.5565843621399177 0.39737654320987653 0.5583847736625513 0.39043209876543206 0.5573559670781892 0.38695987654320985 0.5537551440329218 0.38425925925925924 0.5504115226337448 0.38348765432098764 0.5447530864197531 0.38618827160493824 0.5434670781893004 0.3900462962962963 0.5432098765432098 0.39467592592592593 0.5447530864197531 0.40046296296296297
1 0.6419753086419753 0.48070987654320985 0.6460905349794238 0.4864969135802469 0.650977366255144 0.4976851851851852 0.6592078189300411 0.4949845679012345 0.664866255144033 0.4957561728395061 0.6671810699588477 0.49845679012345673 0.6700102880658435 0.49961419753086417 0.6741255144032922 0.49807098765432095 0.6748971193415637 0.4864969135802469 0.6738683127572016 0.47800925925925924 0.6718106995884774 0.46720679012345673 0.6682098765432097 0.45987654320987653 0.6612654320987653 0.4575617283950617 0.6478909465020576 0.45910493827160487 0.6435185185185185 0.46412037037037035 0.640946502057613 0.4714506172839506 0.6406893004115226 0.4753086419753086 0.6419753086419753 0.48070987654320985
4 0.5565843621399177 0.3838734567901234 0.5622427983539094 0.38348765432098764 0.5643004115226338 0.3804012345679012 0.5637860082304527 0.3738425925925926 0.5606995884773662 0.36921296296296297 0.5560699588477366 0.3680555555555556 0.551954732510288 0.37229938271604934 0.5534979423868313 0.38078703703703703 0.5565843621399177 0.3838734567901234
2 0.15869341563786007 0.6026234567901234 0.16023662551440326 0.6222993827160493 0.1625514403292181 0.6234567901234568 0.16640946502057613 0.6230709876543209 0.1640946502057613 0.614969135802469 0.16589506172839505 0.5806327160493827 0.16512345679012344 0.5744598765432098 0.16306584362139917 0.5675154320987654 0.16306584362139917 0.5640432098765432 0.1617798353909465 0.5625 0.1574074074074074 0.5640432098765432 0.15715020576131686 0.5717592592592593 0.1545781893004115 0.5787037037037037 0.15432098765432098 0.5925925925925926 0.15869341563786007 0.6026234567901234
2 0.03497942386831276 0.6300154320987653 0.040123456790123455 0.632716049382716 0.04218106995884773 0.6361882716049382 0.04449588477366255 0.6550925925925926 0.04681069958847736 0.6597222222222222 0.051954732510288065 0.6593364197530863 0.05298353909465021 0.6577932098765431 0.05041152263374485 0.6512345679012346 0.050154320987654315 0.6439043209876543 0.054269547325102876 0.6234567901234568 0.05246913580246913 0.6091820987654321 0.05375514403292181 0.6060956790123456 0.05324074074074074 0.6022376543209875 0.050154320987654315 0.5983796296296297 0.04681069958847736 0.5987654320987653 0.04501028806584362 0.6018518518518519 0.044238683127572016 0.6091820987654321 0.04295267489711934 0.6126543209876543 0.036265432098765434 0.6230709876543209 0.03497942386831276 0.626929012345679 0.03497942386831276 0.6300154320987653
2 0.10828189300411523 0.6404320987654321 0.10648148148148148 0.64429012345679 0.11265432098765432 0.6473765432098765 0.11625514403292181 0.6466049382716049 0.11805555555555555 0.6373456790123456 0.11779835390946501 0.6222993827160493 0.11959876543209876 0.6091820987654321 0.11908436213991769 0.6022376543209875 0.11754115226337447 0.5979938271604938 0.11445473251028807 0.5945216049382716 0.11265432098765432 0.5871913580246914 0.10931069958847736 0.5860339506172839 0.10751028806584362 0.5883487654320988 0.10673868312757201 0.5914351851851852 0.10751028806584362 0.5987654320987653 0.10828189300411523 0.6404320987654321
2 0.07150205761316872 0.6165123456790123 0.07304526748971193 0.625 0.0763888888888889 0.632716049382716 0.07716049382716049 0.6404320987654321 0.08127572016460904 0.6604938271604938 0.08307613168724279 0.660108024691358 0.08436213991769546 0.6577932098765431 0.08359053497942386 0.6550925925925926 0.08359053497942386 0.6485339506172839 0.08487654320987653 0.6431327160493827 0.0889917695473251 0.6577932098765431 0.09387860082304525 0.6577932098765431 0.09413580246913579 0.6543209876543209 0.09207818930041152 0.6508487654320987 0.08770576131687242 0.626929012345679 0.08719135802469136 0.6157407407407407 0.08590534979423868 0.6103395061728394 0.08127572016460904 0.6041666666666666 0.07741769547325103 0.6037808641975309 0.07458847736625514 0.6010802469135802 0.07021604938271604 0.6010802469135802 0.06995884773662552 0.6126543209876543 0.07150205761316872 0.6165123456790123
2 0.5987654320987653 0.5879629629629629 0.599022633744856 0.5987654320987653 0.602366255144033 0.5995370370370371 0.602880658436214 0.5949074074074074 0.6039094650205761 0.5929783950617283 0.6057098765432097 0.5914351851851852 0.6093106995884774 0.5914351851851852 0.6116255144032922 0.603395061728395 0.6126543209876543 0.6053240740740741 0.613940329218107 0.6010802469135802 0.6126543209876543 0.5864197530864197 0.6134259259259259 0.5779320987654321 0.6126543209876543 0.5744598765432098 0.6082818930041152 0.5690586419753086 0.6072530864197531 0.5640432098765432 0.6057098765432097 0.5617283950617283 0.602366255144033 0.5621141975308641 0.6008230452674896 0.5694444444444444 0.5967078189300411 0.5744598765432098 0.5964506172839505 0.5783179012345678 0.5987654320987653 0.5879629629629629
2 0.13220164609053497 0.5771604938271605 0.13271604938271603 0.5952932098765431 0.1376028806584362 0.595679012345679 0.1406893004115226 0.5991512345679012 0.14351851851851852 0.5949074074074074 0.14043209876543208 0.5848765432098765 0.14094650205761317 0.5736882716049382 0.13863168724279834 0.5640432098765432 0.13708847736625515 0.5590277777777778 0.13374485596707816 0.5532407407407407 0.13091563786008228 0.5555555555555556 0.1293724279835391 0.5621141975308641 0.12962962962962962 0.5698302469135802 0.13220164609053497 0.5771604938271605
4 0.6046810699588477 0.44598765432098764 0.6059670781893004 0.44868827160493824 0.6123971193415637 0.4506172839506173 0.6157407407407407 0.44868827160493824 0.6268004115226338 0.4506172839506173 0.628343621399177 0.44868827160493824 0.6296296296296297 0.4405864197530864 0.629372427983539 0.4375 0.6265432098765431 0.4270833333333333 0.6231995884773662 0.42168209876543206 0.6121399176954733 0.42052469135802467 0.6057098765432097 0.4274691358024691 0.6039094650205761 0.43132716049382713 0.6039094650205761 0.4409722222222222 0.6046810699588477 0.44598765432098764
4 0.5295781893004116 0.4297839506172839 0.5362654320987654 0.4305555555555556 0.540380658436214 0.4324845679012345 0.5421810699588477 0.43557098765432095 0.5432098765432098 0.4436728395061728 0.5465534979423867 0.44521604938271603 0.5465534979423867 0.42785493827160487 0.5452674897119342 0.42168209876543206 0.5432098765432098 0.41782407407407407 0.540380658436214 0.415895061728395 0.5324074074074074 0.415895061728395 0.529320987654321 0.42052469135802467 0.5288065843621399 0.42862654320987653 0.5295781893004116 0.4297839506172839
4 0.5915637860082305 0.6400462962962963 0.5920781893004116 0.65625 0.5933641975308641 0.6674382716049382 0.5946502057613168 0.6712962962962963 0.5982510288065844 0.6751543209876543 0.6005658436213992 0.6855709876543209 0.6018518518518519 0.7052469135802468 0.6039094650205761 0.7106481481481481 0.6051954732510288 0.7118055555555556 0.6126543209876543 0.7102623456790123 0.6255144032921811 0.7106481481481481 0.6296296296296297 0.7133487654320987 0.6378600823045267 0.7133487654320987 0.6435185185185185 0.7094907407407407 0.647119341563786 0.7110339506172839 0.6520061728395061 0.7106481481481481 0.6543209876543209 0.7091049382716049 0.6579218106995884 0.7025462962962963 0.6599794238683127 0.6932870370370371 0.6597222222222222 0.6786265432098765 0.6576646090534979 0.6724537037037037 0.6514917695473251 0.6604938271604938 0.6458333333333334 0.6466049382716049 0.6450617283950616 0.6369598765432097 0.647633744855967 0.6334876543209875 0.647119341563786 0.628858024691358 0.6430041152263374 0.6273148148148148 0.6370884773662552 0.6199845679012346 0.6337448559670782 0.6184413580246912 0.6111111111111112 0.6184413580246912 0.6021090534979423 0.6226851851851852 0.5979938271604938 0.628858024691358 0.5905349794238682 0.632716049382716 0.5900205761316872 0.6334876543209875 0.5915637860082305 0.6400462962962963
6 0.9565329218106995 0.48726851851851855 0.9521604938271605 0.4949845679012345 0.9560185185185185 0.5003858024691358 0.956275720164609 0.5123456790123456 0.9616769547325101 0.5169753086419753 0.9632201646090535 0.5258487654320988 0.9647633744855967 0.529320987654321 0.9668209876543209 0.5316358024691358 0.9699074074074074 0.5327932098765432 0.9737654320987653 0.5320216049382716 0.9765946502057612 0.5362654320987654 0.9807098765432097 0.5393518518518519 0.9840534979423867 0.5385802469135802 0.9879115226337448 0.5339506172839505 0.9907407407407407 0.5324074074074074 0.9997427983539094 0.5347222222222222 0.9997427983539094 0.4409722222222222 0.9845679012345678 0.43557098765432095 0.9719650205761317 0.43557098765432095 0.9632201646090535 0.44212962962962965 0.9624485596707819 0.44598765432098764 0.9627057613168724 0.4587191358024691 0.9593621399176954 0.45987654320987653 0.9585905349794238 0.46334876543209874 0.9598765432098765 0.4737654320987654 0.9565329218106995 0.48726851851851855
6 0.5254629629629629 0.4749228395061728 0.5318930041152263 0.4749228395061728 0.5432098765432098 0.4710648148148148 0.544238683127572 0.46682098765432095 0.5434670781893004 0.4548611111111111 0.5439814814814815 0.44328703703703703 0.5421810699588477 0.4324845679012345 0.5401234567901234 0.4301697530864197 0.5295781893004116 0.4305555555555556 0.522119341563786 0.43479938271604934 0.522633744855967 0.47299382716049376 0.5254629629629629 0.4749228395061728
6 0.43904320987654316 0.3854166666666667 0.44161522633744854 0.38966049382716045 0.44830246913580246 0.39467592592592593 0.45293209876543206 0.39467592592592593 0.45781893004115226 0.39081790123456783 0.4603909465020576 0.38695987654320985 0.45987654320987653 0.378858024691358 0.4531893004115226 0.3680555555555556 0.44212962962962965 0.3680555555555556 0.4398148148148148 0.37037037037037035 0.4385288065843621 0.3738425925925926 0.43827160493827155 0.3815586419753086 0.43904320987654316 0.3854166666666667
6 0.5645576131687243 0.44483024691358025 0.5668724279835391 0.4463734567901234 0.5779320987654321 0.44483024691358025 0.58179012345679 0.44675925925925924 0.5843621399176955 0.4440586419753086 0.5843621399176955 0.43209876543209874 0.5833333333333334 0.42168209876543206 0.5820473251028806 0.41743827160493824 0.5779320987654321 0.4151234567901234 0.5671296296296297 0.415895061728395 0.5648148148148148 0.4185956790123456 0.563014403292181 0.4263117283950617 0.5627572016460904 0.43557098765432095 0.5645576131687243 0.44483024691358025
6 0.6085390946502057 0.529320987654321 0.6141975308641975 0.5378086419753086 0.6162551440329218 0.5447530864197531 0.6195987654320987 0.5447530864197531 0.6231995884773662 0.5405092592592593 0.6406893004115226 0.5412808641975309 0.6440329218106996 0.5439814814814815 0.6473765432098765 0.5428240740740741 0.6496913580246912 0.5316358024691358 0.6494341563786008 0.49845679012345673 0.6478909465020576 0.49112654320987653 0.643775720164609 0.48341049382716045 0.6404320987654321 0.48148148148148145 0.6365740740740741 0.4818672839506173 0.6177983539094649 0.4861111111111111 0.6162551440329218 0.4876543209876543 0.6136831275720164 0.49614197530864196 0.6118827160493827 0.4992283950617284 0.6082818930041152 0.5015432098765432 0.6077674897119342 0.5042438271604938 0.6075102880658436 0.5173611111111112 0.6085390946502057 0.529320987654321
6 0.5223765432098765 0.5216049382716049 0.5223765432098765 0.5582561728395061 0.5249485596707819 0.5640432098765432 0.5257201646090535 0.5883487654320988 0.5277777777777778 0.6026234567901234 0.5290637860082305 0.6041666666666666 0.5362654320987654 0.6037808641975309 0.5401234567901234 0.6022376543209875 0.5434670781893004 0.5972222222222222 0.5457818930041152 0.5964506172839505 0.5545267489711934 0.5987654320987653 0.5604423868312757 0.5987654320987653 0.5640432098765432 0.5968364197530863 0.5712448559670782 0.5983796296296297 0.5771604938271605 0.601466049382716 0.5815329218106995 0.5991512345679012 0.5833333333333334 0.5906635802469136 0.5838477366255144 0.5744598765432098 0.585133744855967 0.5713734567901234 0.5861625514403291 0.5621141975308641 0.5856481481481481 0.5432098765432098 0.5864197530864197 0.5281635802469136 0.5848765432098765 0.5042438271604938 0.5820473251028806 0.49459876543209874 0.5751028806584362 0.4864969135802469 0.5709876543209876 0.48341049382716045 0.5676440329218106 0.4826388888888889 0.5491255144032922 0.4849537037037037 0.5311213991769547 0.4837962962962963 0.5254629629629629 0.4849537037037037 0.5213477366255144 0.4876543209876543 0.5203189300411523 0.4926697530864197 0.5223765432098765 0.5216049382716049
6 0.7926954732510287 0.39814814814814814 0.8022119341563786 0.3989197530864197 0.8045267489711934 0.39737654320987653 0.8063271604938271 0.38425925925925924 0.8063271604938271 0.37962962962962965 0.8045267489711934 0.3753858024691358 0.7929526748971193 0.3742283950617284 0.790895061728395 0.37577160493827155 0.7903806584362139 0.3777006172839506 0.789866255144033 0.3873456790123456 0.7926954732510287 0.39814814814814814
3 0.0375514403292181 0.6358024691358024 0.03986625514403292 0.6388888888888888 0.04140946502057613 0.6373456790123456 0.03986625514403292 0.6334876543209875 0.036265432098765434 0.6315586419753086 0.032407407407407406 0.6331018518518519 0.03292181069958847 0.634645061728395 0.0375514403292181 0.6358024691358024
3 0.050154320987654315 0.6539351851851852 0.05246913580246913 0.6504629629629629 0.05504115226337448 0.6493055555555556 0.05709876543209876 0.6493055555555556 0.06095679012345679 0.6535493827160493 0.06455761316872427 0.6539351851851852 0.06970164609053497 0.6508487654320987 0.0720164609053498 0.6473765432098765 0.07330246913580246 0.6373456790123456 0.07124485596707818 0.632716049382716 0.06430041152263374 0.6300154320987653 0.06044238683127572 0.6261574074074074 0.05761316872427983 0.6211419753086419 0.05375514403292181 0.6203703703703703 0.051954732510288065 0.626929012345679 0.05169753086419753 0.6334876543209875 0.04963991769547325 0.6392746913580246 0.04938271604938271 0.6477623456790123 0.050154320987654315 0.6539351851851852
3 0.6010802469135802 0.6057098765432097 0.6059670781893004 0.6138117283950616 0.6093106995884774 0.6165123456790123 0.6131687242798353 0.6068672839506172 0.6129115226337448 0.6022376543209875 0.6113683127572016 0.5987654320987653 0.6103395061728394 0.5914351851851852 0.6090534979423867 0.5895061728395061 0.6008230452674896 0.5925925925925926 0.6003086419753086 0.5960648148148148 0.6010802469135802 0.6057098765432097
3 0.031635802469135804 0.6408179012345678 0.02957818930041152 0.6454475308641975 0.019032921810699585 0.6547067901234568 0.014917695473251027 0.6543209876543209 0.013631687242798353 0.6520061728395061 0.012088477366255145 0.6450617283950616 0.0051440329218107 0.6385030864197531 0 0.6365740740740741 0 0.6751543209876543 0.0015432098765432098 0.6751543209876543 0.0036008230452674894 0.6720679012345678 0.008487654320987654 0.6705246913580246 0.014660493827160493 0.6720679012345678 0.019290123456790122 0.6720679012345678 0.02289094650205761 0.6705246913580246 0.02854938271604938 0.6732253086419753 0.03317901234567901 0.6736111111111112 0.0375514403292181 0.6716820987654321 0.03960905349794239 0.6693672839506172 0.0411522633744856 0.6651234567901234 0.041666666666666664 0.6585648148148148 0.041666666666666664 0.6539351851851852 0.03986625514403292 0.6477623456790123 0.040123456790123455 0.6415895061728394 0.03986625514403292 0.6404320987654321 0.03266460905349794 0.6350308641975309 0.03112139917695473 0.6373456790123456 0.031635802469135804 0.6408179012345678
3 0.07458847736625514 0.6392746913580246 0.0751028806584362 0.6369598765432097 0.07458847736625514 0.6358024691358024 0.07458847736625514 0.6392746913580246
3 0.08667695473251029 0.6141975308641975 0.08719135802469136 0.6257716049382716 0.08847736625514403 0.6315586419753086 0.09156378600823044 0.6342592592592593 0.09567901234567901 0.632716049382716 0.10236625514403291 0.634645061728395 0.10545267489711933 0.6331018518518519 0.10699588477366255 0.6307870370370371 0.10751028806584362 0.6238425925925926 0.10570987654320987 0.6114969135802468 0.10262345679012344 0.6084104938271605 0.09902263374485597 0.6103395061728394 0.09542181069958848 0.6087962962962963 0.09182098765432098 0.6030092592592593 0.08436213991769546 0.6049382716049382 0.08333333333333333 0.6057098765432097 0.08667695473251029 0.6141975308641975
3 0.6000514403292181 0.6057098765432097 0.6036522633744856 0.6095679012345678 0.6064814814814815 0.6145833333333334 0.6087962962962963 0.6165123456790123 0.6098251028806585 0.6161265432098765 0.6136831275720164 0.6057098765432097 0.6108539094650205 0.5883487654320988 0.6095679012345678 0.5868055555555556 0.6057098765432097 0.5895061728395061 0.599022633744856 0.5883487654320988 0.5987654320987653 0.5991512345679012 0.6000514403292181 0.6057098765432097