1 0.3453125 0.3819444444444444 0.35130208333333335 0.38009259259259265 0.3559895833333333 0.38148148148148153 0.35911458333333335 0.37870370370370376 0.3596354166666667 0.3736111111111111 0.35911458333333335 0.3689814814814815 0.3575520833333333 0.36574074074074076 0.3526041666666667 0.36388888888888893 0.3479166666666667 0.3652777777777778 0.3447916666666667 0.3731481481481482 0.34453125 0.38009259259259265 0.3453125 0.3819444444444444
1 0.375 0.5726851851851852 0.3768229166666667 0.5736111111111112 0.3799479166666667 0.5722222222222223 0.3924479166666667 0.5722222222222223 0.3989583333333333 0.5736111111111112 0.40078125000000003 0.5712962962962963 0.4015625 0.562962962962963 0.40130208333333334 0.5328703703703704 0.3979166666666667 0.5282407407407408 0.39427083333333335 0.5263888888888889 0.3802083333333333 0.5273148148148148 0.3763020833333333 0.5324074074074074 0.375 0.5361111111111112 0.3736979166666667 0.5560185185185186 0.37343750000000003 0.5675925925925926 0.375 0.5726851851851852
1 0.2421875 0.5365740740740741 0.24375 0.5393518518518519 0.24505208333333334 0.5398148148148149 0.24921875000000002 0.5361111111111112 0.2578125 0.5337962962962963 0.26145833333333335 0.5342592592592593 0.2635416666666667 0.5375000000000001 0.265625 0.538425925925926 0.2690104166666667 0.5231481481481481 0.2713541666666667 0.525925925925926 0.2729166666666667 0.525925925925926 0.2752604166666667 0.5222222222222223 0.2760416666666667 0.5115740740740741 0.2755208333333333 0.5087962962962963 0.2703125 0.4981481481481482 0.26328124999999997 0.4939814814814815 0.2552083333333333 0.4939814814814815 0.24739583333333334 0.4976851851851852 0.24479166666666666 0.5018518518518519 0.24114583333333334 0.5148148148148148 0.24088541666666666 0.5296296296296297 0.2421875 0.5365740740740741
4 0.4979166666666667 0.44907407407407407 0.49843750000000003 0.45277777777777783 0.5018229166666667 0.4601851851851852 0.5052083333333334 0.4615740740740741 0.5088541666666667 0.4587962962962963 0.5190104166666667 0.4638888888888889 0.5208333333333334 0.4532407407407408 0.5205729166666667 0.4449074074074075 0.515625 0.4277777777777778 0.5111979166666667 0.42453703703703705 0.5028645833333334 0.4236111111111111 0.5010416666666667 0.42453703703703705 0.49895833333333334 0.4291666666666667 0.49765625 0.4351851851851852 0.4979166666666667 0.44907407407407407
1 0.3658854166666667 0.39398148148148154 0.37578125 0.39351851851851855 0.3776041666666667 0.39027777777777783 0.3770833333333333 0.38009259259259265 0.3731770833333333 0.375 0.3677083333333333 0.3768518518518519 0.36614583333333334 0.3791666666666667 0.36484375 0.38425925925925924 0.3643229166666667 0.3912037037037037 0.3658854166666667 0.39398148148148154
1 0.27265625000000004 0.4935185185185186 0.29010416666666666 0.4935185185185186 0.2971354166666667 0.48564814814814816 0.2984375 0.47314814814814815 0.29661458333333335 0.4625 0.29453124999999997 0.45787037037037037 0.28437500000000004 0.45787037037037037 0.2794270833333333 0.45925925925925926 0.27630208333333334 0.46296296296296297 0.27265625000000004 0.4726851851851852 0.2721354166666667 0.4763888888888889 0.27187500000000003 0.4851851851851852 0.27265625000000004 0.4935185185185186
1 0.20104166666666667 0.6027777777777779 0.20598958333333334 0.6050925925925926 0.22395833333333334 0.6046296296296296 0.22734375 0.6060185185185185 0.22968750000000002 0.6023148148148147 0.23151041666666666 0.5930555555555556 0.24114583333333334 0.5791666666666667 0.24114583333333334 0.5643518518518519 0.23880208333333336 0.5564814814814815 0.23411458333333335 0.5532407407407407 0.22369791666666666 0.5509259259259259 0.2125 0.5523148148148148 0.20963541666666666 0.5541666666666667 0.20677083333333335 0.5583333333333333 0.20416666666666666 0.5671296296296297 0.19973958333333336 0.5768518518518518 0.19791666666666666 0.5847222222222223 0.19765625 0.5986111111111112 0.20104166666666667 0.6027777777777779
1 0.3953125 0.45277777777777783 0.3966145833333333 0.4541666666666667 0.4088541666666667 0.4541666666666667 0.41171875 0.45231481481481484 0.4114583333333333 0.4393518518518519 0.409375 0.4291666666666667 0.4078125 0.42685185185185187 0.4015625 0.42638888888888893 0.39739583333333334 0.42824074074074076 0.3947916666666667 0.43888888888888894 0.39453125 0.4486111111111111 0.3953125 0.45277777777777783
1 0.496875 0.5800925925925926 0.4981770833333333 0.5865740740740741 0.5005208333333333 0.5916666666666667 0.5015625 0.6 0.5026041666666666 0.6023148148148147 0.5130208333333334 0.6046296296296296 0.5229166666666667 0.6046296296296296 0.52890625 0.6037037037037037 0.5309895833333333 0.6018518518518519 0.5317708333333333 0.5962962962962963 0.5317708333333333 0.5861111111111111 0.5302083333333334 0.5754629629629631 0.5302083333333334 0.5699074074074074 0.5309895833333333 0.5675925925925926 0.52734375 0.5620370370370371 0.5218750000000001 0.5462962962962963 0.5190104166666667 0.5430555555555556 0.5164062500000001 0.5421296296296296 0.5044270833333333 0.5425925925925926 0.4981770833333333 0.5476851851851853 0.496875 0.55 0.49583333333333335 0.5569444444444445 0.4955729166666667 0.563888888888889 0.496875 0.5800925925925926
1 0.34296875 0.3912037037037037 0.35625 0.39351851851851855 0.35703125 0.38333333333333336 0.3559895833333333 0.38009259259259265 0.3489583333333333 0.37824074074074077 0.3450520833333333 0.37962962962962965 0.3424479166666667 0.38657407407407407 0.34296875 0.3912037037037037
1 0.4440104166666667 0.5087962962962963 0.44505208333333335 0.5143518518518518 0.44609375 0.5157407407407407 0.46067708333333335 0.5157407407407407 0.4669270833333333 0.5143518518518518 0.46770833333333334 0.5115740740740741 0.46718750000000003 0.4930555555555556 0.46328125000000003 0.47731481481481486 0.4611979166666667 0.47361111111111115 0.4575520833333333 0.4722222222222222 0.44895833333333335 0.4722222222222222 0.4471354166666667 0.47361111111111115 0.44609375 0.4763888888888889 0.44375000000000003 0.48703703703703705 0.4440104166666667 0.5087962962962963
1 0.15572916666666667 0.6569444444444444 0.1578125 0.6648148148148147 0.1609375 0.6703703703703704 0.17916666666666667 0.6694444444444444 0.18307291666666667 0.6717592592592593 0.18854166666666666 0.6722222222222223 0.19270833333333334 0.6680555555555556 0.19479166666666667 0.6601851851851852 0.19791666666666666 0.6546296296296297 0.20651041666666667 0.6435185185185185 0.20989583333333334 0.6310185185185185 0.21015625000000002 0.6226851851851852 0.20703125 0.6092592592592593 0.19947916666666665 0.6037037037037037 0.19244791666666666 0.6037037037037037 0.18619791666666666 0.6018518518518519 0.17369791666666667 0.6023148148148147 0.16796875 0.6069444444444444 0.16067708333333336 0.6189814814814816 0.15494791666666666 0.637037037037037 0.15442708333333335 0.6449074074074075 0.15572916666666667 0.6569444444444444
1 0.3765625 0.4194444444444445 0.3869791666666667 0.41851851851851857 0.38984375 0.41481481481481486 0.38906250000000003 0.40416666666666673 0.38671875 0.3962962962962963 0.3838541666666667 0.3949074074074075 0.378125 0.3958333333333333 0.3765625 0.39722222222222225 0.375 0.4055555555555556 0.37473958333333335 0.4157407407407408 0.3765625 0.4194444444444445
1 0.2971354166666667 0.45925925925925926 0.3111979166666667 0.4587962962962963 0.31484375000000003 0.45648148148148154 0.3177083333333333 0.45277777777777783 0.3190104166666667 0.44583333333333336 0.3190104166666667 0.4351851851851852 0.3140625 0.42592592592592593 0.3080729166666667 0.4305555555555556 0.3 0.4337962962962963 0.2973958333333333 0.43888888888888894 0.29609375000000004 0.44675925925925924 0.29531250000000003 0.45509259259259266 0.2971354166666667 0.45925925925925926
1 0.28984375 0.5509259259259259 0.3140625 0.550462962962963 0.31640625 0.5416666666666666 0.32109375 0.5314814814814816 0.3213541666666667 0.5236111111111111 0.3190104166666667 0.513425925925926 0.3158854166666667 0.5087962962962963 0.3106770833333333 0.5060185185185185 0.30364583333333334 0.5055555555555555 0.29661458333333335 0.5083333333333334 0.29375 0.5120370370370371 0.28958333333333336 0.5236111111111111 0.28880208333333335 0.5287037037037037 0.28828125000000004 0.5416666666666666 0.28984375 0.5509259259259259
1 0.3643229166666667 0.4194444444444445 0.36614583333333334 0.4180555555555556 0.36640625 0.4032407407407408 0.36302083333333335 0.3962962962962963 0.35833333333333334 0.39675925925925926 0.35703125 0.4 0.3565104166666667 0.4050925925925926 0.35703125 0.41851851851851857 0.3643229166666667 0.4194444444444445
1 0.3453125 0.4967592592592593 0.3518229166666667 0.4939814814814815 0.3559895833333333 0.4939814814814815 0.36302083333333335 0.49722222222222223 0.36614583333333334 0.4902777777777778 0.36640625 0.47175925925925927 0.3625 0.46342592592592596 0.3609375 0.4625 0.35052083333333334 0.4625 0.3471354166666667 0.46666666666666673 0.34375 0.4819444444444445 0.34348958333333335 0.4902777777777778 0.3453125 0.4967592592592593
1 0.38255208333333335 0.39351851851851855 0.3916666666666667 0.39351851851851855 0.39375 0.3907407407407408 0.39348958333333334 0.3791666666666667 0.3911458333333333 0.3726851851851852 0.3869791666666667 0.3712962962962963 0.3830729166666667 0.3726851851851852 0.38125000000000003 0.37592592592592594 0.3802083333333333 0.38148148148148153 0.3802083333333333 0.3893518518518519 0.38255208333333335 0.39351851851851855
1 0.01640625 0.8939814814814816 0.020833333333333332 0.9087962962962963 0.025520833333333333 0.9152777777777779 0.03619791666666667 0.9226851851851853 0.0484375 0.9231481481481482 0.05703125 0.9212962962962963 0.06380208333333333 0.9277777777777778 0.06744791666666666 0.9273148148148148 0.06979166666666667 0.9240740740740742 0.07109375000000001 0.9194444444444445 0.07161458333333333 0.9087962962962963 0.07083333333333333 0.8995370370370371 0.07213541666666667 0.8935185185185185 0.07552083333333333 0.8888888888888888 0.0828125 0.8712962962962963 0.08802083333333333 0.8615740740740742 0.09166666666666667 0.8574074074074075 0.09479166666666668 0.8592592592592594 0.0984375 0.8578703703703704 0.1015625 0.8518518518518519 0.10234375 0.8481481481481482 0.10234375 0.8361111111111112 0.09973958333333333 0.8180555555555556 0.09947916666666667 0.8101851851851852 0.09583333333333333 0.7967592592592594 0.0921875 0.7930555555555556 0.08229166666666668 0.788425925925926 0.06796875000000001 0.788425925925926 0.06406250000000001 0.7893518518518519 0.0578125 0.7944444444444445 0.045572916666666664 0.7958333333333334 0.0328125 0.8097222222222222 0.021875000000000002 0.8282407407407407 0.01875 0.8361111111111112 0.015364583333333334 0.8486111111111112 0.014843750000000001 0.8578703703703704 0.014583333333333334 0.8777777777777779 0.01640625 0.8939814814814816
4 0.48281250000000003 0.42500000000000004 0.48411458333333335 0.42638888888888893 0.49296875 0.42592592592592593 0.4981770833333333 0.42731481481481487 0.5002604166666667 0.4217592592592593 0.5007812500000001 0.41435185185185186 0.4994791666666667 0.4078703703703704 0.4971354166666667 0.4013888888888889 0.4947916666666667 0.39814814814814814 0.49114583333333334 0.3962962962962963 0.4864583333333333 0.39722222222222225 0.48411458333333335 0.3995370370370371 0.48125 0.4074074074074074 0.48125 0.41851851851851857 0.48281250000000003 0.42500000000000004
1 0.4419270833333333 0.4532407407407408 0.4502604166666667 0.45277777777777783 0.45677083333333335 0.4541666666666667 0.4583333333333333 0.45277777777777783 0.46015625 0.44675925925925924 0.46015625 0.4402777777777778 0.4591145833333333 0.4356481481481482 0.4557291666666667 0.42592592592592593 0.4533854166666667 0.42314814814814816 0.4458333333333333 0.42314814814814816 0.4434895833333333 0.42453703703703705 0.4416666666666667 0.42685185185185187 0.4401041666666667 0.4342592592592593 0.4401041666666667 0.4481481481481482 0.4419270833333333 0.4532407407407408
1 0.4330729166666667 0.4180555555555556 0.4466145833333333 0.4175925925925926 0.4473958333333333 0.41481481481481486 0.44765625000000003 0.4027777777777778 0.446875 0.39398148148148154 0.4458333333333333 0.3907407407407408 0.4427083333333333 0.38842592592592595 0.4354166666666667 0.38842592592592595 0.43359375 0.39027777777777783 0.43203125000000003 0.3976851851851852 0.43203125000000003 0.41481481481481486 0.4330729166666667 0.4180555555555556
1 0.4747395833333333 0.7935185185185185 0.47421875 0.8106481481481482 0.4770833333333333 0.8333333333333334 0.4807291666666667 0.875 0.4838541666666667 0.8875000000000001 0.49062500000000003 0.8958333333333334 0.4963541666666667 0.8986111111111112 0.5208333333333334 0.8976851851851853 0.5307291666666667 0.8944444444444445 0.5346354166666667 0.8912037037037037 0.5364583333333334 0.888425925925926 0.5377604166666666 0.8833333333333334 0.5380208333333334 0.8560185185185185 0.53671875 0.8416666666666667 0.5335937500000001 0.8226851851851853 0.5333333333333333 0.813888888888889 0.5361979166666667 0.8097222222222222 0.53671875 0.8055555555555556 0.5364583333333334 0.8037037037037038 0.5315104166666667 0.8018518518518519 0.5296875000000001 0.7990740740740742 0.52734375 0.7916666666666666 0.5257812500000001 0.7814814814814816 0.5166666666666667 0.751388888888889 0.5130208333333334 0.7462962962962963 0.5083333333333333 0.7425925925925926 0.5002604166666667 0.7407407407407407 0.48984375 0.7412037037037038 0.4807291666666667 0.7462962962962963 0.4770833333333333 0.7523148148148148 0.47552083333333334 0.7601851851851853 0.4739583333333333 0.7787037037037038 0.4747395833333333 0.7935185185185185
1 0.4682291666666667 0.46851851851851856 0.4807291666666667 0.46851851851851856 0.48515625 0.4703703703703704 0.48671875000000003 0.4680555555555556 0.4875 0.46481481481481485 0.48671875000000003 0.44907407407407407 0.4848958333333333 0.4416666666666667 0.48281250000000003 0.4375 0.47734375 0.43472222222222223 0.4705729166666667 0.4356481481481482 0.46770833333333334 0.4393518518518519 0.4661458333333333 0.4476851851851852 0.4661458333333333 0.46342592592592596 0.4682291666666667 0.46851851851851856
5 0.10052083333333334 0.7657407407407407 0.10572916666666668 0.7703703703703704 0.11015625 0.7726851851851853 0.12057291666666667 0.7745370370370371 0.12786458333333334 0.7740740740740741 0.13802083333333334 0.7708333333333334 0.14088541666666668 0.7675925925925926 0.14322916666666666 0.7550925925925926 0.14739583333333334 0.7490740740740741 0.15390625 0.7356481481481482 0.16171875 0.7282407407407407 0.16354166666666667 0.7240740740740741 0.16458333333333336 0.7148148148148148 0.16223958333333335 0.6939814814814815 0.16145833333333334 0.6916666666666667 0.15807291666666667 0.688888888888889 0.15156250000000002 0.6865740740740741 0.11927083333333333 0.6870370370370371 0.11119791666666667 0.7000000000000001 0.10338541666666667 0.7254629629629631 0.09895833333333333 0.7347222222222223 0.09817708333333333 0.7384259259259259 0.0984375 0.7592592592592593 0.10052083333333334 0.7657407407407407
4 0.30364583333333334 0.6060185185185185 0.3072916666666667 0.6175925925925926 0.3106770833333333 0.6185185185185185 0.3174479166666667 0.6134259259259259 0.32786458333333335 0.6120370370370372 0.33177083333333335 0.612962962962963 0.3385416666666667 0.6180555555555556 0.3403645833333333 0.6152777777777778 0.3424479166666667 0.6018518518518519 0.3453125 0.5939814814814816 0.346875 0.5847222222222223 0.346875 0.563888888888889 0.3447916666666667 0.5569444444444445 0.3375 0.55 0.3307291666666667 0.5490740740740742 0.3177083333333333 0.550462962962963 0.3119791666666667 0.5555555555555556 0.3104166666666667 0.5606481481481482 0.3091145833333333 0.5712962962962963 0.3065104166666667 0.5754629629629631 0.30312500000000003 0.5847222222222223 0.3028645833333333 0.5990740740740741 0.30364583333333334 0.6060185185185185
0 0.3229166666666667 0.45092592592592595 0.3252604166666667 0.45277777777777783 0.33203125 0.4541666666666667 0.3458333333333333 0.45277777777777783 0.3502604166666667 0.4462962962962963 0.3559895833333333 0.4310185185185186 0.3567708333333333 0.4236111111111111 0.3565104166666667 0.3976851851851852 0.3526041666666667 0.3930555555555556 0.3385416666666667 0.39212962962962966 0.32890625 0.4055555555555556 0.3234375 0.41111111111111115 0.32109375 0.41898148148148145 0.3208333333333333 0.4449074074074075 0.3229166666666667 0.45092592592592595
6 0.5604166666666667 0.5740740740740741 0.5656249999999999 0.5842592592592593 0.5674479166666667 0.5976851851851852 0.5838541666666667 0.625 0.5885416666666666 0.6356481481481482 0.59375 0.638425925925926 0.5958333333333334 0.6416666666666666 0.5966145833333334 0.6541666666666667 0.5984375000000001 0.6615740740740741 0.6026041666666666 0.6657407407407407 0.60859375 0.6680555555555556 0.63828125 0.6675925925925926 0.6440104166666667 0.6666666666666666 0.64765625 0.6643518518518519 0.6486979166666667 0.6351851851851853 0.6497395833333334 0.6273148148148148 0.6497395833333334 0.5949074074074074 0.6481770833333333 0.5791666666666667 0.6442708333333333 0.5574074074074075 0.64296875 0.5328703703703704 0.6419270833333334 0.525925925925926 0.6401041666666667 0.5217592592592593 0.62890625 0.5097222222222223 0.6203125 0.4976851851851852 0.60546875 0.48101851851851857 0.6023437500000001 0.4782407407407408 0.5966145833333334 0.4763888888888889 0.5690104166666666 0.475925925925926 0.5643229166666667 0.4740740740740741 0.5627604166666667 0.47500000000000003 0.5614583333333334 0.4777777777777778 0.5614583333333334 0.4949074074074074 0.5598958333333334 0.5101851851851852 0.55859375 0.5611111111111111 0.5604166666666667 0.5740740740740741