8 0.31015625 0.49259259259259264 0.32786458333333335 0.49259259259259264 0.3328125 0.47500000000000003 0.33125 0.45601851851851855 0.3299479166666667 0.44953703703703707 0.328125 0.44583333333333336 0.3255208333333333 0.4449074074074075 0.32109375 0.44537037037037036 0.3127604166666667 0.44953703703703707 0.3098958333333333 0.45462962962962966 0.30703125000000003 0.46851851851851856 0.30703125000000003 0.487962962962963 0.31015625 0.49259259259259264
8 0.07421875 0.9495370370370372 0.07552083333333333 0.9532407407407407 0.07734375 0.9680555555555557 0.08255208333333333 0.9708333333333334 0.08489583333333334 0.9750000000000001 0.0890625 0.9731481481481482 0.08932291666666667 0.9745370370370371 0.08776041666666667 0.977314814814815 0.09348958333333333 0.9814814814814815 0.10052083333333334 0.9847222222222223 0.10911458333333333 0.9861111111111112 0.11536458333333333 0.9935185185185186 0.11901041666666667 0.9953703703703703 0.1234375 0.9953703703703703 0.13437500000000002 0.9824074074074075 0.140625 0.977314814814815 0.14296875 0.963888888888889 0.14296875 0.9560185185185185 0.14375000000000002 0.9527777777777778 0.16276041666666666 0.9023148148148148 0.16588541666666667 0.8962962962962964 0.16901041666666666 0.8939814814814816 0.171875 0.8888888888888888 0.17369791666666667 0.8824074074074075 0.17421875 0.8731481481481482 0.17291666666666666 0.8625 0.16979166666666667 0.852314814814815 0.16927083333333334 0.838425925925926 0.16328125000000002 0.8245370370370372 0.15859375 0.8208333333333334 0.146875 0.8171296296296297 0.13020833333333334 0.8157407407407408 0.12578124999999998 0.8171296296296297 0.12265625000000001 0.8199074074074075 0.10572916666666668 0.8203703703703704 0.10234375 0.8240740740740741 0.08802083333333333 0.8490740740740741 0.08697916666666668 0.8527777777777779 0.08125 0.8615740740740742 0.07630208333333333 0.8768518518518519 0.07005208333333333 0.8916666666666667 0.07161458333333333 0.9324074074074075 0.07421875 0.9495370370370372
4 0.5747395833333333 0.5805555555555556 0.5778645833333333 0.5805555555555556 0.5822916666666667 0.5680555555555555 0.5843750000000001 0.5652777777777778 0.59140625 0.562962962962963 0.6046875 0.5652777777777778 0.60703125 0.5643518518518519 0.6059895833333334 0.5518518518518518 0.60390625 0.5453703703703704 0.5986979166666666 0.5356481481481482 0.5927083333333334 0.5324074074074074 0.5799479166666667 0.5324074074074074 0.5768229166666666 0.5342592592592593 0.5744791666666667 0.5402777777777777 0.571875 0.5620370370370371 0.5713541666666667 0.5726851851851852 0.5747395833333333 0.5805555555555556
8 0.3450520833333333 0.3740740740740741 0.3528645833333333 0.3736111111111111 0.3557291666666667 0.375462962962963 0.35781250000000003 0.37037037037037035 0.3567708333333333 0.36250000000000004 0.3549479166666667 0.36064814814814816 0.346875 0.3592592592592593 0.34296875 0.3615740740740741 0.3419270833333333 0.36388888888888893 0.3419270833333333 0.37037037037037035 0.3450520833333333 0.3740740740740741
8 0.15390625 0.6541666666666667 0.15338541666666666 0.6657407407407407 0.15442708333333335 0.6708333333333334 0.16119791666666666 0.6773148148148148 0.16484375 0.6787037037037037 0.18619791666666666 0.6787037037037037 0.19114583333333335 0.6800925925925926 0.19270833333333334 0.6796296296296297 0.19375 0.6768518518518519 0.19583333333333336 0.6601851851851852 0.21328125 0.6393518518518518 0.21354166666666666 0.6180555555555556 0.21015625000000002 0.6069444444444444 0.20260416666666667 0.5976851851851852 0.19505208333333335 0.5939814814814816 0.17734375 0.5935185185185186 0.171875 0.5962962962962963 0.16197916666666667 0.6087962962962963 0.15442708333333335 0.6208333333333333 0.15286458333333336 0.6287037037037038 0.15234375 0.637037037037037 0.15390625 0.6541666666666667
1 0.4346354166666667 0.3555555555555556 0.43671875 0.35370370370370374 0.43671875 0.3472222222222222 0.4354166666666667 0.3421296296296297 0.43203125000000003 0.3402777777777778 0.4283854166666667 0.3444444444444445 0.42864583333333334 0.3555555555555556 0.4346354166666667 0.3555555555555556
4 0.57421875 0.6027777777777779 0.5791666666666667 0.6064814814814815 0.5864583333333333 0.6189814814814816 0.5893229166666667 0.6310185185185185 0.5911458333333334 0.6347222222222222 0.6177083333333334 0.6351851851851853 0.6213541666666667 0.6337962962962963 0.6231770833333334 0.6300925925925925 0.6236979166666666 0.6194444444444445 0.6216145833333334 0.6064814814814815 0.6184895833333334 0.5953703703703703 0.6177083333333334 0.588425925925926 0.6098958333333334 0.5703703703703704 0.6059895833333334 0.5648148148148148 0.59375 0.563888888888889 0.58359375 0.5666666666666667 0.5804687500000001 0.5731481481481482 0.5794270833333334 0.5814814814814815 0.5778645833333333 0.5842592592592593 0.5744791666666667 0.5847222222222223 0.5736979166666667 0.5875 0.5734374999999999 0.5972222222222222 0.57421875 0.6027777777777779
1 0.3940104166666667 0.4430555555555556 0.40703125 0.4435185185185186 0.40911458333333334 0.44259259259259265 0.4104166666666667 0.4398148148148148 0.4114583333333333 0.4314814814814815 0.4109375 0.425462962962963 0.4080729166666667 0.41481481481481486 0.4049479166666667 0.4115740740740741 0.4005208333333333 0.41111111111111115 0.39687500000000003 0.41250000000000003 0.3940104166666667 0.4199074074074074 0.3932291666666667 0.42685185185185187 0.39296875000000003 0.43842592592592594 0.3940104166666667 0.4430555555555556
1 0.4669270833333333 0.37824074074074077 0.4705729166666667 0.38009259259259265 0.47734375 0.3777777777777778 0.47734375 0.3712962962962963 0.47421875 0.36435185185185187 0.4700520833333333 0.362962962962963 0.4669270833333333 0.3652777777777778 0.4666666666666667 0.3666666666666667 0.4661458333333333 0.37592592592592594 0.4669270833333333 0.37824074074074077
1 0.3354166666666667 0.3958333333333333 0.33958333333333335 0.3995370370370371 0.3419270833333333 0.40601851851851856 0.3455729166666667 0.40648148148148155 0.3484375 0.40231481481481485 0.3486979166666667 0.39398148148148154 0.3453125 0.3856481481481482 0.33828125000000003 0.38657407407407407 0.3361979166666667 0.39027777777777783 0.33515625 0.39351851851851855 0.3354166666666667 0.3958333333333333
1 0.453125 0.3513888888888889 0.45859375 0.35185185185185186 0.46171875 0.3486111111111111 0.4611979166666667 0.34398148148148144 0.45859375 0.3402777777777778 0.45390625 0.3407407407407408 0.4526041666666667 0.34398148148148144 0.45234375 0.3486111111111111 0.453125 0.3513888888888889
1 0.2833333333333333 0.4777777777777778 0.2859375 0.4791666666666667 0.2973958333333333 0.4796296296296297 0.3002604166666667 0.4777777777777778 0.30442708333333335 0.4712962962962963 0.3065104166666667 0.46064814814814814 0.3065104166666667 0.45648148148148154 0.3033854166666667 0.4486111111111111 0.29973958333333334 0.4449074074074075 0.28984375 0.4486111111111111 0.2864583333333333 0.4513888888888889 0.2825520833333333 0.46342592592592596 0.28229166666666666 0.4708333333333333 0.2833333333333333 0.4777777777777778
5 0.21770833333333334 0.5736111111111112 0.21901041666666665 0.575925925925926 0.22161458333333334 0.5768518518518518 0.24166666666666667 0.5754629629629631 0.24479166666666666 0.5722222222222223 0.246875 0.5648148148148148 0.25494791666666666 0.5546296296296297 0.25494791666666666 0.5398148148148149 0.25312500000000004 0.5347222222222222 0.24791666666666667 0.5305555555555556 0.23932291666666666 0.5273148148148148 0.23072916666666665 0.5273148148148148 0.22760416666666666 0.5296296296296297 0.22578125000000002 0.5328703703703704 0.22005208333333334 0.5490740740740742 0.21744791666666666 0.5537037037037037 0.21692708333333335 0.5680555555555555 0.21770833333333334 0.5736111111111112
1 0.2559895833333333 0.5120370370370371 0.25859375 0.5148148148148148 0.27578125000000003 0.5143518518518518 0.2786458333333333 0.5083333333333334 0.28281249999999997 0.5032407407407408 0.28411458333333334 0.4976851851851852 0.28437500000000004 0.48981481481481487 0.2825520833333333 0.48333333333333334 0.28098958333333335 0.48148148148148145 0.2729166666666667 0.4782407407407408 0.26588541666666665 0.47870370370370374 0.2625 0.48101851851851857 0.25859375 0.48703703703703705 0.25546874999999997 0.4986111111111111 0.2552083333333333 0.5092592592592593 0.2559895833333333 0.5120370370370371
1 0 0.9120370370370371 0 0.9435185185185185 0.0018229166666666667 0.9439814814814815 0.00234375 0.9490740740740741 0.004166666666666667 0.9532407407407407 0.008854166666666666 0.9736111111111112 0.008072916666666667 0.9800925925925926 0.008593749999999999 0.9824074074074075 0.010677083333333334 0.9814814814814815 0.011979166666666666 0.9768518518518519 0.012760416666666666 0.9837962962962963 0.015885416666666666 0.9865740740740742 0.025260416666666667 0.9898148148148148 0.03229166666666667 0.988888888888889 0.03723958333333334 0.9814814814814815 0.0390625 0.975925925925926 0.039843750000000004 0.9754629629629631 0.043229166666666666 0.9814814814814815 0.04739583333333334 0.9750000000000001 0.049479166666666664 0.9703703703703704 0.049479166666666664 0.963425925925926 0.051041666666666666 0.9564814814814816 0.06874999999999999 0.9185185185185185 0.06979166666666667 0.9111111111111112 0.06901041666666667 0.8935185185185185 0.07630208333333333 0.8699074074074075 0.07578125000000001 0.8634259259259259 0.07447916666666668 0.8592592592592594 0.06953125 0.852314814814815 0.06432291666666667 0.8486111111111112 0.05755208333333334 0.8467592592592593 0.04973958333333334 0.8467592592592593 0.02890625 0.8541666666666666 0.021875000000000002 0.8587962962962963 0.014843750000000001 0.8689814814814816 0.007291666666666667 0.8861111111111112 0.005729166666666667 0.8935185185185185 0.0033854166666666668 0.8986111111111112 0.0018229166666666667 0.9115740740740741 0 0.9120370370370371
1 0.5911458333333334 0.938425925925926 0.5973958333333333 0.9500000000000001 0.6041666666666666 0.9717592592592593 0.60859375 0.9916666666666667 0.6109375 0.9958333333333335 0.6174479166666667 0.9976851851851852 0.6177083333333334 0.9995370370370371 0.63828125 0.9995370370370371 0.6385416666666667 0.9976851851851852 0.6401041666666667 0.9972222222222222 0.6531250000000001 0.9962962962962963 0.6567708333333334 0.9972222222222222 0.6575520833333334 0.9995370370370371 0.6822916666666666 0.9995370370370371 0.68359375 0.9949074074074075 0.6828125 0.9865740740740742 0.67734375 0.9666666666666667 0.67734375 0.9629629629629629 0.671875 0.9462962962962963 0.6726562500000001 0.9439814814814815 0.6755208333333333 0.9425925925925926 0.6776041666666667 0.9356481481481482 0.6770833333333334 0.9319444444444445 0.6747395833333334 0.9310185185185186 0.6713541666666667 0.9347222222222222 0.6682291666666667 0.9296296296296297 0.66328125 0.9101851851851853 0.6578125 0.8939814814814816 0.6489583333333334 0.8736111111111112 0.6414062500000001 0.8625 0.6333333333333334 0.8564814814814815 0.625 0.8537037037037037 0.6140625000000001 0.8541666666666666 0.6059895833333334 0.8574074074074075 0.6 0.8620370370370372 0.596875 0.8662037037037038 0.5919270833333333 0.8814814814814815 0.5906250000000001 0.8921296296296297 0.5903645833333333 0.9324074074074075 0.5911458333333334 0.938425925925926
1 0.3390625 0.42037037037037045 0.3419270833333333 0.4180555555555556 0.3440104166666667 0.40416666666666673 0.340625 0.39861111111111114 0.3385416666666667 0.39675925925925926 0.33515625 0.3962962962962963 0.33046875000000003 0.4 0.32786458333333335 0.40648148148148155 0.32786458333333335 0.41898148148148145 0.3390625 0.42037037037037045
1 0.72265625 0.9680555555555557 0.7229166666666667 0.9935185185185186 0.72578125 0.9995370370370371 0.7403645833333334 0.9995370370370371 0.740625 0.9976851851851852 0.7429687500000001 0.9967592592592593 0.7549479166666666 0.9976851851851852 0.7572916666666667 0.9962962962962963 0.76953125 0.9958333333333335 0.77578125 0.9972222222222222 0.7937500000000001 0.9967592592592593 0.79609375 0.9976851851851852 0.7963541666666667 0.9995370370370371 0.8177083333333334 0.9995370370370371 0.8192708333333334 0.9949074074074075 0.81875 0.9902777777777778 0.8130208333333334 0.9722222222222222 0.8111979166666666 0.963425925925926 0.8041666666666667 0.9472222222222223 0.796875 0.9337962962962963 0.78515625 0.9180555555555556 0.7791666666666667 0.9138888888888889 0.7703125000000001 0.9106481481481482 0.7653645833333333 0.9060185185185186 0.7604166666666666 0.9046296296296297 0.7526041666666666 0.9050925925925926 0.7442708333333334 0.9074074074074074 0.7372395833333334 0.9111111111111112 0.7333333333333334 0.914814814814815 0.7263020833333333 0.925 0.7236979166666666 0.9296296296296297 0.7200520833333334 0.9412037037037038 0.7203125 0.9569444444444445 0.72265625 0.9680555555555557
5 0.3106770833333333 0.6111111111111112 0.3143229166666667 0.611574074074074 0.3171875 0.6097222222222223 0.3299479166666667 0.6097222222222223 0.33567708333333335 0.611574074074074 0.3401041666666667 0.6106481481481482 0.3419270833333333 0.6074074074074075 0.3440104166666667 0.5916666666666667 0.346875 0.5847222222222223 0.3463541666666667 0.5615740740740741 0.3453125 0.5592592592592593 0.3424479166666667 0.5574074074074075 0.33437500000000003 0.5546296296296297 0.3208333333333333 0.5550925925925926 0.31536458333333334 0.5634259259259259 0.3106770833333333 0.5833333333333334 0.31015625 0.5893518518518519 0.3098958333333333 0.6055555555555556 0.3106770833333333 0.6111111111111112
1 0.4963541666666667 0.5717592592592593 0.51953125 0.5736111111111112 0.5221354166666666 0.5731481481481482 0.5234375 0.5712962962962963 0.5242187500000001 0.5675925925925926 0.5242187500000001 0.5550925925925926 0.5223958333333334 0.5388888888888889 0.5161458333333333 0.5185185185185185 0.5127604166666667 0.5120370370370371 0.5065104166666666 0.5083333333333334 0.4966145833333333 0.5097222222222223 0.4947916666666667 0.5120370370370371 0.4916666666666667 0.5222222222222223 0.49062500000000003 0.5305555555555556 0.49062500000000003 0.5523148148148148 0.4963541666666667 0.5717592592592593
1 0.3486979166666667 0.39259259259259266 0.3528645833333333 0.39398148148148154 0.3567708333333333 0.3912037037037037 0.35703125 0.37870370370370376 0.3557291666666667 0.375462962962963 0.353125 0.3740740740740741 0.3486979166666667 0.37453703703703706 0.3450520833333333 0.37962962962962965 0.3447916666666667 0.3861111111111111 0.3486979166666667 0.39259259259259266
1 0.3627604166666667 0.3976851851851852 0.3635416666666667 0.39814814814814814 0.3731770833333333 0.39814814814814814 0.37421875 0.39398148148148154 0.3731770833333333 0.3824074074074075 0.3703125 0.37962962962962965 0.3651041666666667 0.3810185185185186 0.3635416666666667 0.38333333333333336 0.3625 0.3888888888888889 0.36223958333333334 0.39444444444444443 0.3627604166666667 0.3976851851851852
1 0.3486979166666667 0.4319444444444445 0.3497395833333333 0.43287037037037035 0.3627604166666667 0.4319444444444445 0.36614583333333334 0.42638888888888893 0.3671875 0.4199074074074074 0.3666666666666667 0.41481481481481486 0.3627604166666667 0.4078703703703704 0.3598958333333333 0.4055555555555556 0.3559895833333333 0.4055555555555556 0.35234375 0.4078703703703704 0.3486979166666667 0.41620370370370374 0.3484375 0.4277777777777778 0.3486979166666667 0.4319444444444445
1 0.3536458333333333 0.48148148148148145 0.3565104166666667 0.4824074074074074 0.3588541666666667 0.48101851851851857 0.3666666666666667 0.4805555555555556 0.3697916666666667 0.4819444444444445 0.3729166666666667 0.4800925925925926 0.3744791666666667 0.475462962962963 0.3755208333333333 0.46064814814814814 0.37343750000000003 0.4532407407407408 0.3703125 0.44953703703703707 0.35911458333333335 0.44953703703703707 0.35546875 0.45277777777777783 0.3526041666666667 0.46666666666666673 0.35234375 0.47731481481481486 0.3536458333333333 0.48148148148148145
1 0.43593750000000003 0.3416666666666667 0.43645833333333334 0.337037037037037 0.4354166666666667 0.33148148148148154 0.4317708333333333 0.3287037037037037 0.4291666666666667 0.3324074074074074 0.42864583333333334 0.3421296296296297 0.43593750000000003 0.3416666666666667
1 0.4356770833333333 0.44120370370370376 0.44921875 0.44398148148148153 0.4513020833333333 0.44259259259259265 0.45156250000000003 0.425462962962963 0.44921875 0.4180555555555556 0.44427083333333334 0.4152777777777778 0.4390625 0.4157407407407408 0.43723958333333335 0.4180555555555556 0.4348958333333333 0.4277777777777778 0.4346354166666667 0.43472222222222223 0.4356770833333333 0.44120370370370376
1 0.390625 0.35324074074074074 0.3916666666666667 0.350462962962963 0.3911458333333333 0.3416666666666667 0.39036458333333335 0.3402777777777778 0.3869791666666667 0.3402777777777778 0.3848958333333333 0.3425925925925926 0.3838541666666667 0.34814814814814815 0.3838541666666667 0.35231481481481486 0.390625 0.35324074074074074
1 0.4822916666666667 0.42870370370370375 0.48411458333333335 0.4319444444444445 0.4979166666666667 0.4319444444444445 0.4986979166666667 0.42638888888888893 0.4981770833333333 0.4166666666666667 0.4947916666666667 0.4087962962962963 0.4921875 0.4069444444444445 0.4856770833333333 0.4069444444444445 0.48411458333333335 0.4078703703703704 0.4825520833333333 0.4115740740740741 0.48125 0.4236111111111111 0.4822916666666667 0.42870370370370375
4 0.36614583333333334 0.6185185185185185 0.36953125000000003 0.6226851851851852 0.3848958333333333 0.6231481481481481 0.38984375 0.6212962962962963 0.39765625 0.6208333333333333 0.39921875 0.6143518518518519 0.40208333333333335 0.5634259259259259 0.4005208333333333 0.5606481481481482 0.39348958333333334 0.5546296296296297 0.3765625 0.5550925925925926 0.3729166666666667 0.5574074074074075 0.36953125000000003 0.563888888888889 0.36875 0.5777777777777778 0.3653645833333333 0.5981481481481482 0.36562500000000003 0.6157407407407407 0.36614583333333334 0.6185185185185185
0 0.22187500000000002 0.7583333333333334 0.22161458333333334 0.764351851851852 0.22552083333333334 0.8064814814814816 0.22734375 0.8189814814814815 0.23072916666666665 0.826851851851852 0.24713541666666666 0.8314814814814816 0.2864583333333333 0.8356481481481481 0.28984375 0.8291666666666667 0.2942708333333333 0.8092592592592593 0.2994791666666667 0.7925925925925926 0.3002604166666667 0.775925925925926 0.3140625 0.7245370370370371 0.3174479166666667 0.7032407407407407 0.3177083333333333 0.6703703703703704 0.3203125 0.6583333333333334 0.32005208333333335 0.6541666666666667 0.3166666666666667 0.6472222222222223 0.3143229166666667 0.6333333333333334 0.3111979166666667 0.6240740740740741 0.30755208333333334 0.6194444444444445 0.28828125000000004 0.6152777777777778 0.27421875 0.6157407407407407 0.265625 0.6189814814814816 0.2611979166666667 0.6254629629629629 0.23307291666666666 0.6875 0.22630208333333335 0.7083333333333334 0.22187500000000002 0.7189814814814816 0.2203125 0.7254629629629631 0.22005208333333334 0.7375 0.22187500000000002 0.7583333333333334
6 0.3924479166666667 0.36250000000000004 0.40234375 0.36250000000000004 0.4036458333333333 0.3597222222222222 0.40390625 0.3430555555555556 0.403125 0.3375 0.4010416666666667 0.3351851851851852 0.39609375 0.3347222222222222 0.3919270833333333 0.33842592592592596 0.3916666666666667 0.35231481481481486 0.3924479166666667 0.36250000000000004
6 0.45625 0.4078703703703704 0.4705729166666667 0.4087962962962963 0.47239583333333335 0.4046296296296297 0.47265625 0.3893518518518519 0.4703125 0.3819444444444444 0.46380208333333334 0.38009259259259265 0.4596354166666667 0.3805555555555556 0.45677083333333335 0.3837962962962963 0.45546875000000003 0.39351851851851855 0.4552083333333333 0.4046296296296297 0.45625 0.4078703703703704
6 0.30078125 0.44583333333333336 0.30364583333333334 0.450462962962963 0.3098958333333333 0.4513888888888889 0.3171875 0.4435185185185186 0.3208333333333333 0.4435185185185186 0.321875 0.44212962962962965 0.3216145833333333 0.4319444444444445 0.31927083333333334 0.42870370370370375 0.3184895833333333 0.4157407407407408 0.31614583333333335 0.41203703703703703 0.3106770833333333 0.40925925925925927 0.3065104166666667 0.4097222222222222 0.3033854166666667 0.41203703703703703 0.3002604166666667 0.4171296296296297 0.3002604166666667 0.44259259259259265 0.30078125 0.44583333333333336