8 0.3955729166666667 0.4310185185185186 0.39687500000000003 0.4324074074074074 0.40859375000000003 0.4324074074074074 0.4111979166666667 0.43009259259259264 0.4114583333333333 0.4101851851851852 0.4088541666666667 0.3976851851851852 0.4067708333333333 0.3962962962962963 0.40078125000000003 0.3962962962962963 0.3966145833333333 0.4 0.39427083333333335 0.4078703703703704 0.39375 0.42592592592592593 0.3955729166666667 0.4310185185185186
8 0.22942708333333334 0.5490740740740742 0.23125 0.5541666666666667 0.234375 0.5574074074074075 0.2552083333333333 0.5578703703703703 0.25833333333333336 0.5560185185185186 0.26171875 0.5467592592592593 0.2708333333333333 0.5365740740740741 0.2734375 0.5291666666666667 0.27369791666666665 0.5175925925925926 0.27239583333333334 0.5087962962962963 0.2669270833333333 0.4949074074074074 0.2635416666666667 0.49074074074074076 0.2559895833333333 0.48935185185185187 0.24791666666666667 0.48935185185185187 0.24479166666666666 0.49074074074074076 0.23255208333333335 0.5041666666666667 0.23072916666666665 0.5074074074074074 0.23020833333333335 0.5120370370370371 0.22890625 0.5356481481481482 0.22942708333333334 0.5490740740740742
8 0.4739583333333333 0.48333333333333334 0.47552083333333334 0.48981481481481487 0.4765625 0.49120370370370375 0.48671875000000003 0.4916666666666667 0.4973958333333333 0.49074074074074076 0.4981770833333333 0.48888888888888893 0.49921875 0.4680555555555556 0.4981770833333333 0.46064814814814814 0.4927083333333333 0.4398148148148148 0.48802083333333335 0.43472222222222223 0.478125 0.4342592592592593 0.47552083333333334 0.4356481481481482 0.4734375 0.44212962962962965 0.4731770833333333 0.4680555555555556 0.4739583333333333 0.48333333333333334
8 0.4302083333333333 0.3731481481481482 0.4375 0.3740740740740741 0.4393229166666667 0.3726851851851852 0.4395833333333333 0.35833333333333334 0.43723958333333335 0.35185185185185186 0.4356770833333333 0.350462962962963 0.4315104166666667 0.3513888888888889 0.4302083333333333 0.35324074074074074 0.4291666666666667 0.3587962962962963 0.4291666666666667 0.3694444444444445 0.4302083333333333 0.3731481481481482
6 0.4421875 0.35324074074074074 0.446875 0.3546296296296297 0.4502604166666667 0.35231481481481486 0.44921875 0.3486111111111111 0.45 0.3458333333333333 0.4497395833333333 0.33935185185185185 0.4484375 0.3351851851851852 0.44453125 0.33425925925925926 0.4421875 0.33564814814814814 0.440625 0.33842592592592596 0.440625 0.34629629629629627 0.4421875 0.35324074074074074
1 0.2825520833333333 0.5490740740740742 0.2869791666666667 0.5458333333333334 0.29609375000000004 0.5453703703703704 0.3002604166666667 0.5467592592592593 0.30390625 0.5523148148148148 0.30703125000000003 0.55 0.30833333333333335 0.5398148148148149 0.3111979166666667 0.5365740740740741 0.3127604166666667 0.5328703703703704 0.3125 0.5157407407407407 0.30859375 0.5101851851851852 0.30234375 0.5064814814814815 0.296875 0.5055555555555555 0.28958333333333336 0.5078703703703704 0.28619791666666666 0.5106481481481482 0.28281249999999997 0.5189814814814815 0.2794270833333333 0.5347222222222222 0.27968750000000003 0.5444444444444445 0.2825520833333333 0.5490740740740742
1 0.3716145833333333 0.625925925925926 0.39453125 0.6268518518518519 0.39921875 0.6245370370370371 0.40130208333333334 0.6203703703703703 0.4015625 0.6092592592592593 0.403125 0.5958333333333334 0.40234375 0.5925925925925926 0.4026041666666667 0.5842592592592593 0.40078125000000003 0.5750000000000001 0.39739583333333334 0.5689814814814815 0.3911458333333333 0.5671296296296297 0.38203125 0.5671296296296297 0.3760416666666667 0.5694444444444444 0.3721354166666667 0.5782407407407407 0.371875 0.5851851851851853 0.36953125000000003 0.5967592592592593 0.36953125000000003 0.6222222222222222 0.3716145833333333 0.625925925925926
1 0.3330729166666667 0.4101851851851852 0.3432291666666667 0.41064814814814815 0.3458333333333333 0.4083333333333333 0.3458333333333333 0.39861111111111114 0.3419270833333333 0.3912037037037037 0.33828125000000003 0.3907407407407408 0.3354166666666667 0.3930555555555556 0.3328125 0.40046296296296297 0.3315104166666667 0.4078703703703704 0.3330729166666667 0.4101851851851852
1 0.4908854166666667 0.39351851851851855 0.49296875 0.3958333333333333 0.49921875 0.3962962962962963 0.5031249999999999 0.39351851851851855 0.5031249999999999 0.3888888888888889 0.5018229166666667 0.38333333333333336 0.4981770833333333 0.3777777777777778 0.4940104166666667 0.3768518518518519 0.49192708333333335 0.37870370370370376 0.4901041666666667 0.38333333333333336 0.4901041666666667 0.3907407407407408 0.4908854166666667 0.39351851851851855
1 0.47734375 0.37037037037037035 0.4825520833333333 0.37083333333333335 0.4861979166666667 0.3685185185185186 0.4864583333333333 0.36574074074074076 0.484375 0.35787037037037045 0.4799479166666667 0.35601851851851857 0.4768229166666667 0.35787037037037045 0.4760416666666667 0.3611111111111111 0.47578125 0.36620370370370375 0.47734375 0.37037037037037035
1 0.3559895833333333 0.41111111111111115 0.36640625 0.41064814814814815 0.3682291666666667 0.40925925925925927 0.36953125000000003 0.4055555555555556 0.3690104166666667 0.39722222222222225 0.3658854166666667 0.38981481481481484 0.3627604166666667 0.38842592592592595 0.35911458333333335 0.3893518518518519 0.3557291666666667 0.39444444444444443 0.3546875 0.39814814814814814 0.3541666666666667 0.40416666666666673 0.3559895833333333 0.41111111111111115
1 0.3565104166666667 0.4981481481481482 0.3638020833333333 0.500462962962963 0.36614583333333334 0.4986111111111111 0.3682291666666667 0.47361111111111115 0.3677083333333333 0.4703703703703704 0.3658854166666667 0.4671296296296297 0.36328125 0.4652777777777778 0.35234375 0.4652777777777778 0.3484375 0.4703703703703704 0.3450520833333333 0.48287037037037045 0.3455729166666667 0.4981481481481482 0.3565104166666667 0.4981481481481482
1 0.7473958333333334 0.8208333333333334 0.7510416666666666 0.8361111111111112 0.7552083333333334 0.8425925925925926 0.7588541666666666 0.8425925925925926 0.7627604166666666 0.8458333333333334 0.7653645833333333 0.8527777777777779 0.7708333333333334 0.8597222222222223 0.7734375 0.8648148148148148 0.7747395833333334 0.8726851851851852 0.78125 0.8837962962962963 0.7854166666666667 0.8976851851851853 0.7893229166666667 0.9041666666666667 0.8013020833333334 0.9060185185185186 0.81015625 0.9060185185185186 0.8143229166666667 0.9046296296296297 0.8205729166666667 0.901388888888889 0.8247395833333334 0.8972222222222223 0.8315104166666667 0.8851851851851853 0.8338541666666667 0.8731481481481482 0.83359375 0.8606481481481482 0.8315104166666667 0.8513888888888889 0.8247395833333334 0.8351851851851853 0.8229166666666666 0.8277777777777778 0.8229166666666666 0.8245370370370372 0.8177083333333334 0.8115740740740741 0.80703125 0.7925925925925926 0.7973958333333334 0.7782407407407409 0.7898437500000001 0.7726851851851853 0.784375 0.7708333333333334 0.775 0.7703703703703704 0.7651041666666667 0.7722222222222223 0.7549479166666666 0.7777777777777778 0.7515625 0.7819444444444444 0.7479166666666667 0.7962962962962963 0.7468750000000001 0.8064814814814816 0.7473958333333334 0.8208333333333334
1 0.4471354166666667 0.37824074074074077 0.45546875000000003 0.37870370370370376 0.4572916666666667 0.37638888888888894 0.45703125 0.36620370370370375 0.4552083333333333 0.36435185185185187 0.44921875 0.36342592592592593 0.4471354166666667 0.36620370370370375 0.4463541666666667 0.3699074074074074 0.44609375 0.37638888888888894 0.4471354166666667 0.37824074074074077
4 0.3723958333333333 0.37962962962962965 0.3794270833333333 0.38009259259259265 0.3815104166666667 0.37638888888888894 0.3802083333333333 0.36388888888888893 0.3765625 0.36064814814814816 0.3731770833333333 0.3615740740740741 0.3703125 0.3717592592592593 0.37005208333333334 0.3768518518518519 0.3723958333333333 0.37962962962962965
1 0.3799479166666667 0.41064814814814815 0.3893229166666667 0.40925925925925927 0.390625 0.4083333333333333 0.39140625 0.4050925925925926 0.3919270833333333 0.39398148148148154 0.390625 0.39027777777777783 0.3888020833333333 0.38842592592592595 0.3830729166666667 0.38842592592592595 0.3794270833333333 0.3930555555555556 0.37786458333333334 0.40046296296296297 0.37786458333333334 0.4078703703703704 0.3799479166666667 0.41064814814814815
1 0.31796875 0.4291666666666667 0.328125 0.4310185185185186 0.3315104166666667 0.4305555555555556 0.3328125 0.42870370370370375 0.33359375 0.4180555555555556 0.33203125 0.41064814814814815 0.3302083333333333 0.4078703703703704 0.32421875 0.4069444444444445 0.32109375 0.4083333333333333 0.3177083333333333 0.4166666666666667 0.3171875 0.42638888888888893 0.31796875 0.4291666666666667
1 0.03046875 0.8773148148148148 0.032552083333333336 0.8870370370370372 0.034895833333333334 0.8916666666666667 0.038802083333333334 0.8953703703703704 0.05286458333333334 0.9023148148148148 0.059895833333333336 0.9041666666666667 0.06796875000000001 0.9037037037037038 0.07109375000000001 0.9055555555555557 0.07291666666666667 0.9046296296296297 0.07447916666666668 0.9037037037037038 0.07708333333333334 0.8972222222222223 0.07734375 0.8861111111111112 0.07838541666666668 0.8805555555555556 0.0828125 0.876388888888889 0.09791666666666668 0.8449074074074074 0.10572916666666668 0.838425925925926 0.10729166666666667 0.8310185185185185 0.10807291666666667 0.8208333333333334 0.10729166666666667 0.8074074074074075 0.1015625 0.7925925925925926 0.09531250000000001 0.7861111111111112 0.09192708333333333 0.7842592592592593 0.07421875 0.7842592592592593 0.06666666666666667 0.788425925925926 0.0609375 0.7944444444444445 0.05 0.7958333333333334 0.04296875 0.8060185185185186 0.036458333333333336 0.8208333333333334 0.033593750000000006 0.8310185185185185 0.029687500000000002 0.852314814814815 0.029427083333333333 0.8625 0.03046875 0.8773148148148148
1 0.4114583333333333 0.3861111111111111 0.41302083333333334 0.38287037037037036 0.4135416666666667 0.37592592592592594 0.4114583333333333 0.3685185185185186 0.409375 0.3680555555555556 0.4078125 0.3685185185185186 0.4044270833333333 0.3777777777777778 0.4041666666666667 0.3837962962962963 0.4114583333333333 0.3861111111111111
1 0.36953125000000003 0.4416666666666667 0.3815104166666667 0.44120370370370376 0.3838541666666667 0.43888888888888894 0.38359375 0.42453703703703705 0.38255208333333335 0.4180555555555556 0.3802083333333333 0.41481481481481486 0.3765625 0.4138888888888889 0.37083333333333335 0.41620370370370374 0.3692708333333333 0.41898148148148145 0.3671875 0.4296296296296297 0.3671875 0.43888888888888894 0.36953125000000003 0.4416666666666667
1 0.3463541666666667 0.39861111111111114 0.35234375 0.39861111111111114 0.3546875 0.3907407407407408 0.35390625000000003 0.38425925925925924 0.35052083333333334 0.3805555555555556 0.3447916666666667 0.3810185185185186 0.34218750000000003 0.38703703703703707 0.3416666666666667 0.39027777777777783 0.3463541666666667 0.39861111111111114
1 0.4875 0.42870370370370375 0.49921875 0.4291666666666667 0.5007812500000001 0.42824074074074076 0.5020833333333333 0.42500000000000004 0.5023437500000001 0.4180555555555556 0.5015625 0.4138888888888889 0.4981770833333333 0.4069444444444445 0.49505208333333334 0.40416666666666673 0.4895833333333333 0.40416666666666673 0.4877604166666667 0.40648148148148155 0.4859375 0.41435185185185186 0.4859375 0.4236111111111111 0.4875 0.42870370370370375
1 0.45598958333333334 0.3546296296296297 0.45989583333333334 0.35324074074074074 0.46067708333333335 0.3476851851851852 0.4596354166666667 0.3416666666666667 0.4565104166666667 0.3388888888888889 0.4533854166666667 0.3458333333333333 0.4536458333333333 0.35324074074074074 0.45598958333333334 0.3546296296296297
1 0.3294270833333333 0.45648148148148154 0.34453125 0.45694444444444443 0.3471354166666667 0.4537037037037037 0.3489583333333333 0.4486111111111111 0.3494791666666667 0.4361111111111111 0.3453125 0.4296296296296297 0.3385416666666667 0.42824074074074076 0.33489583333333334 0.43009259259259264 0.3315104166666667 0.4342592592592593 0.328125 0.44537037037037036 0.32786458333333335 0.4532407407407408 0.3294270833333333 0.45648148148148154
1 0.38828125 0.38333333333333336 0.39036458333333335 0.3856481481481482 0.39453125 0.38425925925925924 0.3984375 0.3777777777777778 0.3979166666666667 0.3699074074074074 0.39427083333333335 0.36481481481481487 0.39036458333333335 0.36620370370370375 0.3877604166666667 0.3731481481481482 0.3872395833333333 0.38009259259259265 0.38828125 0.38333333333333336
1 0.28958333333333336 0.47175925925925927 0.30364583333333334 0.47361111111111115 0.31093750000000003 0.46620370370370373 0.3119791666666667 0.46064814814814814 0.3119791666666667 0.4537037037037037 0.3104166666666667 0.44722222222222224 0.3059895833333333 0.4449074074074075 0.296875 0.4444444444444444 0.29322916666666665 0.44675925925925924 0.28802083333333334 0.4601851851851852 0.2877604166666667 0.4657407407407408 0.28958333333333336 0.47175925925925927
1 0.43515625 0.4212962962962963 0.4463541666666667 0.4217592592592593 0.4494791666666667 0.4180555555555556 0.44921875 0.4074074074074074 0.44609375 0.3995370370370371 0.4385416666666667 0.39861111111111114 0.4356770833333333 0.40092592592592596 0.434375 0.40416666666666673 0.4338541666666667 0.4180555555555556 0.43515625 0.4212962962962963
5 0.43984375000000003 0.4949074074074074 0.4421875 0.501388888888889 0.4557291666666667 0.5009259259259259 0.46015625 0.5023148148148148 0.4625 0.4990740740740741 0.46328125000000003 0.4916666666666667 0.4630208333333333 0.4782407407407408 0.45677083333333335 0.46296296296296297 0.4536458333333333 0.4615740740740741 0.4447916666666667 0.4620370370370371 0.4424479166666667 0.46481481481481485 0.4390625 0.47361111111111115 0.4385416666666667 0.4777777777777778 0.43984375000000003 0.4949074074074074
1 0.3736979166666667 0.3587962962962963 0.3802083333333333 0.3587962962962963 0.38203125 0.3555555555555556 0.3815104166666667 0.3490740740740741 0.3799479166666667 0.3458333333333333 0.3763020833333333 0.3449074074074074 0.3729166666666667 0.34953703703703703 0.3723958333333333 0.35648148148148145 0.3736979166666667 0.3587962962962963
1 0.378125 0.5152777777777778 0.3799479166666667 0.5180555555555556 0.39921875 0.5175925925925926 0.4010416666666667 0.5171296296296296 0.40208333333333335 0.5143518518518518 0.4036458333333333 0.5023148148148148 0.4033854166666667 0.49074074074074076 0.40208333333333335 0.48564814814814816 0.3986979166666667 0.4800925925925926 0.3893229166666667 0.47870370370370374 0.3833333333333333 0.4805555555555556 0.3796875 0.487962962962963 0.378125 0.49722222222222223 0.37786458333333334 0.5125000000000001 0.378125 0.5152777777777778
1 0.4666666666666667 0.7157407407407409 0.4674479166666667 0.7305555555555556 0.4690104166666667 0.7375 0.4708333333333333 0.7412037037037038 0.47421875 0.7449074074074075 0.4778645833333333 0.7462962962962963 0.4932291666666667 0.7467592592592593 0.5088541666666667 0.7449074074074075 0.5119791666666667 0.7407407407407407 0.5130208333333334 0.7324074074074075 0.5130208333333334 0.7171296296296297 0.5098958333333333 0.688888888888889 0.5122395833333333 0.6856481481481481 0.5122395833333333 0.6819444444444445 0.509375 0.6759259259259259 0.5062500000000001 0.6648148148148147 0.4981770833333333 0.6462962962962963 0.4947916666666667 0.6430555555555556 0.48723958333333334 0.6412037037037037 0.47630208333333335 0.6412037037037037 0.4690104166666667 0.6435185185185185 0.4651041666666667 0.6476851851851853 0.46328125000000003 0.6671296296296296 0.4627604166666667 0.6865740740740741 0.4666666666666667 0.7157407407407409
5 0.5221354166666666 0.5055555555555555 0.5395833333333333 0.5060185185185185 0.5416666666666666 0.5041666666666667 0.5424479166666667 0.4902777777777778 0.5414062500000001 0.48101851851851857 0.540625 0.47731481481481486 0.5364583333333334 0.46898148148148155 0.5294270833333333 0.4643518518518519 0.5221354166666666 0.46481481481481485 0.5184895833333334 0.46851851851851856 0.5169270833333334 0.47685185185185186 0.5169270833333334 0.4930555555555556 0.5221354166666666 0.5055555555555555
1 0.26171875 0.5953703703703703 0.2713541666666667 0.5925925925925926 0.2971354166666667 0.5916666666666667 0.2984375 0.5888888888888889 0.29921875000000003 0.5824074074074075 0.2989583333333333 0.5745370370370371 0.29765625 0.5708333333333334 0.29270833333333335 0.5666666666666667 0.2825520833333333 0.5634259259259259 0.2721354166666667 0.563888888888889 0.2674479166666667 0.5666666666666667 0.26484375000000004 0.5708333333333334 0.2604166666666667 0.588425925925926 0.2598958333333333 0.5930555555555556 0.26171875 0.5953703703703703
1 0.4565104166666667 0.4074074074074074 0.4669270833333333 0.4083333333333333 0.46875 0.40416666666666673 0.46796875 0.3930555555555556 0.4669270833333333 0.3893518518518519 0.4635416666666667 0.38472222222222224 0.46015625 0.38425925925925924 0.4565104166666667 0.38657407407407407 0.4549479166666667 0.3930555555555556 0.4549479166666667 0.40416666666666673 0.4565104166666667 0.4074074074074074
0 0.46171875 0.3699074074074074 0.4635416666666667 0.37222222222222223 0.47421875 0.37222222222222223 0.47552083333333334 0.3685185185185186 0.47578125 0.3555555555555556 0.4739583333333333 0.34814814814814815 0.4705729166666667 0.3444444444444445 0.46718750000000003 0.3444444444444445 0.4635416666666667 0.34629629629629627 0.4619791666666667 0.34953703703703703 0.4611979166666667 0.3555555555555556 0.46171875 0.3699074074074074
0 0.20390625 0.7828703703703704 0.20546875 0.7925925925925926 0.20755208333333336 0.8199074074074075 0.20989583333333334 0.8324074074074075 0.21015625000000002 0.838888888888889 0.21328125 0.8527777777777779 0.21770833333333334 0.8560185185185185 0.24609375 0.8625 0.2752604166666667 0.8657407407407407 0.28098958333333335 0.863888888888889 0.28437500000000004 0.8555555555555556 0.28880208333333335 0.8328703703703704 0.2955729166666667 0.8074074074074075 0.2979166666666667 0.7870370370370371 0.30078125 0.7791666666666667 0.30234375 0.7699074074074075 0.3098958333333333 0.7435185185185186 0.31536458333333334 0.7129629629629629 0.31796875 0.7060185185185185 0.31953125 0.6967592592592593 0.31953125 0.6800925925925926 0.3182291666666667 0.6657407407407407 0.3169270833333333 0.6268518518518519 0.3213541666666667 0.6208333333333333 0.3216145833333333 0.6083333333333334 0.31875000000000003 0.6055555555555556 0.3140625 0.6069444444444444 0.3104166666666667 0.5958333333333334 0.30442708333333335 0.5925925925925926 0.27005208333333336 0.5935185185185186 0.26223958333333336 0.5949074074074074 0.26015625000000003 0.5967592592592593 0.22994791666666667 0.6550925925925926 0.22213541666666667 0.6717592592592593 0.22161458333333334 0.675 0.20286458333333335 0.7129629629629629 0.2015625 0.7175925925925926 0.20130208333333335 0.7402777777777778 0.20390625 0.7828703703703704