8 0.8928819444444444 0.5506172839506173 0.8946180555555555 0.5540123456790124 0.8967013888888888 0.5561728395061728 0.8972222222222221 0.557716049382716 0.9015624999999999 0.5570987654320988 0.9057291666666666 0.5583333333333333 0.9072916666666666 0.5598765432098766 0.9135416666666666 0.5626543209876543 0.9149305555555556 0.5641975308641975 0.9208333333333334 0.5666666666666667 0.9227430555555556 0.5700617283950616 0.9248263888888888 0.5759259259259258 0.928298611111111 0.5774691358024692 0.9317708333333333 0.5759259259259258 0.9637152777777778 0.5774691358024692 0.9671875 0.5771604938271605 0.9699652777777777 0.5750000000000001 0.9713541666666666 0.5611111111111111 0.9708333333333333 0.5589506172839506 0.9703125 0.5265432098765432 0.9684027777777777 0.5191358024691358 0.9647569444444444 0.5157407407407407 0.9578125 0.5132716049382716 0.9562499999999999 0.5117283950617284 0.9444444444444444 0.5067901234567901 0.9430555555555555 0.5052469135802469 0.9364583333333334 0.5030864197530864 0.9234375 0.5009259259259259 0.9088541666666666 0.5009259259259259 0.903125 0.5040123456790123 0.8934027777777778 0.5154320987654321 0.890625 0.5256172839506172 0.890625 0.5429012345679012 0.8928819444444444 0.5506172839506173
4 0.8935763888888888 0.6382716049382716 0.8946180555555555 0.6435185185185185 0.8972222222222221 0.65 0.9006944444444444 0.6521604938271606 0.9059027777777777 0.6512345679012346 0.9100694444444444 0.6524691358024691 0.9161458333333333 0.6564814814814816 0.9263888888888888 0.6657407407407407 0.9321180555555556 0.6694444444444444 0.9347222222222222 0.6737654320987654 0.9355902777777778 0.6790123456790123 0.9366319444444444 0.6805555555555556 0.9368055555555556 0.6820987654320988 0.9390625 0.686111111111111 0.9425347222222222 0.6891975308641975 0.9461805555555556 0.6895061728395062 0.9491319444444444 0.6873456790123457 0.9534722222222222 0.6870370370370371 0.9583333333333334 0.6876543209876543 0.965625 0.6904320987654321 0.9779513888888888 0.6913580246913581 0.984375 0.6885802469135802 0.9916666666666666 0.6891975308641975 0.9960069444444444 0.686111111111111 0.9980902777777778 0.682716049382716 0.9998263888888889 0.682716049382716 0.9998263888888889 0.6237654320987653 0.9980902777777778 0.6237654320987653 0.9953124999999999 0.6203703703703703 0.9930555555555556 0.6191358024691357 0.9916666666666666 0.616358024691358 0.9874999999999999 0.6120370370370369 0.9788194444444444 0.6083333333333334 0.9637152777777778 0.5972222222222222 0.9581597222222222 0.5959876543209875 0.9324652777777778 0.5959876543209875 0.921875 0.5972222222222222 0.9197916666666666 0.5990740740740741 0.9190972222222222 0.6040123456790124 0.9177083333333333 0.6064814814814815 0.9125 0.6083333333333334 0.8998263888888888 0.6089506172839506 0.8965277777777778 0.6111111111111112 0.8935763888888888 0.6160493827160494 0.8928819444444444 0.6200617283950618 0.8935763888888888 0.6382716049382716
1 0.4487847222222222 0.6092592592592593 0.44947916666666665 0.6114197530864197 0.4565972222222222 0.6080246913580247 0.4600694444444444 0.6092592592592593 0.4635416666666667 0.608641975308642 0.465625 0.6095679012345678 0.4699652777777778 0.6095679012345678 0.4730902777777778 0.6061728395061728 0.4739583333333333 0.6040123456790124 0.4789930555555555 0.6064814814814815 0.4810763888888889 0.6092592592592593 0.48420138888888886 0.6040123456790124 0.48593749999999997 0.5904320987654321 0.4869791666666667 0.5669753086419753 0.4880208333333333 0.5641975308641975 0.48819444444444443 0.5608024691358025 0.4840277777777778 0.5580246913580247 0.48055555555555557 0.553395061728395 0.4770833333333333 0.5527777777777777 0.4739583333333333 0.5509259259259259 0.4671875 0.5518518518518518 0.4631944444444444 0.5509259259259259 0.4595486111111111 0.5521604938271605 0.4550347222222222 0.5570987654320988 0.45295138888888886 0.5574074074074074 0.4519097222222222 0.5595679012345679 0.4517361111111111 0.5611111111111111 0.4536458333333333 0.5638888888888889 0.4536458333333333 0.566358024691358 0.44930555555555557 0.5833333333333334 0.4487847222222222 0.5907407407407407 0.4487847222222222 0.6092592592592593
1 0.621875 0.42160493827160495 0.6230902777777778 0.4243827160493827 0.6248263888888889 0.4256172839506173 0.6277777777777778 0.42654320987654315 0.6380208333333334 0.42654320987654315 0.6407986111111111 0.4253086419753086 0.6414930555555556 0.4225308641975309 0.6407986111111111 0.4141975308641975 0.6383680555555555 0.40771604938271605 0.6364583333333333 0.4058641975308642 0.6253472222222222 0.4058641975308642 0.6225694444444444 0.40802469135802466 0.6213541666666667 0.4132716049382716 0.6213541666666667 0.4191358024691358 0.621875 0.42160493827160495
5 0.3663194444444444 0.45462962962962966 0.37482638888888886 0.45462962962962966 0.3836805555555556 0.4580246913580247 0.3847222222222222 0.4537037037037037 0.3847222222222222 0.44598765432098764 0.3859375 0.4395061728395062 0.38437499999999997 0.4354938271604938 0.38125 0.4305555555555556 0.3776041666666667 0.42901234567901236 0.3741319444444444 0.429320987654321 0.3701388888888889 0.4314814814814815 0.3671875 0.4354938271604938 0.3659722222222222 0.4395061728395062 0.36527777777777776 0.4472222222222222 0.3651041666666667 0.4530864197530864 0.3663194444444444 0.45462962962962966
1 0.5925347222222223 0.45 0.5951388888888888 0.4521604938271605 0.5989583333333334 0.45339506172839505 0.6012152777777777 0.45092592592592595 0.6029513888888888 0.44537037037037036 0.6050347222222222 0.4416666666666667 0.6092013888888889 0.4391975308641975 0.6118055555555556 0.4364197530864197 0.6118055555555556 0.4333333333333333 0.6100694444444444 0.4305555555555556 0.6067708333333334 0.42839506172839503 0.6027777777777777 0.4271604938271605 0.5989583333333334 0.4280864197530864 0.5953125 0.4314814814814815 0.5942708333333333 0.43456790123456784 0.5934027777777777 0.441358024691358 0.5918402777777777 0.4450617283950617 0.5916666666666667 0.4469135802469136 0.5925347222222223 0.45
1 0.6826388888888888 0.5645061728395062 0.6838541666666667 0.5675925925925925 0.6859375 0.5691358024691359 0.6901041666666666 0.5697530864197531 0.6927083333333334 0.5654320987654321 0.6932291666666666 0.5657407407407408 0.6944444444444444 0.567283950617284 0.6946180555555556 0.571604938271605 0.6953125 0.5740740740740741 0.6979166666666666 0.578395061728395 0.6994791666666667 0.5845679012345679 0.7032986111111111 0.5839506172839506 0.7052083333333333 0.5808641975308642 0.7078125 0.5796296296296296 0.7220486111111112 0.578395061728395 0.7262152777777777 0.5796296296296296 0.7303819444444444 0.5854938271604938 0.7317708333333334 0.5854938271604938 0.7340277777777777 0.5839506172839506 0.7350694444444444 0.5805555555555555 0.7362847222222222 0.5675925925925925 0.7359375 0.553395061728395 0.7322916666666666 0.5450617283950617 0.731423611111111 0.5404320987654321 0.7296874999999999 0.5361111111111111 0.7282986111111112 0.5345679012345679 0.7277777777777777 0.532716049382716 0.7265625 0.5324074074074074 0.7206597222222222 0.5256172839506172 0.7178819444444444 0.5243827160493827 0.7064236111111112 0.5249999999999999 0.7029513888888889 0.529320987654321 0.7010416666666666 0.5302469135802469 0.6883680555555556 0.5330246913580247 0.6850694444444444 0.5361111111111111 0.6838541666666667 0.5401234567901235 0.6835069444444444 0.5481481481481482 0.6822916666666666 0.5506172839506173 0.6819444444444444 0.5601851851851852 0.6826388888888888 0.5645061728395062
1 0.5706597222222222 0.42191358024691356 0.5708333333333333 0.4256172839506173 0.5713541666666666 0.4287037037037037 0.5732638888888888 0.43209876543209874 0.5769097222222223 0.4339506172839506 0.5805555555555555 0.4330246913580247 0.5819444444444444 0.42839506172839503 0.5842013888888888 0.4253086419753086 0.5850694444444444 0.42191358024691356 0.5883680555555555 0.41512345679012347 0.5854166666666666 0.40987654320987654 0.5821180555555555 0.4074074074074074 0.5774305555555556 0.4089506172839506 0.5737847222222222 0.4138888888888889 0.5723958333333333 0.4188271604938272 0.5706597222222222 0.42191358024691356
1 0.8118055555555556 0.7271604938271605 0.8142361111111112 0.7404320987654321 0.8178819444444444 0.7462962962962962 0.8203125 0.7472222222222222 0.8258680555555555 0.7462962962962962 0.8302083333333333 0.7496913580246913 0.8314236111111112 0.7521604938271605 0.832986111111111 0.7527777777777778 0.8347222222222221 0.7555555555555555 0.8387152777777778 0.7570987654320988 0.8432291666666666 0.7611111111111112 0.8482638888888888 0.7679012345679013 0.8506944444444444 0.7756172839506172 0.8515625 0.7805555555555556 0.8532986111111112 0.7836419753086419 0.8559027777777778 0.7845679012345679 0.8616319444444444 0.7805555555555556 0.8685763888888888 0.7799382716049382 0.8722222222222222 0.7805555555555556 0.8831597222222222 0.7864197530864198 0.8937499999999999 0.7870370370370371 0.9057291666666666 0.7898148148148147 0.9093749999999999 0.7876543209876543 0.9114583333333334 0.7842592592592593 0.9130208333333334 0.7799382716049382 0.9135416666666666 0.7722222222222223 0.9123263888888888 0.7589506172839506 0.9123263888888888 0.7444444444444445 0.9060763888888889 0.7351851851851853 0.9034722222222222 0.7271604938271605 0.8973958333333334 0.7157407407407407 0.8848958333333333 0.7018518518518518 0.8734375 0.6944444444444444 0.8598958333333333 0.6932098765432099 0.8508680555555556 0.6944444444444444 0.8453125 0.6962962962962963 0.8274305555555556 0.6953703703703703 0.8171875 0.6996913580246913 0.8135416666666666 0.7027777777777778 0.8125 0.7061728395061728 0.8118055555555556 0.7129629629629629 0.8118055555555556 0.7271604938271605
1 0.39947916666666666 0.39444444444444443 0.4027777777777778 0.39814814814814814 0.40434027777777776 0.40216049382716046 0.40625 0.4049382716049383 0.4105902777777778 0.4049382716049383 0.4130208333333333 0.39783950617283953 0.4123263888888889 0.39197530864197533 0.4083333333333333 0.3854938271604938 0.4019097222222222 0.3854938271604938 0.4001736111111111 0.3867283950617284 0.3989583333333333 0.3888888888888889 0.3987847222222222 0.3910493827160494 0.39947916666666666 0.39444444444444443
1 0.6571180555555556 0.4169753086419753 0.6588541666666666 0.41790123456790124 0.6647569444444444 0.41820987654320985 0.6671874999999999 0.4194444444444444 0.668923611111111 0.42098765432098767 0.671875 0.42654320987654315 0.6732638888888888 0.4274691358024691 0.6756944444444444 0.4277777777777778 0.6770833333333334 0.4253086419753086 0.6786458333333334 0.41820987654320985 0.6788194444444444 0.412962962962963 0.678298611111111 0.40802469135802466 0.6755208333333333 0.4027777777777778 0.6645833333333333 0.40154320987654324 0.6579861111111112 0.40802469135802466 0.6560763888888889 0.4111111111111111 0.6555555555555556 0.4148148148148148 0.6571180555555556 0.4169753086419753
1 0.4152777777777778 0.45154320987654323 0.4222222222222222 0.46049382716049386 0.42517361111111107 0.4617283950617284 0.4291666666666667 0.4611111111111111 0.4328125 0.4574074074074074 0.4340277777777778 0.4537037037037037 0.4345486111111111 0.44907407407407407 0.4345486111111111 0.4388888888888889 0.4322916666666667 0.43456790123456784 0.428125 0.43209876543209874 0.4255208333333333 0.429320987654321 0.4222222222222222 0.4305555555555556 0.41805555555555557 0.4305555555555556 0.4157986111111111 0.433641975308642 0.4128472222222222 0.4450617283950617 0.4128472222222222 0.4503086419753086 0.4152777777777778 0.45154320987654323
1 0.3647569444444444 0.47469135802469137 0.3708333333333333 0.47716049382716047 0.3722222222222222 0.47962962962962963 0.37309027777777776 0.48302469135802467 0.37604166666666666 0.48518518518518516 0.3802083333333333 0.4858024691358025 0.3840277777777778 0.48302469135802467 0.38611111111111107 0.47067901234567905 0.38611111111111107 0.4632716049382716 0.3847222222222222 0.4583333333333333 0.3836805555555556 0.45709876543209876 0.3796875 0.45679012345679015 0.3758680555555556 0.45493827160493827 0.36701388888888886 0.45493827160493827 0.365625 0.4561728395061728 0.3638888888888889 0.46234567901234563 0.36354166666666665 0.47129629629629627 0.3647569444444444 0.47469135802469137
1 0.826736111111111 0.5506172839506173 0.828125 0.5518518518518518 0.8324652777777778 0.5524691358024691 0.8355902777777777 0.5503086419753086 0.8456597222222222 0.5530864197530865 0.8470486111111112 0.5561728395061728 0.8491319444444444 0.5654320987654321 0.8519097222222222 0.5685185185185185 0.8559027777777778 0.5685185185185185 0.8576388888888888 0.5675925925925925 0.8616319444444444 0.5626543209876543 0.8666666666666666 0.562037037037037 0.8715277777777778 0.5635802469135802 0.8788194444444444 0.5697530864197531 0.8836805555555556 0.5697530864197531 0.8855902777777778 0.5614197530864198 0.887673611111111 0.5583333333333333 0.8890625 0.5524691358024691 0.889236111111111 0.546604938271605 0.887673611111111 0.5345679012345679 0.8861111111111112 0.5311728395061729 0.8840277777777777 0.5222222222222223 0.8805555555555555 0.5169753086419754 0.8663194444444444 0.5092592592592593 0.8496527777777778 0.5089506172839506 0.8447916666666666 0.5092592592592593 0.8416666666666666 0.5104938271604939 0.8362847222222222 0.5154320987654321 0.8310763888888888 0.516358024691358 0.8269097222222221 0.5191358024691358 0.8243055555555555 0.528395061728395 0.8244791666666667 0.5444444444444444 0.826736111111111 0.5506172839506173
1 0.6015625 0.4617283950617284 0.6043402777777778 0.46481481481481485 0.6092013888888889 0.466358024691358 0.6105902777777777 0.46481481481481485 0.6111111111111112 0.46296296296296297 0.6137152777777778 0.4608024691358025 0.6171875 0.4555555555555556 0.6201388888888888 0.4537037037037037 0.6232638888888888 0.4530864197530864 0.6265625 0.45 0.6241319444444444 0.44320987654320987 0.6210069444444444 0.4388888888888889 0.6133680555555555 0.4367283950617284 0.6074652777777778 0.43796296296296294 0.6045138888888888 0.44012345679012344 0.6013888888888889 0.4475308641975309 0.6008680555555556 0.4555555555555556 0.6015625 0.4617283950617284
1 0.5598958333333334 0.39012345679012345 0.5609375 0.3910493827160494 0.5671875 0.3925925925925926 0.5699652777777777 0.39228395061728394 0.5715277777777777 0.391358024691358 0.5736111111111111 0.3873456790123457 0.5715277777777777 0.3790123456790123 0.5677083333333334 0.3746913580246914 0.5638888888888889 0.37376543209876545 0.5605902777777777 0.3768518518518519 0.559375 0.38024691358024687 0.5592013888888888 0.38796296296296295 0.5598958333333334 0.39012345679012345
1 0.6345486111111112 0.4777777777777778 0.6369791666666667 0.48148148148148145 0.6432291666666666 0.483641975308642 0.6456597222222222 0.4876543209876543 0.6453125 0.5089506172839506 0.6472222222222221 0.512037037037037 0.6557291666666666 0.5064814814814814 0.6631944444444444 0.4996913580246914 0.6684027777777778 0.49907407407407406 0.6696180555555555 0.4962962962962963 0.6701388888888888 0.4867283950617284 0.6685763888888888 0.47314814814814815 0.6671874999999999 0.4700617283950617 0.662673611111111 0.46574074074074073 0.6574652777777777 0.46234567901234563 0.6510416666666666 0.45987654320987653 0.6453125 0.45987654320987653 0.6368055555555555 0.46234567901234563 0.6357638888888888 0.4635802469135802 0.6345486111111112 0.4675925925925926 0.6338541666666666 0.4737654320987654 0.6345486111111112 0.4777777777777778
1 0.22065972222222222 0.6635802469135803 0.22065972222222222 0.6608024691358024 0.2171875 0.6611111111111112 0.21684027777777778 0.6617283950617284 0.22065972222222222 0.6635802469135803
1 0.2064236111111111 0.7074074074074075 0.21232638888888888 0.7188271604938271 0.2137152777777778 0.7237654320987654 0.2171875 0.7237654320987654 0.2203125 0.7225308641975309 0.22465277777777778 0.7185185185185184 0.22951388888888888 0.7160493827160493 0.23576388888888888 0.7160493827160493 0.2378472222222222 0.717283950617284 0.2407986111111111 0.7160493827160493 0.24947916666666664 0.716358024691358 0.2552083333333333 0.7175925925925926 0.25711805555555556 0.7203703703703703 0.2604166666666667 0.7225308641975309 0.26545138888888886 0.7228395061728394 0.2689236111111111 0.7194444444444444 0.2704861111111111 0.7151234567901235 0.2717013888888889 0.7086419753086419 0.2720486111111111 0.6975308641975309 0.27326388888888886 0.692283950617284 0.27586805555555555 0.6891975308641975 0.27725694444444443 0.6845679012345679 0.2800347222222222 0.6802469135802469 0.28541666666666665 0.6759259259259259 0.28975694444444444 0.6743827160493827 0.29027777777777775 0.6731481481481482 0.2911458333333333 0.6657407407407407 0.2911458333333333 0.6537037037037037 0.2899305555555556 0.6364197530864197 0.28680555555555554 0.6259259259259259 0.28281249999999997 0.6228395061728395 0.27760416666666665 0.6212962962962962 0.27291666666666664 0.617283950617284 0.26406250000000003 0.6141975308641975 0.2604166666666667 0.6141975308641975 0.2557291666666667 0.6157407407407407 0.24809027777777778 0.6151234567901235 0.24131944444444445 0.6160493827160494 0.2371527777777778 0.6185185185185185 0.2329861111111111 0.6225308641975309 0.22951388888888888 0.6280864197530863 0.2293402777777778 0.629320987654321 0.22586805555555556 0.6345679012345679 0.22465277777777778 0.6444444444444444 0.2263888888888889 0.6459876543209876 0.2314236111111111 0.6469135802469135 0.2328125 0.6515432098765431 0.23350694444444445 0.6570987654320988 0.2342013888888889 0.6583333333333333 0.2392361111111111 0.6598765432098765 0.24166666666666664 0.6617283950617284 0.2425347222222222 0.6638888888888889 0.2425347222222222 0.6657407407407407 0.24166666666666664 0.6675925925925925 0.2361111111111111 0.6719135802469135 0.23663194444444444 0.6753086419753087 0.23524305555555555 0.6762345679012346 0.2269097222222222 0.6771604938271604 0.22552083333333334 0.6756172839506173 0.22604166666666664 0.671604938271605 0.2190972222222222 0.6691358024691358 0.2173611111111111 0.6675925925925925 0.2097222222222222 0.66820987654321 0.2065972222222222 0.671604938271605 0.20607638888888888 0.674074074074074 0.20572916666666666 0.695679012345679 0.2064236111111111 0.7074074074074075
1 0.2720486111111111 0.6070987654320987 0.2737847222222222 0.6061728395061728 0.27291666666666664 0.6046296296296296 0.27152777777777776 0.6052469135802468 0.2713541666666667 0.6061728395061728 0.2720486111111111 0.6070987654320987
1 0.4600694444444444 0.42962962962962964 0.4609375 0.4280864197530864 0.4640625 0.4277777777777778 0.46684027777777776 0.43179012345679013 0.4723958333333333 0.4330246913580247 0.4739583333333333 0.4327160493827161 0.4755208333333333 0.4287037037037037 0.4755208333333333 0.42191358024691356 0.4748263888888889 0.416358024691358 0.4743055555555556 0.41450617283950614 0.4730902777777778 0.4132716049382716 0.46857638888888886 0.4117283950617284 0.4630208333333333 0.41203703703703703 0.4614583333333333 0.4132716049382716 0.4597222222222222 0.4194444444444444 0.4595486111111111 0.4277777777777778 0.4600694444444444 0.42962962962962964
1 0.9296875 0.4555555555555556 0.9322916666666666 0.46049382716049386 0.9435763888888888 0.4611111111111111 0.9461805555555556 0.4638888888888889 0.9491319444444444 0.46512345679012346 0.9670138888888888 0.46543209876543207 0.9682291666666666 0.4638888888888889 0.9694444444444444 0.4580246913580247 0.9694444444444444 0.4561728395061728 0.9682291666666666 0.4527777777777778 0.9647569444444444 0.4475308641975309 0.9569444444444444 0.4388888888888889 0.9534722222222222 0.4367283950617284 0.9503472222222222 0.43580246913580245 0.9392361111111112 0.4364197530864197 0.9338541666666667 0.4388888888888889 0.9295138888888889 0.44290123456790126 0.9289930555555556 0.4450617283950617 0.9289930555555556 0.45154320987654323 0.9296875 0.4555555555555556
5 0.3779513888888889 0.5941358024691359 0.37916666666666665 0.5962962962962963 0.3802083333333333 0.5969135802469135 0.3831597222222222 0.5953703703703703 0.3876736111111111 0.5947530864197531 0.3902777777777778 0.595679012345679 0.4045138888888889 0.5962962962962963 0.40781249999999997 0.5984567901234568 0.4105902777777778 0.5975308641975309 0.4118055555555556 0.595679012345679 0.4131944444444444 0.5851851851851851 0.4159722222222222 0.5750000000000001 0.4159722222222222 0.5509259259259259 0.4152777777777778 0.549074074074074 0.41041666666666665 0.5453703703703704 0.4083333333333333 0.5425925925925926 0.403125 0.5410493827160493 0.3975694444444444 0.537962962962963 0.38871527777777776 0.5416666666666666 0.3814236111111111 0.5499999999999999 0.3821180555555555 0.553395061728395 0.3819444444444444 0.5570987654320988 0.3802083333333333 0.5608024691358025 0.3772569444444444 0.5740740740740741 0.3772569444444444 0.5882716049382716 0.3779513888888889 0.5941358024691359
1 0.5383680555555556 0.5194444444444445 0.5411458333333333 0.5240740740740741 0.5420138888888888 0.5280864197530865 0.5432291666666667 0.5302469135802469 0.5467013888888889 0.5271604938271605 0.5536458333333333 0.5268518518518518 0.5609375 0.5274691358024691 0.5625 0.5299382716049382 0.5645833333333333 0.5311728395061729 0.5673611111111111 0.5246913580246914 0.5677083333333334 0.5169753086419754 0.5668402777777778 0.5095679012345679 0.5633680555555556 0.4978395061728395 0.5609375 0.49320987654320986 0.5590277777777778 0.491358024691358 0.5505208333333333 0.4888888888888889 0.5435763888888888 0.4898148148148148 0.5390625 0.4944444444444444 0.5371527777777777 0.5027777777777778 0.5371527777777777 0.5160493827160494 0.5383680555555556 0.5194444444444445
1 0.4701388888888889 0.675 0.4704861111111111 0.6833333333333333 0.47204861111111107 0.6879629629629629 0.47274305555555557 0.696604938271605 0.4737847222222222 0.7018518518518518 0.4739583333333333 0.7074074074074075 0.475 0.7092592592592593 0.4765625 0.7191358024691359 0.4774305555555556 0.7212962962962963 0.490625 0.7228395061728394 0.4939236111111111 0.7246913580246913 0.4967013888888889 0.7243827160493828 0.5005208333333333 0.721604938271605 0.5038194444444445 0.721604938271605 0.5104166666666666 0.7228395061728394 0.5149305555555556 0.725 0.5189236111111111 0.7237654320987654 0.5229166666666667 0.7243827160493828 0.5243055555555556 0.721604938271605 0.5258680555555555 0.7141975308641975 0.5258680555555555 0.6996913580246913 0.5249999999999999 0.696604938271605 0.5246527777777777 0.6879629629629629 0.5237847222222223 0.6848765432098766 0.5229166666666667 0.6771604938271604 0.5213541666666667 0.6731481481481482 0.5192708333333333 0.6632716049382715 0.5177083333333333 0.6592592592592593 0.5177083333333333 0.6564814814814816 0.5192708333333333 0.6521604938271606 0.5192708333333333 0.6506172839506172 0.5161458333333333 0.649074074074074 0.5131944444444444 0.6459876543209876 0.5121527777777778 0.6438271604938272 0.5064236111111111 0.6407407407407407 0.4953125 0.6395061728395062 0.4831597222222222 0.6398148148148147 0.4739583333333333 0.6441358024691358 0.4704861111111111 0.6484567901234568 0.4696180555555556 0.6521604938271606 0.4692708333333333 0.6691358024691358 0.4701388888888889 0.675
1 0.5546875 0.5944444444444444 0.5564236111111112 0.5996913580246913 0.5595486111111111 0.6018518518518519 0.5609375 0.6046296296296296 0.5625 0.6169753086419753 0.5640624999999999 0.6197530864197531 0.5703125 0.6160493827160494 0.5743055555555555 0.6154320987654321 0.5885416666666666 0.6169753086419753 0.5953125 0.6219135802469137 0.5989583333333334 0.6209876543209876 0.6 0.6197530864197531 0.6010416666666666 0.6114197530864197 0.6005208333333334 0.5959876543209875 0.5961805555555556 0.5777777777777777 0.5920138888888888 0.5669753086419753 0.5871527777777777 0.5629629629629629 0.5826388888888888 0.5617283950617283 0.5788194444444444 0.5608024691358025 0.5671875 0.5608024691358025 0.5569444444444445 0.567283950617284 0.5550347222222222 0.5712962962962963 0.5543402777777777 0.5774691358024692 0.5539930555555556 0.5867283950617284 0.5546875 0.5944444444444444
1 0.40121527777777777 0.48858024691358026 0.4045138888888889 0.4888888888888889 0.4071180555555556 0.4858024691358025 0.4083333333333333 0.4854938271604938 0.4114583333333333 0.4895061728395062 0.4149305555555556 0.4895061728395062 0.4170138888888889 0.4919753086419753 0.4190972222222222 0.4925925925925925 0.4215277777777778 0.4904320987654321 0.4232638888888889 0.48456790123456794 0.4243055555555555 0.4777777777777778 0.4232638888888889 0.4632716049382716 0.4210069444444444 0.46049382716049386 0.4197916666666667 0.4561728395061728 0.4171875 0.4527777777777778 0.4149305555555556 0.45123456790123456 0.4109375 0.4506172839506173 0.40434027777777776 0.4524691358024691 0.4013888888888889 0.45987654320987653 0.39947916666666666 0.4697530864197531 0.39947916666666666 0.48518518518518516 0.40121527777777777 0.48858024691358026
1 0.48038194444444443 0.4222222222222222 0.4923611111111111 0.4225308641975309 0.4946180555555555 0.42037037037037034 0.4953125 0.40648148148148144 0.4946180555555555 0.4012345679012346 0.4925347222222222 0.39845679012345675 0.4892361111111111 0.3969135802469136 0.4829861111111111 0.3972222222222222 0.48055555555555557 0.4006172839506173 0.4800347222222222 0.4052469135802469 0.4795138888888889 0.4194444444444444 0.48038194444444443 0.4222222222222222
1 0.8079861111111112 0.4138888888888889 0.8105902777777778 0.42314814814814816 0.8118055555555556 0.4253086419753086 0.8133680555555556 0.42654320987654315 0.8156249999999999 0.42654320987654315 0.817361111111111 0.4243827160493827 0.8182291666666666 0.4108024691358025 0.8161458333333333 0.4055555555555555 0.8140625 0.40370370370370373 0.8105902777777778 0.4024691358024692 0.8067708333333333 0.40370370370370373 0.8052083333333333 0.4058641975308642 0.8046875 0.4083333333333333 0.8079861111111112 0.4138888888888889
1 0.3848958333333333 0.46049382716049386 0.3854166666666667 0.46296296296296297 0.3850694444444444 0.4669753086419753 0.38611111111111107 0.47129629629629627 0.3954861111111111 0.4719135802469136 0.396875 0.4728395061728395 0.3979166666666667 0.4728395061728395 0.3991319444444444 0.47129629629629627 0.4036458333333333 0.45339506172839505 0.4032986111111111 0.4462962962962963 0.4008680555555555 0.4416666666666667 0.3987847222222222 0.44012345679012344 0.3894097222222222 0.4398148148148148 0.38697916666666665 0.4416666666666667 0.38559027777777777 0.44845679012345674 0.38559027777777777 0.45462962962962966 0.3848958333333333 0.46049382716049386
1 0.3862847222222222 0.4391975308641975 0.3875 0.441358024691358 0.3956597222222222 0.44074074074074077 0.3975694444444444 0.4416666666666667 0.4015625 0.4416666666666667 0.4045138888888889 0.4398148148148148 0.4057291666666667 0.4354938271604938 0.4052083333333333 0.429320987654321 0.4036458333333333 0.42654320987654315 0.40173611111111107 0.420679012345679 0.4010416666666667 0.4194444444444444 0.3975694444444444 0.4175925925925926 0.3899305555555555 0.4197530864197531 0.38680555555555557 0.42407407407407405 0.38559027777777777 0.42901234567901236 0.38559027777777777 0.4361111111111111 0.3862847222222222 0.4391975308641975
1 0.4342013888888889 0.4271604938271605 0.4357638888888889 0.4327160493827161 0.4364583333333333 0.42962962962962964 0.4359375 0.42191358024691356 0.43368055555555557 0.42191358024691356 0.4326388888888889 0.42376543209876544 0.43246527777777777 0.4253086419753086 0.4342013888888889 0.4271604938271605
1 0.6875 0.4787037037037037 0.6888888888888888 0.4802469135802469 0.6930555555555555 0.4799382716049383 0.7012152777777778 0.4842592592592592 0.7081597222222222 0.4824074074074074 0.7140624999999999 0.4824074074074074 0.7168402777777778 0.48518518518518516 0.7206597222222222 0.48209876543209873 0.7206597222222222 0.4641975308641975 0.7199652777777777 0.4611111111111111 0.7177083333333334 0.4561728395061728 0.7135416666666666 0.4527777777777778 0.7071180555555555 0.45154320987654323 0.6946180555555556 0.4527777777777778 0.6925347222222222 0.45401234567901233 0.6901041666666666 0.4580246913580247 0.6875 0.4601851851851852 0.6862847222222221 0.4641975308641975 0.6862847222222221 0.4743827160493827 0.6875 0.4787037037037037
1 0.3395833333333333 0.5969135802469135 0.3404513888888889 0.5981481481481481 0.3409722222222222 0.6027777777777777 0.3376736111111111 0.6169753086419753 0.33749999999999997 0.6234567901234568 0.3359375 0.6274691358024691 0.33576388888888886 0.6339506172839506 0.3347222222222222 0.6395061728395062 0.334375 0.649074074074074 0.3333333333333333 0.657716049382716 0.33402777777777776 0.6595679012345679 0.3350694444444444 0.6604938271604938 0.3498263888888889 0.6598765432098765 0.3560763888888889 0.6614197530864198 0.36041666666666666 0.6586419753086419 0.36701388888888886 0.6586419753086419 0.3696180555555555 0.6592592592592593 0.37135416666666665 0.6614197530864198 0.3767361111111111 0.6641975308641975 0.3798611111111111 0.6617283950617284 0.3805555555555556 0.6478395061728395 0.3793402777777778 0.6277777777777778 0.3800347222222222 0.6166666666666666 0.3798611111111111 0.6052469135802468 0.37829861111111107 0.5984567901234568 0.378125 0.5938271604938271 0.37656249999999997 0.591358024691358 0.3756944444444444 0.5861111111111111 0.3744791666666667 0.5830246913580247 0.3727430555555556 0.5811728395061728 0.365625 0.5799382716049383 0.3458333333333333 0.5808641975308642 0.3425347222222222 0.5842592592592593 0.3404513888888889 0.5879629629629629 0.3380208333333333 0.5895061728395061 0.33576388888888886 0.592283950617284 0.3359375 0.5953703703703703 0.3395833333333333 0.5969135802469135
1 0.23038194444444443 0.8833333333333334 0.23072916666666665 0.8925925925925926 0.23194444444444445 0.8953703703703704 0.23489583333333333 0.8975308641975309 0.2378472222222222 0.899074074074074 0.2425347222222222 0.899074074074074 0.25 0.9009259259259259 0.2692708333333333 0.9012345679012346 0.2722222222222222 0.9024691358024691 0.27621527777777777 0.9021604938271606 0.27934027777777776 0.9003086419753087 0.29670138888888886 0.8996913580246914 0.30017361111111107 0.8978395061728395 0.3041666666666667 0.8891975308641975 0.3059027777777778 0.879320987654321 0.30624999999999997 0.8734567901234568 0.3097222222222222 0.8620370370370369 0.31406249999999997 0.8558641975308642 0.31527777777777777 0.8512345679012346 0.3173611111111111 0.8475308641975309 0.3232638888888889 0.832716049382716 0.325 0.8305555555555556 0.3282986111111111 0.8296296296296296 0.3317708333333333 0.825 0.3329861111111111 0.8179012345679012 0.3326388888888889 0.8027777777777778 0.3333333333333333 0.7953703703703704 0.33194444444444443 0.7762345679012346 0.32795138888888886 0.7712962962962963 0.3253472222222222 0.770679012345679 0.32361111111111107 0.7691358024691358 0.3098958333333333 0.7654320987654322 0.2925347222222222 0.7669753086419753 0.28524305555555557 0.769753086419753 0.26840277777777777 0.7712962962962963 0.26249999999999996 0.7765432098765431 0.2574652777777778 0.7879629629629629 0.25468749999999996 0.7925925925925925 0.2532986111111111 0.7981481481481482 0.25 0.8040123456790123 0.24913194444444445 0.807716049382716 0.24809027777777778 0.8092592592592593 0.2449652777777778 0.8182098765432099 0.24427083333333333 0.8222222222222222 0.23975694444444445 0.8354938271604938 0.2378472222222222 0.8385802469135802 0.23402777777777775 0.8484567901234568 0.23124999999999998 0.8524691358024691 0.2298611111111111 0.8598765432098765 0.22951388888888888 0.8765432098765432 0.23038194444444443 0.8833333333333334
1 0.5809027777777778 0.43703703703703706 0.5835069444444444 0.4419753086419753 0.5850694444444444 0.44290123456790126 0.5861111111111111 0.441358024691358 0.5868055555555556 0.4351851851851852 0.5885416666666666 0.4311728395061728 0.5921875 0.4311728395061728 0.5935763888888889 0.4327160493827161 0.5956597222222222 0.4327160493827161 0.5967013888888888 0.4302469135802469 0.5998263888888888 0.4274691358024691 0.6005208333333334 0.425 0.6 0.4243827160493827 0.5993055555555555 0.4191358024691358 0.5970486111111112 0.4166666666666667 0.592361111111111 0.4154320987654321 0.5873263888888889 0.41604938271604935 0.5857638888888889 0.4166666666666667 0.5822916666666667 0.42191358024691356 0.5809027777777778 0.425 0.5798611111111112 0.4305555555555556 0.5796874999999999 0.4327160493827161 0.5809027777777778 0.43703703703703706
1 0.8828125 0.41203703703703703 0.8904513888888889 0.41790123456790124 0.8975694444444444 0.41790123456790124 0.9008680555555556 0.4083333333333333 0.8991319444444444 0.4024691358024692 0.8942708333333333 0.39845679012345675 0.8904513888888889 0.3969135802469136 0.8869791666666667 0.3969135802469136 0.8836805555555556 0.39845679012345675 0.8821180555555556 0.4012345679012346 0.8815972222222221 0.40432098765432095 0.8815972222222221 0.40925925925925927 0.8828125 0.41203703703703703
1 0.6123263888888888 0.4842592592592592 0.6163194444444444 0.48456790123456794 0.6197916666666666 0.4904320987654321 0.6244791666666666 0.4882716049382716 0.6248263888888889 0.483641975308642 0.6260416666666666 0.48148148148148145 0.63125 0.4799382716049383 0.6335069444444444 0.47716049382716047 0.6355902777777778 0.45987654320987653 0.6352430555555556 0.45679012345679015 0.6335069444444444 0.45493827160493827 0.6270833333333333 0.45185185185185184 0.6246527777777777 0.45185185185185184 0.6163194444444444 0.4561728395061728 0.615625 0.4580246913580247 0.6109375 0.4635802469135802 0.6107638888888888 0.47654320987654325 0.6123263888888888 0.4842592592592592
1 0.47291666666666665 0.4012345679012346 0.4734375 0.4052469135802469 0.4741319444444444 0.4070987654320988 0.4774305555555556 0.4083333333333333 0.4802083333333333 0.4049382716049383 0.4810763888888889 0.4006172839506173 0.4819444444444444 0.3990740740740741 0.4868055555555555 0.39444444444444443 0.4868055555555555 0.39043209876543206 0.4857638888888889 0.3867283950617284 0.48420138888888886 0.38425925925925924 0.4815972222222222 0.3861111111111111 0.4756944444444444 0.3867283950617284 0.4741319444444444 0.3888888888888889 0.4734375 0.3925925925925926 0.4737847222222222 0.39783950617283953 0.47291666666666665 0.4012345679012346
1 0.9296875 0.4256172839506173 0.93125 0.4274691358024691 0.9338541666666667 0.4287037037037037 0.9432291666666666 0.4302469135802469 0.9458333333333333 0.43179012345679013 0.9496527777777778 0.43209876543209874 0.951736111111111 0.4339506172839506 0.9635416666666666 0.4351851851851852 0.9645833333333333 0.4327160493827161 0.9652777777777778 0.42685185185185187 0.9652777777777778 0.42191358024691356 0.9635416666666666 0.41820987654320985 0.9567708333333333 0.41203703703703703 0.9520833333333334 0.41018518518518515 0.9453125 0.40987654320987654 0.9432291666666666 0.4089506172839506 0.9359375 0.41018518518518515 0.9338541666666667 0.41234567901234565 0.9314236111111112 0.4175925925925926 0.9296875 0.4225308641975309 0.9296875 0.4256172839506173
1 0.7307291666666667 0.6243827160493828 0.731423611111111 0.6246913580246913 0.7322916666666666 0.6271604938271605 0.7342013888888889 0.6296296296296297 0.7416666666666666 0.6330246913580246 0.7472222222222222 0.6385802469135803 0.7480902777777778 0.6404320987654322 0.7506944444444444 0.6422839506172839 0.7538194444444444 0.6506172839506172 0.7546875 0.6549382716049382 0.7569444444444444 0.6570987654320988 0.7592013888888888 0.657716049382716 0.7631944444444444 0.6555555555555556 0.7824652777777777 0.6561728395061728 0.7940972222222222 0.6552469135802469 0.7972222222222222 0.6540123456790122 0.8005208333333333 0.6512345679012346 0.8012152777777778 0.6469135802469135 0.8006944444444444 0.6373456790123456 0.8012152777777778 0.6324074074074074 0.8005208333333333 0.6280864197530863 0.7989583333333333 0.6265432098765432 0.7942708333333334 0.6182098765432099 0.7914930555555556 0.6111111111111112 0.7862847222222222 0.6024691358024691 0.78125 0.596604938271605 0.7807291666666666 0.5950617283950618 0.7758680555555556 0.5916666666666667 0.7692708333333333 0.5904320987654321 0.7574652777777777 0.5904320987654321 0.7484375 0.5916666666666667 0.7413194444444444 0.596604938271605 0.7336805555555556 0.5981481481481481 0.7307291666666667 0.6030864197530863 0.7300347222222222 0.6098765432098765 0.7300347222222222 0.6203703703703703 0.7307291666666667 0.6243827160493828
1 0.48072916666666665 0.45092592592592595 0.48420138888888886 0.4530864197530864 0.4918402777777778 0.4521604938271605 0.4986111111111111 0.4537037037037037 0.4994791666666667 0.4530864197530864 0.5003472222222223 0.4503086419753086 0.5006944444444444 0.4388888888888889 0.4984375 0.4314814814814815 0.4947916666666667 0.4271604938271605 0.4901041666666667 0.42623456790123454 0.4835069444444444 0.42839506172839503 0.48072916666666665 0.4333333333333333 0.4800347222222222 0.44012345679012344 0.4800347222222222 0.44660493827160497 0.48072916666666665 0.45092592592592595
1 0.3076388888888889 0.7555555555555555 0.3104166666666667 0.7592592592592593 0.3151041666666667 0.7589506172839506 0.3177083333333333 0.757716049382716 0.3546875 0.7570987654320988 0.3595486111111111 0.7558641975308641 0.3612847222222222 0.7496913580246913 0.36215277777777777 0.737962962962963 0.36319444444444443 0.7317901234567901 0.3645833333333333 0.7268518518518519 0.3663194444444444 0.7243827160493828 0.3680555555555556 0.7151234567901235 0.3697916666666667 0.7104938271604938 0.36996527777777777 0.6996913580246913 0.3715277777777778 0.6851851851851852 0.3720486111111111 0.6719135802469135 0.3696180555555555 0.6697530864197531 0.36701388888888886 0.6691358024691358 0.3644097222222222 0.6666666666666666 0.35920138888888886 0.6645061728395062 0.34756944444444443 0.6623456790123456 0.334375 0.6629629629629629 0.3267361111111111 0.6645061728395062 0.3229166666666667 0.6691358024691358 0.31840277777777776 0.671604938271605 0.3177083333333333 0.6728395061728395 0.3175347222222222 0.6756172839506173 0.3190972222222222 0.678395061728395 0.3189236111111111 0.682716049382716 0.3151041666666667 0.6959876543209877 0.3100694444444444 0.7089506172839506 0.3097222222222222 0.7132716049382716 0.30746527777777777 0.7197530864197531 0.3069444444444444 0.7290123456790124 0.3067708333333333 0.7521604938271605 0.3076388888888889 0.7555555555555555
1 0.7809027777777777 0.4049382716049383 0.7817708333333333 0.40771604938271605 0.7829861111111112 0.4083333333333333 0.7897569444444444 0.40987654320987654 0.7925347222222222 0.4114197530864197 0.7977430555555556 0.4117283950617284 0.7999999999999999 0.4104938271604939 0.801736111111111 0.40771604938271605 0.8005208333333333 0.4006172839506173 0.7991319444444444 0.3993827160493827 0.7975694444444444 0.39598765432098765 0.7942708333333334 0.3929012345679012 0.7866319444444444 0.3929012345679012 0.7845486111111112 0.39413580246913577 0.7822916666666666 0.39814814814814814 0.7821180555555556 0.40216049382716046 0.7809027777777777 0.4049382716049383
1 0.6460069444444444 0.4419753086419753 0.6475694444444444 0.4447530864197531 0.6503472222222222 0.44598765432098764 0.6543402777777778 0.45 0.6609375 0.4469135802469136 0.6649305555555556 0.44660493827160497 0.6680555555555555 0.44907407407407407 0.6710069444444444 0.44876543209876546 0.6720486111111111 0.4469135802469136 0.6725694444444444 0.4333333333333333 0.6722222222222222 0.42685185185185187 0.6708333333333334 0.42160493827160495 0.6685763888888888 0.41851851851851857 0.6637152777777777 0.4166666666666667 0.6590277777777778 0.416358024691358 0.6536458333333334 0.4175925925925926 0.6472222222222221 0.425 0.6453125 0.4305555555555556 0.6453125 0.43734567901234567 0.6460069444444444 0.4419753086419753
1 0.46249999999999997 0.7987654320987654 0.4630208333333333 0.8101851851851852 0.46371527777777777 0.8126543209876543 0.4657986111111111 0.8145061728395062 0.4678819444444444 0.8182098765432099 0.4737847222222222 0.8404320987654321 0.4732638888888889 0.8475308641975309 0.4739583333333333 0.8743827160493828 0.4751736111111111 0.8805555555555555 0.4765625 0.883641975308642 0.4817708333333333 0.883641975308642 0.48715277777777777 0.8777777777777778 0.4935763888888889 0.8762345679012346 0.5168402777777777 0.8765432098765432 0.5213541666666667 0.8774691358024691 0.5262152777777778 0.8765432098765432 0.5321180555555556 0.879320987654321 0.5364583333333334 0.879320987654321 0.5392361111111111 0.8762345679012346 0.5409722222222222 0.8675925925925926 0.5418402777777778 0.8583333333333334 0.5421874999999999 0.8407407407407407 0.5416666666666666 0.8391975308641975 0.5414930555555555 0.83179012345679 0.5406249999999999 0.828395061728395 0.5399305555555556 0.8169753086419753 0.5388888888888889 0.8145061728395062 0.5385416666666666 0.8104938271604938 0.5361111111111111 0.803395061728395 0.5340277777777778 0.7993827160493827 0.5331597222222222 0.7941358024691358 0.5315972222222223 0.7898148148148147 0.5279513888888888 0.775 0.5279513888888888 0.7700617283950618 0.5296875 0.766358024691358 0.5295138888888888 0.7617283950617284 0.5243055555555556 0.7580246913580246 0.5199652777777778 0.7515432098765432 0.5175347222222222 0.75 0.4958333333333333 0.7466049382716049 0.4864583333333333 0.7466049382716049 0.4732638888888889 0.7509259259259259 0.4675347222222222 0.7552469135802469 0.46510416666666665 0.7589506172839506 0.4631944444444444 0.7645061728395062 0.4635416666666667 0.7728395061728395 0.4626736111111111 0.7771604938271606 0.4630208333333333 0.7854938271604938 0.46249999999999997 0.7987654320987654
1 0.3493055555555556 0.8756172839506172 0.3506944444444444 0.8790123456790124 0.3487847222222222 0.9049382716049382 0.34774305555555557 0.907716049382716 0.34791666666666665 0.9160493827160494 0.34704861111111107 0.9290123456790123 0.3454861111111111 0.9324074074074075 0.34531249999999997 0.9342592592592593 0.34531249999999997 0.945679012345679 0.3440972222222222 0.9608024691358025 0.3440972222222222 0.975 0.3446180555555556 0.9777777777777777 0.34357638888888886 0.9876543209876544 0.34357638888888886 0.9950617283950618 0.3451388888888889 0.9984567901234568 0.3451388888888889 0.9996913580246913 0.3489583333333333 0.9996913580246913 0.3494791666666667 0.9975308641975309 0.3567708333333333 0.9962962962962962 0.3649305555555556 0.9962962962962962 0.37100694444444443 0.9975308641975309 0.371875 0.9984567901234568 0.371875 0.9996913580246913 0.37482638888888886 0.9996913580246913 0.375 0.9981481481481481 0.3763888888888889 0.9975308641975309 0.3956597222222222 0.9972222222222222 0.3987847222222222 0.9962962962962962 0.4114583333333333 0.9972222222222222 0.4130208333333333 0.9981481481481481 0.4131944444444444 0.9996913580246913 0.4197916666666667 0.9996913580246913 0.4203125 0.9975308641975309 0.4222222222222222 0.9959876543209876 0.4225694444444444 0.9941358024691357 0.4220486111111111 0.9876543209876544 0.4225694444444444 0.9814814814814815 0.4220486111111111 0.9787037037037037 0.4220486111111111 0.9651234567901235 0.4227430555555556 0.9555555555555556 0.4222222222222222 0.9512345679012346 0.42170138888888886 0.9234567901234568 0.4213541666666667 0.9175925925925925 0.4204861111111111 0.9135802469135803 0.4201388888888889 0.899074074074074 0.4192708333333333 0.8953703703703704 0.4184027777777778 0.8833333333333334 0.4177083333333333 0.8808641975308641 0.4177083333333333 0.8728395061728395 0.4194444444444444 0.8712962962962962 0.4239583333333333 0.8697530864197531 0.4243055555555555 0.8651234567901235 0.42343749999999997 0.8620370370370369 0.4220486111111111 0.8608024691358025 0.41805555555555557 0.8608024691358025 0.4157986111111111 0.8595679012345678 0.4126736111111111 0.8521604938271605 0.40781249999999997 0.8481481481481481 0.3979166666666667 0.8450617283950618 0.3784722222222222 0.8447530864197531 0.3675347222222222 0.8472222222222222 0.3581597222222222 0.850925925925926 0.3550347222222222 0.8546296296296296 0.3527777777777778 0.8635802469135803 0.35138888888888886 0.8648148148148148 0.3467013888888889 0.8660493827160494 0.34531249999999997 0.867283950617284 0.3440972222222222 0.8700617283950618 0.34531249999999997 0.8740740740740741 0.3493055555555556 0.8756172839506172
1 0.9710069444444444 0.43703703703703706 0.9717013888888888 0.4391975308641975 0.9746527777777778 0.4425925925925926 0.9842013888888889 0.4447530864197531 0.9916666666666666 0.4441358024691358 0.9967013888888888 0.44660493827160497 0.9998263888888889 0.44660493827160497 0.9998263888888889 0.4305555555555556 0.9909722222222221 0.42839506172839503 0.9873263888888888 0.4311728395061728 0.9847222222222222 0.42839506172839503 0.9791666666666666 0.42839506172839503 0.9727430555555555 0.4324074074074074 0.9710069444444444 0.4354938271604938 0.9710069444444444 0.43703703703703706
1 0.7421875 0.5225308641975308 0.74375 0.5246913580246914 0.7479166666666666 0.5268518518518518 0.7550347222222222 0.5274691358024691 0.756423611111111 0.5333333333333333 0.7586805555555556 0.5376543209876543 0.7621527777777778 0.537962962962963 0.7649305555555556 0.5345679012345679 0.7725694444444444 0.5333333333333333 0.7795138888888888 0.533641975308642 0.7815972222222222 0.5367283950617284 0.7855902777777778 0.5367283950617284 0.7862847222222222 0.5364197530864198 0.7892361111111111 0.5274691358024691 0.7892361111111111 0.5117283950617284 0.7880208333333334 0.5061728395061729 0.7838541666666666 0.4978395061728395 0.7791666666666666 0.491358024691358 0.7762152777777778 0.4888888888888889 0.7689236111111112 0.48703703703703705 0.7618055555555555 0.48703703703703705 0.7586805555555556 0.48796296296296293 0.7546875 0.4901234567901234 0.7491319444444444 0.4962962962962963 0.7449652777777778 0.49876543209876545 0.7421875 0.5018518518518518 0.7420138888888889 0.5037037037037037 0.7414930555555556 0.5182098765432099 0.7421875 0.5225308641975308
1 0.6578125 0.5385802469135802 0.6640625 0.5419753086419753 0.6730902777777777 0.542283950617284 0.6809027777777777 0.5413580246913581 0.6822916666666666 0.542283950617284 0.6859375 0.5342592592592592 0.686111111111111 0.5324074074074074 0.6833333333333333 0.5287037037037037 0.6814236111111112 0.528395061728395 0.6769097222222222 0.5302469135802469 0.6682291666666667 0.5308641975308642 0.6637152777777777 0.533641975308642 0.6567708333333333 0.5351851851851852 0.6565972222222222 0.5367283950617284 0.6578125 0.5385802469135802
2 0.22343749999999998 0.6617283950617284 0.22170138888888888 0.66820987654321 0.22343749999999998 0.6706790123456791 0.2251736111111111 0.6756172839506173 0.2269097222222222 0.6774691358024691 0.23802083333333335 0.6774691358024691 0.23993055555555554 0.6756172839506173 0.2404513888888889 0.671604938271605 0.2392361111111111 0.6632716049382715 0.2361111111111111 0.6595679012345679 0.2345486111111111 0.6561728395061728 0.2342013888888889 0.6506172839506172 0.2329861111111111 0.6472222222222223 0.2309027777777778 0.6441358024691358 0.22708333333333333 0.6441358024691358 0.2251736111111111 0.6478395061728395 0.2253472222222222 0.6583333333333333 0.22343749999999998 0.6617283950617284
2 0.48854166666666665 0.4858024691358025 0.4890625 0.4882716049382716 0.490625 0.4898148148148148 0.4970486111111111 0.4895061728395062 0.4982638888888889 0.4904320987654321 0.4982638888888889 0.47901234567901235 0.49548611111111107 0.47345679012345676 0.4947916666666667 0.4700617283950617 0.4913194444444444 0.4700617283950617 0.490625 0.4743827160493827 0.4890625 0.478395061728395 0.48854166666666665 0.48055555555555557 0.48854166666666665 0.4858024691358025
2 0.46423611111111107 0.5367283950617284 0.4663194444444444 0.5398148148148147 0.4678819444444444 0.5401234567901235 0.4706597222222222 0.5429012345679012 0.47256944444444443 0.5364197530864198 0.4736111111111111 0.5256172839506172 0.47256944444444443 0.5222222222222223 0.4717013888888889 0.5219135802469136 0.4708333333333333 0.519753086419753 0.4699652777777778 0.5148148148148148 0.46684027777777776 0.5126543209876543 0.465625 0.5148148148148148 0.46475694444444443 0.5209876543209876 0.4626736111111111 0.5256172839506172 0.4623263888888889 0.5302469135802469 0.46423611111111107 0.5367283950617284
4 0.22395833333333334 0.6617283950617284 0.2248263888888889 0.6586419753086419 0.2248263888888889 0.6564814814814816 0.2232638888888889 0.6555555555555556 0.22447916666666665 0.6537037037037037 0.22395833333333334 0.6512345679012346 0.22291666666666665 0.6558641975308641 0.22256944444444443 0.6583333333333333 0.22395833333333334 0.6617283950617284
4 0.20711805555555554 0.7074074074074075 0.2125 0.7166666666666667 0.21354166666666666 0.720679012345679 0.2203125 0.720679012345679 0.22743055555555555 0.7154320987654321 0.2557291666666667 0.7154320987654321 0.2604166666666667 0.7212962962962963 0.26545138888888886 0.7219135802469135 0.26684027777777775 0.7212962962962963 0.26944444444444443 0.717283950617284 0.27118055555555554 0.70679012345679 0.2713541666666667 0.6953703703703703 0.2736111111111111 0.6898148148148148 0.27586805555555555 0.6870370370370371 0.2767361111111111 0.6845679012345679 0.2815972222222222 0.6768518518518518 0.2833333333333333 0.6756172839506173 0.2875 0.6753086419753087 0.2899305555555556 0.6734567901234568 0.2911458333333333 0.6648148148148147 0.2899305555555556 0.6388888888888888 0.28854166666666664 0.6308641975308641 0.2864583333333333 0.6259259259259259 0.2826388888888889 0.6228395061728395 0.27934027777777776 0.6222222222222222 0.27465277777777775 0.6185185185185185 0.2717013888888889 0.617283950617284 0.2652777777777778 0.6160493827160494 0.24687499999999998 0.6160493827160494 0.2378472222222222 0.6182098765432099 0.2331597222222222 0.6228395061728395 0.22864583333333333 0.6317901234567901 0.22708333333333333 0.6333333333333334 0.2253472222222222 0.6398148148148147 0.2253472222222222 0.6432098765432099 0.22586805555555556 0.6444444444444444 0.2269097222222222 0.6453703703703704 0.2314236111111111 0.644753086419753 0.234375 0.649074074074074 0.23958333333333334 0.6466049382716049 0.2486111111111111 0.6469135802469135 0.2513888888888889 0.645679012345679 0.25625000000000003 0.6395061728395062 0.25902777777777775 0.6391975308641975 0.26371527777777776 0.6472222222222223 0.2659722222222222 0.654320987654321 0.2635416666666667 0.6614197530864198 0.26163194444444443 0.6638888888888889 0.2595486111111111 0.6645061728395062 0.25902777777777775 0.6660493827160494 0.2564236111111111 0.6666666666666666 0.25399305555555557 0.6685185185185185 0.25156249999999997 0.6737654320987654 0.2449652777777778 0.6737654320987654 0.24461805555555555 0.6756172839506173 0.2420138888888889 0.6771604938271604 0.23350694444444445 0.6777777777777778 0.22569444444444445 0.6771604938271604 0.22395833333333334 0.6759259259259259 0.2171875 0.6759259259259259 0.2170138888888889 0.674074074074074 0.21822916666666664 0.6731481481481482 0.2185763888888889 0.671604938271605 0.2137152777777778 0.6685185185185185 0.2065972222222222 0.6712962962962963 0.20607638888888888 0.6728395061728395 0.20607638888888888 0.7030864197530865 0.20711805555555554 0.7074074074074075
4 0.4314236111111111 0.4962962962962963 0.43246527777777777 0.5021604938271605 0.4366319444444444 0.5033950617283951 0.4383680555555556 0.5021604938271605 0.4392361111111111 0.4996913580246914 0.44079861111111107 0.49845679012345684 0.4465277777777778 0.4972222222222222 0.4501736111111111 0.49845679012345684 0.453125 0.5021604938271605 0.4567708333333333 0.5037037037037037 0.4585069444444444 0.4972222222222222 0.4600694444444444 0.49537037037037035 0.4635416666666667 0.4947530864197531 0.4640625 0.49290123456790125 0.46493055555555557 0.4854938271604938 0.4652777777777778 0.47067901234567905 0.46423611111111107 0.4675925925925926 0.4618055555555556 0.4635802469135802 0.45642361111111107 0.45925925925925926 0.4515625 0.4580246913580247 0.4420138888888889 0.4583333333333333 0.4392361111111111 0.4601851851851852 0.4375 0.4632716049382716 0.4366319444444444 0.4669753086419753 0.43385416666666665 0.4722222222222222 0.4319444444444444 0.47901234567901235 0.4314236111111111 0.4839506172839506 0.4314236111111111 0.4962962962962963
4 0.4109375 0.5438271604938272 0.4116319444444444 0.5459876543209877 0.4161458333333333 0.5518518518518518 0.41805555555555557 0.5567901234567901 0.4248263888888889 0.5540123456790124 0.4340277777777778 0.5540123456790124 0.4387152777777778 0.5552469135802469 0.44027777777777777 0.5580246913580247 0.4425347222222222 0.5598765432098766 0.4449652777777778 0.557716049382716 0.4465277777777778 0.5506172839506173 0.44687499999999997 0.5358024691358024 0.4447916666666667 0.5256172839506172 0.4439236111111111 0.5246913580246914 0.4432291666666667 0.5216049382716049 0.4423611111111111 0.5145061728395062 0.4401041666666667 0.5083333333333333 0.4387152777777778 0.5061728395061729 0.4357638888888889 0.5030864197530864 0.4310763888888889 0.5040123456790123 0.4197916666666667 0.5040123456790123 0.4175347222222222 0.5049382716049382 0.4152777777777778 0.5095679012345679 0.41388888888888886 0.5104938271604939 0.4116319444444444 0.5148148148148148 0.4109375 0.5185185185185185 0.4109375 0.5438271604938272
5 0.3647569444444444 0.47160493827160493 0.3664930555555555 0.4743827160493827 0.3703125 0.4756172839506173 0.3736111111111111 0.48302469135802467 0.3767361111111111 0.48456790123456794 0.3807291666666667 0.48456790123456794 0.3840277777777778 0.48209876543209873 0.3852430555555555 0.4777777777777778 0.38559027777777777 0.4694444444444445 0.38559027777777777 0.46296296296296297 0.3840277777777778 0.4583333333333333 0.3739583333333333 0.45401234567901233 0.36822916666666666 0.45401234567901233 0.3663194444444444 0.45493827160493827 0.3645833333333333 0.45987654320987653 0.3640625 0.4675925925925926 0.3647569444444444 0.47160493827160493
5 0.5732638888888888 0.43179012345679013 0.5744791666666667 0.4330246913580247 0.5788194444444444 0.4333333333333333 0.5800347222222222 0.4327160493827161 0.5809027777777778 0.42901234567901236 0.5854166666666666 0.42160493827160495 0.5880208333333333 0.41450617283950614 0.5848958333333333 0.40987654320987654 0.5821180555555555 0.40771604938271605 0.5809027777777778 0.40771604938271605 0.5756944444444444 0.4111111111111111 0.5737847222222222 0.4141975308641975 0.5720486111111112 0.4197530864197531 0.5720486111111112 0.4287037037037037 0.5732638888888888 0.43179012345679013
5 0.5605902777777777 0.3910493827160494 0.5651041666666666 0.39166666666666666 0.5677083333333334 0.3932098765432099 0.5711805555555556 0.39228395061728394 0.5734374999999999 0.38796296296296295 0.5729166666666666 0.3830246913580247 0.5715277777777777 0.3790123456790123 0.5680555555555555 0.375 0.5630208333333333 0.375 0.5598958333333334 0.38024691358024687 0.559375 0.38827160493827156 0.5605902777777777 0.3910493827160494
0 0.7335069444444444 0.4574074074074074 0.7376736111111112 0.46049382716049386 0.7399305555555555 0.4611111111111111 0.7473958333333334 0.4669753086419753 0.7524305555555556 0.46851851851851856 0.7559027777777778 0.47129629629629627 0.7590277777777777 0.4719135802469136 0.7666666666666666 0.4787037037037037 0.7760416666666666 0.4824074074074074 0.8072916666666666 0.4824074074074074 0.8090277777777778 0.48117283950617284 0.8107638888888888 0.47654320987654325 0.8109375 0.4527777777777778 0.8116319444444444 0.4447530864197531 0.811111111111111 0.43456790123456784 0.8116319444444444 0.4271604938271605 0.8107638888888888 0.42191358024691356 0.8072916666666666 0.4141975308641975 0.8039930555555556 0.4138888888888889 0.8012152777777778 0.41234567901234565 0.7810763888888889 0.4108024691358025 0.7772569444444444 0.40956790123456793 0.7758680555555556 0.40802469135802466 0.7657986111111111 0.4046296296296297 0.7515625 0.40154320987654324 0.7449652777777778 0.40154320987654324 0.7409722222222221 0.4027777777777778 0.7373263888888888 0.40648148148148144 0.7357638888888888 0.412962962962963 0.7348958333333333 0.41450617283950614 0.7331597222222221 0.4246913580246914 0.7319444444444444 0.4385802469135803 0.7317708333333334 0.4537037037037037 0.7335069444444444 0.4574074074074074
6 0.6055555555555555 0.6373456790123456 0.6107638888888888 0.6404320987654322 0.6121527777777778 0.6425925925925926 0.6116319444444444 0.6790123456790123 0.6126736111111112 0.6833333333333333 0.6128472222222222 0.6895061728395062 0.6138888888888888 0.6932098765432099 0.6140625 0.6969135802469135 0.6159722222222221 0.70679012345679 0.6223958333333334 0.7212962962962963 0.6300347222222222 0.7333333333333334 0.63125 0.7382716049382716 0.6331597222222222 0.741358024691358 0.6342013888888888 0.7453703703703703 0.6342013888888888 0.7527777777777778 0.6350694444444444 0.7608024691358025 0.6369791666666667 0.7660493827160494 0.6427083333333333 0.7682098765432099 0.6451388888888888 0.7682098765432099 0.6581597222222222 0.7641975308641975 0.6600694444444444 0.7660493827160494 0.6623263888888888 0.7666666666666666 0.6638888888888889 0.7688271604938272 0.6645833333333333 0.779320987654321 0.6657986111111112 0.7833333333333333 0.6682291666666667 0.7879629629629629 0.6715277777777777 0.7888888888888889 0.6930555555555555 0.7885802469135803 0.6947916666666666 0.7848765432098765 0.6954861111111111 0.7756172839506172 0.6975694444444444 0.7716049382716049 0.6987847222222222 0.770679012345679 0.7034722222222222 0.7709876543209876 0.7067708333333333 0.766358024691358 0.7083333333333334 0.7583333333333334 0.7104166666666666 0.7515432098765432 0.7107638888888889 0.7410493827160494 0.7116319444444444 0.7358024691358025 0.7125 0.720679012345679 0.7135416666666666 0.716358024691358 0.7135416666666666 0.7027777777777778 0.7149305555555555 0.6938271604938272 0.7170138888888888 0.6876543209876543 0.7182291666666666 0.6780864197530865 0.7182291666666666 0.6675925925925925 0.7170138888888888 0.6601851851851852 0.7111111111111111 0.6506172839506172 0.7060763888888888 0.6459876543209876 0.6980902777777778 0.6361111111111112 0.6967013888888888 0.6333333333333334 0.6946180555555556 0.6317901234567901 0.6930555555555555 0.6287037037037038 0.6847222222222222 0.6200617283950618 0.6822916666666666 0.6160493827160494 0.6769097222222222 0.6104938271604938 0.6727430555555556 0.6046296296296296 0.6673611111111112 0.6012345679012346 0.6581597222222222 0.5990740740740741 0.6383680555555555 0.5978395061728394 0.6230902777777778 0.5981481481481481 0.6189236111111112 0.6030864197530863 0.6152777777777778 0.6160493827160494 0.6144097222222222 0.6231481481481481 0.6135416666666667 0.6259259259259259 0.6133680555555555 0.6299382716049382 0.6124999999999999 0.6320987654320988 0.6092013888888889 0.6339506172839506 0.6071180555555555 0.6305555555555555 0.6059027777777778 0.6265432098765432 0.6048611111111112 0.6268518518518519 0.6038194444444444 0.6290123456790124 0.6043402777777778 0.6339506172839506 0.6055555555555555 0.6373456790123456
6 0.2604166666666667 0.4972222222222222 0.2612847222222222 0.5148148148148148 0.26076388888888885 0.5265432098765432 0.2612847222222222 0.5719135802469135 0.26076388888888885 0.5734567901234567 0.26076388888888885 0.5793209876543209 0.26180555555555557 0.5842592592592593 0.26163194444444443 0.5888888888888889 0.2598958333333333 0.5987654320987654 0.2595486111111111 0.6095679012345678 0.26059027777777777 0.6132716049382716 0.26180555555555557 0.6145061728395061 0.2767361111111111 0.6169753086419753 0.27743055555555557 0.6160493827160494 0.27743055555555557 0.6098765432098765 0.2788194444444444 0.6074074074074074 0.2831597222222222 0.6064814814814815 0.2873263888888889 0.6080246913580247 0.2895833333333333 0.6052469135802468 0.2953125 0.604320987654321 0.2982638888888889 0.6052469135802468 0.3003472222222222 0.6089506172839506 0.30104166666666665 0.6240740740740741 0.3020833333333333 0.6271604938271605 0.3137152777777778 0.6274691358024691 0.3173611111111111 0.6253086419753087 0.3185763888888889 0.6231481481481481 0.3206597222222222 0.6138888888888888 0.3225694444444444 0.6104938271604938 0.3253472222222222 0.6080246913580247 0.32968749999999997 0.5947530864197531 0.3317708333333333 0.5919753086419752 0.3317708333333333 0.5848765432098765 0.3324652777777778 0.5814814814814815 0.3326388888888889 0.5762345679012346 0.3345486111111111 0.5694444444444444 0.34375 0.5527777777777777 0.34531249999999997 0.5515432098765432 0.3493055555555556 0.5515432098765432 0.3517361111111111 0.5503086419753086 0.3564236111111111 0.5388888888888889 0.3576388888888889 0.5330246913580247 0.36093749999999997 0.5280864197530865 0.36267361111111107 0.5268518518518518 0.3637152777777778 0.5237654320987654 0.3642361111111111 0.5083333333333333 0.36215277777777777 0.4925925925925925 0.3614583333333333 0.4842592592592592 0.3618055555555555 0.48055555555555557 0.36093749999999997 0.4777777777777778 0.3612847222222222 0.4722222222222222 0.3607638888888889 0.45987654320987653 0.35920138888888886 0.45432098765432094 0.3595486111111111 0.4410493827160494 0.3588541666666667 0.4354938271604938 0.3569444444444444 0.4333333333333333 0.35555555555555557 0.42993827160493825 0.3559027777777778 0.4256172839506173 0.3552083333333333 0.42345679012345677 0.3539930555555555 0.420679012345679 0.3524305555555556 0.4194444444444444 0.34531249999999997 0.4191358024691358 0.3395833333333333 0.4175925925925926 0.3199652777777778 0.4175925925925926 0.3142361111111111 0.4191358024691358 0.3071180555555555 0.42592592592592593 0.2960069444444444 0.433641975308642 0.2861111111111111 0.44382716049382714 0.2829861111111111 0.44537037037037036 0.28194444444444444 0.4469135802469136 0.27760416666666665 0.44969135802469135 0.2767361111111111 0.45123456790123456 0.26979166666666665 0.4561728395061728 0.2659722222222222 0.4608024691358025 0.26180555555555557 0.46234567901234563 0.26059027777777777 0.4635802469135802 0.2595486111111111 0.4666666666666667 0.2595486111111111 0.4898148148148148 0.2604166666666667 0.4972222222222222
3 0.49027777777777776 0.5027777777777778 0.4913194444444444 0.5055555555555555 0.4947916666666667 0.5049382716049382 0.4965277777777778 0.4981481481481481 0.4970486111111111 0.4901234567901234 0.49618055555555557 0.48796296296296293 0.4947916666666667 0.48703703703703705 0.4907986111111111 0.4876543209876543 0.4897569444444444 0.48919753086419754 0.4897569444444444 0.49907407407407406 0.49027777777777776 0.5027777777777778
3 0.41041666666666665 0.5132716049382716 0.4114583333333333 0.5145061728395062 0.4154513888888889 0.5132716049382716 0.4164930555555555 0.5114197530864197 0.4177083333333333 0.5058641975308642 0.41788194444444443 0.5009259259259259 0.4152777777777778 0.491358024691358 0.4114583333333333 0.4922839506172839 0.41041666666666665 0.4944444444444444 0.4097222222222222 0.5 0.40954861111111107 0.508641975308642 0.41041666666666665 0.5132716049382716
3 0.39392361111111107 0.5271604938271605 0.3958333333333333 0.5290123456790123 0.39826388888888886 0.529320987654321 0.4008680555555555 0.5268518518518518 0.4020833333333333 0.5228395061728395 0.4020833333333333 0.5117283950617284 0.3993055555555556 0.5070987654320988 0.39461805555555557 0.5052469135802469 0.3940972222222222 0.5052469135802469 0.39340277777777777 0.5095679012345679 0.3928819444444444 0.5228395061728395 0.39392361111111107 0.5271604938271605
3 0.5100694444444445 0.45771604938271604 0.5112847222222222 0.45987654320987653 0.5130208333333334 0.45987654320987653 0.5145833333333333 0.45648148148148143 0.5147569444444444 0.4444444444444444 0.5140625 0.4422839506172839 0.5126736111111111 0.4410493827160494 0.5112847222222222 0.4410493827160494 0.5093749999999999 0.44382716049382714 0.5092013888888889 0.4493827160493827 0.5100694444444445 0.45771604938271604
3 0.4602430555555555 0.4478395061728395 0.4609375 0.45 0.46371527777777777 0.45123456790123456 0.4652777777777778 0.44814814814814813 0.4659722222222222 0.441358024691358 0.4657986111111111 0.4367283950617284 0.46475694444444443 0.4354938271604938 0.4600694444444444 0.4354938271604938 0.4597222222222222 0.4398148148148148 0.4602430555555555 0.4478395061728395
3 0.375 0.49907407407407406 0.3763888888888889 0.5003086419753087 0.3802083333333333 0.5006172839506172 0.3817708333333333 0.4941358024691358 0.3817708333333333 0.4901234567901234 0.3805555555555556 0.48487654320987655 0.3800347222222222 0.4839506172839506 0.3763888888888889 0.4833333333333333 0.375 0.4839506172839506 0.3737847222222222 0.48703703703703705 0.3736111111111111 0.49506172839506174 0.375 0.49907407407407406
3 0.3659722222222222 0.512962962962963 0.37048611111111107 0.5132716049382716 0.3720486111111111 0.512037037037037 0.3732638888888889 0.5058641975308642 0.3732638888888889 0.4975308641975309 0.3727430555555556 0.4944444444444444 0.36701388888888886 0.49290123456790125 0.3647569444444444 0.4944444444444444 0.3640625 0.5049382716049382 0.3659722222222222 0.512962962962963
3 0.4696180555555556 0.6364197530864197 0.4696180555555556 0.6444444444444444 0.4706597222222222 0.6475308641975309 0.47152777777777777 0.6459876543209876 0.4784722222222222 0.6410493827160494 0.4802083333333333 0.6379629629629631 0.4809027777777778 0.6358024691358025 0.4809027777777778 0.6237654320987653 0.4802083333333333 0.616358024691358 0.4774305555555556 0.6104938271604938 0.4743055555555556 0.607716049382716 0.4704861111111111 0.6148148148148148 0.4701388888888889 0.6188271604938271 0.4692708333333333 0.6212962962962962 0.46875 0.633641975308642 0.4696180555555556 0.6364197530864197
3 0.465625 0.5515432098765432 0.4713541666666667 0.5515432098765432 0.4732638888888889 0.5503086419753086 0.4723958333333333 0.5404320987654321 0.4706597222222222 0.5361111111111111 0.4671875 0.5361111111111111 0.4654513888888889 0.5373456790123456 0.4644097222222222 0.542283950617284 0.4644097222222222 0.5503086419753086 0.465625 0.5515432098765432
3 0.5038194444444445 0.4253086419753086 0.5046875000000001 0.42654320987654315 0.5072916666666667 0.4256172839506173 0.5079861111111111 0.42314814814814816 0.5079861111111111 0.4166666666666667 0.5074652777777777 0.41450617283950614 0.5050347222222222 0.41234567901234565 0.5034722222222222 0.41604938271604935 0.5032986111111111 0.4222222222222222 0.5038194444444445 0.4253086419753086
3 0.6479166666666666 0.408641975308642 0.6491319444444444 0.4052469135802469 0.6493055555555556 0.4024691358024692 0.6491319444444444 0.3972222222222222 0.6480902777777777 0.3929012345679012 0.6475694444444444 0.39197530864197533 0.6451388888888888 0.3929012345679012 0.6439236111111112 0.39382716049382716 0.6434027777777778 0.39629629629629626 0.6435763888888888 0.40771604938271605 0.6479166666666666 0.408641975308642