8 0.35390625000000003 0.8097222222222222 0.36484375 0.8958333333333334 0.36562500000000003 0.9430555555555555 0.37421875000000004 0.9611111111111111 0.3828125 0.9666666666666666 0.40859375000000003 0.9666666666666666 0.43281250000000004 0.9597222222222221 0.4421875 0.9527777777777777 0.44921875 0.9347222222222222 0.44843750000000004 0.8805555555555555 0.4546875 0.8597222222222222 0.4453125 0.85 0.434375 0.7847222222222222 0.41015625 0.6680555555555555 0.40625 0.6638888888888889 0.39140625 0.6638888888888889 0.3609375 0.6708333333333334 0.35546875 0.6791666666666666 0.3515625 0.7055555555555556 0.35078125000000004 0.7472222222222222 0.35390625000000003 0.8097222222222222
8 0.37031250000000004 0.23333333333333334 0.384375 0.23333333333333334 0.384375 0.21666666666666665 0.38203125000000004 0.2097222222222222 0.37109375 0.20694444444444443 0.36875 0.2111111111111111 0.36796875 0.22777777777777775 0.37031250000000004 0.23333333333333334
8 0.39140625 0.3208333333333333 0.4140625 0.31666666666666665 0.4109375 0.28194444444444444 0.40390625 0.26805555555555555 0.39375000000000004 0.2638888888888889 0.38515625000000003 0.26944444444444443 0.38515625000000003 0.3083333333333333 0.39140625 0.3208333333333333
1 0.359375 0.4083333333333333 0.38359375 0.4083333333333333 0.38671875 0.4041666666666667 0.38671875 0.3847222222222222 0.37578125 0.3583333333333333 0.3609375 0.35555555555555557 0.3515625 0.3611111111111111 0.34921875 0.3666666666666667 0.35000000000000003 0.3902777777777778 0.359375 0.4083333333333333
1 0.1921875 0.39444444444444443 0.209375 0.3972222222222222 0.21406250000000002 0.37916666666666665 0.21328125 0.3611111111111111 0.203125 0.35138888888888886 0.18359375 0.3541666666666667 0.17734375000000002 0.3694444444444444 0.178125 0.4013888888888889 0.1921875 0.39444444444444443
1 0.321875 0.4652777777777778 0.35859375000000004 0.4611111111111111 0.35703125 0.4194444444444444 0.34765625 0.3972222222222222 0.32656250000000003 0.3972222222222222 0.321875 0.39999999999999997 0.31875000000000003 0.4083333333333333 0.3171875 0.4263888888888889 0.321875 0.4652777777777778
1 0.36953125000000003 0.24444444444444444 0.36328125 0.2263888888888889 0.35546875 0.225 0.35234375 0.22916666666666666 0.35390625000000003 0.24583333333333335 0.36953125000000003 0.24444444444444444
1 0.32421875 0.2472222222222222 0.33125000000000004 0.2472222222222222 0.33906250000000004 0.24027777777777778 0.33906250000000004 0.23333333333333334 0.33359375 0.225 0.32734375000000004 0.225 0.32265625000000003 0.23055555555555554 0.321875 0.24166666666666664 0.32421875 0.2472222222222222
1 0.33671875 0.5833333333333334 0.33906250000000004 0.6111111111111112 0.3453125 0.6152777777777778 0.3765625 0.6124999999999999 0.38671875 0.6083333333333334 0.38984375000000004 0.6027777777777777 0.38984375000000004 0.5763888888888888 0.38359375 0.5499999999999999 0.38671875 0.5416666666666666 0.38046875 0.5319444444444444 0.371875 0.5069444444444444 0.34218750000000003 0.5055555555555555 0.3359375 0.5083333333333333 0.33203125 0.5180555555555555 0.33125000000000004 0.5569444444444445 0.33671875 0.5833333333333334
1 0.15390625000000002 0.3361111111111111 0.1609375 0.3305555555555555 0.17890625000000002 0.33194444444444443 0.18281250000000002 0.32361111111111107 0.18281250000000002 0.3041666666666667 0.17578125 0.2916666666666667 0.15625 0.29305555555555557 0.15078125 0.3111111111111111 0.15000000000000002 0.3208333333333333 0.15390625000000002 0.3361111111111111
1 0.21640625000000002 0.2944444444444444 0.2234375 0.29027777777777775 0.23359375000000002 0.29305555555555557 0.23671875 0.2861111111111111 0.23515625 0.2722222222222222 0.22812500000000002 0.2638888888888889 0.21796875000000002 0.2638888888888889 0.21328125 0.2736111111111111 0.21328125 0.2916666666666667 0.21640625000000002 0.2944444444444444
1 0.0390625 0.5263888888888889 0.0421875 0.5416666666666666 0.04609375 0.5472222222222222 0.06171875 0.5375 0.08828125 0.5361111111111111 0.09531250000000001 0.5402777777777777 0.09843750000000001 0.5180555555555555 0.1125 0.5013888888888889 0.11015625000000001 0.4694444444444444 0.0921875 0.45694444444444443 0.06406250000000001 0.4583333333333333 0.05390625 0.4666666666666667 0.045312500000000006 0.4833333333333333 0.0390625 0.5055555555555555 0.0390625 0.5263888888888889
1 0.49921875000000004 0.8208333333333333 0.50546875 0.8236111111111112 0.51328125 0.8416666666666666 0.51484375 0.8555555555555555 0.52265625 0.8763888888888888 0.525 0.9152777777777777 0.5296875000000001 0.9236111111111112 0.5546875000000001 0.936111111111111 0.5742187500000001 0.936111111111111 0.59765625 0.9263888888888888 0.60546875 0.9152777777777777 0.60546875 0.8722222222222222 0.5898437500000001 0.8180555555555555 0.5921875000000001 0.8041666666666666 0.58359375 0.7958333333333334 0.571875 0.7597222222222222 0.55625 0.7263888888888889 0.53671875 0.7069444444444444 0.51484375 0.7083333333333334 0.5007812500000001 0.7152777777777778 0.49453125000000003 0.7402777777777778 0.49531250000000004 0.811111111111111 0.49921875000000004 0.8208333333333333
1 0.1875 0.27638888888888885 0.203125 0.27499999999999997 0.20625000000000002 0.2708333333333333 0.20703125 0.2583333333333333 0.20234375000000002 0.25 0.1921875 0.2486111111111111 0.1859375 0.2569444444444444 0.18515625000000002 0.2708333333333333 0.1875 0.27638888888888885
1 0.353125 0.33749999999999997 0.3765625 0.3347222222222222 0.37578125 0.3138888888888889 0.3671875 0.29027777777777775 0.35625 0.2875 0.3484375 0.29583333333333334 0.3484375 0.3263888888888889 0.353125 0.33749999999999997
1 0.3015625 0.2833333333333333 0.32109375 0.28194444444444444 0.3203125 0.2638888888888889 0.31562500000000004 0.25277777777777777 0.30546875 0.2513888888888889 0.30234375 0.25555555555555554 0.30000000000000004 0.26666666666666666 0.3015625 0.2833333333333333
8 0.3140625 0.24583333333333335 0.3140625 0.23333333333333334 0.31093750000000003 0.2236111111111111 0.30312500000000003 0.2222222222222222 0.29921875000000003 0.2263888888888889 0.29921875000000003 0.2472222222222222 0.3140625 0.24583333333333335
5 0.33125000000000004 0.3347222222222222 0.33125000000000004 0.3111111111111111 0.32343750000000004 0.2944444444444444 0.31093750000000003 0.29583333333333334 0.30781250000000004 0.3041666666666667 0.30859375 0.3347222222222222 0.33125000000000004 0.3347222222222222
1 0.25078125 0.3430555555555555 0.26875000000000004 0.3458333333333333 0.27109375 0.3416666666666667 0.2703125 0.3194444444444444 0.26562500000000006 0.3097222222222222 0.2546875 0.3069444444444444 0.24765625000000002 0.3097222222222222 0.24453125 0.31666666666666665 0.24453125 0.3486111111111111 0.25078125 0.3430555555555555
1 0.30546875 0.2111111111111111 0.30546875 0.20277777777777775 0.3015625 0.19444444444444445 0.29453125 0.19722222222222222 0.29296875000000006 0.2125 0.30546875 0.2111111111111111
1 0.27187500000000003 0.2638888888888889 0.27187500000000003 0.24583333333333335 0.26796875000000003 0.2361111111111111 0.25703125000000004 0.2361111111111111 0.2546875 0.24027777777777778 0.2546875 0.2638888888888889 0.27187500000000003 0.2638888888888889
1 0 0.8527777777777777 0.0023437500000000003 0.8541666666666666 0 0.8611111111111112 0 0.8916666666666666 0.041406250000000006 0.8819444444444444 0.051562500000000004 0.8847222222222222 0.07109375000000001 0.8763888888888888 0.0734375 0.8652777777777778 0.0734375 0.8416666666666666 0.08828125 0.7930555555555555 0.09765625 0.7791666666666666 0.09609375 0.7361111111111112 0.09296875 0.7263888888888889 0.0859375 0.7208333333333333 0.057031250000000006 0.7222222222222222 0.03125 0.7319444444444444 0.013281250000000001 0.7430555555555556 0.003125 0.7583333333333333 0 0.7652777777777777 0 0.8527777777777777
1 0.36328125 0.2736111111111111 0.3796875 0.2736111111111111 0.3796875 0.2611111111111111 0.37578125 0.25 0.36953125000000003 0.24444444444444444 0.36250000000000004 0.25 0.36015625 0.26666666666666666 0.36328125 0.2736111111111111
1 0.40234375 0.2652777777777778 0.4109375 0.2777777777777778 0.41484375 0.2736111111111111 0.41484375 0.2611111111111111 0.40937500000000004 0.2486111111111111 0.3984375 0.24583333333333335 0.39453125 0.2513888888888889 0.39375000000000004 0.2611111111111111 0.40234375 0.2652777777777778
5 0.38828125 0.45 0.39687500000000003 0.48055555555555557 0.42265625 0.48055555555555557 0.43125 0.47638888888888886 0.43203125000000003 0.4555555555555555 0.4296875 0.44166666666666665 0.41718750000000004 0.4125 0.4109375 0.4097222222222222 0.3921875 0.4152777777777778 0.38828125 0.4222222222222222 0.38828125 0.45
1 0.33359375 0.2736111111111111 0.3484375 0.2722222222222222 0.3484375 0.25416666666666665 0.34453125 0.24444444444444444 0.33515625000000004 0.24166666666666664 0.33203125 0.2472222222222222 0.33125000000000004 0.26805555555555555 0.33359375 0.2736111111111111
1 0.225 0.2125 0.23671875 0.20555555555555555 0.23359375000000002 0.19444444444444445 0.2265625 0.19305555555555554 0.2234375 0.19722222222222222 0.22265625 0.20555555555555555 0.225 0.2125
5 0.43203125000000003 0.3888888888888889 0.45859375 0.3875 0.45625000000000004 0.3611111111111111 0.446875 0.3416666666666667 0.43046875 0.3402777777777778 0.4234375 0.35 0.4234375 0.3694444444444444 0.43203125000000003 0.3888888888888889
1 0.421875 0.3069444444444444 0.4421875 0.3069444444444444 0.44062500000000004 0.29027777777777775 0.43515625 0.2777777777777778 0.421875 0.27499999999999997 0.41718750000000004 0.2805555555555555 0.41640625000000003 0.2972222222222222 0.421875 0.3069444444444444
1 0.59140625 0.5458333333333333 0.5984375000000001 0.5652777777777778 0.6140625000000001 0.5680555555555555 0.64453125 0.5625 0.64453125 0.5361111111111111 0.63203125 0.5125000000000001 0.63046875 0.5041666666666667 0.6140625000000001 0.4791666666666667 0.6046875 0.4736111111111111 0.5882812500000001 0.4736111111111111 0.5765625000000001 0.475 0.5703125000000001 0.48055555555555557 0.5726562500000001 0.5222222222222223 0.59140625 0.5458333333333333
6 0.246875 0.24444444444444444 0.2484375 0.23333333333333334 0.24531250000000002 0.21388888888888888 0.24140625000000002 0.2097222222222222 0.23125 0.2125 0.23125 0.24305555555555555 0.246875 0.24444444444444444
6 0.48046875 0.4958333333333333 0.48046875 0.5055555555555555 0.48515625 0.5111111111111111 0.48750000000000004 0.5208333333333334 0.49921875000000004 0.5249999999999999 0.5015625 0.5388888888888889 0.509375 0.5472222222222222 0.5140625000000001 0.5708333333333333 0.5195312500000001 0.5722222222222222 0.5257812500000001 0.561111111111111 0.5507812500000001 0.561111111111111 0.55625 0.5680555555555555 0.5609375000000001 0.5680555555555555 0.5687500000000001 0.5486111111111112 0.5710937500000001 0.5194444444444445 0.5671875000000001 0.4694444444444444 0.5796875 0.4638888888888889 0.5804687500000001 0.45694444444444443 0.5781250000000001 0.4444444444444444 0.5671875000000001 0.4361111111111111 0.5671875000000001 0.4208333333333333 0.56171875 0.4166666666666667 0.525 0.4152777777777778 0.5015625 0.39999999999999997 0.49453125000000003 0.39999999999999997 0.49140625000000004 0.425 0.49140625000000004 0.45416666666666666 0.48359375000000004 0.45694444444444443 0.4765625 0.4527777777777778 0.47578125000000004 0.4833333333333333 0.48046875 0.4958333333333333
3 0.9007812500000001 0.39999999999999997 0.90390625 0.4055555555555555 0.9078125 0.3986111111111111 0.9226562500000001 0.4111111111111111 0.9281250000000001 0.4069444444444444 0.925 0.375 0.9187500000000001 0.375 0.91171875 0.3902777777777778 0.9078125 0.37916666666666665 0.90390625 0.3805555555555556 0.9007812500000001 0.38611111111111107 0.9007812500000001 0.39999999999999997