5 0.30703125000000003 0.7208333333333334 0.3125 0.728125 0.3453125 0.7229166666666667 0.34375 0.6947916666666667 0.33203125 0.6802083333333334 0.32109375 0.6770833333333334 0.30625 0.68125 0.29765625 0.6875 0.29531250000000003 0.69375 0.29609375000000004 0.7177083333333334 0.30703125000000003 0.7208333333333334
1 0.30546875 0.8458333333333334 0.31328125 0.8520833333333334 0.31796875 0.8635416666666667 0.34609375000000003 0.8552083333333333 0.34687500000000004 0.8052083333333334 0.35468750000000004 0.796875 0.35000000000000003 0.7885416666666667 0.34375 0.7854166666666667 0.31328125 0.7885416666666667 0.30859375 0.7916666666666666 0.30078125 0.8052083333333334 0.3015625 0.8385416666666666 0.30546875 0.8458333333333334
1 0.041406250000000006 0.5302083333333334 0.039843750000000004 0.5208333333333334 0.030468750000000003 0.5208333333333334 0.030468750000000003 0.5322916666666667 0.041406250000000006 0.5302083333333334
1 0.18906250000000002 0.6010416666666667 0.21171875 0.5989583333333334 0.2109375 0.5843750000000001 0.20546875 0.5791666666666667 0.19453125000000002 0.578125 0.1875 0.5854166666666667 0.18671875000000002 0.596875 0.18906250000000002 0.6010416666666667
5 0.90546875 0.9989583333333334 0.99921875 0.9989583333333334 0.99921875 0.9302083333333334 0.9906250000000001 0.921875 0.96484375 0.9197916666666667 0.9203125000000001 0.9260416666666667 0.9031250000000001 0.9322916666666666 0.89765625 0.9416666666666667 0.89453125 0.9739583333333334 0.90546875 0.9989583333333334
1 0.3484375 0.61875 0.3953125 0.6145833333333334 0.39375000000000004 0.6041666666666666 0.3765625 0.5989583333333334 0.36953125000000003 0.5906250000000001 0.3484375 0.5906250000000001 0.34453125 0.5947916666666666 0.34453125 0.615625 0.3484375 0.61875
1 0.057031250000000006 0.546875 0.0546875 0.5343749999999999 0.05 0.5322916666666667 0.04296875 0.5364583333333334 0.04296875 0.5479166666666667 0.057031250000000006 0.546875
2 0.67109375 0.7583333333333334 0.6742187500000001 0.7583333333333334 0.675 0.7072916666666667 0.66796875 0.6958333333333334 0.66171875 0.70625 0.6640625 0.7489583333333334 0.67109375 0.7583333333333334
2 0.75390625 0.9989583333333334 0.7796875000000001 0.9989583333333334 0.7664062500000001 0.9791666666666666 0.76484375 0.9666666666666667 0.7562500000000001 0.9666666666666667 0.7507812500000001 0.9947916666666666 0.75390625 0.9989583333333334
2 0.76953125 0.828125 0.77109375 0.7989583333333334 0.76875 0.7958333333333334 0.76328125 0.7989583333333334 0.76328125 0.8208333333333334 0.76953125 0.828125
2 0.7718750000000001 0.7916666666666666 0.765625 0.765625 0.7601562500000001 0.7635416666666667 0.7601562500000001 0.7854166666666667 0.7718750000000001 0.7916666666666666
2 0.40078125000000003 0.790625 0.41171875 0.790625 0.41796875 0.7864583333333334 0.41718750000000004 0.7781250000000001 0.4078125 0.7625000000000001 0.40390625 0.7625000000000001 0.4 0.7729166666666667 0.3984375 0.7802083333333334 0.40078125000000003 0.790625
2 0.609375 0.7614583333333333 0.61484375 0.7583333333333334 0.6117187500000001 0.7291666666666666 0.6140625000000001 0.709375 0.609375 0.70625 0.6062500000000001 0.7166666666666667 0.60546875 0.7354166666666666 0.609375 0.7614583333333333
2 0.69921875 0.7489583333333334 0.7015625000000001 0.7125 0.7000000000000001 0.6979166666666666 0.696875 0.696875 0.69296875 0.70625 0.69453125 0.7479166666666667 0.69921875 0.7489583333333334
2 0.61640625 0.7635416666666667 0.6203125 0.765625 0.62265625 0.7614583333333333 0.6218750000000001 0.7239583333333334 0.6195312500000001 0.7145833333333333 0.6156250000000001 0.7114583333333334 0.6140625000000001 0.7156250000000001 0.6125 0.7312500000000001 0.61640625 0.7635416666666667
7 0.11796875000000001 0.5697916666666667 0.125 0.5520833333333334 0.125 0.5364583333333334 0.13359375 0.5302083333333334 0.13437500000000002 0.5260416666666666 0.1296875 0.5208333333333334 0.10859375 0.5239583333333333 0.11093750000000001 0.5666666666666667 0.11796875000000001 0.5697916666666667
6 0.05390625 0.53125 0.06015625 0.5083333333333333 0.05078125 0.5072916666666667 0.0484375 0.5114583333333333 0.047656250000000004 0.5218750000000001 0.05390625 0.53125
7 0.2 0.6354166666666666 0.2 0.6614583333333334 0.20390625 0.6729166666666666 0.240625 0.6729166666666666 0.25703125000000004 0.6625 0.28203125 0.6625 0.28906250000000006 0.6583333333333334 0.296875 0.6583333333333334 0.3046875 0.6510416666666666 0.30234375 0.640625 0.296875 0.634375 0.26484375000000004 0.6270833333333334 0.26093750000000004 0.6208333333333333 0.25859375 0.6020833333333334 0.24609375 0.5947916666666666 0.2234375 0.5947916666666666 0.19609375 0.6260416666666666 0.19609375 0.63125 0.2 0.6354166666666666
7 0.11953125 0.5625 0.12109375 0.5708333333333333 0.12656250000000002 0.5750000000000001 0.146875 0.5729166666666666 0.1484375 0.546875 0.14609375000000002 0.5333333333333333 0.12890625000000003 0.53125 0.125 0.5343749999999999 0.125 0.5499999999999999 0.11953125 0.5625
6 0.34140625 0.6895833333333334 0.34453125 0.6885416666666666 0.3453125 0.6531250000000001 0.34765625 0.6479166666666667 0.35546875 0.646875 0.35546875 0.640625 0.34375 0.634375 0.321875 0.6354166666666666 0.32265625000000003 0.671875 0.34140625 0.6895833333333334
6 0.07421875 0.5322916666666667 0.07500000000000001 0.5260416666666666 0.07109375000000001 0.5104166666666666 0.060937500000000006 0.5072916666666667 0.05625 0.515625 0.0546875 0.5322916666666667 0.07421875 0.5322916666666667
6 0.3515625 0.7322916666666667 0.35468750000000004 0.7447916666666666 0.37031250000000004 0.7541666666666667 0.38046875 0.7697916666666667 0.39375000000000004 0.7677083333333334 0.40390625 0.7614583333333333 0.41718750000000004 0.765625 0.4265625 0.7645833333333334 0.43125 0.75 0.43125 0.7125 0.42421875000000003 0.6822916666666666 0.421875 0.65625 0.38984375000000004 0.640625 0.35859375000000004 0.64375 0.35468750000000004 0.6479166666666667 0.34687500000000004 0.6489583333333334 0.34687500000000004 0.725 0.3515625 0.7322916666666667
6 0.3515625 0.88125 0.35703125 0.89375 0.36562500000000003 0.9427083333333334 0.36796875 0.9458333333333334 0.3671875 0.9604166666666667 0.36953125000000003 0.9677083333333334 0.37578125 0.9708333333333334 0.38671875 0.990625 0.39687500000000003 0.9854166666666666 0.40390625 0.9739583333333334 0.41171875 0.9875 0.4109375 0.9916666666666667 0.40625 0.9916666666666667 0.4140625 0.9968750000000001 0.5453125000000001 0.9968750000000001 0.54609375 0.9395833333333334 0.5421875 0.9291666666666667 0.55 0.9291666666666667 0.5531250000000001 0.9364583333333334 0.56015625 0.9354166666666667 0.5585937500000001 0.9052083333333334 0.5398437500000001 0.9031250000000001 0.52890625 0.8729166666666667 0.5156250000000001 0.8625 0.5117187500000001 0.8625 0.5085937500000001 0.8583333333333334 0.5085937500000001 0.8447916666666666 0.49765625 0.83125 0.47578125000000004 0.8166666666666667 0.44453125000000004 0.7895833333333334 0.36796875 0.7979166666666666 0.35000000000000003 0.8020833333333334 0.34765625 0.8072916666666666 0.34765625 0.853125 0.3515625 0.88125
6 0.41328125000000004 0.6510416666666666 0.41953125 0.6510416666666666 0.42421875000000003 0.6552083333333334 0.43125 0.6541666666666667 0.43281250000000004 0.6322916666666667 0.43593750000000003 0.625 0.43281250000000004 0.6052083333333333 0.4265625 0.6052083333333333 0.421875 0.625 0.41796875 0.6208333333333333 0.40468750000000003 0.63125 0.39375000000000004 0.6354166666666666 0.39375000000000004 0.640625 0.41328125000000004 0.6510416666666666
6 0.44609375 0.6510416666666666 0.4625 0.6510416666666666 0.46484375 0.640625 0.46484375 0.603125 0.44843750000000004 0.6 0.44453125000000004 0.6062500000000001 0.44375000000000003 0.6354166666666666 0.44609375 0.6510416666666666
3 0.73046875 0.6885416666666666 0.73359375 0.7041666666666666 0.7375 0.703125 0.7406250000000001 0.709375 0.7507812500000001 0.709375 0.7546875000000001 0.7125 0.76328125 0.709375 0.765625 0.7000000000000001 0.76484375 0.6854166666666667 0.7468750000000001 0.6854166666666667 0.7367187500000001 0.6770833333333334 0.7359375 0.6833333333333333 0.73046875 0.6885416666666666