8 0.4486979166666667 0.4365740740740741 0.45234375 0.4356481481481482 0.4533854166666667 0.4291666666666667 0.4533854166666667 0.41435185185185186 0.4494791666666667 0.3976851851851852 0.44609375 0.39537037037037037 0.4385416666666667 0.3990740740740741 0.4375 0.4018518518518519 0.43515625 0.4226851851851852 0.4356770833333333 0.4351851851851852 0.4486979166666667 0.4365740740740741
5 0.25416666666666665 0.525 0.26145833333333335 0.5273148148148148 0.27265625000000004 0.5273148148148148 0.2752604166666667 0.525925925925926 0.2825520833333333 0.5120370370370371 0.2830729166666667 0.5009259259259259 0.27968750000000003 0.4944444444444445 0.27421875 0.48981481481481487 0.2690104166666667 0.487962962962963 0.26276041666666666 0.48981481481481487 0.25885416666666666 0.49259259259259264 0.2557291666666667 0.4981481481481482 0.25156249999999997 0.513425925925926 0.25156249999999997 0.5226851851851853 0.25416666666666665 0.525
1 0.3515625 0.6675925925925926 0.3528645833333333 0.6703703703703704 0.3559895833333333 0.6717592592592593 0.3875 0.6712962962962963 0.38984375 0.6680555555555556 0.39140625 0.6527777777777778 0.39296875000000003 0.6092592592592593 0.3848958333333333 0.600925925925926 0.3802083333333333 0.5986111111111112 0.3684895833333333 0.5981481481481482 0.3606770833333333 0.600925925925926 0.3567708333333333 0.6074074074074075 0.3541666666666667 0.6092592592592593 0.35442708333333334 0.6203703703703703 0.35234375 0.6319444444444444 0.3510416666666667 0.6458333333333334 0.35078125 0.6620370370370371 0.3515625 0.6675925925925926
1 0.44765625000000003 0.3717592592592593 0.45546875000000003 0.3717592592592593 0.45703125 0.3699074074074074 0.4565104166666667 0.3611111111111111 0.45390625 0.3569444444444445 0.44921875 0.35601851851851857 0.4463541666666667 0.362962962962963 0.44609375 0.3689814814814815 0.44765625000000003 0.3717592592592593
1 0.4747395833333333 0.3949074074074075 0.4768229166666667 0.3962962962962963 0.48411458333333335 0.3962962962962963 0.4864583333333333 0.39398148148148154 0.4864583333333333 0.38703703703703707 0.48411458333333335 0.3791666666666667 0.4807291666666667 0.37638888888888894 0.4770833333333333 0.3773148148148148 0.47500000000000003 0.38009259259259265 0.4739583333333333 0.3837962962962963 0.4747395833333333 0.3949074074074075
1 0.3346354166666667 0.4027777777777778 0.33828125000000003 0.4069444444444445 0.3419270833333333 0.4087962962962963 0.34609375000000003 0.4046296296296297 0.3486979166666667 0.39861111111111114 0.3502604166666667 0.38981481481481484 0.34661458333333334 0.3810185185185186 0.3419270833333333 0.3805555555555556 0.3390625 0.38333333333333336 0.3341145833333333 0.39722222222222225 0.33359375 0.40092592592592596 0.3346354166666667 0.4027777777777778
1 0.22395833333333334 0.5652777777777778 0.24192708333333335 0.5662037037037038 0.24817708333333335 0.5680555555555555 0.2520833333333333 0.5578703703703703 0.25885416666666666 0.550462962962963 0.26015625000000003 0.5439814814814815 0.2604166666666667 0.5319444444444444 0.2596354166666667 0.5287037037037037 0.2518229166666667 0.5240740740740741 0.24739583333333334 0.5240740740740741 0.24166666666666667 0.5212962962962964 0.23385416666666667 0.5236111111111111 0.23072916666666665 0.525925925925926 0.22734375 0.5314814814814816 0.22161458333333334 0.549537037037037 0.22161458333333334 0.5601851851851852 0.22395833333333334 0.5652777777777778
1 0.3486979166666667 0.3916666666666667 0.35234375 0.3912037037037037 0.3565104166666667 0.3837962962962963 0.3575520833333333 0.37638888888888894 0.3520833333333333 0.3736111111111111 0.3489583333333333 0.37638888888888894 0.34765625 0.38009259259259265 0.34739583333333335 0.38472222222222224 0.3486979166666667 0.3916666666666667
1 0.5893229166666667 0.5532407407407407 0.5916666666666667 0.5592592592592593 0.5971354166666667 0.5657407407407408 0.5997395833333334 0.5666666666666667 0.6104166666666666 0.5648148148148148 0.6236979166666666 0.5648148148148148 0.6263020833333334 0.5634259259259259 0.6270833333333334 0.5615740740740741 0.6270833333333334 0.5532407407407407 0.6231770833333334 0.538425925925926 0.6197916666666666 0.5296296296296297 0.6127604166666667 0.5189814814814815 0.6028645833333334 0.5166666666666667 0.5955729166666667 0.5175925925925926 0.5908854166666667 0.5254629629629629 0.5890624999999999 0.5361111111111112 0.5882812500000001 0.5467592592592593 0.5893229166666667 0.5532407407407407
1 0.32109375 0.437962962962963 0.325 0.437962962962963 0.3276041666666667 0.4361111111111111 0.3315104166666667 0.42870370370370375 0.33098958333333334 0.4217592592592593 0.3244791666666667 0.4115740740740741 0.3169270833333333 0.41250000000000003 0.3140625 0.41435185185185186 0.3119791666666667 0.4236111111111111 0.31145833333333334 0.42870370370370375 0.32109375 0.437962962962963
1 0.051562500000000004 0.8412037037037038 0.053385416666666664 0.8486111111111112 0.05572916666666666 0.8518518518518519 0.078125 0.862962962962963 0.08229166666666668 0.863888888888889 0.0890625 0.8625 0.09505208333333333 0.8680555555555556 0.09921875000000001 0.8694444444444445 0.10208333333333333 0.8666666666666667 0.10338541666666667 0.862962962962963 0.1046875 0.8527777777777779 0.10442708333333334 0.838425925925926 0.10625 0.8319444444444445 0.11979166666666667 0.8092592592592593 0.1234375 0.8074074074074075 0.12682291666666667 0.8115740740740741 0.13072916666666667 0.8069444444444445 0.13307291666666668 0.8 0.13385416666666666 0.788425925925926 0.13177083333333334 0.7736111111111112 0.13151041666666666 0.7652777777777778 0.12473958333333333 0.7495370370370371 0.1203125 0.7462962962962963 0.109375 0.7416666666666667 0.09791666666666668 0.7435185185185186 0.09296875 0.7458333333333335 0.07968750000000001 0.7467592592592593 0.07447916666666668 0.751388888888889 0.054947916666666666 0.7828703703703704 0.050520833333333334 0.7962962962962963 0.04921875 0.8106481481481482 0.04895833333333334 0.8199074074074075 0.051562500000000004 0.8412037037037038
5 0.39739583333333334 0.35324074074074074 0.3984375 0.3550925925925926 0.4036458333333333 0.35601851851851857 0.40598958333333335 0.3527777777777778 0.4065104166666667 0.3486111111111111 0.40520833333333334 0.34351851851851856 0.4005208333333333 0.3421296296296297 0.3984375 0.3453703703703704 0.39739583333333334 0.34953703703703703 0.39739583333333334 0.35324074074074074
1 0.27187500000000003 0.48750000000000004 0.28046875000000004 0.4949074074074074 0.2833333333333333 0.49953703703703706 0.28984375 0.5009259259259259 0.2963541666666667 0.49120370370370375 0.2973958333333333 0.487962962962963 0.2973958333333333 0.47361111111111115 0.28984375 0.4625 0.28411458333333334 0.4615740740740741 0.27760416666666665 0.46342592592592596 0.27499999999999997 0.4671296296296297 0.27239583333333334 0.4740740740740741 0.2713541666666667 0.4824074074074074 0.27187500000000003 0.48750000000000004
1 0.384375 0.38703703703703707 0.3947916666666667 0.38703703703703707 0.3950520833333333 0.37824074074074077 0.39375 0.3726851851851852 0.390625 0.37083333333333335 0.3869791666666667 0.3712962962962963 0.38359375 0.37592592592592594 0.38359375 0.38472222222222224 0.384375 0.38703703703703707
1 0.325 0.41111111111111115 0.3296875 0.41898148148148145 0.3315104166666667 0.4240740740740741 0.3359375 0.42453703703703705 0.33828125000000003 0.4217592592592593 0.33984375 0.41481481481481486 0.33984375 0.4101851851851852 0.3385416666666667 0.4055555555555556 0.33489583333333334 0.4013888888888889 0.32708333333333334 0.40416666666666673 0.325 0.4078703703703704 0.325 0.41111111111111115
1 0.2924479166666667 0.46666666666666673 0.296875 0.47314814814814815 0.3 0.475462962962963 0.3078125 0.4703703703703704 0.3104166666666667 0.4671296296296297 0.31171875 0.45972222222222225 0.3106770833333333 0.44907407407407407 0.30703125000000003 0.4449074074074075 0.3002604166666667 0.4416666666666667 0.29348958333333336 0.44583333333333336 0.2908854166666667 0.45 0.28958333333333336 0.45462962962962966 0.28932291666666665 0.4601851851851852 0.2924479166666667 0.46666666666666673
8 0.50546875 0.45648148148148154 0.5083333333333333 0.4601851851851852 0.5182291666666666 0.4625 0.5205729166666667 0.4620370370370371 0.5221354166666666 0.45972222222222225 0.5260416666666666 0.44259259259259265 0.5213541666666667 0.42500000000000004 0.5190104166666667 0.4222222222222222 0.515625 0.42083333333333334 0.50546875 0.42037037037037045 0.5044270833333333 0.4222222222222222 0.5028645833333334 0.4314814814814815 0.5026041666666666 0.44675925925925924 0.50546875 0.45648148148148154
8 0.17864583333333334 0.5939814814814816 0.21119791666666665 0.5949074074074074 0.225 0.5939814814814816 0.22864583333333335 0.5916666666666667 0.22708333333333336 0.5810185185185185 0.22239583333333335 0.5708333333333334 0.2203125 0.5625 0.21145833333333336 0.5657407407407408 0.19244791666666666 0.5657407407407408 0.18932291666666667 0.5675925925925926 0.18489583333333334 0.5731481481481482 0.178125 0.5847222222222223 0.17760416666666667 0.5921296296296297 0.17864583333333334 0.5939814814814816
8 0.4630208333333333 0.4314814814814815 0.4770833333333333 0.4337962962962963 0.47890625000000003 0.42500000000000004 0.4786458333333333 0.413425925925926 0.47734375 0.4050925925925926 0.4747395833333333 0.3995370370370371 0.47239583333333335 0.3976851851851852 0.465625 0.39722222222222225 0.46328125000000003 0.39861111111111114 0.4625 0.4027777777777778 0.46171875 0.42314814814814816 0.4630208333333333 0.4314814814814815
5 0.5190104166666667 0.6527777777777778 0.5226562499999999 0.6583333333333334 0.5244791666666667 0.675 0.5260416666666666 0.6782407407407407 0.5320312500000001 0.6819444444444445 0.5416666666666666 0.6828703703703703 0.5572916666666666 0.6819444444444445 0.5617187499999999 0.6787037037037037 0.5630208333333333 0.6722222222222223 0.5627604166666667 0.6550925925925926 0.5591145833333333 0.637037037037037 0.5606770833333333 0.6333333333333334 0.5609375000000001 0.6296296296296297 0.5559895833333334 0.6231481481481481 0.5484375 0.6046296296296296 0.5437500000000001 0.600925925925926 0.5361979166666667 0.5990740740740741 0.5223958333333334 0.6 0.5177083333333333 0.6055555555555556 0.5151041666666667 0.6175925925925926 0.515625 0.6425925925925926 0.5190104166666667 0.6527777777777778
1 0.43515625 0.39351851851851855 0.4440104166666667 0.39351851851851855 0.44609375 0.39259259259259266 0.446875 0.3907407407407408 0.44609375 0.37824074074074077 0.44375000000000003 0.3726851851851852 0.4388020833333333 0.3712962962962963 0.43593750000000003 0.3736111111111111 0.4338541666666667 0.3824074074074075 0.43359375 0.3907407407407408 0.43515625 0.39351851851851855
1 0.3796875 0.5212962962962964 0.38645833333333335 0.5171296296296296 0.3950520833333333 0.5171296296296296 0.40078125000000003 0.5208333333333334 0.4028645833333333 0.5189814814814815 0.4028645833333333 0.4935185185185186 0.4036458333333333 0.487962962962963 0.39739583333333334 0.47870370370370374 0.39036458333333335 0.4777777777777778 0.3828125 0.4805555555555556 0.38125000000000003 0.48333333333333334 0.3776041666666667 0.4986111111111111 0.3776041666666667 0.5162037037037037 0.3796875 0.5212962962962964
1 0.4640625 0.7578703703703704 0.4635416666666667 0.7712962962962964 0.4643229166666667 0.7828703703703704 0.4669270833333333 0.8129629629629631 0.46953125 0.8231481481481482 0.4747395833333333 0.8263888888888888 0.4895833333333333 0.8291666666666667 0.49609375 0.8319444444444445 0.5187499999999999 0.8263888888888888 0.5208333333333334 0.8212962962962963 0.5216145833333333 0.8157407407407408 0.5221354166666666 0.7893518518518519 0.52109375 0.7773148148148148 0.5177083333333333 0.7555555555555556 0.5218750000000001 0.7476851851851852 0.5205729166666667 0.7449074074074075 0.5166666666666667 0.7430555555555556 0.5148437499999999 0.738888888888889 0.5119791666666667 0.7203703703703704 0.5020833333333333 0.6814814814814816 0.49921875 0.6782407407407407 0.49505208333333334 0.6773148148148148 0.4729166666666667 0.6777777777777778 0.4700520833333333 0.6810185185185185 0.4674479166666667 0.6916666666666667 0.4635416666666667 0.6990740740740741 0.4622395833333333 0.7101851851851853 0.4614583333333333 0.7490740740740741 0.4640625 0.7578703703703704
1 0.5218750000000001 0.49120370370370375 0.5263020833333334 0.5046296296296297 0.5294270833333333 0.5064814814814815 0.5322916666666667 0.5037037037037038 0.53515625 0.5037037037037038 0.5476562500000001 0.5064814814814815 0.5502604166666667 0.5041666666666667 0.55078125 0.49537037037037035 0.5489583333333333 0.4796296296296297 0.5466145833333333 0.4708333333333333 0.54296875 0.4625 0.53671875 0.45925925925925926 0.5281250000000001 0.45972222222222225 0.5244791666666667 0.4615740740740741 0.5226562499999999 0.4675925925925926 0.5218750000000001 0.47500000000000003 0.5218750000000001 0.49120370370370375
1 0.3072916666666667 0.4444444444444444 0.3140625 0.45462962962962966 0.3177083333333333 0.4486111111111111 0.31927083333333334 0.4402777777777778 0.3177083333333333 0.4342592592592593 0.3106770833333333 0.42685185185185187 0.3041666666666667 0.4296296296296297 0.3018229166666667 0.4319444444444445 0.3 0.4361111111111111 0.29973958333333334 0.44259259259259265 0.3072916666666667 0.4444444444444444
0 0.5986979166666666 0.6819444444444445 0.60078125 0.6847222222222222 0.6018229166666667 0.6893518518518519 0.6046875 0.6925925925925925 0.6072916666666667 0.699537037037037 0.6078125 0.713888888888889 0.609375 0.7208333333333334 0.6127604166666667 0.7217592592592593 0.628125 0.7481481481481482 0.6299479166666666 0.7550925925925926 0.6333333333333334 0.7629629629629631 0.6393229166666666 0.7740740740740741 0.6434895833333334 0.7875000000000001 0.65390625 0.8087962962962963 0.6591145833333334 0.8319444444444445 0.6648437500000001 0.8416666666666667 0.6690104166666666 0.8458333333333334 0.6778645833333334 0.8643518518518519 0.6822916666666666 0.8773148148148148 0.6856770833333334 0.8819444444444444 0.6893229166666667 0.8837962962962963 0.7020833333333334 0.8824074074074075 0.7346354166666667 0.8740740740740741 0.7484375 0.8671296296296297 0.7518229166666667 0.8625 0.7528645833333334 0.8481481481481482 0.7549479166666666 0.8351851851851853 0.7559895833333334 0.8171296296296297 0.7585937500000001 0.8064814814814816 0.759375 0.7962962962962963 0.7604166666666666 0.7930555555555556 0.7598958333333334 0.7782407407407409 0.7635416666666667 0.7652777777777778 0.7640625 0.7518518518518519 0.7653645833333333 0.7449074074074075 0.7640625 0.737962962962963 0.7622395833333334 0.7337962962962963 0.7481770833333334 0.7129629629629629 0.7390625000000001 0.7032407407407407 0.7312500000000001 0.6912037037037038 0.7260416666666667 0.6861111111111112 0.70625 0.6546296296296297 0.6875 0.6314814814814815 0.6864583333333334 0.6287037037037038 0.6856770833333334 0.6157407407407407 0.6822916666666666 0.6087962962962963 0.6804687500000001 0.6078703703703704 0.671875 0.5953703703703703 0.6635416666666667 0.5865740740740741 0.6549479166666666 0.5736111111111112 0.6510416666666666 0.5703703703703704 0.6390625 0.5680555555555555 0.6158854166666666 0.5671296296296297 0.5986979166666666 0.5689814814814815 0.596875 0.5708333333333334 0.5963541666666666 0.5736111111111112 0.5924479166666666 0.6361111111111112 0.5927083333333334 0.6643518518518519 0.5986979166666666 0.6819444444444445
0 0.4010416666666667 0.3416666666666667 0.40390625 0.3430555555555556 0.4078125 0.3421296296296297 0.40989583333333335 0.3375 0.4114583333333333 0.3282407407407408 0.4111979166666667 0.32453703703703707 0.40911458333333334 0.32175925925925924 0.40468750000000003 0.3194444444444444 0.40078125000000003 0.32222222222222224 0.4002604166666667 0.3268518518518519 0.4010416666666667 0.3416666666666667
6 0.3489583333333333 0.46620370370370373 0.3557291666666667 0.4777777777777778 0.3580729166666667 0.47870370370370374 0.36614583333333334 0.4777777777777778 0.3731770833333333 0.47361111111111115 0.3755208333333333 0.4708333333333333 0.3776041666666667 0.46620370370370373 0.3783854166666667 0.45787037037037037 0.38177083333333334 0.44583333333333336 0.3838541666666667 0.4310185185185186 0.38359375 0.39259259259259266 0.3822916666666667 0.37870370370370376 0.3807291666666667 0.37638888888888894 0.3776041666666667 0.375462962962963 0.36614583333333334 0.37592592592592594 0.3596354166666667 0.37824074074074077 0.3520833333333333 0.3916666666666667 0.3486979166666667 0.40046296296296297 0.34739583333333335 0.4069444444444445 0.34765625 0.45694444444444443 0.3489583333333333 0.46620370370370373
6 0.4041666666666667 0.3856481481481482 0.4114583333333333 0.38657407407407407 0.41302083333333334 0.3810185185185186 0.41302083333333334 0.36203703703703705 0.4114583333333333 0.3601851851851852 0.4075520833333333 0.3592592592592593 0.4044270833333333 0.3611111111111111 0.4033854166666667 0.36574074074074076 0.403125 0.3805555555555556 0.4041666666666667 0.3856481481481482
6 0.12734375 0.702314814814815 0.12812500000000002 0.7212962962962963 0.12942708333333333 0.7342592592592594 0.13177083333333334 0.7444444444444445 0.13203125000000002 0.7597222222222223 0.13385416666666666 0.7722222222222223 0.13671875 0.7796296296296297 0.13854166666666667 0.8027777777777778 0.14348958333333334 0.8296296296296297 0.14427083333333335 0.8324074074074075 0.14713541666666666 0.8361111111111112 0.15833333333333335 0.8361111111111112 0.16432291666666665 0.8416666666666667 0.17161458333333335 0.8412037037037038 0.1921875 0.8486111111111112 0.20677083333333335 0.8500000000000001 0.2125 0.8425925925925926 0.21588541666666666 0.8361111111111112 0.21875 0.8328703703703704 0.22369791666666666 0.8305555555555556 0.22578125000000002 0.827314814814815 0.228125 0.8171296296296297 0.228125 0.7953703703703704 0.22890625 0.789814814814815 0.23411458333333335 0.7800925925925926 0.23671875 0.7703703703703704 0.24296875 0.7546296296296297 0.24635416666666665 0.7486111111111112 0.25156249999999997 0.7439814814814816 0.25364583333333335 0.737962962962963 0.2559895833333333 0.7083333333333334 0.2559895833333333 0.6990740740740741 0.25078125 0.6467592592592594 0.25156249999999997 0.6300925925925925 0.24375 0.6175925925925926 0.23411458333333335 0.5967592592592593 0.23072916666666665 0.5944444444444444 0.17864583333333334 0.5953703703703703 0.14010416666666667 0.6495370370370371 0.13489583333333333 0.6587962962962963 0.12604166666666666 0.6703703703703704 0.12369791666666667 0.6763888888888888 0.12317708333333333 0.6787037037037037 0.12734375 0.702314814814815
6 0.4669270833333333 0.37962962962962965 0.46953125 0.3819444444444444 0.4736979166666667 0.38148148148148153 0.4760416666666667 0.3773148148148148 0.4807291666666667 0.3740740740740741 0.4825520833333333 0.3694444444444445 0.48281250000000003 0.36203703703703705 0.48020833333333335 0.33842592592592596 0.4770833333333333 0.33564814814814814 0.46875 0.3337962962962963 0.4661458333333333 0.3337962962962963 0.46328125000000003 0.33796296296296297 0.46328125000000003 0.3694444444444445 0.4669270833333333 0.37962962962962965