8 0.24453125 0.1722222222222222 0.24296875 0.15694444444444444 0.23671875 0.15694444444444444 0.23593750000000002 0.17083333333333334 0.24453125 0.1722222222222222
1 0.27421875 0.23055555555555554 0.275 0.21666666666666665 0.27265625000000004 0.20694444444444443 0.26015625000000003 0.20694444444444443 0.259375 0.23055555555555554 0.27421875 0.23055555555555554
1 0.42109375000000004 0.1361111111111111 0.44296875 0.1361111111111111 0.44375000000000003 0.1236111111111111 0.43984375000000003 0.1111111111111111 0.4296875 0.10833333333333332 0.42109375000000004 0.11388888888888887 0.41796875 0.11944444444444445 0.42109375000000004 0.1361111111111111
1 0.32656250000000003 0.5375 0.328125 0.5874999999999999 0.33046875000000003 0.5958333333333333 0.33828125000000003 0.5888888888888888 0.37890625 0.5888888888888888 0.3796875 0.5666666666666667 0.375 0.5361111111111111 0.37812500000000004 0.5222222222222223 0.37109375 0.5152777777777777 0.35781250000000003 0.4708333333333333 0.33437500000000003 0.4708333333333333 0.32421875 0.5111111111111111 0.32265625000000003 0.5305555555555556 0.32656250000000003 0.5375
1 0.23515625 0.19305555555555554 0.23750000000000002 0.18888888888888888 0.2328125 0.1763888888888889 0.22578125000000002 0.18055555555555555 0.2265625 0.19305555555555554 0.23515625 0.19305555555555554
1 0.3375 0.20694444444444443 0.34140625 0.20833333333333334 0.3484375 0.19583333333333333 0.34453125 0.1875 0.33515625000000004 0.18888888888888888 0.33437500000000003 0.19999999999999998 0.3375 0.20694444444444443
1 0.3484375 0.2222222222222222 0.35468750000000004 0.20277777777777775 0.3515625 0.19722222222222222 0.34296875000000004 0.19999999999999998 0.34140625 0.2152777777777778 0.3484375 0.2222222222222222
1 0.26562500000000006 0.15555555555555556 0.26562500000000006 0.14305555555555555 0.259375 0.14444444444444443 0.25859375 0.15555555555555556 0.26562500000000006 0.15555555555555556
1 0.35781250000000003 0.2486111111111111 0.37265625 0.2513888888888889 0.375 0.24027777777777778 0.37109375 0.22777777777777775 0.36640625000000004 0.2222222222222222 0.35859375000000004 0.2222222222222222 0.35546875 0.22777777777777775 0.35781250000000003 0.2486111111111111
1 0.5328125 0.6208333333333333 0.5390625000000001 0.6222222222222222 0.5546875000000001 0.65 0.5554687500000001 0.6680555555555555 0.56015625 0.6791666666666666 0.6000000000000001 0.6791666666666666 0.6109375 0.6763888888888888 0.6179687500000001 0.6694444444444444 0.6203125 0.661111111111111 0.6195312500000001 0.6375 0.6046875 0.598611111111111 0.60546875 0.5888888888888888 0.6023437500000001 0.5888888888888888 0.58125 0.5472222222222222 0.5671875000000001 0.5333333333333333 0.55 0.5319444444444444 0.5398437500000001 0.5361111111111111 0.52890625 0.5555555555555556 0.52890625 0.6124999999999999 0.5328125 0.6208333333333333
1 0.29609375000000004 0.16805555555555554 0.29609375000000004 0.15833333333333333 0.28984375 0.15555555555555556 0.28906250000000006 0.16666666666666666 0.29609375000000004 0.16805555555555554
1 0.35000000000000003 0.7888888888888889 0.35078125000000004 0.8236111111111112 0.34765625 0.8347222222222221 0.35390625000000003 0.8458333333333333 0.359375 0.8958333333333334 0.359375 0.9166666666666666 0.3640625 0.936111111111111 0.375 0.9444444444444444 0.3984375 0.9458333333333333 0.42421875000000003 0.936111111111111 0.434375 0.9263888888888888 0.43984375000000003 0.911111111111111 0.43984375000000003 0.873611111111111 0.43046875 0.8263888888888888 0.4390625 0.8138888888888888 0.4390625 0.8097222222222222 0.43671875000000004 0.8055555555555556 0.42734375 0.8069444444444444 0.42265625 0.7722222222222221 0.40937500000000004 0.7277777777777777 0.40156250000000004 0.7180555555555556 0.37265625 0.7208333333333333 0.35546875 0.7291666666666666 0.35000000000000003 0.7430555555555556 0.34765625 0.7819444444444444 0.35000000000000003 0.7888888888888889
1 0.3796875 0.24027777777777778 0.3953125 0.24027777777777778 0.39453125 0.22916666666666666 0.38984375000000004 0.21944444444444444 0.3828125 0.21805555555555556 0.37812500000000004 0.2236111111111111 0.37734375000000003 0.23333333333333334 0.3796875 0.24027777777777778
1 0.22734375 0.26944444444444443 0.2265625 0.2472222222222222 0.22265625 0.24305555555555555 0.209375 0.24583333333333335 0.209375 0.2722222222222222 0.22734375 0.26944444444444443
1 0.30390625000000004 0.15138888888888888 0.3046875 0.14444444444444443 0.29921875000000003 0.14166666666666666 0.29765625 0.1486111111111111 0.30390625000000004 0.15138888888888888
1 0.33828125000000003 0.2861111111111111 0.35859375000000004 0.2847222222222222 0.35859375000000004 0.2708333333333333 0.35234375 0.25416666666666665 0.33906250000000004 0.25555555555555554 0.33671875 0.25972222222222224 0.33828125000000003 0.2861111111111111
1 0.5085937500000001 0.1527777777777778 0.52265625 0.14583333333333334 0.5320312500000001 0.1486111111111111 0.5351562500000001 0.14027777777777775 0.534375 0.125 0.5257812500000001 0.11666666666666667 0.5117187500000001 0.11666666666666667 0.49062500000000003 0.13333333333333333 0.4921875 0.1472222222222222 0.5085937500000001 0.1527777777777778
1 0.26093750000000004 0.175 0.25859375 0.1638888888888889 0.25312500000000004 0.1638888888888889 0.2515625 0.1763888888888889 0.26093750000000004 0.175
1 0.27421875 0.1902777777777778 0.27187500000000003 0.1763888888888889 0.26484375000000004 0.17916666666666664 0.26562500000000006 0.19305555555555554 0.27421875 0.1902777777777778
1 0.36250000000000004 0.3611111111111111 0.36875 0.3569444444444444 0.38671875 0.3597222222222222 0.38906250000000003 0.35555555555555557 0.38984375000000004 0.3305555555555555 0.3796875 0.3083333333333333 0.36796875 0.3055555555555556 0.359375 0.3111111111111111 0.35781250000000003 0.3444444444444444 0.36250000000000004 0.3611111111111111
1 0.4 0.4611111111111111 0.4109375 0.4958333333333333 0.44765625000000003 0.4888888888888889 0.44843750000000004 0.4652777777777778 0.4421875 0.44027777777777777 0.42578125 0.3986111111111111 0.40390625 0.3986111111111111 0.39765625000000004 0.41388888888888886 0.39687500000000003 0.4375 0.4 0.4611111111111111
1 0.31093750000000003 0.18194444444444444 0.31328125 0.17777777777777778 0.3125 0.16944444444444445 0.309375 0.16527777777777775 0.3046875 0.16666666666666666 0.3046875 0.17777777777777778 0.31093750000000003 0.18194444444444444
1 0.325 0.2125 0.33437500000000003 0.21388888888888888 0.3296875 0.19999999999999998 0.32265625000000003 0.1986111111111111 0.321875 0.20555555555555555 0.325 0.2125
1 0.33515625000000004 0.2583333333333333 0.34296875000000004 0.25277777777777777 0.35234375 0.25277777777777777 0.35234375 0.24166666666666664 0.3484375 0.23333333333333334 0.3359375 0.2347222222222222 0.33359375 0.24305555555555555 0.33515625000000004 0.2583333333333333
1 0.3046875 0.3263888888888889 0.32890625 0.3263888888888889 0.328125 0.3 0.32421875 0.2861111111111111 0.30625 0.2847222222222222 0.30234375 0.2944444444444444 0.3015625 0.3138888888888889 0.3046875 0.3263888888888889
1 0.25312500000000004 0.2222222222222222 0.2546875 0.2125 0.25 0.1986111111111111 0.24140625000000002 0.19583333333333333 0.23828125 0.19999999999999998 0.23828125 0.2236111111111111 0.25312500000000004 0.2222222222222222
1 0.24453125 0.3402777777777778 0.25078125 0.3333333333333333 0.26484375000000004 0.33749999999999997 0.26640625 0.3347222222222222 0.26640625 0.3055555555555556 0.26171875000000006 0.2972222222222222 0.24531250000000002 0.2972222222222222 0.240625 0.3097222222222222 0.24140625000000002 0.3388888888888889 0.24453125 0.3402777777777778
1 0.31328125 0.1902777777777778 0.32265625000000003 0.19166666666666665 0.32109375 0.17916666666666664 0.31171875000000004 0.17777777777777778 0.31093750000000003 0.1847222222222222 0.31328125 0.1902777777777778
1 0.3453125 0.19166666666666665 0.34140625 0.17777777777777778 0.33437500000000003 0.1763888888888889 0.33437500000000003 0.1902777777777778 0.3453125 0.19166666666666665
1 0.2703125 0.2722222222222222 0.2703125 0.2569444444444444 0.2671875 0.2472222222222222 0.25546875 0.2472222222222222 0.25234375000000003 0.25277777777777777 0.25312500000000004 0.2736111111111111 0.2703125 0.2722222222222222
1 0.42031250000000003 0.3722222222222222 0.434375 0.3763888888888889 0.45 0.3708333333333333 0.45 0.3569444444444444 0.43828125 0.3277777777777778 0.42265625 0.3263888888888889 0.4140625 0.3347222222222222 0.4140625 0.3569444444444444 0.42031250000000003 0.3722222222222222
1 0.29296875000000006 0.1902777777777778 0.3015625 0.1875 0.29765625 0.1736111111111111 0.29218750000000004 0.175 0.290625 0.1847222222222222 0.29296875000000006 0.1902777777777778
1 0.34453125 0.1763888888888889 0.34609375000000003 0.1722222222222222 0.34218750000000003 0.1625 0.33828125000000003 0.1611111111111111 0.3359375 0.16527777777777775 0.3375 0.175 0.34453125 0.1763888888888889
1 0.15625 0.3208333333333333 0.1640625 0.31666666666666665 0.178125 0.3180555555555556 0.18359375 0.3069444444444444 0.18203125 0.29027777777777775 0.1765625 0.2847222222222222 0.16015625 0.2861111111111111 0.153125 0.2972222222222222 0.15390625000000002 0.31666666666666665 0.15625 0.3208333333333333
1 0.10546875 0.5930555555555556 0.15703125 0.5847222222222223 0.15937500000000002 0.5666666666666667 0.16875 0.5416666666666666 0.16796875 0.5097222222222222 0.15156250000000002 0.5013888888888889 0.11953125 0.5055555555555555 0.11171875 0.5152777777777777 0.1015625 0.5555555555555556 0.10078125 0.5791666666666666 0.10546875 0.5930555555555556
1 0.25625000000000003 0.1472222222222222 0.25625000000000003 0.1388888888888889 0.25234375000000003 0.13749999999999998 0.25 0.14583333333333334 0.25625000000000003 0.1472222222222222
1 0.37343750000000003 0.28194444444444444 0.39375000000000004 0.2847222222222222 0.39453125 0.2722222222222222 0.38828125 0.25416666666666665 0.3765625 0.2513888888888889 0.37265625 0.25972222222222224 0.37109375 0.27499999999999997 0.37343750000000003 0.28194444444444444
1 0.41015625 0.2847222222222222 0.43203125000000003 0.28194444444444444 0.42265625 0.25277777777777777 0.41015625 0.2513888888888889 0.40546875000000004 0.2611111111111111 0.40546875000000004 0.27499999999999997 0.41015625 0.2847222222222222
1 0.88046875 0.24166666666666664 0.89765625 0.2347222222222222 0.90546875 0.2375 0.909375 0.2472222222222222 0.9203125000000001 0.2472222222222222 0.9304687500000001 0.23194444444444445 0.940625 0.2347222222222222 0.94921875 0.22916666666666666 0.9609375 0.22916666666666666 0.9656250000000001 0.2388888888888889 0.97265625 0.2388888888888889 0.9812500000000001 0.21944444444444444 0.98359375 0.18888888888888888 0.97421875 0.16805555555555554 0.9671875000000001 0.1638888888888889 0.9554687500000001 0.1597222222222222 0.9296875 0.1611111111111111 0.9109375000000001 0.17083333333333334 0.8992187500000001 0.18333333333333335 0.8765625 0.1902777777777778 0.8718750000000001 0.19722222222222222 0.8695312500000001 0.2125 0.86875 0.22777777777777775 0.88046875 0.24166666666666664
1 0.33437500000000003 0.17083333333333334 0.34218750000000003 0.1638888888888889 0.33828125000000003 0.15694444444444444 0.33359375 0.15694444444444444 0.33125000000000004 0.16527777777777775 0.33437500000000003 0.17083333333333334
1 0.27187500000000003 0.1625 0.27265625000000004 0.15 0.26796875000000003 0.15138888888888888 0.26796875000000003 0.1597222222222222 0.27187500000000003 0.1625
1 0.3125 0.16527777777777775 0.31015625 0.15416666666666665 0.30390625000000004 0.15555555555555556 0.30390625000000004 0.16527777777777775 0.3125 0.16527777777777775
1 0.32265625000000003 0.4083333333333333 0.35468750000000004 0.4055555555555555 0.353125 0.3694444444444444 0.34453125 0.35138888888888886 0.3328125 0.3486111111111111 0.32265625000000003 0.3541666666666667 0.3171875 0.3666666666666667 0.32265625000000003 0.4083333333333333
1 0.24453125 0.1722222222222222 0.24296875 0.15694444444444444 0.23593750000000002 0.1597222222222222 0.23593750000000002 0.1722222222222222 0.24453125 0.1722222222222222
5 0.4375 0.6222222222222222 0.45390625 0.6708333333333334 0.45625000000000004 0.6916666666666667 0.46875 0.6986111111111112 0.47734375 0.6986111111111112 0.5125000000000001 0.6888888888888888 0.5140625000000001 0.661111111111111 0.5046875000000001 0.623611111111111 0.5078125000000001 0.6124999999999999 0.49531250000000004 0.5958333333333333 0.48281250000000003 0.5638888888888889 0.45390625 0.5597222222222222 0.43984375000000003 0.5666666666666667 0.43671875000000004 0.5763888888888888 0.43515625 0.5958333333333333 0.4375 0.6222222222222222
1 0.35468750000000004 0.1861111111111111 0.353125 0.175 0.34453125 0.1736111111111111 0.34609375000000003 0.1861111111111111 0.35468750000000004 0.1861111111111111
5 0.44296875 0.4375 0.47187500000000004 0.4347222222222222 0.4734375 0.4222222222222222 0.46953125 0.3958333333333333 0.45937500000000003 0.37916666666666665 0.453125 0.375 0.43984375000000003 0.3763888888888889 0.43281250000000004 0.3805555555555556 0.4296875 0.3902777777777778 0.4296875 0.4069444444444444 0.44296875 0.4375
1 0.36328125 0.2111111111111111 0.37421875000000004 0.2111111111111111 0.37421875000000004 0.20416666666666666 0.37031250000000004 0.19583333333333333 0.36015625 0.19722222222222222 0.359375 0.20277777777777775 0.36328125 0.2111111111111111
1 0.20859375000000002 0.4944444444444444 0.209375 0.5249999999999999 0.21250000000000002 0.5361111111111111 0.25390625000000006 0.5291666666666667 0.25625000000000003 0.5249999999999999 0.25781250000000006 0.46249999999999997 0.24765625000000002 0.45416666666666666 0.2265625 0.4555555555555555 0.21953125 0.4583333333333333 0.21015625000000002 0.4694444444444444 0.21328125 0.4736111111111111 0.20859375000000002 0.4944444444444444
1 0.3203125 0.1722222222222222 0.32734375000000004 0.1722222222222222 0.32734375000000004 0.1625 0.32421875 0.15694444444444444 0.31953125000000004 0.15694444444444444 0.31796875 0.16527777777777775 0.3203125 0.1722222222222222
1 0.35390625000000003 0.04305555555555555 0.35781250000000003 0.05138888888888889 0.37578125 0.05277777777777778 0.38203125000000004 0.04583333333333334 0.38046875 0.03888888888888889 0.37343750000000003 0.030555555555555555 0.35703125 0.030555555555555555 0.35390625000000003 0.03611111111111111 0.35390625000000003 0.04305555555555555
1 0.33828125000000003 0.23194444444444445 0.33828125000000003 0.2222222222222222 0.33437500000000003 0.2152777777777778 0.32578125 0.21666666666666665 0.328125 0.2375 0.33828125000000003 0.23194444444444445
1 0.27265625000000004 0.1763888888888889 0.27343750000000006 0.16666666666666666 0.26875000000000004 0.1625 0.2671875 0.1736111111111111 0.27265625000000004 0.1763888888888889
4 0.45625000000000004 0.3541666666666667 0.48281250000000003 0.35138888888888886 0.48359375000000004 0.33749999999999997 0.4703125 0.3069444444444444 0.4578125 0.3041666666666667 0.44609375 0.3138888888888889 0.4453125 0.3361111111111111 0.45625000000000004 0.3541666666666667
2 0.8343750000000001 0.17777777777777778 0.83359375 0.22083333333333333 0.8265625000000001 0.24444444444444444 0.8132812500000001 0.26249999999999996 0.8109375000000001 0.2833333333333333 0.8140625 0.2875 0.84375 0.2875 0.85703125 0.27638888888888885 0.85546875 0.2513888888888889 0.86640625 0.24444444444444444 0.8523437500000001 0.19999999999999998 0.8500000000000001 0.16805555555555554 0.85546875 0.1597222222222222 0.85703125 0.15 0.8523437500000001 0.12916666666666665 0.8421875000000001 0.125 0.8304687500000001 0.14027777777777775 0.82734375 0.15416666666666665 0.82734375 0.16527777777777775 0.8343750000000001 0.17777777777777778
2 0.06718750000000001 0.3847222222222222 0.06953125 0.4069444444444444 0.09140625000000001 0.4083333333333333 0.08203125 0.35 0.0765625 0.3486111111111111 0.07421875 0.3527777777777778 0.0734375 0.3680555555555556 0.06718750000000001 0.3847222222222222
2 0.49062500000000003 0.13472222222222222 0.49453125000000003 0.12777777777777777 0.49453125000000003 0.12083333333333332 0.4921875 0.1125 0.4890625 0.11388888888888887 0.48828125 0.12916666666666665 0.49062500000000003 0.13472222222222222
2 0.5312500000000001 0.16805555555555554 0.5390625000000001 0.16666666666666666 0.5421875 0.15555555555555556 0.55 0.15694444444444444 0.5484375 0.15 0.5507812500000001 0.15 0.5507812500000001 0.10138888888888888 0.54609375 0.09027777777777778 0.5398437500000001 0.08888888888888889 0.5359375000000001 0.15138888888888888 0.5312500000000001 0.16805555555555554
5 0.33437500000000003 0.2361111111111111 0.33828125000000003 0.23055555555555554 0.33828125000000003 0.2222222222222222 0.33046875000000003 0.20277777777777775 0.32343750000000004 0.2013888888888889 0.32734375000000004 0.2347222222222222 0.33437500000000003 0.2361111111111111
5 0.328125 0.17083333333333334 0.32421875 0.15694444444444444 0.3171875 0.15833333333333333 0.3203125 0.1722222222222222 0.328125 0.17083333333333334
5 0.27187500000000003 0.1611111111111111 0.27265625000000004 0.15138888888888888 0.26796875000000003 0.15138888888888888 0.26796875000000003 0.1597222222222222 0.27187500000000003 0.1611111111111111
5 0.35234375 0.2347222222222222 0.35625 0.23333333333333334 0.359375 0.2236111111111111 0.36484375 0.21944444444444444 0.359375 0.20694444444444443 0.35078125000000004 0.2111111111111111 0.35000000000000003 0.225 0.35234375 0.2347222222222222
0 0.30312500000000003 0.2847222222222222 0.328125 0.2833333333333333 0.33125000000000004 0.2569444444444444 0.325 0.2125 0.32109375 0.19999999999999998 0.3171875 0.19444444444444445 0.30390625000000004 0.19305555555555554 0.29921875000000003 0.19722222222222222 0.296875 0.2125 0.30000000000000004 0.2791666666666667 0.30312500000000003 0.2847222222222222
6 0.07109375000000001 0.4347222222222222 0.12812500000000002 0.4319444444444444 0.13125 0.4263888888888889 0.13281250000000003 0.4125 0.13984375000000002 0.4055555555555555 0.14375000000000002 0.3958333333333333 0.1453125 0.3694444444444444 0.14296875 0.33749999999999997 0.13359375 0.3083333333333333 0.096875 0.3097222222222222 0.08359375000000001 0.31666666666666665 0.06015625 0.3388888888888889 0.06640625000000001 0.4222222222222222 0.07109375000000001 0.4347222222222222