1 0.4109375 0.43888888888888894 0.415625 0.43888888888888894 0.41770833333333335 0.4361111111111111 0.41796875 0.42500000000000004 0.41484375 0.4199074074074074 0.4111979166666667 0.4236111111111111 0.4096354166666667 0.4296296296296297 0.409375 0.4356481481481482 0.4109375 0.43888888888888894
4 0.37265625 0.4416666666666667 0.3799479166666667 0.44120370370370376 0.38203125 0.43842592592592594 0.3838541666666667 0.42870370370370375 0.3802083333333333 0.41898148148148145 0.3765625 0.4199074074074074 0.3731770833333333 0.42453703703703705 0.3705729166666667 0.43472222222222223 0.3703125 0.43888888888888894 0.37265625 0.4416666666666667
1 0.31927083333333334 0.48564814814814816 0.3315104166666667 0.4861111111111111 0.3341145833333333 0.4837962962962963 0.3341145833333333 0.4805555555555556 0.3322916666666667 0.4740740740740741 0.32786458333333335 0.4708333333333333 0.3208333333333333 0.47361111111111115 0.3169270833333333 0.4805555555555556 0.3166666666666667 0.4837962962962963 0.31927083333333334 0.48564814814814816
1 0.3453125 0.5814814814814815 0.35546875 0.5805555555555556 0.36614583333333334 0.5824074074074075 0.37005208333333334 0.5671296296296297 0.3697916666666667 0.5541666666666667 0.3666666666666667 0.5467592592592593 0.3627604166666667 0.5430555555555556 0.35078125 0.5430555555555556 0.34739583333333335 0.5467592592592593 0.3453125 0.5527777777777778 0.34218750000000003 0.5675925925925926 0.34270833333333334 0.5777777777777778 0.3453125 0.5814814814814815
1 0.33437500000000003 0.4819444444444445 0.3411458333333333 0.48148148148148145 0.34270833333333334 0.4791666666666667 0.3440104166666667 0.47361111111111115 0.3440104166666667 0.4671296296296297 0.34296875 0.46342592592592596 0.3380208333333333 0.4587962962962963 0.33489583333333334 0.4587962962962963 0.33125 0.4615740740740741 0.328125 0.4675925925925926 0.32786458333333335 0.47175925925925927 0.33437500000000003 0.4819444444444445
1 0.3489583333333333 0.45462962962962966 0.3557291666666667 0.45648148148148154 0.3580729166666667 0.4532407407407408 0.35911458333333335 0.44537037037037036 0.3565104166666667 0.437962962962963 0.3520833333333333 0.43703703703703706 0.3489583333333333 0.4398148148148148 0.34765625 0.4430555555555556 0.3471354166666667 0.4462962962962963 0.3489583333333333 0.45462962962962966
4 0.3783854166666667 0.47731481481481486 0.3875 0.47731481481481486 0.3911458333333333 0.47361111111111115 0.39140625 0.45925925925925926 0.3901041666666667 0.45277777777777783 0.3877604166666667 0.4513888888888889 0.3815104166666667 0.4518518518518519 0.37890625 0.4555555555555556 0.3776041666666667 0.45972222222222225 0.37734375000000003 0.4740740740740741 0.3783854166666667 0.47731481481481486
5 0.25677083333333334 0.8486111111111112 0.2578125 0.852314814814815 0.26067708333333334 0.8555555555555556 0.2830729166666667 0.8592592592592594 0.2955729166666667 0.8592592592592594 0.30078125 0.8560185185185185 0.30390625 0.850925925925926 0.3057291666666667 0.8453703703703704 0.30755208333333334 0.826851851851852 0.31640625 0.7935185185185185 0.3169270833333333 0.789814814814815 0.31536458333333334 0.7611111111111112 0.3140625 0.7587962962962963 0.30442708333333335 0.7550925925925926 0.2903645833333333 0.7532407407407408 0.2799479166666667 0.7555555555555556 0.2713541666666667 0.7615740740740741 0.2690104166666667 0.7657407407407407 0.26197916666666665 0.7935185185185185 0.2557291666666667 0.826851851851852 0.25546874999999997 0.8356481481481481 0.25677083333333334 0.8486111111111112
1 0.4424479166666667 0.48935185185185187 0.4541666666666667 0.4902777777777778 0.4565104166666667 0.48888888888888893 0.4572916666666667 0.47500000000000003 0.45546875000000003 0.4671296296296297 0.4533854166666667 0.46296296296296297 0.4497395833333333 0.46111111111111114 0.4453125 0.4625 0.4427083333333333 0.46620370370370373 0.4419270833333333 0.4703703703703704 0.4416666666666667 0.487962962962963 0.4424479166666667 0.48935185185185187
1 0.2109375 0.7412037037037038 0.21328125 0.7462962962962963 0.21744791666666666 0.7476851851851852 0.24453125 0.7495370370370371 0.24661458333333336 0.7458333333333335 0.25026041666666665 0.7305555555555556 0.2557291666666667 0.7240740740740741 0.2596354166666667 0.7171296296296297 0.26145833333333335 0.7074074074074075 0.26171875 0.6972222222222222 0.2596354166666667 0.6851851851851852 0.2520833333333333 0.6787037037037037 0.24557291666666667 0.675 0.22682291666666665 0.6726851851851853 0.21953125 0.6782407407407407 0.21666666666666667 0.6833333333333333 0.21197916666666666 0.6953703703703704 0.20989583333333334 0.7050925925925926 0.20989583333333334 0.7333333333333334 0.2109375 0.7412037037037038
1 0.35781250000000003 0.5240740740740741 0.3731770833333333 0.5240740740740741 0.3752604166666667 0.5222222222222223 0.3760416666666667 0.5189814814814815 0.3765625 0.5069444444444444 0.371875 0.49537037037037035 0.3697916666666667 0.4935185185185186 0.36614583333333334 0.4930555555555556 0.3627604166666667 0.4944444444444445 0.3596354166666667 0.4981481481481482 0.3565104166666667 0.5120370370370371 0.3565104166666667 0.5222222222222223 0.35781250000000003 0.5240740740740741
1 0.3359375 0.4587962962962963 0.3393229166666667 0.4601851851851852 0.3450520833333333 0.4694444444444445 0.3489583333333333 0.46620370370370373 0.3497395833333333 0.45509259259259266 0.346875 0.4476851851851852 0.34453125 0.4462962962962963 0.3385416666666667 0.4481481481481482 0.33515625 0.4532407407407408 0.33489583333333334 0.45694444444444443 0.3359375 0.4587962962962963
4 0.35911458333333335 0.47175925925925927 0.3697916666666667 0.47175925925925927 0.37109375 0.4703703703703704 0.3721354166666667 0.46620370370370373 0.3723958333333333 0.45925925925925926 0.3716145833333333 0.45277777777777783 0.36953125000000003 0.4481481481481482 0.36692708333333335 0.44675925925925924 0.36223958333333334 0.44722222222222224 0.3598958333333333 0.44907407407407407 0.35833333333333334 0.4537037037037037 0.3575520833333333 0.4601851851851852 0.3572916666666667 0.4671296296296297 0.35911458333333335 0.47175925925925927
1 0.453125 0.43842592592592594 0.46015625 0.4402777777777778 0.46380208333333334 0.4356481481481482 0.46328125000000003 0.42592592592592593 0.46015625 0.4175925925925926 0.4552083333333333 0.41851851851851857 0.453125 0.4212962962962963 0.45208333333333334 0.42638888888888893 0.4518229166666667 0.4356481481481482 0.453125 0.43842592592592594
6 0.390625 0.4486111111111111 0.3979166666666667 0.4486111111111111 0.4010416666666667 0.44537037037037036 0.4010416666666667 0.4314814814814815 0.3994791666666667 0.4240740740740741 0.3940104166666667 0.4222222222222222 0.3901041666666667 0.4240740740740741 0.3885416666666667 0.42870370370370375 0.3885416666666667 0.4416666666666667 0.390625 0.4486111111111111
1 0.20807291666666666 0.6574074074074074 0.20989583333333334 0.6597222222222222 0.22109375 0.6615740740740741 0.23723958333333334 0.6597222222222222 0.24244791666666665 0.6486111111111111 0.24817708333333335 0.6435185185185185 0.25026041666666665 0.639814814814815 0.25156249999999997 0.6324074074074074 0.25156249999999997 0.6162037037037037 0.24609375 0.6125 0.23515625 0.6092592592592593 0.22708333333333336 0.6097222222222223 0.22057291666666667 0.6120370370370372 0.2171875 0.6157407407407407 0.21354166666666666 0.6226851851851852 0.20677083333333335 0.6407407407407407 0.20703125 0.6532407407407407 0.20807291666666666 0.6574074074074074
1 0.5205729166666667 0.5393518518518519 0.5257812500000001 0.5486111111111112 0.5315104166666667 0.5467592592592593 0.54453125 0.5486111111111112 0.5463541666666667 0.5467592592592593 0.5476562500000001 0.5361111111111112 0.5450520833333333 0.5189814814814815 0.5375000000000001 0.5046296296296297 0.5302083333333334 0.5018518518518519 0.5244791666666667 0.5027777777777778 0.5216145833333333 0.5055555555555555 0.51953125 0.5152777777777778 0.51953125 0.5347222222222222 0.5205729166666667 0.5393518518518519
1 0.35234375 0.43703703703703706 0.3572916666666667 0.44074074074074077 0.359375 0.44583333333333336 0.3604166666666667 0.4435185185185186 0.3627604166666667 0.44212962962962965 0.36302083333333335 0.4319444444444445 0.359375 0.42592592592592593 0.3549479166666667 0.42685185185185187 0.3518229166666667 0.43287037037037035 0.3515625 0.4356481481481482 0.35234375 0.43703703703703706
1 0.4010416666666667 0.4967592592592593 0.4072916666666667 0.49537037037037035 0.41484375 0.49583333333333335 0.4158854166666667 0.4935185185185186 0.4161458333333333 0.4842592592592593 0.4151041666666667 0.4763888888888889 0.4145833333333333 0.4740740740740741 0.4114583333333333 0.4699074074074074 0.40390625 0.4703703703703704 0.4005208333333333 0.47500000000000003 0.3989583333333333 0.4800925925925926 0.39921875 0.4921296296296297 0.4010416666666667 0.4967592592592593
5 0.4455729166666667 0.5824074074074075 0.44609375 0.5861111111111111 0.4473958333333333 0.588425925925926 0.4549479166666667 0.5898148148148148 0.4705729166666667 0.5888888888888889 0.47161458333333334 0.5800925925925926 0.47109375000000003 0.5662037037037038 0.471875 0.5606481481481482 0.46848958333333335 0.5546296296296297 0.4651041666666667 0.5453703703703704 0.4619791666666667 0.5430555555555556 0.4526041666666667 0.5430555555555556 0.45 0.5444444444444445 0.4453125 0.5574074074074075 0.4447916666666667 0.5675925925925926 0.4455729166666667 0.5824074074074075
1 0.4611979166666667 0.4652777777777778 0.4658854166666667 0.46620370370370373 0.4744791666666667 0.46481481481481485 0.4752604166666667 0.4601851851851852 0.47500000000000003 0.4532407407407408 0.471875 0.44259259259259265 0.4703125 0.4402777777777778 0.4674479166666667 0.43888888888888894 0.4627604166666667 0.4393518518518519 0.4609375 0.44259259259259265 0.4596354166666667 0.4481481481481482 0.45937500000000003 0.45972222222222225 0.4611979166666667 0.4652777777777778
1 0.3486979166666667 0.7967592592592594 0.35052083333333334 0.8 0.35520833333333335 0.8023148148148148 0.36328125 0.8037037037037038 0.3783854166666667 0.8037037037037038 0.390625 0.8 0.3940104166666667 0.7949074074074075 0.3950520833333333 0.7870370370370371 0.3966145833333333 0.7689814814814816 0.39687500000000003 0.7444444444444445 0.3979166666666667 0.7407407407407407 0.3984375 0.7231481481481482 0.3963541666666667 0.7171296296296297 0.39453125 0.7148148148148148 0.3875 0.7111111111111112 0.3744791666666667 0.7097222222222223 0.3604166666666667 0.7129629629629629 0.3528645833333333 0.727314814814815 0.3489583333333333 0.7504629629629631 0.3479166666666667 0.7615740740740741 0.34765625 0.7893518518518519 0.3486979166666667 0.7967592592592594
0 0.2864583333333333 0.5833333333333334 0.2890625 0.5851851851851853 0.29661458333333335 0.5861111111111111 0.3119791666666667 0.5851851851851853 0.31796875 0.5865740740740741 0.3223958333333333 0.5819444444444445 0.3286458333333333 0.5699074074074074 0.33177083333333335 0.5625 0.33359375 0.5537037037037037 0.33828125000000003 0.5472222222222223 0.340625 0.538425925925926 0.3419270833333333 0.5300925925925926 0.3419270833333333 0.5231481481481481 0.33984375 0.49074074074074076 0.33828125000000003 0.48750000000000004 0.33567708333333335 0.4861111111111111 0.3169270833333333 0.4861111111111111 0.31484375000000003 0.48750000000000004 0.3046875 0.4976851851851852 0.2981770833333333 0.5074074074074074 0.2885416666666667 0.5185185185185185 0.28619791666666666 0.5226851851851853 0.28515625 0.5282407407407408 0.28489583333333335 0.5481481481481482 0.2864583333333333 0.5833333333333334
6 0.5947916666666666 0.6537037037037038 0.5989583333333334 0.6726851851851853 0.60546875 0.6805555555555556 0.6065104166666666 0.7060185185185185 0.6091145833333333 0.7125 0.61171875 0.713888888888889 0.6135416666666667 0.713425925925926 0.6161458333333334 0.7083333333333334 0.6236979166666666 0.7199074074074074 0.63984375 0.7495370370370371 0.6411458333333334 0.7546296296296297 0.6411458333333334 0.7583333333333334 0.646875 0.7671296296296297 0.6492187500000001 0.7824074074074074 0.6510416666666666 0.7888888888888889 0.6544270833333334 0.7916666666666666 0.6598958333333333 0.7875000000000001 0.6726562500000001 0.7888888888888889 0.6916666666666667 0.7851851851851853 0.7059895833333334 0.7800925925925926 0.709375 0.7754629629629629 0.7106770833333333 0.7657407407407407 0.7119791666666666 0.7291666666666666 0.71015625 0.6976851851851853 0.709375 0.6925925925925925 0.7059895833333334 0.6824074074074075 0.7036458333333334 0.6476851851851853 0.7002604166666666 0.6314814814814815 0.6963541666666666 0.6217592592592593 0.678125 0.6027777777777779 0.6479166666666667 0.5666666666666667 0.6411458333333334 0.5597222222222222 0.6369791666666667 0.5583333333333333 0.6036458333333334 0.5597222222222222 0.5981770833333334 0.5620370370370371 0.59609375 0.5671296296296297 0.5942708333333334 0.6171296296296297 0.5940104166666667 0.6425925925925926 0.5947916666666666 0.6537037037037038
6 0.3893229166666667 0.4157407407407408 0.39036458333333335 0.4175925925925926 0.3986979166666667 0.4166666666666667 0.4002604166666667 0.41203703703703703 0.4 0.40370370370370373 0.4010416666666667 0.38981481481481484 0.39739583333333334 0.38287037037037036 0.390625 0.38657407407407407 0.38906250000000003 0.39027777777777783 0.3885416666666667 0.3990740740740741 0.3893229166666667 0.4157407407407408