8 0.41796875 0.4972222222222222 0.41875 0.4847222222222222 0.415625 0.4694444444444444 0.40625 0.4652777777777778 0.40390625 0.4708333333333333 0.40390625 0.4972222222222222 0.41796875 0.4972222222222222
8 0.42890625000000004 0.49027777777777776 0.44296875 0.4888888888888889 0.44375000000000003 0.4736111111111111 0.44140625 0.46249999999999997 0.43671875000000004 0.45694444444444443 0.42734375 0.4583333333333333 0.4265625 0.4861111111111111 0.42890625000000004 0.49027777777777776
8 0.375 0.4611111111111111 0.384375 0.4583333333333333 0.38125000000000003 0.44166666666666665 0.3765625 0.44027777777777777 0.37265625 0.4458333333333333 0.37265625 0.45694444444444443 0.375 0.4611111111111111
1 0.4703125 0.6805555555555556 0.48750000000000004 0.6736111111111112 0.5015625 0.6791666666666666 0.503125 0.6555555555555556 0.49921875000000004 0.6375 0.5 0.6291666666666667 0.48750000000000004 0.6055555555555555 0.47734375 0.598611111111111 0.46718750000000003 0.598611111111111 0.4625 0.6013888888888889 0.45937500000000003 0.6111111111111112 0.45937500000000003 0.6527777777777778 0.4703125 0.6805555555555556
1 0.35703125 0.4791666666666667 0.35546875 0.46249999999999997 0.34609375000000003 0.46249999999999997 0.34375 0.4680555555555555 0.34375 0.4819444444444444 0.35703125 0.4791666666666667
1 0.41953125 0.4638888888888889 0.41718750000000004 0.44861111111111107 0.40625 0.45 0.40703125 0.4638888888888889 0.41953125 0.4638888888888889
1 0.40468750000000003 0.41388888888888886 0.403125 0.4069444444444444 0.3984375 0.4055555555555555 0.3984375 0.4152777777777778 0.40468750000000003 0.41388888888888886
1 0.34375 0.4097222222222222 0.3453125 0.39999999999999997 0.340625 0.3986111111111111 0.33828125000000003 0.4097222222222222 0.34375 0.4097222222222222
5 0.63203125 0.8861111111111112 0.6359375 0.8930555555555556 0.64375 0.8972222222222221 0.6625000000000001 0.9291666666666666 0.66796875 0.9541666666666666 0.6820312500000001 0.9625 0.6976562500000001 0.9652777777777778 0.721875 0.9625 0.73046875 0.9541666666666666 0.73046875 0.9166666666666666 0.7171875000000001 0.8875 0.71640625 0.873611111111111 0.71015625 0.8694444444444444 0.68515625 0.8263888888888888 0.675 0.8194444444444444 0.6515625 0.8166666666666667 0.634375 0.8208333333333333 0.62890625 0.8319444444444444 0.628125 0.8583333333333334 0.63203125 0.8861111111111112
1 0.35546875 0.4291666666666667 0.35625 0.41805555555555557 0.35390625000000003 0.4125 0.3484375 0.41388888888888886 0.34687500000000004 0.4194444444444444 0.34609375000000003 0.42777777777777776 0.35546875 0.4291666666666667
1 0.465625 0.4875 0.46640625 0.4791666666666667 0.46328125000000003 0.4708333333333333 0.4578125 0.4666666666666667 0.45078125 0.4694444444444444 0.45078125 0.4875 0.465625 0.4875
1 0.1875 0.6083333333333334 0.20859375000000002 0.6069444444444444 0.21796875000000002 0.5944444444444444 0.21875 0.5874999999999999 0.21328125 0.5708333333333333 0.19375 0.5694444444444444 0.18906250000000002 0.5736111111111111 0.18359375 0.5888888888888888 0.18359375 0.6055555555555555 0.1875 0.6083333333333334
1 0.209375 0.6569444444444444 0.21328125 0.6513888888888888 0.23515625 0.6527777777777778 0.24375000000000002 0.6333333333333333 0.24453125 0.6166666666666666 0.2421875 0.6097222222222222 0.23359375000000002 0.6041666666666666 0.21796875000000002 0.6055555555555555 0.20625000000000002 0.6277777777777778 0.20546875 0.6472222222222221 0.209375 0.6569444444444444
4 0.6296875000000001 0.7319444444444444 0.63984375 0.7361111111111112 0.65390625 0.7513888888888888 0.6578125 0.7722222222222221 0.6625000000000001 0.775 0.6726562500000001 0.7666666666666666 0.6921875000000001 0.7666666666666666 0.6976562500000001 0.7722222222222221 0.70234375 0.7680555555555556 0.7039062500000001 0.7347222222222222 0.6937500000000001 0.7166666666666666 0.6937500000000001 0.7055555555555556 0.6882812500000001 0.7013888888888888 0.6796875 0.6833333333333333 0.6609375000000001 0.6694444444444444 0.6265625 0.6763888888888888 0.6257812500000001 0.7 0.6296875000000001 0.7319444444444444
1 0.38359375 0.4152777777777778 0.3828125 0.4069444444444444 0.37812500000000004 0.4083333333333333 0.37734375000000003 0.4166666666666667 0.38359375 0.4152777777777778
1 0.34140625 0.4236111111111111 0.33828125000000003 0.41388888888888886 0.33359375 0.4166666666666667 0.33359375 0.4263888888888889 0.34140625 0.4236111111111111
1 0.32421875 0.6847222222222222 0.340625 0.6763888888888888 0.35546875 0.6777777777777778 0.35468750000000004 0.6305555555555555 0.3484375 0.6263888888888888 0.33046875000000003 0.6277777777777778 0.32343750000000004 0.6402777777777777 0.321875 0.6791666666666666 0.32421875 0.6847222222222222
1 0.3515625 0.5083333333333333 0.3515625 0.4944444444444444 0.3484375 0.4861111111111111 0.33906250000000004 0.4833333333333333 0.33437500000000003 0.49027777777777776 0.33515625000000004 0.5125000000000001 0.3515625 0.5083333333333333
1 0.4078125 0.7041666666666666 0.44609375 0.7013888888888888 0.446875 0.6763888888888888 0.44375000000000003 0.6597222222222222 0.446875 0.6541666666666666 0.44140625 0.6486111111111111 0.43359375 0.6222222222222222 0.40937500000000004 0.6208333333333333 0.403125 0.6458333333333334 0.403125 0.6819444444444444 0.4078125 0.7041666666666666
1 0.2703125 0.6847222222222222 0.28671875 0.6888888888888888 0.29375 0.6638888888888889 0.29296875000000006 0.6388888888888888 0.28359375000000003 0.6277777777777778 0.2625 0.6319444444444444 0.2546875 0.6597222222222222 0.25546875 0.6902777777777778 0.2703125 0.6847222222222222
1 0.39765625000000004 0.4361111111111111 0.3953125 0.4236111111111111 0.3875 0.4222222222222222 0.3875 0.4375 0.39765625000000004 0.4361111111111111
1 0.27578125000000003 0.5555555555555556 0.27734375000000006 0.5291666666666667 0.27343750000000006 0.5152777777777777 0.25703125000000004 0.5180555555555555 0.2515625 0.5236111111111111 0.25234375000000003 0.561111111111111 0.27578125000000003 0.5555555555555556
1 0.37343750000000003 0.4597222222222222 0.384375 0.4583333333333333 0.38359375 0.4444444444444444 0.38046875 0.44027777777777777 0.37421875000000004 0.4430555555555556 0.371875 0.4472222222222222 0.37343750000000003 0.4597222222222222
1 0.39140625 0.4791666666666667 0.38984375000000004 0.46249999999999997 0.3765625 0.4638888888888889 0.3765625 0.48055555555555557 0.39140625 0.4791666666666667
1 0.278125 0.5249999999999999 0.29218750000000004 0.5222222222222223 0.29218750000000004 0.5013888888888889 0.2859375 0.4972222222222222 0.27421875 0.5 0.2703125 0.5111111111111111 0.278125 0.5249999999999999
1 0.3359375 0.4597222222222222 0.33515625000000004 0.44166666666666665 0.32421875 0.4430555555555556 0.32421875 0.4583333333333333 0.3359375 0.4597222222222222
5 0.5179687500000001 0.661111111111111 0.5484375 0.6597222222222222 0.5468750000000001 0.6319444444444444 0.534375 0.6083333333333334 0.51484375 0.6069444444444444 0.5085937500000001 0.6138888888888888 0.5078125000000001 0.6375 0.5179687500000001 0.661111111111111
1 0.38046875 0.4388888888888889 0.37890625 0.4263888888888889 0.37031250000000004 0.425 0.37031250000000004 0.4430555555555556 0.38046875 0.4388888888888889
1 0.33437500000000003 0.4777777777777778 0.3328125 0.4652777777777778 0.32890625 0.4597222222222222 0.32265625000000003 0.4597222222222222 0.31875000000000003 0.4666666666666667 0.31953125000000004 0.48055555555555557 0.33437500000000003 0.4777777777777778
5 0.037500000000000006 0.9861111111111112 0.08750000000000001 0.9777777777777777 0.1078125 0.9652777777777778 0.11171875 0.9402777777777778 0.1234375 0.9138888888888889 0.13515625 0.8986111111111111 0.13515625 0.8555555555555555 0.12812500000000002 0.8513888888888889 0.10859375 0.8513888888888889 0.06953125 0.8638888888888888 0.05625 0.8861111111111112 0.034375 0.9458333333333333 0.033593750000000006 0.9763888888888889 0.037500000000000006 0.9861111111111112
1 0.45156250000000003 0.5319444444444444 0.47187500000000004 0.5291666666666667 0.47109375000000003 0.5125000000000001 0.46640625 0.5 0.45546875000000003 0.4972222222222222 0.44921875 0.5013888888888889 0.44843750000000004 0.5236111111111111 0.45156250000000003 0.5319444444444444
1 0.37343750000000003 0.41805555555555557 0.37265625 0.4069444444444444 0.36796875 0.4069444444444444 0.36796875 0.4166666666666667 0.37343750000000003 0.41805555555555557
1 0.5109375 0.7999999999999999 0.51484375 0.8166666666666667 0.5531250000000001 0.8152777777777778 0.55625 0.811111111111111 0.55625 0.7819444444444444 0.5515625000000001 0.7666666666666666 0.55390625 0.7583333333333333 0.5468750000000001 0.75 0.53671875 0.723611111111111 0.52890625 0.7152777777777778 0.5140625000000001 0.7152777777777778 0.5078125000000001 0.7194444444444444 0.5015625 0.7361111111111112 0.5 0.7736111111111111 0.5109375 0.7999999999999999
1 0.42421875000000003 0.5333333333333333 0.4375 0.5333333333333333 0.43671875000000004 0.5138888888888888 0.43281250000000004 0.5027777777777778 0.421875 0.5 0.41640625000000003 0.5111111111111111 0.41796875 0.5375 0.42421875000000003 0.5333333333333333
1 0.42890625000000004 0.44166666666666665 0.42734375 0.4291666666666667 0.42031250000000003 0.4291666666666667 0.41796875 0.44166666666666665 0.42890625000000004 0.44166666666666665
1 0.35546875 0.4555555555555555 0.35625 0.4361111111111111 0.35234375 0.4305555555555556 0.34609375000000003 0.4319444444444444 0.3453125 0.4527777777777778 0.35546875 0.4555555555555555
6 0.3328125 0.4097222222222222 0.3359375 0.4027777777777778 0.33515625000000004 0.39166666666666666 0.325 0.3902777777777778 0.325 0.4097222222222222 0.3328125 0.4097222222222222
6 0.3046875 0.4819444444444444 0.30703125000000003 0.4736111111111111 0.30703125000000003 0.4430555555555556 0.3046875 0.4333333333333333 0.28984375 0.4333333333333333 0.2859375 0.44166666666666665 0.28515625000000006 0.48055555555555557 0.3046875 0.4819444444444444
6 0.45234375000000004 0.9 0.4578125 0.9097222222222222 0.46406250000000004 0.9402777777777778 0.46796875000000004 0.9874999999999999 0.49296875 0.9902777777777778 0.5273437500000001 0.9819444444444444 0.5320312500000001 0.973611111111111 0.5328125 0.9597222222222221 0.5320312500000001 0.9402777777777778 0.52265625 0.9 0.52265625 0.8916666666666666 0.5273437500000001 0.8819444444444444 0.5171875 0.875 0.49921875000000004 0.8138888888888888 0.4890625 0.811111111111111 0.45625000000000004 0.8152777777777778 0.45 0.8222222222222222 0.44921875 0.8527777777777777 0.45234375000000004 0.9