5 0.003696236559139785 0.5065524193548387 0.00571236559139785 0.5078125 0.012096774193548388 0.5090725806451613 0.024193548387096777 0.5103326612903226 0.03225806451612904 0.5093245967741935 0.037298387096774195 0.5100806451612903 0.046706989247311835 0.5090725806451613 0.04704301075268818 0.5052923387096774 0.06754032258064517 0.5035282258064516 0.06888440860215055 0.5012600806451613 0.07459677419354839 0.49823588709677424 0.07728494623655914 0.49470766129032256 0.08266129032258064 0.4944556451612903 0.08467741935483872 0.49798387096774194 0.0907258064516129 0.5005040322580645 0.0974462365591398 0.5073084677419355 0.0997983870967742 0.5085685483870968 0.12701612903225806 0.5042842741935484 0.1478494623655914 0.5032762096774194 0.15087365591397853 0.5012600806451613 0.15423387096774197 0.5005040322580645 0.15826612903225806 0.5025201612903226 0.16129032258064518 0.5005040322580645 0.16196236559139784 0.49747983870967744 0.16868279569892475 0.4891633064516129 0.17103494623655915 0.48336693548387094 0.17506720430107528 0.4813508064516129 0.17876344086021506 0.4813508064516129 0.18077956989247315 0.48286290322580644 0.18548387096774197 0.49117943548387094 0.19254032258064518 0.4967237903225807 0.19623655913978497 0.4969758064516129 0.20060483870967744 0.4944556451612903 0.20295698924731184 0.49117943548387094 0.20362903225806453 0.4879032258064516 0.20295698924731184 0.4821068548387097 0.20026881720430106 0.47631048387096775 0.19522849462365593 0.4720262096774193 0.18918010752688175 0.4690020161290323 0.17237903225806453 0.4652217741935484 0.15893817204301078 0.4659778225806452 0.15423387096774197 0.4649697580645161 0.13844086021505378 0.4639616935483871 0.12533602150537634 0.45992943548387094 0.11155913978494623 0.4576612903225807 0.09543010752688172 0.4579133064516129 0.08803763440860214 0.45917338709677424 0.08266129032258064 0.46169354838709675 0.07661290322580647 0.46018145161290325 0.07090053763440861 0.46018145161290325 0.05309139784946237 0.4632056451612903 0.050067204301075266 0.4652217741935484 0.04334677419354839 0.4664818548387097 0.030577956989247316 0.4720262096774193 0.02352150537634409 0.4735383064516129 0.017809139784946238 0.4760584677419355 0.007728494623655914 0.47807459677419356 0.004368279569892474 0.4800907258064516 0.002688172043010753 0.48538306451612906 0.0023521505376344087 0.5025201612903226 0.003696236559139785 0.5065524193548387
1 0.6612903225806451 0.3331653225806452 0.6646505376344086 0.3336693548387097 0.6680107526881721 0.3326612903225807 0.6821236559139785 0.3326612903225807 0.6891801075268817 0.33467741935483875 0.6925403225806451 0.33392137096774194 0.694220430107527 0.32106854838709675 0.6911962365591399 0.3175403225806452 0.6901881720430109 0.31426411290322576 0.6861559139784946 0.31098790322580644 0.6854838709677419 0.3089717741935484 0.6784274193548389 0.3092237903225807 0.6653225806451614 0.3125 0.6609543010752689 0.31779233870967744 0.6599462365591399 0.32106854838709675 0.6592741935483871 0.328125 0.6612903225806451 0.3331653225806452
1 0 0.5682963709677419 0.005376344086021506 0.5680443548387097 0.017473118279569894 0.5647681451612903 0.036290322580645164 0.563508064516129 0.042002688172043015 0.5622479838709677 0.046706989247311835 0.5630040322580645 0.051075268817204304 0.5650201612903226 0.059475806451612906 0.5665322580645161 0.07123655913978495 0.5655241935483871 0.07526881720430108 0.5645161290322581 0.08467741935483872 0.5579637096774194 0.10349462365591398 0.5544354838709677 0.1105510752688172 0.5504032258064516 0.11223118279569892 0.5438508064516129 0.11155913978494623 0.5294858870967742 0.10584677419354839 0.5221774193548387 0.10215053763440861 0.5226814516129032 0.09643817204301076 0.5189012096774194 0.07493279569892473 0.5133568548387097 0.05443548387096775 0.5123487903225806 0.04973118279569893 0.5133568548387097 0.02856182795698925 0.5126008064516129 0.014112903225806453 0.5100806451612903 0.00403225806451613 0.5095766129032258 0 0.5103326612903226 0 0.5682963709677419
1 0.6300403225806451 0.4095262096774193 0.6276881720430109 0.4178427419354839 0.6280241935483871 0.42263104838709675 0.6300403225806451 0.4259072580645161 0.6485215053763441 0.4259072580645161 0.6549059139784946 0.4269153225806452 0.6646505376344086 0.4264112903225807 0.6693548387096775 0.42867943548387094 0.6774193548387097 0.43649193548387094 0.6827956989247312 0.43674395161290325 0.6854838709677419 0.43548387096774194 0.6895161290322581 0.42817540322580644 0.6908602150537635 0.4223790322580645 0.6908602150537635 0.4145665322580645 0.6895161290322581 0.40877016129032256 0.6895161290322581 0.40095766129032256 0.6871639784946237 0.39717741935483875 0.6821236559139785 0.3928931451612903 0.6787634408602151 0.39213709677419356 0.657258064516129 0.39264112903225806 0.6505376344086022 0.3946572580645161 0.6438172043010753 0.3954133064516129 0.6391129032258065 0.39742943548387094 0.6367607526881721 0.39944556451612906 0.6330645161290323 0.39919354838709675 0.6297043010752689 0.40045362903225806 0.6330645161290323 0.40372983870967744 0.6300403225806451 0.4095262096774193
1 0.7358870967741936 0.4795866935483871 0.7395833333333334 0.4848790322580645 0.7405913978494624 0.4881552419354839 0.7409274193548389 0.49470766129032256 0.739247311827957 0.5025201612903226 0.7412634408602151 0.5083165322580645 0.7446236559139785 0.5103326612903226 0.7486559139784946 0.5110887096774194 0.7668010752688174 0.5126008064516129 0.7681451612903226 0.5115927419354839 0.7688172043010753 0.5080645161290323 0.7644489247311829 0.4795866935483871 0.7647849462365592 0.46774193548387094 0.7674731182795699 0.45841733870967744 0.7668010752688174 0.45488911290322576 0.7631048387096775 0.4536290322580645 0.751008064516129 0.4536290322580645 0.738239247311828 0.45488911290322576 0.7331989247311829 0.45892137096774194 0.7318548387096775 0.46244959677419356 0.7325268817204302 0.4768145161290323 0.7358870967741936 0.4795866935483871
1 0.6058467741935485 0.4692540322580645 0.6125672043010753 0.4692540322580645 0.6196236559139785 0.47076612903225806 0.6367607526881721 0.4692540322580645 0.6431451612903226 0.46975806451612906 0.6545698924731184 0.4725302419354839 0.657258064516129 0.47479838709677424 0.6606182795698926 0.4760584677419355 0.6646505376344086 0.4795866935483871 0.6676747311827957 0.4805947580645161 0.6696908602150538 0.4803427419354839 0.6717069892473119 0.4795866935483871 0.6730510752688171 0.47782258064516125 0.6760752688172043 0.4717741935483871 0.6760752688172043 0.4647177419354839 0.6787634408602151 0.4498487903225807 0.6787634408602151 0.4453125 0.6764112903225807 0.43876008064516125 0.6706989247311829 0.43119959677419356 0.664986559139785 0.4266633064516129 0.6391129032258065 0.4266633064516129 0.6263440860215055 0.42792338709677424 0.6199596774193549 0.4301915322580645 0.6159274193548389 0.43497983870967744 0.6092069892473119 0.4369959677419355 0.6085349462365592 0.43926411290322576 0.6115591397849462 0.4415322580645161 0.6118951612903226 0.44279233870967744 0.6088709677419355 0.4455645161290323 0.6048387096774194 0.4581653225806452 0.6045026881720431 0.46723790322580644 0.6058467741935485 0.4692540322580645
1 0.20060483870967744 0.7729334677419355 0.20228494623655915 0.7764616935483871 0.20967741935483875 0.7797379032258065 0.21706989247311828 0.7792338709677419 0.23051075268817206 0.7807459677419355 0.23454301075268819 0.7804939516129032 0.24462365591397853 0.7832661290322581 0.25336021505376344 0.7827620967741935 0.26310483870967744 0.7837701612903225 0.2711693548387097 0.7815020161290323 0.28259408602150543 0.7830141129032258 0.2893145161290323 0.780241935483871 0.2953629032258065 0.7792338709677419 0.30813172043010756 0.7784778225806451 0.31888440860215056 0.7794858870967742 0.32795698924731187 0.7792338709677419 0.3350134408602151 0.7767137096774194 0.3420698924731183 0.7694052419354839 0.3487903225806452 0.7699092741935485 0.35215053763440857 0.7638608870967742 0.35383064516129037 0.7575604838709677 0.35618279569892475 0.7547883064516129 0.35954301075268824 0.7452116935483871 0.3598790322580645 0.734375 0.3625672043010753 0.7303427419354839 0.3649193548387097 0.7232862903225806 0.3743279569892473 0.7069052419354839 0.37869623655913975 0.694304435483871 0.3817204301075269 0.6900201612903225 0.3877688172043011 0.6867439516129032 0.39045698924731187 0.6839717741935485 0.3928091397849463 0.6779233870967742 0.3938172043010753 0.672883064516129 0.3938172043010753 0.6620463709677419 0.3914650537634409 0.6471774193548386 0.38743279569892475 0.6365927419354839 0.3840725806451613 0.6325604838709677 0.37701612903225806 0.6287802419354839 0.3733198924731183 0.6257560483870968 0.37163978494623656 0.6255040322580646 0.3645833333333333 0.6262600806451614 0.35013440860215056 0.6244959677419355 0.3316532258064516 0.6234879032258065 0.31384408602150543 0.6244959677419355 0.2795698924731183 0.6285282258064515 0.27284946236559143 0.6313004032258065 0.26545698924731187 0.6378528225806451 0.25571236559139787 0.640625 0.24798387096774197 0.6461693548387096 0.24092741935483875 0.6461693548387096 0.23655913978494625 0.6471774193548386 0.23387096774193553 0.6491935483870968 0.23286290322580647 0.6512096774193549 0.23420698924731184 0.6542338709677419 0.239247311827957 0.65625 0.239247311827957 0.6595262096774194 0.22547043010752688 0.6829637096774194 0.22278225806451615 0.6859879032258065 0.2163978494623656 0.6983366935483871 0.20934139784946237 0.7074092741935485 0.20631720430107528 0.709929435483871 0.197244623655914 0.7237903225806451 0.19556451612903225 0.7278225806451614 0.1948924731182796 0.7356350806451614 0.19522849462365593 0.7487399193548386 0.20060483870967744 0.7729334677419355
5 0.4274193548387097 0.5665322580645161 0.42842741935483875 0.5798891129032258 0.42943548387096775 0.5819052419354839 0.4321236559139785 0.5839213709677419 0.4375 0.5851814516129032 0.46572580645161293 0.5864415322580645 0.4912634408602151 0.5859375 0.4932795698924732 0.5846774193548387 0.5026881720430109 0.5715725806451613 0.5077284946236559 0.561491935483871 0.5110887096774194 0.5589717741935484 0.5154569892473119 0.5577116935483871 0.519489247311828 0.5587197580645161 0.5215053763440861 0.5602318548387097 0.5238575268817205 0.5637600806451613 0.5238575268817205 0.5710685483870968 0.5258736559139785 0.5733366935483871 0.529233870967742 0.5735887096774194 0.5312500000000001 0.5655241935483871 0.5362903225806451 0.5546875 0.5383064516129032 0.5463709677419355 0.5440188172043011 0.5365423387096774 0.5456989247311829 0.5118447580645161 0.5430107526881721 0.508820564516129 0.5362903225806451 0.506804435483871 0.5120967741935485 0.5045362903225806 0.5043682795698925 0.5042842741935484 0.49260752688172044 0.5057963709677419 0.47043010752688175 0.5052923387096774 0.45967741935483875 0.506804435483871 0.45497311827956993 0.5103326612903226 0.4516129032258065 0.5143649193548387 0.447244623655914 0.5229334677419355 0.43481182795698925 0.5423387096774194 0.42674731182795705 0.5584677419354839 0.42607526881720437 0.561491935483871 0.4274193548387097 0.5665322580645161
8 0.7486559139784946 0.4415322580645161 0.7547043010752689 0.44279233870967744 0.7634408602150538 0.44329637096774194 0.7654569892473119 0.4422883064516129 0.7661290322580646 0.4380040322580645 0.7634408602150538 0.4254032258064516 0.7620967741935485 0.4102822580645161 0.758736559139785 0.40751008064516125 0.7513440860215055 0.4065020161290323 0.748991935483871 0.40776209677419356 0.7483198924731184 0.41154233870967744 0.7479838709677419 0.4407762096774193 0.7486559139784946 0.4415322580645161
8 0.7049731182795699 0.41557459677419356 0.7076612903225807 0.4180947580645161 0.7063172043010753 0.4269153225806452 0.7066532258064517 0.43145161290322576 0.7100134408602151 0.43876008064516125 0.7106854838709679 0.44279233870967744 0.7143817204301075 0.4490927419354839 0.7160618279569894 0.45942540322580644 0.71875 0.4609375 0.7291666666666666 0.46068548387096775 0.7338709677419355 0.4574092741935484 0.7375672043010753 0.45287298387096775 0.7348790322580646 0.44606854838709675 0.7345430107526882 0.4425403225806452 0.7352150537634409 0.4097782258064516 0.7342069892473119 0.40524193548387094 0.7288306451612904 0.4039818548387097 0.7237903225806451 0.40498991935483875 0.7167338709677419 0.40372983870967744 0.7147177419354839 0.40448588709677424 0.7106854838709679 0.4105342741935484 0.7019489247311829 0.4112903225806452 0.7016129032258065 0.4145665322580645 0.7049731182795699 0.41557459677419356
1 0.6488575268817205 0.39264112903225806 0.6522177419354839 0.3928931451612903 0.6582661290322581 0.39138104838709675 0.6713709677419355 0.3901209677419355 0.696236559139785 0.39188508064516125 0.6992607526881721 0.38986895161290325 0.7006048387096775 0.3865927419354839 0.7006048387096775 0.36542338709677424 0.6925403225806451 0.35786290322580644 0.6777553763440861 0.35811491935483875 0.6569220430107527 0.3598790322580645 0.6545698924731184 0.36113911290322576 0.6498655913978495 0.3671875 0.6461693548387097 0.38130040322580644 0.6461693548387097 0.390625 0.6488575268817205 0.39264112903225806
1 0.7123655913978495 0.31073588709677424 0.7133736559139785 0.3125 0.7167338709677419 0.31350806451612906 0.737231182795699 0.31123991935483875 0.7395833333333334 0.30997983870967744 0.7415994623655914 0.3069556451612903 0.7415994623655914 0.3001512096774193 0.7402553763440861 0.2971270161290323 0.7345430107526882 0.2946068548387097 0.727486559139785 0.2930947580645161 0.7241263440860216 0.2933467741935484 0.7170698924731184 0.29611895161290325 0.7116935483870969 0.30292338709677424 0.7113575268817205 0.3077116935483871 0.7123655913978495 0.31073588709677424
1 0.7258064516129032 0.3336693548387097 0.7271505376344086 0.33417338709677424 0.7305107526881721 0.3324092741935484 0.7479838709677419 0.3321572580645161 0.7513440860215055 0.3326612903225807 0.7550403225806451 0.33442540322580644 0.7590725806451614 0.33341733870967744 0.7604166666666666 0.33014112903225806 0.7600806451612904 0.3235887096774193 0.7584005376344086 0.31854838709677424 0.7557123655913979 0.31426411290322576 0.7536962365591399 0.3130040322580645 0.748991935483871 0.3119959677419355 0.7338709677419355 0.31224798387096775 0.7284946236559141 0.31401209677419356 0.7261424731182795 0.3157762096774193 0.7237903225806451 0.3198084677419355 0.7237903225806451 0.3319052419354839 0.7258064516129032 0.3336693548387097
1 0.7200940860215055 0.35836693548387094 0.7227822580645161 0.359375 0.7463037634408602 0.35761088709677424 0.7479838709677419 0.3566028225806452 0.751008064516129 0.3515625 0.7580645161290323 0.3477822580645161 0.7590725806451614 0.34551411290322576 0.756720430107527 0.3394657258064516 0.756720430107527 0.33492943548387094 0.7547043010752689 0.3329133064516129 0.7513440860215055 0.3314012096774193 0.7442876344086022 0.3321572580645161 0.7338709677419355 0.3308971774193548 0.7258064516129032 0.3319052419354839 0.7237903225806451 0.3329133064516129 0.7227822580645161 0.3364415322580645 0.71875 0.3414818548387097 0.7190860215053765 0.3560987903225807 0.7200940860215055 0.35836693548387094
1 0.5745967741935485 0.5362903225806451 0.5779569892473119 0.5383064516129032 0.5853494623655914 0.5383064516129032 0.591733870967742 0.5342741935483871 0.5944220430107527 0.5340221774193549 0.6008064516129032 0.5347782258064516 0.6118951612903226 0.5340221774193549 0.6374327956989247 0.5347782258064516 0.6481854838709679 0.5393145161290323 0.6525537634408602 0.5393145161290323 0.6579301075268817 0.538054435483871 0.6596102150537635 0.5365423387096774 0.6609543010752689 0.5330141129032258 0.6626344086021505 0.5181451612903226 0.664986559139785 0.5120967741935484 0.6643145161290323 0.5080645161290323 0.6656586021505376 0.5012600806451613 0.6659946236559141 0.4889112903225807 0.664986559139785 0.4808467741935484 0.6596102150537635 0.4760584677419355 0.655241935483871 0.4737903225806452 0.6438172043010753 0.4710181451612903 0.6189516129032259 0.4715221774193548 0.6051747311827957 0.47051411290322576 0.5950940860215055 0.4722782258064516 0.5920698924731183 0.47404233870967744 0.5893817204301075 0.47731854838709675 0.5860215053763441 0.4848790322580645 0.5816532258064516 0.49117943548387094 0.5735887096774194 0.5120967741935484 0.5739247311827957 0.5337701612903226 0.5745967741935485 0.5362903225806451
1 0.5534274193548387 0.563508064516129 0.5608198924731183 0.5637600806451613 0.5621639784946237 0.5650201612903226 0.5625000000000001 0.5677923387096774 0.5584677419354839 0.5723286290322581 0.5530913978494625 0.5836693548387097 0.549731182795699 0.5882056451612903 0.5433467741935485 0.602570564516129 0.539986559139785 0.6123991935483871 0.5423387096774194 0.6194556451612904 0.5877016129032259 0.6217237903225806 0.6058467741935485 0.6214717741935485 0.6149193548387097 0.623991935483871 0.6283602150537635 0.6237399193548386 0.6307123655913979 0.626008064516129 0.6323924731182795 0.6502016129032258 0.6370967741935485 0.6645665322580646 0.6438172043010753 0.6678427419354839 0.6465053763440861 0.6680947580645161 0.6508736559139785 0.6678427419354839 0.664986559139785 0.6648185483870968 0.6680107526881721 0.6615423387096775 0.6693548387096775 0.657258064516129 0.6723790322580646 0.6285282258064515 0.6737231182795699 0.6234879032258065 0.6737231182795699 0.6171875 0.675739247311828 0.6071068548387096 0.6770833333333334 0.5892137096774194 0.6760752688172043 0.5680443548387097 0.6780913978494624 0.5662802419354839 0.6821236559139785 0.5657762096774194 0.6844758064516129 0.5645161290322581 0.6841397849462366 0.5604838709677419 0.6814516129032259 0.5592237903225806 0.6754032258064517 0.5584677419354839 0.6680107526881721 0.5519153225806451 0.6616263440860216 0.5501512096774194 0.6481854838709679 0.5476310483870968 0.6330645161290323 0.5473790322580645 0.6162634408602151 0.545866935483871 0.6051747311827957 0.5466229838709677 0.5991263440860215 0.547883064516129 0.5883736559139785 0.5476310483870968 0.5749327956989247 0.5514112903225806 0.5675403225806451 0.5569556451612903 0.5638440860215054 0.5572076612903226 0.5611559139784946 0.5561995967741935 0.5567876344086022 0.5561995967741935 0.5534274193548387 0.5572076612903226 0.5500672043010754 0.5602318548387097 0.5504032258064516 0.5617439516129032 0.5534274193548387 0.563508064516129
1 0.6545698924731184 0.35836693548387094 0.6925403225806451 0.3571068548387097 0.6948924731182795 0.3538306451612903 0.695228494623656 0.3480342741935484 0.6938844086021505 0.34501008064516125 0.6908602150537635 0.34198588709677424 0.6881720430107527 0.3326612903225807 0.6851478494623656 0.33064516129032256 0.674731182795699 0.33014112903225806 0.663978494623656 0.3308971774193548 0.6612903225806451 0.32888104838709675 0.6592741935483871 0.33518145161290325 0.6535618279569894 0.34223790322580644 0.6528897849462366 0.34526209677419356 0.6525537634408602 0.3543346774193548 0.6545698924731184 0.35836693548387094
5 0.2528874327956989 0.4647177419354839 0.25591162634408604 0.4720262096774193 0.25994388440860217 0.47631048387096775 0.2686804435483871 0.4813508064516129 0.2794331317204301 0.48538306451612906 0.2838014112903226 0.4889112903225807 0.2915299059139785 0.49143145161290325 0.29724227150537635 0.49117943548387094 0.3059788306451613 0.4884072580645161 0.31337130376344086 0.48311491935483875 0.33655678763440866 0.4798387096774193 0.3540299059139786 0.47857862903225806 0.36478259408602154 0.47631048387096775 0.38561592741935485 0.47505040322580644 0.3970406586021506 0.47782258064516125 0.4030890456989248 0.47807459677419356 0.4108175403225807 0.47530241935483875 0.41350571236559147 0.4727822580645161 0.4225782930107527 0.4720262096774193 0.42560248655913985 0.4710181451612903 0.4269465725806452 0.47001008064516125 0.4282906586021506 0.4652217741935484 0.4279546370967743 0.4574092741935484 0.4242584005376345 0.45136088709677424 0.42089818548387103 0.4488407258064516 0.41115356182795704 0.4455645161290323 0.38259173387096784 0.4410282258064516 0.3637745295698925 0.44002016129032256 0.35806216397849466 0.43901209677419356 0.34798151881720435 0.43548387096774194 0.3328605510752688 0.43548387096774194 0.3264761424731183 0.4337197580645161 0.32311592741935485 0.4339717741935484 0.32009173387096773 0.43548387096774194 0.3126992607526882 0.43573588709677424 0.2935460349462366 0.43926411290322576 0.2777530241935484 0.44455645161290325 0.2636401209677419 0.4508568548387097 0.2542315188172043 0.45287298387096775 0.2495272177419355 0.4566532258064516 0.24919119623655914 0.4604334677419355 0.2528874327956989 0.4647177419354839
2 0.4227150537634409 0.6411290322580646 0.4254032258064516 0.6577620967741935 0.42842741935483875 0.6565020161290323 0.4321236559139785 0.6529737903225806 0.44959677419354843 0.6244959677419355 0.4502688172043011 0.6197076612903225 0.44825268817204306 0.6129032258064515 0.44623655913978494 0.6096270161290323 0.44287634408602156 0.6076108870967742 0.43918010752688175 0.6071068548387096 0.43346774193548393 0.6088709677419355 0.4274193548387097 0.6154233870967742 0.42909946236559143 0.618195564516129 0.42909946236559143 0.6202116935483871 0.4213709677419355 0.6252520161290323 0.41801075268817206 0.6300403225806451 0.41801075268817206 0.6360887096774194 0.4227150537634409 0.6411290322580646
2 0.23756720430107528 0.48563508064516125 0.24092741935483875 0.49369959677419356 0.24932795698924734 0.5002520161290323 0.25336021505376344 0.5055443548387097 0.2550403225806452 0.5063004032258065 0.2610887096774194 0.5057963709677419 0.26243279569892475 0.5050403225806451 0.2627688172043011 0.5035282258064516 0.2627688172043011 0.49747983870967744 0.259744623655914 0.4873991935483871 0.2627688172043011 0.48412298387096775 0.2627688172043011 0.4808467741935484 0.2584005376344086 0.47832661290322576 0.2530241935483871 0.4730342741935484 0.2506720430107527 0.46673387096774194 0.24798387096774197 0.4632056451612903 0.24462365591397853 0.46295362903225806 0.2415994623655914 0.4639616935483871 0.23857526881720434 0.46673387096774194 0.23790322580645162 0.4692540322580645 0.23622311827956993 0.47857862903225806 0.23756720430107528 0.48563508064516125
2 0.6995967741935485 0.5751008064516129 0.7022849462365592 0.5743447580645161 0.7049731182795699 0.5723286290322581 0.7086693548387097 0.5642641129032258 0.7113575268817205 0.5625 0.7211021505376345 0.5625 0.7258064516129032 0.5650201612903226 0.727486559139785 0.5690524193548387 0.7288306451612904 0.5672883064516129 0.7308467741935485 0.5609879032258065 0.7305107526881721 0.5501512096774194 0.7325268817204302 0.546875 0.7331989247311829 0.5433467741935484 0.7305107526881721 0.538054435483871 0.7247983870967742 0.5332661290322581 0.7241263440860216 0.5287298387096774 0.7207661290322581 0.5226814516129032 0.7170698924731184 0.5206653225806451 0.7127016129032259 0.5206653225806451 0.7086693548387097 0.522429435483871 0.7073252688172043 0.5257056451612903 0.7073252688172043 0.5327620967741935 0.7002688172043011 0.5395665322580645 0.7002688172043011 0.553679435483871 0.6972446236559141 0.5604838709677419 0.6969086021505376 0.5708165322580645 0.6995967741935485 0.5751008064516129
2 0.16129032258064518 0.5085685483870968 0.16397849462365593 0.514616935483871 0.16397849462365593 0.5365423387096774 0.16565860215053763 0.5393145161290323 0.16901881720430106 0.5398185483870968 0.17137096774193547 0.5365423387096774 0.17103494623655915 0.5325100806451613 0.17271505376344087 0.5249495967741935 0.1743951612903226 0.5211693548387097 0.176747311827957 0.5189012096774194 0.17775537634408603 0.515625 0.17708333333333334 0.5070564516129032 0.18010752688172044 0.5042842741935484 0.18783602150537637 0.5007560483870968 0.1898521505376344 0.49823588709677424 0.18817204301075272 0.49420362903225806 0.18313172043010756 0.4884072580645161 0.1814516129032258 0.48412298387096775 0.17876344086021506 0.48185483870967744 0.17540322580645162 0.4816028225806452 0.17137096774193547 0.48361895161290325 0.17002688172043012 0.4879032258064516 0.16431451612903225 0.4954637096774193 0.16196236559139784 0.5017641129032258 0.1609543010752688 0.5050403225806451 0.16129032258064518 0.5085685483870968
2 0.6780913978494624 0.49924395161290325 0.6794354838709679 0.5015120967741935 0.6821236559139785 0.5020161290322581 0.6844758064516129 0.5005040322580645 0.6871639784946237 0.49395161290322576 0.6891801075268817 0.4916834677419355 0.6908602150537635 0.48639112903225806 0.6925403225806451 0.4848790322580645 0.6959005376344086 0.48311491935483875 0.6975806451612904 0.48311491935483875 0.7066532258064517 0.48513104838709675 0.7103494623655914 0.48336693548387094 0.7150537634408602 0.47757056451612906 0.7143817204301075 0.46950604838709675 0.7106854838709679 0.4639616935483871 0.705981182795699 0.45992943548387094 0.7036290322580646 0.4526209677419355 0.6995967741935485 0.4485887096774193 0.6938844086021505 0.4508568548387097 0.6915322580645161 0.45287298387096775 0.6901881720430109 0.45992943548387094 0.6821236559139785 0.47026209677419356 0.6804435483870969 0.4770665322580645 0.6821236559139785 0.4848790322580645 0.6780913978494624 0.49924395161290325
2 0.043010752688172046 0.5020161290322581 0.046706989247311835 0.5052923387096774 0.0480510752688172 0.5090725806451613 0.050067204301075266 0.5108366935483871 0.05174731182795699 0.5110887096774194 0.06418010752688172 0.5110887096774194 0.06619623655913978 0.5090725806451613 0.06619623655913978 0.5075604838709677 0.06552419354838711 0.49823588709677424 0.06350806451612903 0.49117943548387094 0.056787634408602156 0.4871471774193548 0.053763440860215055 0.48336693548387094 0.05040322580645162 0.4816028225806452 0.046706989247311835 0.48185483870967744 0.04401881720430107 0.48412298387096775 0.042002688172043015 0.49974798387096775 0.043010752688172046 0.5020161290322581
2 0.5013440860215054 0.5902217741935484 0.5043682795698925 0.6010584677419355 0.5057123655913979 0.6018145161290323 0.5221774193548387 0.6040826612903225 0.5245295698924731 0.608366935483871 0.5238575268817205 0.616179435483871 0.5248655913978495 0.6176915322580646 0.5288978494623656 0.6194556451612904 0.5332661290322581 0.6194556451612904 0.5356182795698925 0.6184475806451614 0.5369623655913979 0.6164314516129032 0.5366263440860215 0.6101310483870968 0.5315860215053764 0.5914818548387097 0.5383064516129032 0.5854334677419355 0.5383064516129032 0.5814012096774194 0.5329301075268817 0.5778729838709677 0.5275537634408602 0.5758568548387097 0.5238575268817205 0.5730846774193549 0.5228494623655914 0.571320564516129 0.5231854838709677 0.5637600806451613 0.5218413978494624 0.5604838709677419 0.5191532258064516 0.5584677419354839 0.5154569892473119 0.5574596774193549 0.5080645161290323 0.5609879032258065 0.5060483870967742 0.5667842741935484 0.5063844086021506 0.5710685483870968 0.5003360215053764 0.5745967741935484 0.49563172043010756 0.5814012096774194 0.4946236559139785 0.5856854838709677 0.5013440860215054 0.5902217741935484
0 0.43783602150537637 0.49344758064516125 0.43918010752688175 0.5017641129032258 0.4459005376344087 0.5085685483870968 0.44959677419354843 0.5063004032258065 0.4512768817204301 0.5065524193548387 0.45295698924731187 0.5085685483870968 0.45329301075268824 0.5070564516129032 0.45497311827956993 0.5060483870967742 0.46942204301075274 0.5037802419354839 0.48051075268817206 0.5035282258064516 0.4983198924731183 0.5050403225806451 0.5050403225806451 0.5032762096774194 0.5191532258064516 0.5025201612903226 0.5369623655913979 0.5040322580645161 0.5413306451612904 0.5052923387096774 0.5467069892473119 0.5052923387096774 0.5504032258064516 0.5042842741935484 0.5537634408602151 0.5020161290322581 0.5648521505376345 0.48361895161290325 0.5685483870967742 0.4795866935483871 0.5735887096774194 0.4632056451612903 0.5813172043010754 0.4526209677419355 0.5967741935483871 0.4183467741935484 0.5987903225806451 0.40423387096774194 0.5974462365591399 0.3984375 0.5971102150537635 0.38205645161290325 0.5950940860215055 0.3621471774193548 0.5924059139784946 0.35357862903225806 0.5887096774193549 0.3518145161290323 0.5762768817204301 0.35231854838709675 0.5675403225806451 0.35055443548387094 0.5601478494623656 0.35030241935483875 0.5557795698924731 0.35131048387096775 0.5500672043010754 0.3510584677419355 0.5325940860215054 0.35282258064516125 0.5221774193548387 0.3550907258064516 0.5094086021505377 0.3649193548387097 0.49395161290322587 0.36920362903225806 0.4721102150537635 0.3850806451612903 0.46438172043010756 0.38911290322580644 0.4620295698924732 0.3936491935483871 0.46068548387096775 0.4024697580645161 0.45329301075268824 0.40700604838709675 0.4415322580645161 0.4170866935483871 0.4361559139784947 0.42061491935483875 0.43447580645161293 0.4254032258064516 0.43481182795698925 0.4574092741935484 0.43783602150537637 0.49344758064516125
0 0.5366263440860215 0.3518145161290323 0.5641801075268817 0.34979838709677424 0.5776209677419355 0.35131048387096775 0.5860215053763441 0.3510584677419355 0.5924059139784946 0.35282258064516125 0.5950940860215055 0.3558467741935484 0.5961021505376345 0.36189516129032256 0.5961021505376345 0.3712197580645161 0.5984543010752689 0.3858366935483871 0.5991263440860215 0.3984375 0.601478494623656 0.40095766129032256 0.6058467741935485 0.40095766129032256 0.6108870967741936 0.3979334677419355 0.6172715053763441 0.3865927419354839 0.623991935483871 0.37752016129032256 0.6320564516129032 0.3558467741935484 0.633736559139785 0.34198588709677424 0.6320564516129032 0.3387096774193548 0.6286962365591399 0.3238407258064516 0.6286962365591399 0.3172883064516129 0.6266801075268817 0.31451612903225806 0.6236559139784946 0.3127520161290323 0.6105510752688171 0.31224798387096775 0.5846774193548387 0.31401209677419356 0.5776209677419355 0.3160282258064516 0.5715725806451614 0.3162802419354839 0.5678763440860215 0.3172883064516129 0.5510752688172044 0.328125 0.5483870967741935 0.3316532258064516 0.5460349462365591 0.33795362903225806 0.5352822580645161 0.34551411290322576 0.5342741935483871 0.3472782258064516 0.5336021505376345 0.3492943548387097 0.5366263440860215 0.3518145161290323
6 0.35618279569892475 0.8006552419354839 0.3598790322580645 0.8122479838709677 0.35954301075268824 0.8263608870967742 0.36659946236559143 0.8555947580645161 0.3686155913978495 0.8840725806451614 0.37163978494623656 0.8939012096774194 0.37701612903225806 0.9223790322580646 0.37634408602150543 0.9324596774193549 0.3897849462365592 0.9400201612903225 0.3961693548387097 0.9495967741935485 0.4008736559139785 0.9516129032258065 0.4112903225806452 0.9523689516129032 0.4143145161290323 0.9513608870967742 0.4156586021505376 0.9498487903225806 0.41733870967741943 0.9422883064516129 0.4193548387096775 0.9410282258064515 0.42305107526881724 0.9407762096774194 0.42842741935483875 0.9422883064516129 0.4321236559139785 0.946320564516129 0.43884408602150543 0.9498487903225806 0.46370967741935487 0.9508568548387096 0.48051075268817206 0.9536290322580646 0.4996639784946237 0.9543850806451614 0.5053763440860215 0.9533770161290323 0.5124327956989247 0.954133064516129 0.5154569892473119 0.9556451612903225 0.5258736559139785 0.9566532258064515 0.5275537634408602 0.9561491935483871 0.5285618279569892 0.9528729838709677 0.5332661290322581 0.952116935483871 0.5372983870967742 0.9564012096774194 0.539986559139785 0.9566532258064515 0.5413306451612904 0.9528729838709677 0.5460349462365591 0.9508568548387096 0.5571236559139785 0.9508568548387096 0.5672043010752689 0.952116935483871 0.5698924731182796 0.9533770161290323 0.5715725806451614 0.9632056451612904 0.5776209677419355 0.9669858870967742 0.5920698924731183 0.9667338709677419 0.5984543010752689 0.9629536290322581 0.6021505376344086 0.9591733870967742 0.6058467741935485 0.9594254032258065 0.6098790322580646 0.9551411290322581 0.6139112903225807 0.9390120967741935 0.6196236559139785 0.9017137096774194 0.6192876344086022 0.8790322580645161 0.6216397849462366 0.8518145161290323 0.6256720430107527 0.8412298387096775 0.6266801075268817 0.8303931451612904 0.6297043010752689 0.8210685483870968 0.6347446236559141 0.7923387096774194 0.6364247311827957 0.7762096774193549 0.6357526881720431 0.6789314516129032 0.6313844086021505 0.6547379032258065 0.6297043010752689 0.6265120967741935 0.6266801075268817 0.6247479838709677 0.6149193548387097 0.6252520161290323 0.5994623655913979 0.6219758064516129 0.5833333333333334 0.6224798387096775 0.5567876344086022 0.6212197580645161 0.5389784946236559 0.6217237903225806 0.5016801075268817 0.6209677419354839 0.4879032258064516 0.6227318548387096 0.47244623655913986 0.6214717741935485 0.4600134408602151 0.6214717741935485 0.45329301075268824 0.6227318548387096 0.4422043010752688 0.6386088709677419 0.4327956989247312 0.6544858870967742 0.4240591397849463 0.6625504032258065 0.42204301075268824 0.6663306451612904 0.4190188172043011 0.6693548387096775 0.4176747311827957 0.672883064516129 0.4092741935483871 0.6814516129032258 0.404233870967742 0.6927923387096775 0.39885752688172044 0.6983366935483871 0.39650537634408606 0.7033770161290323 0.3797043010752688 0.7263104838709677 0.37668010752688175 0.7318548387096775 0.35618279569892475 0.7580645161290323 0.35383064516129037 0.7638608870967742 0.3568548387096775 0.795866935483871 0.35618279569892475 0.8006552419354839
3 0.7496639784946237 0.3727318548387097 0.7516801075268817 0.375 0.7550403225806451 0.375 0.758736559139785 0.37373991935483875 0.7651209677419355 0.36794354838709675 0.7668010752688174 0.3631552419354839 0.7657930107526882 0.3588709677419355 0.7651209677419355 0.35786290322580644 0.7620967741935485 0.35685483870967744 0.7590725806451614 0.35761088709677424 0.7513440860215055 0.3571068548387097 0.7479838709677419 0.35861895161290325 0.7476478494623656 0.3641633064516129 0.7496639784946237 0.3727318548387097
3 0.694220430107527 0.5814012096774194 0.696236559139785 0.5831653225806451 0.7029569892473119 0.5856854838709677 0.7039650537634409 0.584929435483871 0.7043010752688171 0.5814012096774194 0.7066532258064517 0.5788810483870968 0.7127016129032259 0.5768649193548387 0.7167338709677419 0.577116935483871 0.719758064516129 0.578125 0.7224462365591399 0.5806451612903226 0.7224462365591399 0.5889616935483871 0.7268145161290323 0.5919858870967742 0.7301747311827957 0.5929939516129032 0.7345430107526882 0.5929939516129032 0.7368951612903226 0.5917338709677419 0.7379032258064517 0.5884576612903226 0.7348790322580646 0.5831653225806451 0.7325268817204302 0.5761088709677419 0.7325268817204302 0.5667842741935484 0.7305107526881721 0.5592237903225806 0.7231182795698926 0.5597278225806451 0.7116935483870969 0.5587197580645161 0.7076612903225807 0.5617439516129032 0.7032930107526882 0.569304435483871 0.6992607526881721 0.5708165322580645 0.6979166666666666 0.5773689516129032 0.694220430107527 0.5814012096774194
3 0.6935483870967742 0.5398185483870968 0.6925403225806451 0.5433467741935484 0.6955645161290323 0.5446068548387097 0.6995967741935485 0.5448588709677419 0.7012768817204302 0.5410786290322581 0.7002688172043011 0.5375504032258065 0.6969086021505376 0.5352822580645161 0.6925403225806451 0.5337701612903226 0.6915322580645161 0.5350302419354839 0.6911962365591399 0.5365423387096774 0.6935483870967742 0.5398185483870968
3 0.07862903225806452 0.5136088709677419 0.08266129032258064 0.515625 0.0907258064516129 0.5176411290322581 0.10114247311827958 0.5234375 0.10584677419354839 0.5239415322580645 0.10920698924731183 0.5272177419354839 0.11256720430107528 0.5274697580645161 0.11256720430107528 0.5186491935483871 0.10551075268817206 0.5126008064516129 0.09946236559139786 0.5110887096774194 0.09711021505376344 0.5095766129032258 0.09509408602150539 0.5050403225806451 0.09173387096774194 0.501008064516129 0.08434139784946237 0.49848790322580644 0.07795698924731183 0.49747983870967744 0.07224462365591398 0.5017641129032258 0.07258064516129033 0.5070564516129032 0.07862903225806452 0.5136088709677419
3 0.21337365591397853 0.5015120967741935 0.2163978494623656 0.5007560483870968 0.21740591397849462 0.5012600806451613 0.21875 0.5090725806451613 0.22043010752688175 0.5113407258064516 0.22379032258064518 0.5133568548387097 0.23219086021505378 0.5138608870967742 0.24092741935483875 0.5120967741935484 0.2536962365591398 0.5118447580645161 0.26545698924731187 0.5136088709677419 0.26814516129032256 0.5126008064516129 0.27217741935483875 0.5128528225806451 0.27688172043010756 0.5148689516129032 0.28360215053763443 0.515625 0.2866263440860215 0.5148689516129032 0.2903225806451613 0.5113407258064516 0.290994623655914 0.5083165322580645 0.28998655913978494 0.5047883064516129 0.2879704301075269 0.5017641129032258 0.28360215053763443 0.49823588709677424 0.28293010752688175 0.4926915322580645 0.27654569892473124 0.48689516129032256 0.2688172043010753 0.48336693548387094 0.26176075268817206 0.48361895161290325 0.25772849462365593 0.4873991935483871 0.259744623655914 0.49042338709677424 0.2614247311827957 0.4967237903225807 0.2614247311827957 0.5035282258064516 0.259744623655914 0.5047883064516129 0.2550403225806452 0.5045362903225806 0.24966397849462366 0.49899193548387094 0.24361559139784947 0.4952116935483871 0.23756720430107528 0.48966733870967744 0.22311827956989247 0.4848790322580645 0.21673387096774197 0.48538306451612906 0.2153897849462366 0.4921875 0.2127016129032258 0.4954637096774193 0.2127016129032258 0.5005040322580645 0.21337365591397853 0.5015120967741935
3 0.6999327956989247 0.5738407258064516 0.6979166666666666 0.5776209677419355 0.694220430107527 0.5814012096774194 0.695228494623656 0.5824092741935484 0.7029569892473119 0.5854334677419355 0.7063172043010753 0.5793850806451613 0.7127016129032259 0.577116935483871 0.7167338709677419 0.5773689516129032 0.7217741935483871 0.5798891129032258 0.7217741935483871 0.5884576612903226 0.7271505376344086 0.5924899193548387 0.7321908602150538 0.5934979838709677 0.737231182795699 0.5919858870967742 0.7379032258064517 0.5879536290322581 0.7352150537634409 0.5839213709677419 0.7318548387096775 0.5751008064516129 0.7321908602150538 0.5688004032258065 0.7308467741935485 0.5619959677419355 0.7278225806451614 0.5607358870967742 0.7241263440860216 0.5617439516129032 0.7133736559139785 0.5607358870967742 0.7096774193548389 0.5619959677419355 0.706989247311828 0.5640120967741935 0.7032930107526882 0.5710685483870968 0.6999327956989247 0.5738407258064516
3 0.16162634408602153 0.5279737903225806 0.16397849462365593 0.5254536290322581 0.16666666666666666 0.515625 0.16196236559139784 0.508820564516129 0.15423387096774197 0.5032762096774194 0.15087365591397853 0.5042842741935484 0.15053763440860216 0.5063004032258065 0.14986559139784947 0.5191532258064516 0.16162634408602153 0.5279737903225806
3 0.176747311827957 0.5113407258064516 0.17741935483870971 0.5143649193548387 0.17573924731182797 0.5264616935483871 0.17977150537634412 0.5294858870967742 0.1875 0.5315020161290323 0.19590053763440862 0.5367943548387097 0.20060483870967744 0.5375504032258065 0.20463709677419356 0.5365423387096774 0.20732526881720434 0.5327620967741935 0.20698924731182797 0.5267137096774194 0.19858870967741937 0.515625 0.20329301075268819 0.5123487903225806 0.20295698924731184 0.5085685483870968 0.19892473118279572 0.5070564516129032 0.19455645161290322 0.5065524193548387 0.19287634408602153 0.5052923387096774 0.19254032258064518 0.5027721774193549 0.18918010752688175 0.501008064516129 0.17473118279569894 0.5050403225806451 0.1743951612903226 0.508820564516129 0.176747311827957 0.5113407258064516
3 0.6985887096774194 0.6295362903225806 0.6969086021505376 0.6335685483870968 0.7019489247311829 0.6471774193548386 0.7049731182795699 0.6524697580645161 0.706989247311828 0.6612903225806451 0.7096774193548389 0.6648185483870968 0.7106854838709679 0.6648185483870968 0.7133736559139785 0.6643145161290323 0.7140456989247312 0.6633064516129032 0.7157258064516129 0.65625 0.717741935483871 0.6522177419354839 0.719758064516129 0.6504536290322581 0.7271505376344086 0.6512096774193549 0.7311827956989247 0.6479334677419355 0.7318548387096775 0.6335685483870968 0.7295026881720431 0.6262600806451614 0.7308467741935485 0.6237399193548386 0.7331989247311829 0.6118951612903225 0.7308467741935485 0.608366935483871 0.725470430107527 0.6073588709677419 0.7029569892473119 0.6060987903225806 0.6999327956989247 0.6063508064516129 0.6975806451612904 0.6078629032258065 0.6969086021505376 0.6134072580645161 0.6985887096774194 0.6295362903225806
3 0.695228494623656 0.5073084677419355 0.696236559139785 0.5085685483870968 0.6995967741935485 0.508820564516129 0.7036290322580646 0.5040322580645161 0.707997311827957 0.4952116935483871 0.7076612903225807 0.484375 0.7063172043010753 0.48361895161290325 0.6989247311827957 0.48311491935483875 0.6918682795698926 0.4838709677419355 0.6898521505376345 0.4866431451612903 0.688508064516129 0.4916834677419355 0.6888440860215055 0.4972278225806452 0.695228494623656 0.5073084677419355
3 0.4983198924731183 0.6179435483870968 0.5016801075268817 0.6197076612903225 0.5245295698924731 0.6192036290322581 0.5275537634408602 0.6171875 0.5265456989247312 0.6131552419354839 0.5265456989247312 0.6020665322580646 0.5235215053763441 0.6003024193548386 0.5168010752688172 0.6010584677419355 0.5047043010752689 0.600554435483871 0.5006720430107527 0.6035786290322581 0.497983870967742 0.610383064516129 0.49731182795698925 0.6164314516129032 0.4983198924731183 0.6179435483870968
3 0.5013440860215054 0.6197076612903225 0.5342741935483871 0.6197076612903225 0.5349462365591399 0.6189516129032258 0.5349462365591399 0.6149193548387096 0.5362903225806451 0.6139112903225806 0.5362903225806451 0.610719002016129 0.5349462365591399 0.610383064516129 0.5362903225806451 0.6091229838709677 0.5325940860215054 0.6058467741935485 0.5339381720430109 0.6038306451612904 0.5325940860215054 0.5975302419354839 0.5272177419354839 0.5970262096774194 0.5168010752688172 0.6000504032258065 0.5084005376344086 0.6000504032258065 0.5047043010752689 0.5987903225806451 0.5013440860215054 0.6013104838709677 0.497983870967742 0.6096270161290323 0.49697580645161293 0.6164314516129032 0.5013440860215054 0.6197076612903225
3 0.5362903225806451 0.5826612903225806 0.5396505376344086 0.5816532258064516 0.5386424731182796 0.5778729838709677 0.5325940860215054 0.5773689516129032 0.5315860215053764 0.578125 0.5362903225806451 0.5826612903225806
3 0.7012768817204302 0.3639112903225807 0.7032930107526882 0.36592741935483875 0.7056451612903226 0.36643145161290325 0.7130376344086022 0.36517137096774194 0.7147177419354839 0.3634072580645161 0.7167338709677419 0.35735887096774194 0.7167338709677419 0.3487903225806452 0.7133736559139785 0.34198588709677424 0.7120295698924731 0.34248991935483875 0.7113575268817205 0.34551411290322576 0.7100134408602151 0.3467741935483871 0.7066532258064517 0.34501008064516125 0.7036290322580646 0.34526209677419356 0.6989247311827957 0.34904233870967744 0.6989247311827957 0.3596270161290323 0.7012768817204302 0.3639112903225807
3 0.7120295698924731 0.5133568548387097 0.7157258064516129 0.5186491935483871 0.7217741935483871 0.5234375 0.7261424731182795 0.5327620967741935 0.7321908602150538 0.5388104838709677 0.7342069892473119 0.5423387096774194 0.7405913978494624 0.5398185483870968 0.744959677419355 0.5398185483870968 0.7469758064516129 0.5383064516129032 0.7476478494623656 0.5357862903225806 0.7446236559139785 0.5287298387096774 0.7419354838709679 0.5120967741935484 0.738239247311828 0.5073084677419355 0.7362231182795699 0.5017641129032258 0.7308467741935485 0.5 0.7190860215053765 0.5 0.713709677419355 0.5015120967741935 0.7100134408602151 0.5040322580645161 0.7096774193548389 0.5093245967741935 0.7120295698924731 0.5133568548387097