8 0.46380208333333334 0.42500000000000004 0.465625 0.42870370370370375 0.4778645833333333 0.42870370370370375 0.4807291666666667 0.42731481481481487 0.4817708333333333 0.41851851851851857 0.4815104166666667 0.40370370370370373 0.4776041666666667 0.3912037037037037 0.4703125 0.387962962962963 0.46484375 0.39027777777777783 0.4630208333333333 0.4069444444444445 0.4627604166666667 0.4180555555555556 0.46380208333333334 0.42500000000000004
1 0.3703125 0.5787037037037037 0.39739583333333334 0.5787037037037037 0.3989583333333333 0.5754629629629631 0.4002604166666667 0.5615740740740741 0.4002604166666667 0.5365740740740741 0.39921875 0.5328703703703704 0.3924479166666667 0.5254629629629629 0.3765625 0.5268518518518519 0.3723958333333333 0.5333333333333333 0.37083333333333335 0.5467592592592593 0.3690104166666667 0.5537037037037037 0.36875 0.5708333333333334 0.3703125 0.5787037037037037
1 0.43645833333333334 0.43703703703703706 0.4390625 0.43888888888888894 0.44609375 0.4393518518518519 0.45078125 0.4393518518518519 0.45286458333333335 0.4375 0.45390625 0.43009259259259264 0.4536458333333333 0.4226851851851852 0.4513020833333333 0.41481481481481486 0.4486979166666667 0.41111111111111115 0.4458333333333333 0.40925925925925927 0.4388020833333333 0.412962962962963 0.43723958333333335 0.41481481481481486 0.4356770833333333 0.4212962962962963 0.4354166666666667 0.43287037037037035 0.43645833333333334 0.43703703703703706
1 0.51328125 0.41481481481481486 0.5153645833333333 0.4199074074074074 0.5184895833333334 0.4212962962962963 0.5286458333333334 0.42083333333333334 0.5315104166666667 0.4180555555555556 0.5317708333333333 0.41111111111111115 0.5307291666666667 0.40416666666666673 0.5260416666666666 0.39444444444444443 0.5229166666666667 0.39212962962962966 0.5184895833333334 0.3916666666666667 0.5145833333333334 0.39351851851851855 0.5127604166666667 0.3990740740740741 0.5125000000000001 0.4083333333333333 0.51328125 0.41481481481481486
1 0.5726562500000001 0.5157407407407407 0.57421875 0.5194444444444445 0.5789062500000001 0.5245370370370371 0.5843750000000001 0.5337962962962963 0.6026041666666666 0.5342592592592593 0.6059895833333334 0.5337962962962963 0.60703125 0.5319444444444444 0.6078125 0.5291666666666667 0.6078125 0.5217592592592593 0.6059895833333334 0.5129629629629631 0.6023437500000001 0.5027777777777778 0.5953125 0.4902777777777778 0.5893229166666667 0.48750000000000004 0.5776041666666667 0.48750000000000004 0.5739583333333333 0.48935185185185187 0.5716145833333334 0.4944444444444445 0.5713541666666667 0.5064814814814815 0.5726562500000001 0.5157407407407407
1 0.4395833333333333 0.49259259259259264 0.4424479166666667 0.4944444444444445 0.453125 0.4949074074074074 0.4575520833333333 0.4939814814814815 0.45989583333333334 0.4916666666666667 0.46067708333333335 0.48750000000000004 0.45989583333333334 0.46898148148148155 0.4575520833333333 0.45648148148148154 0.4565104166666667 0.45462962962962966 0.4518229166666667 0.45277777777777783 0.4440104166666667 0.45277777777777783 0.4385416666666667 0.45601851851851855 0.4375 0.45925925925925926 0.4375 0.4851851851851852 0.4395833333333333 0.49259259259259264
1 0.5453125000000001 0.550462962962963 0.5463541666666667 0.5537037037037037 0.5502604166666667 0.5555555555555556 0.5528645833333333 0.5597222222222222 0.5549479166666667 0.5648148148148148 0.5554687500000001 0.5708333333333334 0.5572916666666666 0.575925925925926 0.5651041666666666 0.5726851851851852 0.5734374999999999 0.5731481481481482 0.5815104166666667 0.5768518518518518 0.5830729166666667 0.5736111111111112 0.5843750000000001 0.5675925925925926 0.5846354166666666 0.5592592592592593 0.5828125000000001 0.5472222222222223 0.5802083333333333 0.5425925925925926 0.5755208333333334 0.5282407407407408 0.5721354166666667 0.5222222222222223 0.5661458333333333 0.5194444444444445 0.5567708333333333 0.5189814814814815 0.5536458333333334 0.5166666666666667 0.5466145833333333 0.5185185185185185 0.5440104166666667 0.5236111111111111 0.5440104166666667 0.5365740740740741 0.5453125000000001 0.550462962962963
5 0.14965052083333336 0.8412037037037038 0.15043177083333334 0.8439814814814816 0.1540776041666667 0.8490740740740741 0.1639734375 0.8537037037037037 0.1775151041666667 0.8555555555555556 0.1819421875 0.8555555555555556 0.1920984375 0.850925925925926 0.1954838541666667 0.850925925925926 0.19730677083333334 0.8481481481481482 0.19886927083333333 0.8425925925925926 0.1999109375 0.8296296296296297 0.20433802083333336 0.8217592592592593 0.20824427083333336 0.8055555555555556 0.21423385416666665 0.7930555555555556 0.2204838541666667 0.7828703703703704 0.2212651041666667 0.775 0.22074427083333334 0.7583333333333334 0.2178796875 0.7476851851851852 0.21579635416666665 0.7439814814814816 0.20590052083333335 0.738888888888889 0.18480677083333336 0.7384259259259259 0.16840052083333334 0.7472222222222222 0.1642338541666667 0.7532407407407408 0.1603276041666667 0.7620370370370372 0.14704635416666667 0.8050925925925926 0.1462651041666667 0.8111111111111112 0.1460046875 0.8171296296296297 0.14965052083333336 0.8412037037037038
1 0.7585937500000001 0.8212962962962963 0.7625000000000001 0.8314814814814816 0.76484375 0.8490740740740741 0.76875 0.8555555555555556 0.7721354166666666 0.8578703703703704 0.7838541666666666 0.8740740740740741 0.79609375 0.8976851851851853 0.80078125 0.9027777777777778 0.8026041666666667 0.914814814814815 0.8065104166666667 0.9240740740740742 0.8166666666666667 0.9305555555555556 0.8328125000000001 0.9310185185185186 0.8380208333333334 0.9291666666666667 0.8486979166666666 0.9222222222222223 0.85390625 0.914814814814815 0.8565104166666666 0.9064814814814816 0.8583333333333334 0.8944444444444445 0.8578125 0.8819444444444444 0.85546875 0.8694444444444445 0.8523437500000001 0.8615740740740742 0.8442708333333334 0.8486111111111112 0.8421875 0.838425925925926 0.8424479166666666 0.8347222222222223 0.8411458333333334 0.8314814814814816 0.8385416666666666 0.8277777777777778 0.828125 0.8060185185185186 0.8184895833333334 0.7916666666666666 0.8109375 0.7842592592592593 0.8010416666666667 0.7810185185185186 0.7942708333333334 0.775925925925926 0.7898437500000001 0.7745370370370371 0.78125 0.775 0.7731770833333333 0.7787037037037038 0.7684895833333334 0.7824074074074074 0.7661458333333334 0.7865740740740741 0.7609375 0.8037037037037038 0.7585937500000001 0.8166666666666667 0.7585937500000001 0.8212962962962963
1 0.5026041666666666 0.5814814814814815 0.5023437500000001 0.5847222222222223 0.5049479166666667 0.5930555555555556 0.5106770833333334 0.5958333333333334 0.53671875 0.5953703703703703 0.5382812499999999 0.5782407407407407 0.53671875 0.563888888888889 0.5299479166666666 0.5430555555555556 0.5265624999999999 0.5365740740740741 0.515625 0.5324074074074074 0.5109374999999999 0.5324074074074074 0.5020833333333333 0.5356481481481482 0.5 0.5388888888888889 0.49895833333333334 0.5430555555555556 0.4979166666666667 0.5532407407407407 0.4979166666666667 0.5675925925925926 0.5026041666666666 0.5814814814814815
1 0.5119791666666667 0.5111111111111112 0.51171875 0.5138888888888888 0.5119791666666667 0.5217592592592593 0.5119791666666667 0.5111111111111112
5 0.38548177083333335 0.487962962962963 0.3873046875 0.49120370370370375 0.4047526041666667 0.49074074074074076 0.4060546875 0.487962962962963 0.4068359375 0.4671296296296297 0.4047526041666667 0.4587962962962963 0.40110677083333335 0.4541666666666667 0.3961588541666667 0.4537037037037037 0.3899088541666667 0.45601851851851855 0.3831380208333333 0.47453703703703703 0.3833984375 0.4805555555555556 0.38548177083333335 0.487962962962963
1 0.4502604166666667 0.36250000000000004 0.4494791666666667 0.3615740740740741 0.44895833333333335 0.36250000000000004 0.4502604166666667 0.36250000000000004
1 0.7565104166666666 0.9995370370370371 0.7630208333333334 0.9995370370370371 0.7625000000000001 0.9976851851851852 0.7578125 0.9967592592592593 0.7549479166666666 0.9939814814814816 0.7544270833333334 0.9953703703703703 0.7565104166666666 0.9995370370370371
1 0.4916666666666667 0.42592592592592593 0.4942708333333333 0.42824074074074076 0.5033854166666667 0.42592592592592593 0.5085937500000001 0.4217592592592593 0.509375 0.4180555555555556 0.5088541666666667 0.4138888888888889 0.50546875 0.40648148148148155 0.5018229166666667 0.40231481481481485 0.4981770833333333 0.4013888888888889 0.48984375 0.41064814814814815 0.48984375 0.4212962962962963 0.4916666666666667 0.42592592592592593
1 0.5002604166666667 0.45648148148148154 0.5018229166666667 0.45925925925925926 0.5164062500000001 0.4587962962962963 0.5187499999999999 0.4574074074074075 0.52109375 0.45277777777777783 0.5221354166666666 0.4476851851851852 0.5218750000000001 0.44259259259259265 0.5197916666666667 0.4356481481481482 0.5135416666666667 0.42500000000000004 0.5078125 0.4236111111111111 0.5018229166666667 0.42592592592592593 0.4994791666666667 0.4291666666666667 0.49843750000000003 0.43287037037037035 0.4994791666666667 0.45231481481481484 0.5002604166666667 0.45648148148148154
1 0.32109375 0.475925925925926 0.33958333333333335 0.475462962962963 0.34218750000000003 0.4740740740740741 0.3453125 0.4638888888888889 0.3455729166666667 0.45462962962962966 0.34296875 0.4486111111111111 0.3385416666666667 0.4435185185185186 0.33098958333333334 0.44212962962962965 0.3252604166666667 0.44537037037037036 0.31953125 0.4601851851851852 0.31953125 0.4694444444444445 0.32109375 0.475925925925926
1 0.24114583333333334 0.6069444444444444 0.24505208333333334 0.6152777777777778 0.2721354166666667 0.6162037037037037 0.27317708333333335 0.6125 0.27395833333333336 0.6004629629629631 0.278125 0.5949074074074074 0.28281249999999997 0.5921296296296297 0.28281249999999997 0.5736111111111112 0.27968750000000003 0.5657407407407408 0.2755208333333333 0.5625 0.26666666666666666 0.5592592592592593 0.25807291666666665 0.5606481481481482 0.25156249999999997 0.563888888888889 0.24817708333333335 0.5685185185185185 0.24036458333333335 0.5907407407407408 0.24010416666666667 0.5962962962962963 0.24114583333333334 0.6069444444444444
1 0.4674479166666667 0.45972222222222225 0.46953125 0.46296296296296297 0.4877604166666667 0.46342592592592596 0.4885416666666667 0.45972222222222225 0.48802083333333335 0.44722222222222224 0.484375 0.4337962962962963 0.4807291666666667 0.43009259259259264 0.4736979166666667 0.43009259259259264 0.4703125 0.4314814814814815 0.46796875 0.43842592592592594 0.4669270833333333 0.4541666666666667 0.4674479166666667 0.45972222222222225
1 0.5453125000000001 0.7083333333333334 0.5455729166666666 0.7194444444444444 0.5502604166666667 0.7402777777777778 0.5546875 0.7555555555555556 0.5570312500000001 0.7694444444444445 0.5604166666666667 0.775925925925926 0.5708333333333333 0.7814814814814816 0.58359375 0.7824074074074074 0.5986979166666666 0.7796296296296297 0.6028645833333334 0.7768518518518519 0.6057291666666667 0.7726851851851853 0.60703125 0.7620370370370372 0.60703125 0.7527777777777779 0.6062500000000001 0.7421296296296297 0.6046875 0.7337962962962963 0.5984375000000001 0.7143518518518519 0.5973958333333333 0.7032407407407407 0.5942708333333334 0.6972222222222222 0.5885416666666666 0.6791666666666667 0.5822916666666667 0.6671296296296296 0.578125 0.6625 0.57421875 0.6606481481481482 0.5622395833333333 0.6601851851851852 0.5567708333333333 0.6615740740740741 0.5536458333333334 0.6638888888888889 0.5463541666666667 0.6773148148148148 0.5434895833333333 0.6851851851851852 0.5432291666666667 0.6939814814814815 0.5453125000000001 0.7083333333333334
1 0.5083333333333333 0.538425925925926 0.5101562500000001 0.5365740740740741 0.5078125 0.5356481481481482 0.5062500000000001 0.5365740740740741 0.5083333333333333 0.538425925925926
1 0.4856770833333333 0.5125000000000001 0.4877604166666667 0.5217592592592593 0.49062500000000003 0.5263888888888889 0.5067708333333334 0.5282407407407408 0.5119791666666667 0.5273148148148148 0.5127604166666667 0.525925925925926 0.5130208333333334 0.5083333333333334 0.5119791666666667 0.4986111111111111 0.5088541666666667 0.48750000000000004 0.5052083333333334 0.48333333333333334 0.5023437500000001 0.4819444444444445 0.4947916666666667 0.48148148148148145 0.48984375 0.4837962962962963 0.4861979166666667 0.49120370370370375 0.4848958333333333 0.4990740740740741 0.4856770833333333 0.5125000000000001
1 0.4424479166666667 0.5398148148148149 0.44609375 0.575925925925926 0.4494791666666667 0.5777777777777778 0.45546875000000003 0.575925925925926 0.45989583333333334 0.5773148148148148 0.46718750000000003 0.5763888888888888 0.4700520833333333 0.5782407407407407 0.4736979166666667 0.5773148148148148 0.47500000000000003 0.5745370370370371 0.47552083333333334 0.5699074074074074 0.47578125 0.549537037037037 0.47421875 0.5375000000000001 0.4697916666666667 0.525925925925926 0.46640625 0.5217592592592593 0.45677083333333335 0.5199074074074075 0.4494791666666667 0.5217592592592593 0.4471354166666667 0.525925925925926 0.44453125 0.5365740740740741 0.4424479166666667 0.5398148148148149
1 0.46484375 0.8282407407407407 0.4651041666666667 0.8416666666666667 0.46718750000000003 0.8453703703703704 0.4666666666666667 0.8597222222222223 0.46848958333333335 0.875925925925926 0.4703125 0.8870370370370372 0.47421875 0.8967592592592594 0.4877604166666667 0.9050925925925926 0.5135416666666667 0.9055555555555557 0.5263020833333334 0.9032407407407409 0.5343749999999999 0.8939814814814816 0.5369791666666667 0.8837962962962963 0.5372395833333333 0.8578703703703704 0.53671875 0.8518518518518519 0.5330729166666667 0.8356481481481481 0.5317708333333333 0.8162037037037038 0.5335937500000001 0.8120370370370371 0.5361979166666667 0.8092592592592593 0.53671875 0.8064814814814816 0.5359375000000001 0.8037037037037038 0.5309895833333333 0.8018518518518519 0.5286458333333334 0.7976851851851853 0.5192708333333333 0.7587962962962963 0.5130208333333334 0.7277777777777779 0.5083333333333333 0.7166666666666667 0.5028645833333334 0.7148148148148148 0.4903645833333333 0.7143518518518519 0.47421875 0.7171296296296297 0.47239583333333335 0.7203703703703704 0.4703125 0.7305555555555556 0.4666666666666667 0.7412037037037038 0.4643229166666667 0.7546296296296297 0.4630208333333333 0.7712962962962964 0.4630208333333333 0.8212962962962963 0.46484375 0.8282407407407407
1 0.23776041666666667 0.8254629629629631 0.240625 0.8319444444444445 0.24427083333333335 0.8351851851851853 0.26067708333333334 0.838425925925926 0.27656250000000004 0.8393518518518519 0.2830729166666667 0.8328703703703704 0.2903645833333333 0.8324074074074075 0.29270833333333335 0.8277777777777778 0.29322916666666665 0.800462962962963 0.2955729166666667 0.7962962962962963 0.3015625 0.775 0.3052083333333333 0.7694444444444445 0.30625 0.7638888888888888 0.30625 0.7472222222222222 0.30364583333333334 0.7263888888888889 0.3 0.7226851851851853 0.28828125000000004 0.7203703703703704 0.26796875000000003 0.7212962962962963 0.265625 0.7217592592592593 0.26015625000000003 0.7287037037037037 0.25156249999999997 0.7347222222222223 0.25 0.7384259259259259 0.24947916666666667 0.7449074074074075 0.24765625 0.75 0.246875 0.7569444444444444 0.23671875 0.7972222222222223 0.2359375 0.8115740740740741 0.23776041666666667 0.8254629629629631
4 0.5242187500000001 0.4935185185185186 0.5304687499999999 0.5037037037037038 0.5322916666666667 0.5101851851851852 0.5393229166666667 0.5074074074074074 0.5518229166666667 0.5097222222222223 0.5539062499999999 0.5097222222222223 0.5546875 0.5083333333333334 0.5557291666666667 0.501388888888889 0.5554687500000001 0.48750000000000004 0.5502604166666667 0.47175925925925927 0.5463541666666667 0.46296296296296297 0.5401041666666667 0.45972222222222225 0.5291666666666667 0.45972222222222225 0.5252604166666667 0.46342592592592596 0.5236979166666667 0.47453703703703703 0.5234375 0.487962962962963 0.5242187500000001 0.4935185185185186
1 0.3416666666666667 0.5171296296296296 0.3486979166666667 0.5138888888888888 0.3559895833333333 0.5143518518518518 0.3627604166666667 0.5166666666666667 0.36640625 0.5023148148148148 0.36328125 0.4805555555555556 0.3596354166666667 0.47685185185185186 0.346875 0.47731481481481486 0.3424479166666667 0.4824074074074074 0.33984375 0.4944444444444445 0.3403645833333333 0.5129629629629631 0.3416666666666667 0.5171296296296296
4 0.6369791666666667 0.7328703703703704 0.6380208333333334 0.7518518518518519 0.6393229166666666 0.7601851851851853 0.640625 0.763425925925926 0.6473958333333334 0.7657407407407407 0.65234375 0.7754629629629629 0.6544270833333334 0.7833333333333334 0.6578125 0.7907407407407407 0.66328125 0.8 0.6643229166666667 0.8037037037037038 0.6645833333333334 0.8175925925925926 0.6661458333333334 0.8240740740740741 0.6684895833333334 0.8287037037037037 0.671875 0.8287037037037037 0.6752604166666667 0.8254629629629631 0.6877604166666667 0.827314814814815 0.7098958333333334 0.8236111111111112 0.7135416666666666 0.8222222222222223 0.7169270833333334 0.8189814814814815 0.7195312500000001 0.813888888888889 0.7213541666666666 0.7967592592592594 0.7208333333333334 0.7888888888888889 0.7171875 0.7703703703703704 0.7135416666666666 0.7592592592592593 0.7111979166666667 0.7550925925925926 0.7109375 0.750925925925926 0.7130208333333334 0.7444444444444445 0.70703125 0.7384259259259259 0.7033854166666667 0.7263888888888889 0.6994791666666667 0.7171296296296297 0.6890625 0.6967592592592593 0.68515625 0.6939814814814815 0.6786458333333334 0.6930555555555556 0.671875 0.6861111111111112 0.6455729166666666 0.6875 0.6403645833333333 0.688425925925926 0.6375000000000001 0.6907407407407408 0.6359375 0.6962962962962963 0.63515625 0.7046296296296297 0.6348958333333334 0.7199074074074074 0.6369791666666667 0.7328703703703704
6 0.21354166666666666 0.5564814814814815 0.21276041666666667 0.5662037037037038 0.21328125 0.5763888888888888 0.21614583333333334 0.5787037037037037 0.23619791666666667 0.5787037037037037 0.24453125 0.5731481481481482 0.24713541666666666 0.5675925925925926 0.2533854166666667 0.5601851851851852 0.25677083333333334 0.550462962962963 0.26197916666666665 0.5472222222222223 0.26406250000000003 0.5430555555555556 0.26614583333333336 0.5361111111111112 0.26718749999999997 0.5148148148148148 0.2690104166666667 0.5041666666666667 0.26848958333333334 0.501388888888889 0.26406250000000003 0.4949074074074074 0.2630208333333333 0.49074074074074076 0.2596354166666667 0.4847222222222222 0.25364583333333335 0.4824074074074074 0.24557291666666667 0.48287037037037045 0.2359375 0.48750000000000004 0.22395833333333334 0.49953703703703706 0.2171875 0.5027777777777778 0.21510416666666665 0.5092592592592593 0.21328125 0.5120370370370371 0.21223958333333334 0.5185185185185185 0.21197916666666666 0.5300925925925926 0.21354166666666666 0.5564814814814815