8 0.6493055555555556 0.48518518518518516 0.6484375 0.48796296296296293 0.6477430555555556 0.4941358024691358 0.6484375 0.5021604938271605 0.6501736111111112 0.5064814814814814 0.6557291666666666 0.5114197530864197 0.6578125 0.5166666666666666 0.6579861111111112 0.5185185185185185 0.6592013888888888 0.5203703703703704 0.6614583333333334 0.5225308641975308 0.6836805555555555 0.5231481481481481 0.6871527777777777 0.5228395061728395 0.6887152777777777 0.520679012345679 0.6895833333333333 0.49845679012345684 0.6881944444444444 0.4833333333333333 0.6859375 0.47314814814814815 0.6828124999999999 0.46882716049382717 0.6786458333333334 0.4645061728395061 0.6739583333333333 0.46234567901234563 0.6579861111111112 0.46234567901234563 0.6543402777777778 0.46543209876543207 0.6520833333333333 0.47067901234567905 0.6489583333333333 0.47469135802469137 0.6480902777777777 0.4774691358024691 0.6493055555555556 0.48117283950617284 0.6493055555555556 0.48518518518518516
1 0.22343749999999998 0.4395061728395062 0.22413194444444445 0.44660493827160497 0.22569444444444445 0.45 0.22743055555555555 0.45092592592592595 0.23350694444444445 0.45 0.23576388888888888 0.44876543209876546 0.2375 0.44598765432098764 0.23819444444444443 0.43734567901234567 0.23802083333333335 0.4330246913580247 0.23697916666666666 0.4305555555555556 0.2326388888888889 0.4280864197530864 0.22395833333333334 0.42839506172839503 0.22343749999999998 0.4311728395061728 0.22343749999999998 0.4395061728395062
1 0.1892361111111111 0.44290123456790126 0.1909722222222222 0.44598765432098764 0.19322916666666665 0.4478395061728395 0.19652777777777775 0.44876543209876546 0.19826388888888888 0.4472222222222222 0.20694444444444443 0.44598765432098764 0.2074652777777778 0.43209876543209874 0.20677083333333335 0.42901234567901236 0.20677083333333335 0.42376543209876544 0.20555555555555555 0.42191358024691356 0.20069444444444445 0.42160493827160495 0.19583333333333333 0.4228395061728395 0.1939236111111111 0.425 0.1918402777777778 0.4302469135802469 0.1892361111111111 0.4324074074074074 0.18854166666666666 0.43425925925925923 0.18836805555555555 0.43734567901234567 0.1892361111111111 0.44290123456790126
1 0.5486111111111112 0.33796296296296297 0.5501736111111111 0.3388888888888889 0.5541666666666666 0.3388888888888889 0.5553819444444444 0.337037037037037 0.5553819444444444 0.33179012345679015 0.5538194444444444 0.3277777777777778 0.5498263888888888 0.3277777777777778 0.5479166666666666 0.3308641975308642 0.5477430555555556 0.33549382716049386 0.5486111111111112 0.33796296296296297
1 0.5699652777777777 0.3932098765432099 0.5802083333333333 0.39351851851851855 0.5817708333333333 0.3925925925925926 0.5826388888888888 0.3873456790123457 0.5826388888888888 0.3833333333333333 0.5817708333333333 0.37962962962962965 0.5788194444444444 0.375 0.5748263888888888 0.3728395061728395 0.5711805555555556 0.37376543209876545 0.5690972222222223 0.37654320987654316 0.5684027777777777 0.3790123456790123 0.5684027777777777 0.39043209876543206 0.5699652777777777 0.3932098765432099
1 0.5635416666666666 0.3654320987654321 0.5701388888888889 0.3654320987654321 0.5718749999999999 0.3645061728395062 0.5730902777777778 0.3626543209876543 0.5734374999999999 0.3589506172839506 0.5727430555555555 0.35555555555555557 0.5710069444444444 0.3524691358024691 0.5640624999999999 0.35216049382716047 0.5625 0.35555555555555557 0.5623263888888889 0.3632716049382716 0.5635416666666666 0.3654320987654321
1 0.6682291666666667 0.3827160493827161 0.6694444444444444 0.38364197530864197 0.6746527777777778 0.38425925925925924 0.6784722222222221 0.3861111111111111 0.6798611111111111 0.38395061728395063 0.6791666666666666 0.37376543209876545 0.6779513888888888 0.370679012345679 0.6755208333333333 0.3691358024691358 0.6697916666666666 0.370679012345679 0.6685763888888888 0.37160493827160496 0.6670138888888888 0.375 0.6670138888888888 0.37962962962962965 0.6682291666666667 0.3827160493827161
1 0.4289930555555555 0.3527777777777778 0.4359375 0.35401234567901235 0.4387152777777778 0.35216049382716047 0.4381944444444444 0.34567901234567905 0.4357638888888889 0.34074074074074073 0.4319444444444444 0.34074074074074073 0.428125 0.34567901234567905 0.42777777777777776 0.3493827160493827 0.4289930555555555 0.3527777777777778
1 0.2883680555555555 0.6925925925925925 0.2895833333333333 0.695679012345679 0.29409722222222223 0.695679012345679 0.2970486111111111 0.6929012345679012 0.2986111111111111 0.6895061728395062 0.30017361111111107 0.6882716049382716 0.3109375 0.6873456790123457 0.3149305555555555 0.6876543209876543 0.3177083333333333 0.6891975308641975 0.3251736111111111 0.6907407407407407 0.3288194444444444 0.6929012345679012 0.3315972222222222 0.696604938271605 0.3354166666666667 0.6978395061728394 0.3385416666666667 0.6898148148148148 0.33923611111111107 0.6793209876543209 0.3404513888888889 0.674074074074074 0.34375 0.6679012345679012 0.3473958333333333 0.6648148148148147 0.3493055555555556 0.6604938271604938 0.3510416666666667 0.6339506172839506 0.3506944444444444 0.6265432098765432 0.3493055555555556 0.6222222222222222 0.3460069444444444 0.6212962962962962 0.33871527777777777 0.6138888888888888 0.3258680555555556 0.6111111111111112 0.30868055555555557 0.6111111111111112 0.3032986111111111 0.6151234567901235 0.29965277777777777 0.620679012345679 0.2961805555555555 0.6290123456790124 0.2953125 0.6348765432098765 0.29288194444444443 0.6432098765432099 0.29149305555555555 0.6459876543209876 0.28888888888888886 0.6484567901234568 0.2878472222222222 0.6512345679012346 0.2875 0.6839506172839506 0.2883680555555555 0.6925925925925925
1 0.35 0.42314814814814816 0.3666666666666667 0.42314814814814816 0.3694444444444444 0.42037037037037034 0.3722222222222222 0.42006172839506173 0.3746527777777778 0.41790123456790124 0.37482638888888886 0.40802469135802466 0.3739583333333333 0.4046296296296297 0.3697916666666667 0.39814814814814814 0.3668402777777778 0.3969135802469136 0.3581597222222222 0.3972222222222222 0.3515625 0.40030864197530863 0.3501736111111111 0.40370370370370373 0.3489583333333333 0.41234567901234565 0.3489583333333333 0.42160493827160495 0.35 0.42314814814814816
1 0.490625 0.5549382716049382 0.4901041666666667 0.5787037037037037 0.4907986111111111 0.5811728395061728 0.4907986111111111 0.592283950617284 0.4913194444444444 0.5969135802469135 0.49496527777777777 0.5975308641975309 0.4979166666666667 0.5947530864197531 0.5015624999999999 0.5935185185185184 0.5170138888888889 0.5941358024691359 0.5201388888888888 0.5947530864197531 0.5225694444444444 0.5969135802469135 0.5260416666666666 0.596604938271605 0.5260416666666666 0.5768518518518518 0.5230902777777777 0.5540123456790124 0.5237847222222223 0.5499999999999999 0.5260416666666666 0.5484567901234568 0.5265624999999999 0.5472222222222223 0.5265624999999999 0.5432098765432098 0.5260416666666666 0.542283950617284 0.5225694444444444 0.5410493827160493 0.5189236111111111 0.5361111111111111 0.5171874999999999 0.5351851851851852 0.4993055555555555 0.5348765432098765 0.49809027777777776 0.5351851851851852 0.4942708333333333 0.5410493827160493 0.4914930555555555 0.5416666666666666 0.4897569444444444 0.5441358024691358 0.4890625 0.5475308641975308 0.490625 0.5549382716049382
5 0.20069444444444445 0.6929012345679012 0.2029513888888889 0.6950617283950616 0.23836805555555554 0.6950617283950616 0.24288194444444444 0.6941358024691359 0.2472222222222222 0.696604938271605 0.24947916666666664 0.696604938271605 0.25190972222222224 0.6950617283950616 0.2548611111111111 0.6885802469135802 0.2560763888888889 0.6839506172839506 0.2564236111111111 0.6793209876543209 0.2581597222222222 0.6759259259259259 0.25902777777777775 0.6756172839506173 0.2670138888888889 0.6641975308641975 0.2704861111111111 0.6614197530864198 0.2725694444444444 0.6570987654320988 0.27413194444444444 0.6478395061728395 0.27413194444444444 0.6373456790123456 0.27239583333333334 0.6290123456790124 0.26961805555555557 0.6228395061728395 0.26493055555555556 0.6212962962962962 0.2609375 0.6185185185185185 0.2498263888888889 0.6151234567901235 0.24600694444444443 0.6148148148148148 0.24131944444444445 0.6111111111111112 0.23402777777777775 0.6111111111111112 0.2296875 0.6148148148148148 0.22569444444444445 0.6160493827160494 0.22256944444444443 0.6185185185185185 0.21684027777777778 0.6265432098765432 0.21614583333333334 0.629320987654321 0.21510416666666665 0.6302469135802469 0.21197916666666666 0.6379629629629631 0.20729166666666665 0.6462962962962963 0.203125 0.6564814814814816 0.20277777777777775 0.6592592592592593 0.20069444444444445 0.6641975308641975 0.20069444444444445 0.6688271604938272 0.19999999999999998 0.6712962962962963 0.19999999999999998 0.6895061728395062 0.20069444444444445 0.6929012345679012
1 0.3953125 0.39012345679012345 0.4081597222222222 0.39043209876543206 0.4111111111111111 0.3873456790123457 0.4111111111111111 0.3845679012345679 0.4098958333333333 0.37808641975308643 0.4086805555555555 0.375 0.4069444444444444 0.37376543209876545 0.4010416666666667 0.37345679012345684 0.3975694444444444 0.37438271604938267 0.39479166666666665 0.3768518518518519 0.3940972222222222 0.3790123456790123 0.3940972222222222 0.38796296296296295 0.3953125 0.39012345679012345
1 0.63125 0.4114197530864197 0.6444444444444444 0.4114197530864197 0.6461805555555555 0.408641975308642 0.6467013888888888 0.4055555555555555 0.6461805555555555 0.4006172839506173 0.6432291666666666 0.3950617283950617 0.6407986111111111 0.3929012345679012 0.6380208333333334 0.39197530864197533 0.6326388888888889 0.39197530864197533 0.6284722222222222 0.39382716049382716 0.6267361111111112 0.3972222222222222 0.6265625 0.40030864197530863 0.6267361111111112 0.4083333333333333 0.63125 0.4114197530864197
1 0.6760416666666667 0.36018518518518516 0.6788194444444444 0.3666666666666667 0.6800347222222222 0.36759259259259264 0.6864583333333334 0.36790123456790125 0.6881944444444444 0.36574074074074076 0.6881944444444444 0.3589506172839506 0.6859375 0.35462962962962963 0.6788194444444444 0.3552469135802469 0.6772569444444444 0.35648148148148145 0.6760416666666667 0.358641975308642 0.6760416666666667 0.36018518518518516
1 0.8190972222222221 0.37438271604938267 0.8199652777777777 0.37623456790123455 0.8258680555555555 0.37777777777777777 0.8319444444444444 0.38148148148148153 0.8385416666666666 0.3808641975308642 0.8385416666666666 0.36419753086419754 0.8354166666666666 0.35987654320987655 0.8289930555555556 0.3567901234567901 0.8244791666666667 0.3567901234567901 0.8211805555555556 0.3589506172839506 0.8190972222222221 0.362962962962963 0.81875 0.3712962962962963 0.8190972222222221 0.37438271604938267
1 0.5934027777777777 0.4669753086419753 0.5942708333333333 0.47067901234567905 0.5989583333333334 0.4787037037037037 0.6038194444444444 0.4777777777777778 0.6137152777777778 0.4777777777777778 0.6163194444444444 0.47901234567901235 0.6184027777777777 0.47685185185185186 0.6185763888888888 0.4697530864197531 0.6178819444444444 0.4632716049382716 0.6170138888888889 0.4617283950617284 0.6154513888888888 0.45401234567901233 0.6133680555555555 0.4493827160493827 0.6131944444444444 0.4475308641975309 0.6118055555555556 0.44537037037037036 0.6100694444444444 0.4444444444444444 0.6020833333333333 0.4444444444444444 0.5954861111111112 0.4506172839506173 0.5935763888888889 0.45401234567901233 0.5930555555555556 0.4583333333333333 0.5934027777777777 0.4669753086419753
4 0.6404513888888889 0.4398148148148148 0.6421875 0.44074074074074077 0.6440972222222222 0.4435185185185185 0.6475694444444444 0.4441358024691358 0.6522569444444444 0.44290123456790126 0.6614583333333334 0.4450617283950617 0.6623263888888888 0.44290123456790126 0.6631944444444444 0.4354938271604938 0.6630208333333334 0.429320987654321 0.6623263888888888 0.4271604938271605 0.6602430555555555 0.4243827160493827 0.6578125 0.4175925925925926 0.6546875 0.41604938271604935 0.6460069444444444 0.4154320987654321 0.6416666666666666 0.4175925925925926 0.6394097222222221 0.4212962962962963 0.6394097222222221 0.4364197530864197 0.6404513888888889 0.4398148148148148
1 0.6682291666666667 0.3725308641975309 0.6762152777777778 0.37191358024691357 0.678125 0.37006172839506174 0.6779513888888888 0.3648148148148148 0.6763888888888888 0.3611111111111111 0.6749999999999999 0.35987654320987655 0.6706597222222221 0.3589506172839506 0.66875 0.35987654320987655 0.6670138888888888 0.362962962962963 0.6670138888888888 0.3697530864197531 0.6682291666666667 0.3725308641975309
2 0.07413194444444444 0.6993827160493827 0.07378472222222222 0.7129629629629629 0.07743055555555554 0.7200617283950618 0.07795138888888888 0.7246913580246913 0.08194444444444444 0.7243827160493828 0.08437499999999999 0.7225308641975309 0.0861111111111111 0.7228395061728394 0.08854166666666667 0.7271604938271605 0.08871527777777777 0.7345679012345678 0.09166666666666667 0.7373456790123456 0.09496527777777777 0.7354938271604938 0.09565972222222222 0.7342592592592593 0.09496527777777777 0.729320987654321 0.0953125 0.7240740740740741 0.09618055555555555 0.720679012345679 0.09565972222222222 0.7135802469135802 0.09166666666666667 0.7104938271604938 0.09045138888888887 0.7024691358024691 0.09097222222222222 0.6993827160493827 0.09184027777777777 0.6981481481481482 0.09618055555555555 0.6969135802469135 0.096875 0.695679012345679 0.0970486111111111 0.692283950617284 0.09097222222222222 0.6873456790123457 0.0873263888888889 0.68179012345679 0.08628472222222222 0.6790123456790123 0.08628472222222222 0.6719135802469135 0.08506944444444445 0.6675925925925925 0.08090277777777777 0.6675925925925925 0.07795138888888888 0.6719135802469135 0.07725694444444445 0.675 0.07777777777777778 0.6780864197530865 0.07725694444444445 0.68179012345679 0.07447916666666667 0.6858024691358025 0.07378472222222222 0.6879629629629629 0.07326388888888889 0.6901234567901234 0.07413194444444444 0.6993827160493827
4 0.11284722222222222 0.9947530864197531 0.1140625 0.9969135802469137 0.11614583333333332 0.9981481481481481 0.11631944444444445 0.9996913580246913 0.13420138888888888 0.9996913580246913 0.134375 0.9981481481481481 0.1378472222222222 0.9975308641975309 0.14253472222222222 0.9975308641975309 0.14375 0.9981481481481481 0.1439236111111111 0.9996913580246913 0.1449652777777778 0.9996913580246913 0.14513888888888887 0.9981481481481481 0.15364583333333334 0.9972222222222222 0.1560763888888889 0.9975308641975309 0.15711805555555555 0.9984567901234568 0.15711805555555555 0.9996913580246913 0.18177083333333333 0.9996913580246913 0.18194444444444444 0.9981481481481481 0.18263888888888888 0.9984567901234568 0.18263888888888888 0.9996913580246913 0.1918402777777778 0.9996913580246913 0.1920138888888889 0.9978395061728395 0.19270833333333334 0.9972222222222222 0.19375 0.9978395061728395 0.1939236111111111 0.9996913580246913 0.21614583333333334 0.9996913580246913 0.21631944444444445 0.9981481481481481 0.2173611111111111 0.9981481481481481 0.2175347222222222 0.9996913580246913 0.228125 0.9996913580246913 0.228125 0.9978395061728395 0.22916666666666666 0.9950617283950618 0.2293402777777778 0.9839506172839506 0.23194444444444445 0.979320987654321 0.2345486111111111 0.9777777777777777 0.23802083333333335 0.971604938271605 0.2420138888888889 0.9592592592592593 0.2454861111111111 0.9530864197530865 0.2467013888888889 0.9484567901234568 0.2482638888888889 0.945679012345679 0.24913194444444445 0.9410493827160493 0.25190972222222224 0.9339506172839506 0.25277777777777777 0.9299382716049384 0.2552083333333333 0.9253086419753087 0.2569444444444444 0.9197530864197531 0.2598958333333333 0.9163580246913581 0.2623263888888889 0.9157407407407407 0.26579861111111114 0.9126543209876543 0.2692708333333333 0.9055555555555556 0.2717013888888889 0.891358024691358 0.271875 0.8830246913580246 0.27239583333333334 0.8805555555555555 0.2717013888888889 0.8700617283950618 0.271875 0.8598765432098765 0.27291666666666664 0.8515432098765432 0.2725694444444444 0.8407407407407407 0.2692708333333333 0.8265432098765432 0.26579861111111114 0.8203703703703703 0.26163194444444443 0.817283950617284 0.25121527777777775 0.8151234567901234 0.2237847222222222 0.8145061728395062 0.2112847222222222 0.817283950617284 0.2059027777777778 0.8203703703703703 0.20381944444444444 0.8231481481481482 0.20052083333333334 0.8253086419753086 0.1892361111111111 0.8274691358024691 0.18489583333333334 0.8311728395061728 0.18333333333333335 0.8342592592592593 0.17881944444444445 0.8385802469135802 0.1769097222222222 0.842283950617284 0.1753472222222222 0.8438271604938271 0.17326388888888888 0.8493827160493828 0.16145833333333334 0.8728395061728395 0.16024305555555554 0.8771604938271605 0.1578125 0.8820987654320988 0.15590277777777775 0.8904320987654322 0.15381944444444445 0.8962962962962963 0.1534722222222222 0.9030864197530865 0.15225694444444443 0.9092592592592593 0.1484375 0.9145061728395062 0.14184027777777777 0.9277777777777778 0.1378472222222222 0.9342592592592593 0.13697916666666665 0.9345679012345679 0.1361111111111111 0.9370370370370371 0.13385416666666666 0.9398148148148148 0.12916666666666665 0.9484567901234568 0.12760416666666666 0.9530864197530865 0.1265625 0.9540123456790123 0.12465277777777778 0.9589506172839506 0.1189236111111111 0.9697530864197531 0.1140625 0.9854938271604938 0.11284722222222222 0.9910493827160494 0.11284722222222222 0.9947530864197531
0 0.3020833333333333 0.49907407407407406 0.3026041666666667 0.5037037037037037 0.3026041666666667 0.5231481481481481 0.3034722222222222 0.5262345679012346 0.3223958333333333 0.5274691358024691 0.3421875 0.5262345679012346 0.3472222222222222 0.5240740740740741 0.3498263888888889 0.5240740740740741 0.3524305555555556 0.5259259259259259 0.3559027777777778 0.5194444444444445 0.3567708333333333 0.5080246913580247 0.3579861111111111 0.5040123456790123 0.3623263888888889 0.4996913580246914 0.3666666666666667 0.49845679012345684 0.3684027777777778 0.49506172839506174 0.3708333333333333 0.4876543209876543 0.3722222222222222 0.4641975308641975 0.3722222222222222 0.4524691358024691 0.3732638888888889 0.4493827160493827 0.3734375 0.4422839506172839 0.3723958333333333 0.44043209876543205 0.3696180555555555 0.4305555555555556 0.3666666666666667 0.425 0.3590277777777778 0.4256172839506173 0.3501736111111111 0.42407407407407405 0.3421875 0.425 0.3338541666666667 0.4305555555555556 0.3293402777777778 0.4364197530864197 0.3274305555555555 0.43765432098765433 0.3222222222222222 0.4450617283950617 0.31527777777777777 0.4493827160493827 0.3095486111111111 0.45771604938271604 0.3034722222222222 0.4611111111111111 0.3026041666666667 0.4632716049382716 0.3022569444444444 0.4722222222222222 0.3026041666666667 0.48209876543209873 0.3020833333333333 0.49907407407407406
6 0.4288194444444444 0.3987654320987654 0.4302083333333333 0.4012345679012346 0.4317708333333333 0.40216049382716046 0.4430555555555556 0.40216049382716046 0.4460069444444444 0.4009259259259259 0.4467013888888889 0.3969135802469136 0.4473958333333333 0.3830246913580247 0.4473958333333333 0.3672839506172839 0.44687499999999997 0.36419753086419754 0.4461805555555556 0.362962962962963 0.43854166666666666 0.362962962962963 0.4364583333333333 0.36203703703703705 0.4317708333333333 0.3626543209876543 0.4296875 0.36419753086419754 0.4284722222222222 0.36790123456790125 0.4282986111111111 0.3895061728395061 0.4288194444444444 0.3987654320987654
3 0.74375 0.3975308641975308 0.7449652777777778 0.3987654320987654 0.7482638888888888 0.3987654320987654 0.7496527777777777 0.39444444444444443 0.7494791666666666 0.39043209876543206 0.7484375 0.3867283950617284 0.7447916666666666 0.3851851851851852 0.7432291666666666 0.3873456790123457 0.7427083333333333 0.39382716049382716 0.74375 0.3975308641975308
3 0.06753472222222222 0.7404320987654321 0.06979166666666667 0.7410493827160494 0.07065972222222222 0.7429012345679012 0.06996527777777778 0.7496913580246913 0.07083333333333333 0.7567901234567901 0.07291666666666667 0.7608024691358025 0.07447916666666667 0.7623456790123456 0.07881944444444444 0.7611111111111112 0.08125 0.757716049382716 0.08263888888888887 0.7524691358024691 0.08263888888888887 0.7478395061728395 0.08402777777777777 0.7450617283950618 0.0859375 0.7432098765432099 0.08958333333333332 0.7416666666666666 0.09184027777777777 0.7382716049382716 0.09184027777777777 0.7370370370370369 0.09270833333333332 0.7367283950617284 0.09283854166666666 0.7382716049382716 0.09583333333333333 0.7382716049382716 0.10104166666666667 0.7342592592592593 0.10138888888888888 0.7324074074074074 0.10243055555555555 0.7311728395061728 0.10364583333333333 0.7212962962962963 0.10364583333333333 0.7151234567901235 0.10277777777777777 0.7089506172839506 0.0998263888888889 0.703395061728395 0.10052083333333332 0.6987654320987654 0.1001736111111111 0.692283950617284 0.10225694444444444 0.6891975308641975 0.10243055555555555 0.6845679012345679 0.09895833333333333 0.6867283950617284 0.09774305555555556 0.688888888888889 0.09756944444444444 0.6916666666666667 0.09618055555555555 0.6950617283950616 0.0939236111111111 0.6969135802469135 0.09131944444444444 0.6975308641975309 0.09010416666666667 0.6993827160493827 0.09010416666666667 0.7104938271604938 0.09340277777777778 0.7179012345679012 0.09340277777777778 0.7225308641975309 0.09253472222222223 0.7277777777777777 0.09097222222222222 0.7268518518518519 0.09045138888888887 0.720679012345679 0.08993055555555556 0.7200617283950618 0.078125 0.7200617283950618 0.07656249999999999 0.7175925925925926 0.07447916666666667 0.716358024691358 0.07256944444444444 0.7188271604938271 0.06996527777777778 0.7280864197530863 0.06666666666666667 0.7339506172839506 0.06649305555555556 0.7385802469135803 0.06753472222222222 0.7404320987654321
3 0.4286458333333333 0.35833333333333334 0.4288194444444444 0.3490740740740741 0.4253472222222222 0.34814814814814815 0.4253472222222222 0.358641975308642 0.4286458333333333 0.35833333333333334
3 0.4831597222222222 0.4138888888888889 0.48420138888888886 0.41790123456790124 0.4875 0.4169753086419753 0.4880208333333333 0.4055555555555555 0.48715277777777777 0.40432098765432095 0.484375 0.40370370370370373 0.4836805555555555 0.4058641975308642 0.4831597222222222 0.40771604938271605 0.4831597222222222 0.4138888888888889
3 0.3003472222222222 0.4395061728395062 0.30451388888888886 0.4395061728395062 0.3098958333333333 0.43765432098765433 0.3149305555555555 0.43765432098765433 0.31631944444444443 0.4361111111111111 0.3161458333333333 0.4324074074074074 0.3149305555555555 0.42839506172839503 0.3107638888888889 0.4212962962962963 0.3072916666666667 0.42160493827160495 0.3065972222222222 0.42345679012345677 0.3041666666666667 0.42623456790123454 0.3003472222222222 0.42623456790123454 0.2998263888888889 0.4271604938271605 0.2994791666666667 0.42962962962962964 0.3003472222222222 0.4395061728395062