8 0.46979166666666666 0.6197530864197531 0.47256944444444443 0.6237654320987653 0.4732638888888889 0.6268518518518519 0.47274305555555557 0.6354938271604937 0.4732638888888889 0.645679012345679 0.47256944444444443 0.6518518518518519 0.47291666666666665 0.6614197530864198 0.4741319444444444 0.6657407407407407 0.4774305555555556 0.6691358024691358 0.5123263888888888 0.6703703703703704 0.5182291666666666 0.6722222222222222 0.5229166666666667 0.6712962962962963 0.5258680555555555 0.6648148148148147 0.5279513888888888 0.6268518518518519 0.5295138888888888 0.6234567901234568 0.5307291666666667 0.6169753086419753 0.5302083333333333 0.6117283950617284 0.5291666666666667 0.6098765432098765 0.5281250000000001 0.6095679012345678 0.5272569444444445 0.6070987654320987 0.5272569444444445 0.6012345679012346 0.5282986111111111 0.5919753086419752 0.5282986111111111 0.5734567901234567 0.5289930555555555 0.5685185185185185 0.5289930555555555 0.5447530864197531 0.5284722222222222 0.5413580246913581 0.5282986111111111 0.520679012345679 0.5270833333333333 0.5169753086419754 0.5258680555555555 0.5157407407407407 0.5194444444444445 0.5132716049382716 0.5039930555555555 0.5126543209876543 0.4927083333333333 0.5138888888888888 0.4878472222222222 0.5175925925925926 0.4866319444444444 0.5228395061728395 0.4864583333333333 0.5262345679012346 0.48420138888888886 0.5324074074074074 0.4828125 0.5407407407407407 0.4795138888888889 0.5530864197530865 0.4779513888888889 0.5632716049382717 0.4758680555555555 0.5703703703703704 0.4744791666666667 0.5898148148148148 0.4739583333333333 0.591358024691358 0.4739583333333333 0.6027777777777777 0.47274305555555557 0.604320987654321 0.46857638888888886 0.6055555555555556 0.4680555555555555 0.6074074074074074 0.4680555555555555 0.6123456790123456 0.46979166666666666 0.6197530864197531
6 0.5375 0.6830246913580247 0.5364583333333334 0.6858024691358025 0.5359375 0.6950617283950616 0.5369791666666667 0.7212962962962963 0.5364583333333334 0.7237654320987654 0.5359375 0.741358024691358 0.5362847222222222 0.7592592592592593 0.5352430555555555 0.7679012345679013 0.5345486111111111 0.7814814814814816 0.5331597222222222 0.7848765432098765 0.5263888888888889 0.7861111111111112 0.5249999999999999 0.7895061728395062 0.5251736111111112 0.7941358024691358 0.5260416666666666 0.7972222222222222 0.5282986111111111 0.7987654320987654 0.5288194444444444 0.8003086419753087 0.5309027777777777 0.8009259259259259 0.5333333333333333 0.8030864197530865 0.5340277777777778 0.8055555555555556 0.5335069444444445 0.8145061728395062 0.5328124999999999 0.8179012345679012 0.5328124999999999 0.8302469135802469 0.5317708333333333 0.8447530864197531 0.5300347222222223 0.8524691358024691 0.5293402777777777 0.8694444444444445 0.5300347222222223 0.8787037037037038 0.5293402777777777 0.8833333333333334 0.5293402777777777 0.9 0.5303819444444444 0.9018518518518519 0.5366319444444444 0.9040123456790122 0.5506944444444444 0.9064814814814816 0.5609375 0.9104938271604938 0.5645833333333333 0.9104938271604938 0.5677083333333334 0.9117283950617284 0.5722222222222222 0.9117283950617284 0.5744791666666667 0.9104938271604938 0.5826388888888888 0.9108024691358024 0.5874999999999999 0.9120370370370371 0.5913194444444444 0.9141975308641975 0.5953125 0.9138888888888889 0.5967013888888888 0.9114197530864198 0.5989583333333334 0.9095679012345679 0.5998263888888888 0.9074074074074074 0.6012152777777777 0.8978395061728395 0.6006944444444444 0.8925925925925926 0.6013888888888889 0.8777777777777778 0.6012152777777777 0.866358024691358 0.6 0.8570987654320987 0.600173611111111 0.8385802469135802 0.5989583333333334 0.825925925925926 0.5989583333333334 0.8129629629629629 0.6008680555555556 0.8092592592592593 0.6022569444444444 0.8089506172839506 0.6059027777777778 0.8046296296296297 0.6071180555555555 0.8006172839506173 0.6071180555555555 0.7969135802469135 0.6059027777777778 0.7947530864197531 0.5989583333333334 0.7941358024691358 0.5977430555555555 0.7919753086419753 0.5963541666666666 0.7864197530864198 0.5956597222222222 0.774074074074074 0.5946180555555556 0.7672839506172839 0.5953125 0.7626543209876543 0.5973958333333333 0.7580246913580246 0.5987847222222222 0.7521604938271605 0.5994791666666666 0.7268518518518519 0.6012152777777777 0.7104938271604938 0.6010416666666666 0.6993827160493827 0.600173611111111 0.6938271604938272 0.6 0.6870370370370371 0.6006944444444444 0.68179012345679 0.6006944444444444 0.675 0.5977430555555555 0.6626543209876543 0.5968749999999999 0.6515432098765431 0.5951388888888888 0.6469135802469135 0.592361111111111 0.6450617283950618 0.5633680555555556 0.6425925925925926 0.5496527777777778 0.6398148148148147 0.5430555555555555 0.6407407407407407 0.5407986111111112 0.6438271604938272 0.5395833333333333 0.6506172839506172 0.5387152777777777 0.6709876543209877 0.5375 0.6830246913580247
8 0.5901041666666667 0.445679012345679 0.5918402777777777 0.4478395061728395 0.6 0.4472222222222222 0.6050347222222222 0.44907407407407407 0.6095486111111111 0.44907407407407407 0.6109375 0.44660493827160497 0.6109375 0.4314814814814815 0.6114583333333333 0.42685185185185187 0.6109375 0.41450617283950614 0.6095486111111111 0.40771604938271605 0.6059027777777778 0.40030864197530863 0.5972222222222222 0.4 0.592361111111111 0.4012345679012346 0.590625 0.40956790123456793 0.5901041666666667 0.41512345679012347 0.5904513888888888 0.41820987654320985 0.5897569444444444 0.4253086419753086 0.5888888888888888 0.42839506172839503 0.5888888888888888 0.4425925925925926 0.5901041666666667 0.445679012345679
5 0.6385416666666666 0.7996913580246913 0.6399305555555556 0.807716049382716 0.6420138888888888 0.8129629629629629 0.6440972222222222 0.828395061728395 0.646875 0.8339506172839506 0.6494791666666666 0.842283950617284 0.6498263888888888 0.8595679012345678 0.6506944444444444 0.8679012345679012 0.6543402777777778 0.8743827160493828 0.6586805555555556 0.8756172839506172 0.6597222222222222 0.8771604938271605 0.6722222222222222 0.8830246913580246 0.6793402777777777 0.8830246913580246 0.6907986111111112 0.8851851851851852 0.6984374999999999 0.8851851851851852 0.7064236111111112 0.887037037037037 0.7100694444444444 0.887037037037037 0.7159722222222222 0.8848765432098765 0.7177083333333334 0.883641975308642 0.7206597222222222 0.879320987654321 0.7213541666666666 0.8762345679012346 0.7215277777777778 0.8679012345679012 0.7223958333333333 0.8604938271604938 0.7215277777777778 0.8561728395061728 0.7218749999999999 0.8450617283950618 0.7208333333333333 0.8388888888888888 0.7206597222222222 0.8308641975308642 0.7185763888888889 0.8240740740740741 0.7170138888888888 0.8160493827160493 0.7154513888888888 0.8123456790123457 0.7142361111111112 0.8058641975308641 0.7145833333333333 0.8006172839506173 0.7170138888888888 0.796604938271605 0.717361111111111 0.7925925925925925 0.7170138888888888 0.7916666666666666 0.7135416666666666 0.792283950617284 0.7109375 0.7910493827160494 0.709548611111111 0.7891975308641975 0.707986111111111 0.7839506172839507 0.7046875 0.7768518518518519 0.7038194444444444 0.7712962962962963 0.701736111111111 0.766358024691358 0.6996527777777778 0.7567901234567901 0.6973958333333333 0.7521604938271605 0.6965277777777777 0.7484567901234568 0.6944444444444444 0.7447530864197531 0.69375 0.741358024691358 0.6911458333333333 0.7370370370370369 0.6878472222222222 0.7339506172839506 0.678125 0.7311728395061728 0.6756944444444444 0.7296296296296296 0.6440972222222222 0.7296296296296296 0.6404513888888889 0.7339506172839506 0.6381944444444444 0.7410493827160494 0.6375 0.7549382716049382 0.6378472222222222 0.7589506172839506 0.6369791666666667 0.7617283950617284 0.6369791666666667 0.7944444444444444 0.6385416666666666 0.7996913580246913
1 0.5522569444444444 0.3617283950617284 0.5572916666666666 0.3632716049382716 0.5595486111111111 0.35833333333333334 0.5595486111111111 0.35216049382716047 0.5574652777777778 0.3469135802469136 0.553298611111111 0.34814814814814815 0.5515625 0.3509259259259259 0.5508680555555555 0.35462962962962963 0.5508680555555555 0.3604938271604938 0.5522569444444444 0.3617283950617284
1 0.4737847222222222 0.46728395061728395 0.4744791666666667 0.4675925925925926 0.4895833333333333 0.46820987654320984 0.4913194444444444 0.4691358024691358 0.4935763888888889 0.46728395061728395 0.4947916666666667 0.46512345679012346 0.4958333333333333 0.45987654320987653 0.49600694444444443 0.44845679012345674 0.4965277777777778 0.4469135802469136 0.4958333333333333 0.4351851851851852 0.4947916666666667 0.4324074074074074 0.490625 0.4305555555555556 0.4817708333333333 0.4305555555555556 0.4786458333333333 0.4324074074074074 0.4753472222222222 0.4398148148148148 0.47465277777777776 0.44290123456790126 0.4739583333333333 0.4475308641975309 0.4737847222222222 0.4552469135802469 0.47291666666666665 0.4583333333333333 0.47291666666666665 0.4641975308641975 0.4737847222222222 0.46728395061728395
1 0.07447916666666667 0.3697530864197531 0.07743055555555554 0.37438271604938267 0.0876736111111111 0.3771604938271605 0.09565972222222222 0.3771604938271605 0.09861111111111111 0.37345679012345684 0.09861111111111111 0.3651234567901234 0.096875 0.3589506172839506 0.08802083333333333 0.3567901234567901 0.08107638888888889 0.3567901234567901 0.07378472222222222 0.35987654320987655 0.0736111111111111 0.36358024691358026 0.07447916666666667 0.3697530864197531
1 0.2522569444444444 0.9969135802469137 0.25364583333333335 0.9975308641975309 0.25416666666666665 0.9996913580246913 0.2701388888888889 0.9996913580246913 0.27031249999999996 0.9981481481481481 0.2722222222222222 0.9972222222222222 0.3043402777777778 0.9975308641975309 0.3069444444444444 0.9962962962962962 0.3097222222222222 0.9975308641975309 0.3170138888888889 0.9975308641975309 0.3177083333333333 0.9996913580246913 0.3178819444444444 0.9981481481481481 0.3234375 0.9981481481481481 0.32361111111111107 0.9996913580246913 0.3248263888888889 0.9996913580246913 0.325 0.9981481481481481 0.3265625 0.9975308641975309 0.3293402777777778 0.9975308641975309 0.3303819444444444 0.9984567901234568 0.3303819444444444 0.9996913580246913 0.3326388888888889 0.9996913580246913 0.3326388888888889 0.9984567901234568 0.3338541666666667 0.9975308641975309 0.3385416666666667 0.9975308641975309 0.3420138888888889 0.9950617283950618 0.34357638888888886 0.983641975308642 0.346875 0.9765432098765432 0.3489583333333333 0.9688271604938271 0.3510416666666667 0.9638888888888888 0.3519097222222222 0.9589506172839506 0.3539930555555555 0.9543209876543209 0.35486111111111107 0.9481481481481482 0.3564236111111111 0.9435185185185185 0.3585069444444444 0.9333333333333333 0.3602430555555556 0.9302469135802469 0.3673611111111111 0.9231481481481482 0.3697916666666667 0.9169753086419753 0.37048611111111107 0.9070987654320988 0.36996527777777777 0.8811728395061729 0.37048611111111107 0.8746913580246913 0.3720486111111111 0.8679012345679012 0.3720486111111111 0.8555555555555556 0.3708333333333333 0.842283950617284 0.3697916666666667 0.8373456790123457 0.36701388888888886 0.8293209876543209 0.3663194444444444 0.8246913580246913 0.3644097222222222 0.8209876543209877 0.36267361111111107 0.8194444444444444 0.3545138888888889 0.8188271604938272 0.3506944444444444 0.817283950617284 0.3368055555555556 0.8160493827160493 0.3206597222222222 0.817283950617284 0.3171875 0.8194444444444444 0.3126736111111111 0.8262345679012346 0.30624999999999997 0.83179012345679 0.29843749999999997 0.8450617283950618 0.2961805555555555 0.8503086419753086 0.29496527777777776 0.8549382716049382 0.29201388888888885 0.8608024691358025 0.2894097222222222 0.8688271604938271 0.2883680555555555 0.8700617283950618 0.2838541666666667 0.8851851851851852 0.2817708333333333 0.8898148148148147 0.2809027777777778 0.8944444444444444 0.27760416666666665 0.9015432098765431 0.2730902777777778 0.9179012345679012 0.2690972222222222 0.91820987654321 0.26805555555555555 0.9151234567901234 0.26579861111111114 0.9138888888888889 0.26197916666666665 0.9141975308641975 0.2611111111111111 0.9154320987654321 0.2611111111111111 0.9222222222222222 0.26319444444444445 0.9253086419753087 0.26684027777777775 0.9274691358024691 0.2677083333333333 0.9293209876543209 0.2678819444444444 0.9320987654320988 0.26284722222222223 0.9469135802469135 0.26076388888888885 0.9506172839506173 0.2592013888888889 0.95679012345679 0.2578125 0.9583333333333334 0.25625000000000003 0.9648148148148148 0.2552083333333333 0.9666666666666666 0.2517361111111111 0.9858024691358025 0.25156249999999997 0.9953703703703703 0.2522569444444444 0.9969135802469137
1 0.4878472222222222 0.3975308641975308 0.4913194444444444 0.39783950617283953 0.4947916666666667 0.396604938271605 0.4958333333333333 0.39537037037037037 0.4967013888888889 0.39197530864197533 0.4986111111111111 0.38827160493827156 0.5027777777777778 0.38395061728395063 0.5024305555555555 0.37654320987654316 0.5015624999999999 0.375 0.4982638888888889 0.3728395061728395 0.4947916666666667 0.3725308641975309 0.4914930555555555 0.37376543209876545 0.4888888888888889 0.3768518518518519 0.4878472222222222 0.38024691358024687 0.4873263888888889 0.3867283950617284 0.48715277777777777 0.3947530864197531 0.4878472222222222 0.3975308641975308
1 0.4939236111111111 0.4114197530864197 0.4947916666666667 0.412962962962963 0.5069444444444444 0.4126543209876543 0.5104166666666666 0.4114197530864197 0.5114583333333333 0.4083333333333333 0.5114583333333333 0.40432098765432095 0.5090277777777777 0.3925925925925926 0.5074652777777777 0.38981481481481484 0.5050347222222222 0.38765432098765434 0.5010416666666666 0.38641975308641974 0.4975694444444444 0.3888888888888889 0.4951388888888889 0.39382716049382716 0.4942708333333333 0.39783950617283953 0.4944444444444444 0.4052469135802469 0.4939236111111111 0.4114197530864197
6 0.4317708333333333 0.5432098765432098 0.4310763888888889 0.5484567901234568 0.4288194444444444 0.5561728395061728 0.4284722222222222 0.5626543209876543 0.4284722222222222 0.5774691358024692 0.4288194444444444 0.5793209876543209 0.4302083333333333 0.5814814814814815 0.43350694444444443 0.5817901234567902 0.43559027777777776 0.5805555555555555 0.4395833333333333 0.5808641975308642 0.4472222222222222 0.5796296296296296 0.44930555555555557 0.5817901234567902 0.45642361111111107 0.5805555555555555 0.4597222222222222 0.5839506172839506 0.4635416666666667 0.582716049382716 0.4640625 0.5805555555555555 0.46475694444444443 0.567283950617284 0.4661458333333333 0.5648148148148148 0.4701388888888889 0.5611111111111111 0.4706597222222222 0.5589506172839506 0.4711805555555555 0.5413580246913581 0.4706597222222222 0.5185185185185185 0.4682291666666667 0.5074074074074074 0.4670138888888889 0.5049382716049382 0.46475694444444443 0.5030864197530864 0.4612847222222222 0.5018518518518518 0.4552083333333333 0.5018518518518518 0.44947916666666665 0.5027777777777778 0.4461805555555556 0.5052469135802469 0.4392361111111111 0.5166666666666666 0.4378472222222222 0.5225308641975308 0.4361111111111111 0.5256172839506172 0.4348958333333333 0.5302469135802469 0.4328125 0.533641975308642 0.4314236111111111 0.5339506172839505 0.42951388888888886 0.5367283950617284 0.4300347222222222 0.5398148148148147 0.4317708333333333 0.5432098765432098
5 0.6175347222222222 0.6725308641975308 0.6189236111111112 0.6848765432098766 0.6222222222222222 0.6981481481481482 0.6222222222222222 0.7141975308641975 0.6230902777777778 0.7203703703703703 0.6251736111111111 0.7219135802469135 0.6267361111111112 0.7243827160493828 0.6359374999999999 0.7268518518518519 0.6399305555555556 0.7290123456790124 0.6541666666666666 0.725925925925926 0.6635416666666666 0.725925925925926 0.6710069444444444 0.7271604938271605 0.6727430555555556 0.7265432098765432 0.6744791666666666 0.7243827160493828 0.6755208333333333 0.720679012345679 0.6762152777777778 0.7003086419753086 0.6755208333333333 0.6919753086419753 0.6739583333333333 0.6870370370370371 0.6725694444444444 0.6746913580246913 0.6734375 0.6712962962962963 0.6755208333333333 0.66820987654321 0.6739583333333333 0.6645061728395062 0.6697916666666666 0.6595679012345679 0.6685763888888888 0.6555555555555556 0.665625 0.6496913580246914 0.6649305555555556 0.6459876543209876 0.662673611111111 0.6410493827160494 0.6623263888888888 0.6367283950617284 0.6593749999999999 0.6302469135802469 0.654861111111111 0.6259259259259259 0.6527777777777778 0.625 0.6302083333333334 0.6228395061728395 0.625 0.625 0.6225694444444444 0.6277777777777778 0.6197916666666666 0.6333333333333334 0.6194444444444444 0.6364197530864197 0.6185763888888888 0.6629629629629629 0.6175347222222222 0.6725308641975308
6 0.49600694444444443 0.48148148148148145 0.49600694444444443 0.48456790123456794 0.4944444444444444 0.48796296296296293 0.49374999999999997 0.4972222222222222 0.49374999999999997 0.5098765432098765 0.4944444444444444 0.512037037037037 0.4982638888888889 0.512037037037037 0.5017361111111112 0.5098765432098765 0.5109374999999999 0.5098765432098765 0.5147569444444444 0.5101851851851852 0.5171874999999999 0.5123456790123457 0.5199652777777778 0.512962962962963 0.5217013888888888 0.5108024691358024 0.5225694444444444 0.5055555555555555 0.5225694444444444 0.49506172839506174 0.5236111111111111 0.4759259259259259 0.5217013888888888 0.45987654320987653 0.5201388888888888 0.4561728395061728 0.5152777777777777 0.45339506172839505 0.5046875000000001 0.45401234567901233 0.5010416666666666 0.45925925925925926 0.4967013888888889 0.4700617283950617 0.49600694444444443 0.4737654320987654 0.4947916666666667 0.475 0.4942708333333333 0.47685185185185186 0.4944444444444444 0.4787037037037037 0.49600694444444443 0.48148148148148145
1 0.5251736111111112 0.4351851851851852 0.5260416666666666 0.43703703703703706 0.5375 0.43703703703703706 0.5394097222222222 0.4351851851851852 0.5402777777777777 0.43179012345679013 0.5406249999999999 0.425 0.5416666666666666 0.4222222222222222 0.5414930555555555 0.41234567901234565 0.5399305555555556 0.4058641975308642 0.5291666666666667 0.4058641975308642 0.5249999999999999 0.4111111111111111 0.5244791666666666 0.42376543209876544 0.5251736111111112 0.4351851851851852
1 0.553298611111111 0.39783950617283953 0.5640624999999999 0.4 0.5664930555555555 0.39783950617283953 0.5675347222222222 0.39043209876543206 0.5673611111111111 0.3861111111111111 0.5668402777777778 0.3833333333333333 0.5645833333333333 0.3790123456790123 0.5614583333333333 0.3774691358024691 0.5564236111111112 0.37808641975308643 0.5526041666666667 0.3833333333333333 0.5520833333333334 0.38641975308641974 0.5522569444444444 0.39537037037037037 0.553298611111111 0.39783950617283953
2 0.546875 0.5932098765432099 0.5538194444444444 0.5904320987654321 0.5572916666666666 0.5904320987654321 0.5595486111111111 0.5858024691358025 0.5592013888888888 0.5817901234567902 0.5555555555555556 0.5737654320987654 0.5536458333333333 0.5648148148148148 0.5503472222222222 0.5645061728395062 0.5491319444444445 0.567283950617284 0.5482638888888889 0.5743827160493827 0.5456597222222223 0.5787037037037037 0.5447916666666667 0.5817901234567902 0.5447916666666667 0.5879629629629629 0.546875 0.5932098765432099
2 0.8557291666666667 0.9669753086419753 0.8576388888888888 0.967283950617284 0.8590277777777777 0.9694444444444444 0.8597222222222222 0.9762345679012346 0.8586805555555556 0.982716049382716 0.8586805555555556 0.9950617283950618 0.8597222222222222 0.9996913580246913 0.8675347222222222 0.9996913580246913 0.8675347222222222 0.9978395061728395 0.8684027777777777 0.9959876543209876 0.86875 0.9907407407407407 0.8710069444444444 0.9873456790123456 0.8732638888888888 0.9820987654320987 0.873611111111111 0.9759259259259259 0.8748263888888889 0.9694444444444444 0.8769097222222222 0.9669753086419753 0.8772569444444444 0.9654320987654321 0.879861111111111 0.9632716049382716 0.8810763888888888 0.9589506172839506 0.8802083333333334 0.9354938271604938 0.8782986111111112 0.9296296296296297 0.8781249999999999 0.9212962962962963 0.8774305555555556 0.917283950617284 0.8748263888888889 0.9135802469135803 0.8744791666666666 0.9117283950617284 0.8744791666666666 0.9015432098765431 0.8732638888888888 0.8972222222222223 0.8699652777777778 0.8938271604938272 0.8663194444444444 0.8941358024691358 0.8647569444444444 0.8962962962962963 0.8628472222222222 0.9021604938271606 0.8626736111111112 0.9117283950617284 0.8621527777777778 0.9135802469135803 0.8605902777777777 0.9160493827160494 0.8590277777777777 0.9166666666666666 0.8557291666666667 0.9225308641975308 0.8538194444444444 0.9290123456790123 0.8543402777777778 0.9629629629629629 0.8557291666666667 0.9669753086419753
2 0.9227430555555556 0.6169753086419753 0.9206597222222221 0.6234567901234568 0.9206597222222221 0.6265432098765432 0.9220486111111111 0.628395061728395 0.9253472222222222 0.6234567901234568 0.926736111111111 0.6240740740740741 0.928125 0.6259259259259259 0.9288194444444444 0.6339506172839506 0.9322916666666666 0.6351851851851852 0.9333333333333333 0.6277777777777778 0.9336805555555555 0.6157407407407407 0.9354166666666666 0.5987654320987654 0.9347222222222222 0.5950617283950618 0.9324652777777778 0.5888888888888889 0.9321180555555556 0.5820987654320988 0.9315972222222222 0.5808641975308642 0.9288194444444444 0.5790123456790123 0.9270833333333334 0.5811728395061728 0.9253472222222222 0.5864197530864198 0.9251736111111112 0.5898148148148148 0.9236111111111112 0.5935185185185184 0.9227430555555556 0.5996913580246913 0.921875 0.6021604938271605 0.9229166666666666 0.6138888888888888 0.9227430555555556 0.6169753086419753
2 0.6041666666666666 0.4975308641975309 0.6045138888888888 0.5015432098765432 0.6053819444444444 0.5037037037037037 0.6057291666666667 0.5172839506172839 0.606423611111111 0.5182098765432099 0.6092013888888889 0.516358024691358 0.6097222222222222 0.5009259259259259 0.6118055555555556 0.4959876543209876 0.6124999999999999 0.4925925925925925 0.6124999999999999 0.48703703703703705 0.6100694444444444 0.4737654320987654 0.6092013888888889 0.4722222222222222 0.6057291666666667 0.4722222222222222 0.6038194444444444 0.47716049382716047 0.6024305555555556 0.4833333333333333 0.6020833333333333 0.49104938271604937 0.6041666666666666 0.4975308641975309
2 0.6862847222222221 0.4975308641975309 0.6871527777777777 0.5015432098765432 0.6875 0.512962962962963 0.6880208333333333 0.5154320987654321 0.6894097222222222 0.5172839506172839 0.6918402777777778 0.5154320987654321 0.6918402777777778 0.5117283950617284 0.69375 0.4972222222222222 0.693923611111111 0.49074074074074076 0.692361111111111 0.48271604938271606 0.6906249999999999 0.47962962962962963 0.6885416666666666 0.47962962962962963 0.6875 0.48148148148148145 0.6868055555555556 0.4854938271604938 0.6862847222222221 0.48919753086419754 0.6862847222222221 0.4975308641975309
2 0.9440972222222221 0.6274691358024691 0.943923611111111 0.6478395061728395 0.9453125 0.6509259259259259 0.9465277777777777 0.6512345679012346 0.9484374999999999 0.6487654320987654 0.9496527777777778 0.6419753086419753 0.9532986111111111 0.6361111111111112 0.9539930555555556 0.6265432098765432 0.9552083333333333 0.6188271604938271 0.9550347222222222 0.6033950617283951 0.9522569444444444 0.5916666666666667 0.9503472222222222 0.5895061728395061 0.9487847222222222 0.5895061728395061 0.9467013888888888 0.5916666666666667 0.9434027777777778 0.6024691358024691 0.9428819444444444 0.608641975308642 0.9427083333333334 0.6169753086419753 0.9440972222222221 0.6274691358024691
2 0.3767361111111111 0.5475308641975308 0.3746527777777778 0.553395061728395 0.3746527777777778 0.5570987654320988 0.3763888888888889 0.5589506172839506 0.38263888888888886 0.5583333333333333 0.3850694444444444 0.5604938271604938 0.3850694444444444 0.5743827160493827 0.3862847222222222 0.5814814814814815 0.3871527777777778 0.5836419753086419 0.3888888888888889 0.5793209876543209 0.3892361111111111 0.5753086419753086 0.3890625 0.5709876543209876 0.3880208333333333 0.5657407407407408 0.3883680555555556 0.5527777777777777 0.3871527777777778 0.5469135802469135 0.3854166666666667 0.5441358024691358 0.3847222222222222 0.5395061728395062 0.3836805555555556 0.5370370370370371 0.3802083333333333 0.5370370370370371 0.37899305555555557 0.5391975308641975 0.3776041666666667 0.546604938271605 0.3767361111111111 0.5475308641975308
2 0.7435763888888888 0.5364197530864198 0.7489583333333334 0.5367283950617284 0.7498263888888889 0.5302469135802469 0.7498263888888889 0.5052469135802469 0.7494791666666666 0.5 0.7484375 0.49845679012345684 0.7449652777777778 0.5 0.7427083333333333 0.5104938271604939 0.7421875 0.516358024691358 0.7421875 0.5345679012345679 0.7435763888888888 0.5364197530864198
2 0.6717013888888889 0.5154320987654321 0.6717013888888889 0.5268518518518518 0.6711805555555556 0.5305555555555556 0.6715277777777777 0.532716049382716 0.6755208333333333 0.532716049382716 0.6756944444444444 0.5253086419753087 0.6779513888888888 0.5154320987654321 0.6776041666666666 0.4972222222222222 0.676736111111111 0.4919753086419753 0.6756944444444444 0.49074074074074076 0.6748263888888888 0.49104938271604937 0.671875 0.4962962962962963 0.6711805555555556 0.49876543209876545 0.6710069444444444 0.5108024691358024 0.6717013888888889 0.5154320987654321
2 0.7105902777777777 0.6148148148148148 0.7112847222222222 0.6265432098765432 0.7112847222222222 0.6342592592592593 0.7105902777777777 0.6367283950617284 0.7105902777777777 0.6404320987654322 0.7126736111111112 0.641358024691358 0.7164930555555555 0.6410493827160494 0.7171875 0.6385802469135803 0.7178819444444444 0.6182098765432099 0.7185763888888889 0.6138888888888888 0.7206597222222222 0.6074074074074074 0.7208333333333333 0.6012345679012346 0.7206597222222222 0.5969135802469135 0.7190972222222222 0.591358024691358 0.7171875 0.5768518518518518 0.7164930555555555 0.5746913580246913 0.7147569444444444 0.5725308641975309 0.7130208333333333 0.5725308641975309 0.7118055555555556 0.5743827160493827 0.7112847222222222 0.5876543209876544 0.7097222222222221 0.591358024691358 0.7085069444444444 0.5972222222222222 0.7085069444444444 0.6074074074074074 0.7105902777777777 0.6148148148148148
4 0.6053819444444444 0.4737654320987654 0.6095486111111111 0.4759259259259259 0.6107638888888888 0.47901234567901235 0.6119791666666666 0.483641975308642 0.6123263888888888 0.4925925925925925 0.6133680555555555 0.4947530864197531 0.615625 0.4959876543209876 0.623611111111111 0.4962962962962963 0.6282986111111112 0.49907407407407406 0.6310763888888888 0.4996913580246914 0.6413194444444444 0.5058641975308642 0.6472222222222221 0.5132716049382716 0.6510416666666666 0.5132716049382716 0.6538194444444444 0.5108024691358024 0.6581597222222222 0.5111111111111111 0.6647569444444444 0.5098765432098765 0.6668402777777778 0.508641975308642 0.668923611111111 0.5058641975308642 0.668923611111111 0.4962962962962963 0.6666666666666666 0.491358024691358 0.6560763888888889 0.4833333333333333 0.6486111111111111 0.46882716049382717 0.6439236111111112 0.4645061728395061 0.6340277777777777 0.4611111111111111 0.6284722222222222 0.4608024691358025 0.6137152777777778 0.4641975308641975 0.6085069444444444 0.4635802469135802 0.6057291666666667 0.4645061728395061 0.6045138888888888 0.466358024691358 0.6043402777777778 0.47067901234567905 0.6053819444444444 0.4737654320987654
0 0.5401041666666666 0.42839506172839503 0.5395833333333333 0.433641975308642 0.5401041666666666 0.4391975308641975 0.5371527777777777 0.4493827160493827 0.5371527777777777 0.45339506172839505 0.5381944444444444 0.4561728395061728 0.5383680555555556 0.4589506172839506 0.5378472222222223 0.4882716049382716 0.5399305555555556 0.49320987654320986 0.5501736111111111 0.4925925925925925 0.5572916666666666 0.4938271604938272 0.5588541666666667 0.49290123456790125 0.5645833333333333 0.49290123456790125 0.5675347222222222 0.4941358024691358 0.5711805555555556 0.49320987654320986 0.5727430555555555 0.48456790123456794 0.5736111111111111 0.46574074074074073 0.5760416666666667 0.46049382716049386 0.5758680555555555 0.4527777777777778 0.5748263888888888 0.44814814814814813 0.5746527777777778 0.4277777777777778 0.5741319444444444 0.42160493827160495 0.5711805555555556 0.4055555555555555 0.5661458333333333 0.4006172839506173 0.5541666666666666 0.3993827160493827 0.5442708333333334 0.4006172839506173 0.5420138888888888 0.40432098765432095 0.5423611111111111 0.4194444444444444 0.5401041666666666 0.42839506172839503
6 0.5815972222222222 0.3947530864197531 0.5826388888888888 0.3972222222222222 0.5822916666666667 0.412962962962963 0.5850694444444444 0.4246913580246914 0.5885416666666666 0.4246913580246914 0.5895833333333333 0.4225308641975309 0.5904513888888888 0.4188271604938272 0.5911458333333334 0.4089506172839506 0.5930555555555556 0.4024691358024692 0.5967013888888888 0.4 0.6043402777777778 0.40030864197530863 0.6060763888888888 0.4012345679012346 0.6052083333333333 0.39413580246913577 0.6024305555555556 0.3885802469135803 0.5946180555555556 0.3851851851851852 0.5920138888888888 0.3830246913580247 0.5847222222222223 0.38425925925925924 0.5833333333333334 0.38641975308641974 0.5815972222222222 0.38981481481481484 0.5815972222222222 0.3947530864197531
6 0.8350694444444444 0.5172839506172839 0.8402777777777778 0.5175925925925926 0.848611111111111 0.5209876543209876 0.85 0.5240740740740741 0.8508680555555556 0.529320987654321 0.8520833333333333 0.5311728395061729 0.8560763888888888 0.5311728395061729 0.8609375 0.5274691358024691 0.8776041666666666 0.5274691358024691 0.8878472222222222 0.5249999999999999 0.8890625 0.5225308641975308 0.8890625 0.5185185185185185 0.8883680555555555 0.5148148148148148 0.8868055555555555 0.5114197530864197 0.8883680555555555 0.504320987654321 0.8890625 0.4876543209876543 0.8897569444444444 0.483641975308642 0.8890625 0.4787037037037037 0.889236111111111 0.4740740740740741 0.887673611111111 0.4641975308641975 0.8840277777777777 0.4601851851851852 0.8767361111111112 0.45771604938271604 0.8746527777777777 0.4561728395061728 0.8651041666666666 0.4555555555555556 0.8607638888888888 0.45401234567901233 0.8496527777777778 0.45493827160493827 0.8401041666666667 0.4583333333333333 0.8376736111111112 0.4608024691358025 0.8381944444444444 0.47067901234567905 0.8392361111111112 0.47314814814814815 0.8385416666666666 0.47623456790123453 0.8385416666666666 0.4833333333333333 0.8335069444444444 0.4996913580246914 0.8333333333333334 0.5123456790123457 0.8350694444444444 0.5172839506172839
6 0.4973958333333333 0.34629629629629627 0.4979166666666667 0.34845679012345676 0.4984375 0.3493827160493827 0.5032986111111111 0.3506172839506173 0.5055555555555555 0.3506172839506173 0.5067708333333333 0.3493827160493827 0.5074652777777777 0.34660493827160493 0.5079861111111111 0.3367283950617284 0.5079861111111111 0.33271604938271604 0.5072916666666667 0.32901234567901233 0.5055555555555555 0.32654320987654323 0.5008680555555556 0.32654320987654323 0.49809027777777776 0.32839506172839505 0.496875 0.33487654320987653 0.4973958333333333 0.34629629629629627
6 0.4654513888888889 0.3388888888888889 0.46684027777777776 0.341358024691358 0.4732638888888889 0.3419753086419753 0.4774305555555556 0.33981481481481485 0.4774305555555556 0.33209876543209876 0.4769097222222222 0.3302469135802469 0.4767361111111111 0.3219135802469136 0.4760416666666667 0.3194444444444444 0.4737847222222222 0.31790123456790126 0.4692708333333333 0.31790123456790126 0.465625 0.32037037037037036 0.46510416666666665 0.3212962962962963 0.4654513888888889 0.3388888888888889
4 0.6081597222222221 0.5932098765432099 0.609375 0.5984567901234568 0.6118055555555556 0.6 0.6138888888888888 0.6046296296296296 0.6159722222222221 0.6197530864197531 0.6197916666666666 0.6200617283950618 0.6229166666666666 0.6160493827160494 0.6262152777777777 0.6154320987654321 0.6282986111111112 0.6138888888888888 0.6317708333333334 0.6135802469135803 0.6401041666666666 0.6148148148148148 0.6434027777777778 0.6169753086419753 0.6447916666666667 0.6197530864197531 0.6472222222222221 0.6219135802469137 0.6515624999999999 0.6212962962962962 0.6522569444444444 0.6200617283950618 0.6529513888888888 0.6117283950617284 0.6539930555555555 0.6070987654320987 0.6539930555555555 0.5947530864197531 0.653298611111111 0.5873456790123457 0.6515624999999999 0.578395061728395 0.6520833333333333 0.5719135802469135 0.6517361111111112 0.567283950617284 0.65 0.5635802469135802 0.6491319444444444 0.557716049382716 0.6493055555555556 0.5444444444444444 0.6475694444444444 0.5395061728395062 0.6447916666666667 0.5367283950617284 0.6432291666666666 0.532716049382716 0.6409722222222222 0.5305555555555556 0.6390625 0.5330246913580247 0.6380208333333334 0.5376543209876543 0.6369791666666667 0.5391975308641975 0.6338541666666666 0.5367283950617284 0.63125 0.5330246913580247 0.6269097222222222 0.5308641975308642 0.6239583333333334 0.5324074074074074 0.6147569444444444 0.5324074074074074 0.6119791666666666 0.5314814814814814 0.6097222222222222 0.5287037037037037 0.6081597222222221 0.5302469135802469 0.6067708333333334 0.5391975308641975 0.6065972222222222 0.5641975308641975 0.6081597222222221 0.5932098765432099
6 0.5237847222222223 0.370679012345679 0.5230902777777777 0.38240740740740736 0.5234375 0.3990740740740741 0.5244791666666666 0.40401234567901234 0.5256944444444445 0.4055555555555555 0.5321180555555556 0.40432098765432095 0.5375 0.4049382716049383 0.5388888888888889 0.40401234567901234 0.5409722222222222 0.39969135802469136 0.5423611111111111 0.39444444444444443 0.5423611111111111 0.38981481481481484 0.5434027777777778 0.38425925925925924 0.5423611111111111 0.3771604938271605 0.5423611111111111 0.37222222222222223 0.5439236111111111 0.3632716049382716 0.5434027777777778 0.3604938271604938 0.5399305555555556 0.35555555555555557 0.5321180555555556 0.3552469135802469 0.5249999999999999 0.3589506172839506 0.5227430555555556 0.36203703703703705 0.5227430555555556 0.3666666666666667 0.5237847222222223 0.370679012345679
3 0.4996527777777778 0.44660493827160497 0.5020833333333333 0.4478395061728395 0.5036458333333333 0.44660493827160497 0.5050347222222222 0.44074074074074077 0.5038194444444445 0.42839506172839503 0.5020833333333333 0.42407407407407405 0.4986111111111111 0.42839506172839503 0.4987847222222222 0.4441358024691358 0.4996527777777778 0.44660493827160497
3 0.5076388888888889 0.4287037037037037 0.5092013888888889 0.42901234567901236 0.5116319444444445 0.4256172839506173 0.5121527777777778 0.4225308641975309 0.5121527777777778 0.4138888888888889 0.5109374999999999 0.40987654320987654 0.5090277777777777 0.408641975308642 0.5083333333333333 0.4089506172839506 0.5065972222222223 0.412962962962963 0.5065972222222223 0.42685185185185187 0.5076388888888889 0.4287037037037037
3 0.5449652777777777 0.39598765432098765 0.5467013888888889 0.3990740740740741 0.5475694444444444 0.3987654320987654 0.5487847222222222 0.3975308641975308 0.5493055555555555 0.39567901234567904 0.5501736111111111 0.3910493827160494 0.5499999999999999 0.3873456790123457 0.5493055555555555 0.3854938271604938 0.5472222222222222 0.38395061728395063 0.5449652777777777 0.3873456790123457 0.5444444444444444 0.39043209876543206 0.5449652777777777 0.39598765432098765
3 0.5173611111111112 0.3975308641975308 0.5189236111111111 0.39783950617283953 0.5201388888888888 0.39382716049382716 0.5204861111111111 0.3854938271604938 0.5199652777777778 0.38240740740740736 0.5189236111111111 0.37962962962962965 0.515625 0.38240740740740736 0.515625 0.39537037037037037 0.5173611111111112 0.3975308641975308
3 0.3753472222222222 0.5601851851851852 0.3755208333333333 0.5854938271604938 0.3767361111111111 0.5984567901234568 0.3784722222222222 0.6006172839506172 0.3802083333333333 0.600925925925926 0.3845486111111111 0.5925925925925926 0.3871527777777778 0.5901234567901235 0.3888888888888889 0.5836419753086419 0.3888888888888889 0.5753086419753086 0.3873263888888889 0.5691358024691359 0.3871527777777778 0.5604938271604938 0.3842013888888889 0.5570987654320988 0.3758680555555556 0.5561728395061728 0.3734375 0.553395061728395 0.37309027777777776 0.5558641975308641 0.3753472222222222 0.5601851851851852
3 0.5055555555555555 0.35802469135802467 0.5072916666666667 0.35617283950617284 0.5074652777777777 0.34814814814814815 0.5057291666666667 0.34598765432098766 0.5041666666666667 0.34814814814814815 0.5041666666666667 0.3552469135802469 0.5055555555555555 0.35802469135802467
3 0.5461805555555556 0.6225308641975309 0.5477430555555556 0.6268518518518519 0.5486111111111112 0.6339506172839506 0.5494791666666666 0.6358024691358025 0.5524305555555555 0.6358024691358025 0.5536458333333333 0.6342592592592593 0.5550347222222222 0.6280864197530863 0.5572916666666666 0.6240740740740741 0.5586805555555555 0.6040123456790124 0.5583333333333333 0.591358024691358 0.5572916666666666 0.5891975308641976 0.5559027777777777 0.5901234567901235 0.5473958333333333 0.5907407407407407 0.5460069444444444 0.5925925925925926 0.5449652777777777 0.5978395061728394 0.5444444444444444 0.6040123456790124 0.5461805555555556 0.6225308641975309
3 0.5725694444444445 0.40956790123456793 0.5732638888888888 0.41358024691358025 0.5746527777777778 0.416358024691358 0.5763888888888888 0.4138888888888889 0.5770833333333333 0.403395061728395 0.5758680555555555 0.40030864197530863 0.5746527777777778 0.3993827160493827 0.5725694444444445 0.4012345679012346 0.5720486111111112 0.40370370370370373 0.5725694444444445 0.40956790123456793