1 0.6364583333333333 0.525925925925926 0.6481770833333333 0.525925925925926 0.6492187500000001 0.5231481481481481 0.6484375 0.513425925925926 0.6440104166666667 0.5074074074074074 0.6403645833333333 0.5069444444444444 0.6354166666666666 0.5125000000000001 0.6346354166666667 0.5203703703703704 0.6364583333333333 0.525925925925926
1 0.47500000000000003 0.588425925925926 0.49114583333333334 0.5888888888888889 0.4924479166666667 0.5796296296296296 0.4921875 0.5717592592592593 0.49114583333333334 0.5675925925925926 0.4877604166666667 0.5625 0.4807291666666667 0.5625 0.4770833333333333 0.5666666666666667 0.4739583333333333 0.5819444444444445 0.4739583333333333 0.5865740740740741 0.47500000000000003 0.588425925925926
1 0.6265625 0.5699074074074074 0.6255208333333334 0.5703703703703704 0.6265625 0.5726851851851852 0.6265625 0.5699074074074074
1 0.603125 0.5708333333333334 0.6041666666666666 0.5810185185185185 0.6057291666666667 0.5847222222222223 0.6098958333333334 0.5856481481481481 0.6114583333333334 0.5768518518518518 0.6153645833333334 0.5708333333333334 0.6192708333333334 0.5689814814814815 0.6239583333333334 0.5689814814814815 0.6244791666666667 0.5675925925925926 0.6229166666666667 0.5643518518518519 0.6216145833333334 0.5537037037037037 0.6200520833333334 0.55 0.6179687500000001 0.5486111111111112 0.60859375 0.5462962962962963 0.6067708333333334 0.5490740740740742 0.6046875 0.5564814814814815 0.6044270833333334 0.5643518518518519 0.603125 0.5708333333333334
1 0.8072916666666666 0.9111111111111112 0.8098958333333334 0.9217592592592594 0.8151041666666666 0.9291666666666667 0.8177083333333334 0.9356481481481482 0.8229166666666666 0.9402777777777779 0.83359375 0.9550925925925926 0.8367187500000001 0.9629629629629629 0.8455729166666667 0.977314814814815 0.8523437500000001 0.9847222222222223 0.8596354166666667 0.9861111111111112 0.8731770833333334 0.9833333333333334 0.8903645833333333 0.9750000000000001 0.8973958333333334 0.9666666666666667 0.9010416666666666 0.9537037037037037 0.9020833333333333 0.9472222222222223 0.90234375 0.9356481481481482 0.8971354166666666 0.9157407407407407 0.8903645833333333 0.9004629629629629 0.88984375 0.8935185185185185 0.890625 0.8865740740740741 0.8861979166666667 0.8851851851851853 0.8729166666666667 0.8620370370370372 0.8625 0.8490740740740741 0.8567708333333334 0.8462962962962963 0.8369791666666666 0.8453703703703704 0.8276041666666667 0.8472222222222222 0.8171875000000001 0.8513888888888889 0.8132812500000001 0.8555555555555556 0.8109375 0.8611111111111112 0.8065104166666667 0.8796296296296297 0.80625 0.900925925925926 0.8072916666666666 0.9111111111111112
1 0.69921875 0.5425925925925926 0.7028645833333333 0.5453703703703704 0.7096354166666666 0.5541666666666667 0.7111979166666667 0.5532407407407407 0.7125 0.55 0.7114583333333334 0.5365740740740741 0.7098958333333334 0.5310185185185186 0.7067708333333333 0.5263888888888889 0.703125 0.5245370370370371 0.69453125 0.5254629629629629 0.6903645833333334 0.5277777777777778 0.6888020833333334 0.5319444444444444 0.6890625 0.5425925925925926 0.69921875 0.5425925925925926
1 0.5130208333333334 0.5481481481481482 0.5148437499999999 0.5462962962962963 0.5140625000000001 0.5296296296296297 0.5119791666666667 0.5268518518518519 0.5085937500000001 0.5254629629629629 0.5049479166666667 0.5268518518518519 0.5031249999999999 0.5291666666666667 0.5015625 0.5361111111111112 0.5018229166666667 0.5486111111111112 0.5130208333333334 0.5481481481481482
1 0.6088541666666667 0.5458333333333334 0.6231770833333334 0.5476851851851853 0.62421875 0.5462962962962963 0.6244791666666667 0.5430555555555556 0.6218750000000001 0.5324074074074074 0.6177083333333334 0.5240740740740741 0.6140625000000001 0.5222222222222223 0.6080729166666666 0.5226851851851853 0.6059895833333334 0.5240740740740741 0.6052083333333333 0.5273148148148148 0.6046875 0.5328703703703704 0.6088541666666667 0.5458333333333334
1 0.28281249999999997 0.5421296296296296 0.29062499999999997 0.5412037037037037 0.29375 0.5398148148148149 0.2950520833333333 0.5365740740740741 0.29531250000000003 0.5314814814814816 0.29322916666666665 0.5254629629629629 0.28619791666666666 0.5245370370370371 0.2825520833333333 0.5291666666666667 0.28125 0.5347222222222222 0.28098958333333335 0.5398148148148149 0.28281249999999997 0.5421296296296296
5 0.8388020833333334 0.7217592592592593 0.8549479166666667 0.7319444444444445 0.86171875 0.7425925925925926 0.8645833333333334 0.7449074074074075 0.8716145833333334 0.7449074074074075 0.8877604166666666 0.7393518518518519 0.89453125 0.7333333333333334 0.8973958333333334 0.7250000000000001 0.896875 0.713425925925926 0.89296875 0.7032407407407407 0.8885416666666667 0.6962962962962963 0.8875000000000001 0.6893518518518519 0.8835937500000001 0.6870370370370371 0.8744791666666667 0.675462962962963 0.86953125 0.6722222222222223 0.8625 0.6712962962962963 0.8557291666666667 0.6731481481481482 0.8395833333333333 0.6819444444444445 0.8372395833333334 0.6856481481481481 0.8348958333333334 0.6949074074074074 0.8346354166666666 0.699537037037037 0.8346354166666666 0.713425925925926 0.8388020833333334 0.7217592592592593
1 0.62421875 0.5916666666666667 0.6260416666666666 0.6023148148148147 0.6260416666666666 0.6138888888888888 0.6268229166666667 0.6166666666666667 0.6286458333333333 0.6175925925925926 0.6325520833333333 0.6162037037037037 0.6328125 0.6013888888888889 0.6348958333333334 0.5944444444444444 0.6369791666666667 0.5921296296296297 0.6458333333333334 0.588425925925926 0.64453125 0.5833333333333334 0.640625 0.5796296296296296 0.63828125 0.5791666666666667 0.6302083333333334 0.5787037037037037 0.62734375 0.5851851851851853 0.6231770833333334 0.5870370370370371 0.62265625 0.588425925925926 0.62421875 0.5916666666666667
1 0.16822916666666665 0.6851851851851852 0.17239583333333336 0.6842592592592593 0.17500000000000002 0.6865740740740741 0.17890625000000002 0.6865740740740741 0.18723958333333335 0.6796296296296297 0.19609375 0.6773148148148148 0.19843750000000002 0.6717592592592593 0.19973958333333336 0.6625 0.19947916666666665 0.6578703703703703 0.18880208333333334 0.6458333333333334 0.18359375 0.6439814814814815 0.171875 0.6439814814814815 0.16744791666666667 0.6453703703703704 0.16484375 0.6486111111111111 0.16588541666666667 0.6763888888888888 0.16822916666666665 0.6851851851851852
1 0.5815104166666667 0.5180555555555556 0.5854166666666667 0.5180555555555556 0.5882812500000001 0.5152777777777778 0.5880208333333333 0.5083333333333334 0.5851562499999999 0.5023148148148148 0.5809895833333334 0.500462962962963 0.5778645833333333 0.5023148148148148 0.5770833333333334 0.5050925925925926 0.5770833333333334 0.5120370370370371 0.5815104166666667 0.5180555555555556
1 0.45286458333333335 0.5648148148148148 0.465625 0.5648148148148148 0.4674479166666667 0.5620370370370371 0.46796875 0.5509259259259259 0.4661458333333333 0.5430555555555556 0.45989583333333334 0.5412037037037037 0.45546875000000003 0.5430555555555556 0.4533854166666667 0.5472222222222223 0.45156250000000003 0.5560185185185186 0.4513020833333333 0.5601851851851852 0.45286458333333335 0.5648148148148148
1 0.6888020833333334 0.5675925925925926 0.6947916666666667 0.5694444444444444 0.7067708333333333 0.5694444444444444 0.7098958333333334 0.5671296296296297 0.7098958333333334 0.5550925925925926 0.7039062500000001 0.5453703703703704 0.6994791666666667 0.5421296296296296 0.6958333333333334 0.5416666666666666 0.6888020833333334 0.5439814814814815 0.6864583333333334 0.5472222222222223 0.68515625 0.5532407407407407 0.6856770833333334 0.5648148148148148 0.6888020833333334 0.5675925925925926
1 0.19244791666666666 0.5763888888888888 0.20833333333333334 0.5745370370370371 0.21015625000000002 0.5731481481481482 0.2109375 0.5708333333333334 0.21067708333333335 0.5675925925925926 0.20911458333333335 0.563888888888889 0.20286458333333335 0.5574074074074075 0.19947916666666665 0.5587962962962963 0.19635416666666666 0.5620370370370371 0.19270833333333334 0.5620370370370371 0.19088541666666667 0.5643518518518519 0.18984375 0.5680555555555555 0.19036458333333334 0.5745370370370371 0.19244791666666666 0.5763888888888888
1 0.8419270833333334 0.6324074074074074 0.8453125 0.6342592592592593 0.84921875 0.6337962962962963 0.8546875 0.6356481481481482 0.8591145833333333 0.6421296296296297 0.8627604166666667 0.6421296296296297 0.8661458333333334 0.6402777777777778 0.8765625 0.6402777777777778 0.8799479166666666 0.6379629629629631 0.8828125 0.6300925925925925 0.8828125 0.6236111111111112 0.8802083333333334 0.6143518518518519 0.8731770833333334 0.6027777777777779 0.865625 0.5962962962962963 0.8572916666666667 0.5958333333333334 0.84921875 0.5986111111111112 0.8419270833333334 0.6055555555555556 0.8403645833333334 0.6134259259259259 0.8403645833333334 0.6268518518518519 0.8419270833333334 0.6324074074074074
1 0.75546875 0.6680555555555556 0.7666666666666666 0.6736111111111112 0.7721354166666666 0.6837962962962963 0.7755208333333334 0.6856481481481481 0.7799479166666666 0.6814814814814816 0.7997395833333334 0.6768518518518519 0.8015625000000001 0.6745370370370372 0.80234375 0.6708333333333334 0.80234375 0.6620370370370371 0.8005208333333333 0.6532407407407407 0.7934895833333334 0.6412037037037037 0.7898437500000001 0.6328703703703704 0.784375 0.626388888888889 0.7794270833333334 0.6231481481481481 0.7664062500000001 0.6231481481481481 0.7591145833333334 0.6268518518518519 0.7549479166666666 0.639814814814815 0.75390625 0.6504629629629629 0.7541666666666667 0.6648148148148147 0.75546875 0.6680555555555556
1 0.6119791666666666 0.5967592592592593 0.6138020833333334 0.5990740740740741 0.6182291666666666 0.6 0.6247395833333333 0.5986111111111112 0.6257812500000001 0.5958333333333334 0.625 0.588425925925926 0.6302083333333334 0.5856481481481481 0.63203125 0.5814814814814815 0.63046875 0.5740740740740741 0.6265625 0.5685185185185185 0.6234375 0.5662037037037038 0.6169270833333333 0.5675925925925926 0.6106770833333334 0.5745370370370371 0.609375 0.5782407407407407 0.6091145833333333 0.5842592592592593 0.6119791666666666 0.5967592592592593
1 0.48333333333333334 0.6439814814814815 0.48333333333333334 0.6504629629629629 0.484375 0.6546296296296297 0.4877604166666667 0.6569444444444444 0.5085937500000001 0.6560185185185186 0.5109374999999999 0.6541666666666667 0.5119791666666667 0.6462962962962963 0.5119791666666667 0.6273148148148148 0.5088541666666667 0.6162037037037037 0.5062500000000001 0.6120370370370372 0.5015625 0.6111111111111112 0.4947916666666667 0.6125 0.49192708333333335 0.6148148148148148 0.4854166666666667 0.6314814814814815 0.48515625 0.6365740740740741 0.48333333333333334 0.6439814814814815
1 0.25494791666666666 0.6310185185185185 0.25807291666666665 0.6333333333333334 0.27005208333333336 0.6300925925925925 0.2716145833333333 0.6268518518518519 0.2716145833333333 0.6208333333333333 0.27317708333333335 0.6212962962962963 0.2734375 0.625925925925926 0.2752604166666667 0.6287037037037038 0.2791666666666667 0.6277777777777778 0.28281249999999997 0.6231481481481481 0.28125 0.6125 0.2794270833333333 0.6074074074074075 0.2752604166666667 0.6055555555555556 0.27239583333333334 0.6111111111111112 0.2716145833333333 0.6055555555555556 0.2690104166666667 0.6023148148148147 0.26328124999999997 0.6023148148148147 0.25859375 0.6041666666666666 0.2552083333333333 0.6097222222222223 0.25416666666666665 0.6148148148148148 0.25364583333333335 0.6240740740740741 0.25494791666666666 0.6310185185185185
1 0.6299479166666666 0.5712962962962963 0.6333333333333334 0.5763888888888888 0.6434895833333334 0.5796296296296296 0.6481770833333333 0.5796296296296296 0.65078125 0.5773148148148148 0.65078125 0.5592592592592593 0.64765625 0.55 0.6447916666666667 0.5467592592592593 0.6372395833333334 0.5458333333333334 0.6330729166666667 0.5481481481481482 0.63125 0.5523148148148148 0.6291666666666667 0.562962962962963 0.62890625 0.5675925925925926 0.6299479166666666 0.5712962962962963
1 0.7760416666666666 0.6004629629629631 0.7778645833333334 0.6023148148148147 0.7802083333333334 0.6027777777777779 0.7833333333333334 0.600925925925926 0.7861979166666666 0.6032407407407407 0.7898437500000001 0.6092592592592593 0.7963541666666667 0.6046296296296296 0.803125 0.6041666666666666 0.8072916666666666 0.6055555555555556 0.8106770833333334 0.6023148148148147 0.81171875 0.5953703703703703 0.8114583333333334 0.5916666666666667 0.8106770833333334 0.5861111111111111 0.8083333333333333 0.5800925925925926 0.8015625000000001 0.5689814814814815 0.7937500000000001 0.5625 0.7859375000000001 0.5615740740740741 0.7794270833333334 0.5634259259259259 0.7760416666666666 0.5680555555555555 0.7747395833333334 0.5773148148148148 0.7752604166666667 0.5967592592592593 0.7760416666666666 0.6004629629629631
1 0.4494791666666667 0.5388888888888889 0.45677083333333335 0.5388888888888889 0.4596354166666667 0.5375000000000001 0.4604166666666667 0.5356481481481482 0.45989583333333334 0.525 0.45859375 0.5212962962962964 0.45625 0.5189814814814815 0.4526041666666667 0.5185185185185185 0.4505208333333333 0.5203703703703704 0.4471354166666667 0.5291666666666667 0.4471354166666667 0.5361111111111112 0.4494791666666667 0.5388888888888889
1 0.6611979166666666 0.6675925925925926 0.6611979166666666 0.6810185185185185 0.6630208333333334 0.6842592592592593 0.6708333333333334 0.6861111111111112 0.6815104166666667 0.6828703703703703 0.6895833333333334 0.6828703703703703 0.6927083333333334 0.6805555555555556 0.69375 0.6759259259259259 0.69375 0.6699074074074075 0.6924479166666666 0.6569444444444444 0.6895833333333334 0.6476851851851853 0.68203125 0.6333333333333334 0.67890625 0.6314814814814815 0.6692708333333334 0.6314814814814815 0.6666666666666666 0.6328703703703704 0.6651041666666666 0.6365740740740741 0.6645833333333334 0.6458333333333334 0.66328125 0.6504629629629629 0.66328125 0.6615740740740741 0.6611979166666666 0.6675925925925926
6 0.17239583333333336 0.5569444444444445 0.17708333333333334 0.563888888888889 0.18671875000000002 0.563888888888889 0.19244791666666666 0.5620370370370371 0.19479166666666667 0.5574074074074075 0.19401041666666666 0.55 0.19036458333333334 0.5439814814814815 0.18828125 0.5361111111111112 0.1859375 0.5333333333333333 0.17447916666666666 0.5337962962962963 0.17083333333333334 0.5375000000000001 0.17057291666666666 0.5439814814814815 0.17239583333333336 0.5569444444444445
6 0.51171875 0.5212962962962964 0.5184895833333334 0.5203703703703704 0.5187499999999999 0.4981481481481482 0.5158854166666667 0.49537037037037035 0.5111979166666667 0.49583333333333335 0.5085937500000001 0.4981481481481482 0.5088541666666667 0.5189814814814815 0.51171875 0.5212962962962964
6 0.37421875 0.5430555555555556 0.3765625 0.5458333333333334 0.38359375 0.5439814814814815 0.3854166666666667 0.538425925925926 0.3854166666666667 0.5236111111111111 0.384375 0.5143518518518518 0.3833333333333333 0.5125000000000001 0.3799479166666667 0.5115740740740741 0.3760416666666667 0.513425925925926 0.3723958333333333 0.5180555555555556 0.37265625 0.5337962962962963 0.37421875 0.5430555555555556
6 0.4028645833333333 0.7828703703703704 0.4044270833333333 0.8462962962962963 0.4057291666666667 0.8625 0.4078125 0.8689814814814816 0.41796875 0.8703703703703703 0.4278645833333333 0.8680555555555556 0.44296875 0.8675925925925926 0.45156250000000003 0.8680555555555556 0.4627604166666667 0.8708333333333335 0.46640625 0.8703703703703703 0.4692708333333333 0.8680555555555556 0.4705729166666667 0.8657407407407407 0.4736979166666667 0.8504629629629631 0.4744791666666667 0.827314814814815 0.4807291666666667 0.7921296296296297 0.48203125 0.7773148148148148 0.48203125 0.7671296296296297 0.48411458333333335 0.7518518518518519 0.4848958333333333 0.7199074074074074 0.4825520833333333 0.6611111111111112 0.4815104166666667 0.6439814814814815 0.48020833333333335 0.637037037037037 0.4776041666666667 0.6337962962962963 0.471875 0.6333333333333334 0.45703125 0.6351851851851853 0.434375 0.6356481481481482 0.4283854166666667 0.6388888888888888 0.4265625 0.6449074074074075 0.4072916666666667 0.6824074074074075 0.4049479166666667 0.6893518518518519 0.40468750000000003 0.6958333333333334 0.4065104166666667 0.7083333333333334 0.4065104166666667 0.7199074074074074 0.40520833333333334 0.7444444444444445 0.403125 0.764351851851852 0.4036458333333333 0.7736111111111112 0.4028645833333333 0.7828703703703704
6 0.7010416666666667 0.7120370370370371 0.7020833333333334 0.725925925925926 0.7033854166666667 0.7305555555555556 0.7046875 0.7449074074074075 0.70625 0.751388888888889 0.7135416666666666 0.7541666666666667 0.71796875 0.7597222222222223 0.7221354166666667 0.7694444444444445 0.7239583333333334 0.7777777777777778 0.7270833333333334 0.7805555555555557 0.7549479166666666 0.7745370370370371 0.7591145833333334 0.775 0.7622395833333334 0.7740740740740741 0.7651041666666667 0.7708333333333334 0.7664062500000001 0.7657407407407407 0.7664062500000001 0.7532407407407408 0.7653645833333333 0.7449074074074075 0.7619791666666667 0.7342592592592594 0.7598958333333334 0.7305555555555556 0.7596354166666667 0.7231481481481482 0.7552083333333334 0.7157407407407409 0.7502604166666667 0.7032407407407407 0.7515625 0.6657407407407407 0.7507812500000001 0.6569444444444444 0.7408854166666666 0.6444444444444445 0.7354166666666666 0.6416666666666666 0.70546875 0.6453703703703704 0.7026041666666667 0.6476851851851853 0.70234375 0.6898148148148148 0.7010416666666667 0.7120370370370371
6 0.5921875000000001 0.5620370370370371 0.59375 0.5699074074074074 0.5953125 0.5731481481481482 0.6023437500000001 0.5726851851851852 0.6057291666666667 0.563888888888889 0.6062500000000001 0.5546296296296297 0.6072916666666667 0.5509259259259259 0.6059895833333334 0.5398148148148149 0.6041666666666666 0.5361111111111112 0.59921875 0.5333333333333333 0.5940104166666667 0.5375000000000001 0.59140625 0.5430555555555556 0.5921875000000001 0.5620370370370371
6 0.5052083333333334 0.475925925925926 0.509375 0.4763888888888889 0.5114583333333333 0.4740740740740741 0.5111979166666667 0.46481481481481485 0.5091145833333334 0.4601851851851852 0.5052083333333334 0.46111111111111114 0.5036458333333333 0.4657407407407408 0.5036458333333333 0.47175925925925927 0.5052083333333334 0.475925925925926
6 0.21354166666666666 0.5541666666666667 0.21510416666666665 0.5675925925925926 0.21484375 0.5787037037037037 0.215625 0.588425925925926 0.22395833333333334 0.6111111111111112 0.23385416666666667 0.6092592592592593 0.24140625000000002 0.6106481481481482 0.2518229166666667 0.6069444444444444 0.25416666666666665 0.6055555555555556 0.25859375 0.5972222222222222 0.26197916666666665 0.5944444444444444 0.2669270833333333 0.5935185185185186 0.26796875000000003 0.5666666666666667 0.2708333333333333 0.5662037037037038 0.27057291666666666 0.5736111111111112 0.27239583333333334 0.5851851851851853 0.27578125000000003 0.5875 0.2794270833333333 0.5870370370370371 0.28098958333333335 0.5856481481481481 0.2825520833333333 0.5814814814814815 0.28046875000000004 0.5643518518518519 0.27786458333333336 0.5541666666666667 0.2768229166666667 0.5425925925925926 0.26875000000000004 0.5287037037037037 0.25026041666666665 0.5291666666666667 0.23723958333333334 0.5337962962962963 0.2265625 0.5356481481481482 0.21458333333333335 0.5430555555555556 0.21354166666666666 0.5467592592592593 0.21354166666666666 0.5541666666666667
6 0.5229166666666667 0.8314814814814816 0.5257812500000001 0.838425925925926 0.5268229166666667 0.8435185185185186 0.5270833333333333 0.8606481481481482 0.5294270833333333 0.8939814814814816 0.5325520833333334 0.8986111111111112 0.5398437500000001 0.900925925925926 0.5643229166666667 0.8995370370370371 0.5736979166666667 0.8972222222222223 0.5791666666666667 0.8939814814814816 0.5812499999999999 0.8870370370370372 0.5812499999999999 0.8805555555555556 0.5799479166666667 0.8643518518518519 0.5799479166666667 0.8532407407407407 0.5773437499999999 0.8347222222222223 0.58203125 0.8277777777777778 0.5815104166666667 0.8240740740740741 0.5773437499999999 0.8199074074074075 0.57578125 0.8050925925925926 0.5723958333333333 0.789814814814815 0.5705729166666667 0.775925925925926 0.5656249999999999 0.7745370370370371 0.5294270833333333 0.7782407407407409 0.5260416666666666 0.7796296296296297 0.5247395833333334 0.7824074074074074 0.5255208333333333 0.8185185185185185 0.5229166666666667 0.8314814814814816
6 0.5864583333333333 0.5430555555555556 0.5856770833333333 0.5574074074074075 0.5875 0.5601851851851852 0.5903645833333333 0.5601851851851852 0.5924479166666666 0.5569444444444445 0.5921875000000001 0.5467592592592593 0.5932291666666667 0.5402777777777777 0.5945312500000001 0.5375000000000001 0.5994791666666667 0.5328703703703704 0.5989583333333334 0.5263888888888889 0.5981770833333334 0.5226851851851853 0.5958333333333334 0.5199074074074075 0.5882812500000001 0.5194444444444445 0.5848958333333334 0.5208333333333334 0.5841145833333333 0.5240740740740741 0.5864583333333333 0.5430555555555556
3 0.73984375 0.5824074074074075 0.7411458333333334 0.5842592592592593 0.7450520833333334 0.5842592592592593 0.7466145833333334 0.5810185185185185 0.7466145833333334 0.5675925925925926 0.7458333333333333 0.563888888888889 0.7408854166666666 0.562962962962963 0.7393229166666666 0.5643518518518519 0.7390625000000001 0.5750000000000001 0.73984375 0.5824074074074075