8 0.44114583333333335 0.5175925925925926 0.4419270833333333 0.525 0.44114583333333335 0.5328703703703704 0.4447916666666667 0.549537037037037 0.4458333333333333 0.5513888888888889 0.44817708333333334 0.5518518518518518 0.4669270833333333 0.5513888888888889 0.46770833333333334 0.5476851851851853 0.46848958333333335 0.5185185185185185 0.46380208333333334 0.5018518518518519 0.4604166666666667 0.4981481481481482 0.4572916666666667 0.49722222222222223 0.44817708333333334 0.49722222222222223 0.4447916666666667 0.4986111111111111 0.44296875 0.501388888888889 0.44375000000000003 0.5083333333333334 0.44114583333333335 0.5175925925925926
8 0.034895833333333334 0.8476851851851853 0.035937500000000004 0.8731481481481482 0.0421875 0.9 0.04296875 0.9111111111111112 0.04479166666666667 0.9175925925925926 0.05 0.9245370370370372 0.05625 0.9291666666666667 0.06901041666666667 0.9356481481481482 0.07786458333333333 0.938425925925926 0.08802083333333333 0.9310185185185186 0.0921875 0.9324074074074075 0.09531250000000001 0.9296296296296297 0.09661458333333334 0.925462962962963 0.09713541666666667 0.9138888888888889 0.09817708333333333 0.9083333333333334 0.11848958333333333 0.8708333333333335 0.12682291666666667 0.8652777777777778 0.12994791666666666 0.8587962962962963 0.13125 0.8444444444444444 0.13385416666666666 0.8365740740740741 0.13385416666666666 0.8296296296296297 0.1328125 0.8175925925925926 0.13020833333333334 0.8060185185185186 0.12630208333333334 0.7976851851851853 0.11979166666666667 0.7888888888888889 0.10859375 0.7800925925925926 0.08489583333333334 0.7722222222222223 0.08125 0.7722222222222223 0.07395833333333333 0.775 0.07109375000000001 0.7777777777777778 0.065625 0.7865740740740741 0.04609375 0.8125 0.036458333333333336 0.8277777777777778 0.03411458333333334 0.8337962962962964 0.033854166666666664 0.8421296296296297 0.034895833333333334 0.8476851851851853
8 0.4541666666666667 0.6430555555555556 0.45625 0.6685185185185185 0.4572916666666667 0.6717592592592593 0.45989583333333334 0.6736111111111112 0.4674479166666667 0.6736111111111112 0.47239583333333335 0.6759259259259259 0.4770833333333333 0.6759259259259259 0.48020833333333335 0.6731481481481482 0.48828125 0.6736111111111112 0.49114583333333334 0.6722222222222223 0.4927083333333333 0.6546296296296297 0.4921875 0.6388888888888888 0.4940104166666667 0.6337962962962963 0.4940104166666667 0.6314814814814815 0.49114583333333334 0.6254629629629629 0.4888020833333333 0.6050925925925926 0.48333333333333334 0.5824074074074075 0.4807291666666667 0.5750000000000001 0.4739583333333333 0.5717592592592593 0.46015625 0.5722222222222223 0.4565104166666667 0.5745370370370371 0.4536458333333333 0.5888888888888889 0.4526041666666667 0.6134259259259259 0.45234375 0.6333333333333334 0.4541666666666667 0.6430555555555556
5 0.3481770833333333 0.5703703703703704 0.3666666666666667 0.5699074074074074 0.3697916666666667 0.5675925925925926 0.3713541666666667 0.562962962962963 0.37265625 0.5555555555555556 0.3729166666666667 0.5449074074074074 0.3716145833333333 0.537962962962963 0.36640625 0.5324074074074074 0.35520833333333335 0.5324074074074074 0.3515625 0.5351851851851852 0.3484375 0.5435185185185185 0.34739583333333335 0.550462962962963 0.34661458333333334 0.5675925925925926 0.3481770833333333 0.5703703703703704
5 0.57578125 0.8592592592592594 0.5765625000000001 0.876388888888889 0.5828125000000001 0.8875000000000001 0.5908854166666667 0.9194444444444445 0.5947916666666666 0.9287037037037038 0.5950520833333334 0.9379629629629631 0.5966145833333334 0.9458333333333334 0.6023437500000001 0.9564814814814816 0.6114583333333334 0.9620370370370371 0.6322916666666667 0.9615740740740741 0.6466145833333334 0.9569444444444445 0.6520833333333333 0.9532407407407407 0.6552083333333334 0.9490740740740741 0.6570312500000001 0.9300925925925926 0.6567708333333334 0.9180555555555556 0.6544270833333334 0.9050925925925926 0.6486979166666667 0.8875000000000001 0.6471354166666666 0.8800925925925926 0.64765625 0.8773148148148148 0.6505208333333334 0.8726851851851852 0.6481770833333333 0.8685185185185186 0.64375 0.8671296296296297 0.62734375 0.8250000000000001 0.6229166666666667 0.8175925925925926 0.6190104166666667 0.8129629629629631 0.6072916666666667 0.8083333333333335 0.5986979166666666 0.8083333333333335 0.5848958333333334 0.8120370370370371 0.5776041666666667 0.8199074074074075 0.5760416666666667 0.8254629629629631 0.5747395833333333 0.8361111111111112 0.5747395833333333 0.8532407407407407 0.57578125 0.8592592592592594
1 0.2578125 0.5712962962962963 0.25859375 0.575925925925926 0.2604166666666667 0.5768518518518518 0.27265625000000004 0.575925925925926 0.2794270833333333 0.5791666666666667 0.2838541666666667 0.5717592592592593 0.2872395833333333 0.5685185185185185 0.28880208333333335 0.5643518518518519 0.28828125000000004 0.55 0.28437500000000004 0.5421296296296296 0.2794270833333333 0.5393518518518519 0.2651041666666667 0.5412037037037037 0.26067708333333334 0.5467592592592593 0.25833333333333336 0.5546296296296297 0.25755208333333335 0.5597222222222222 0.2578125 0.5712962962962963
4 0.3244791666666667 0.4837962962962963 0.3364583333333333 0.4837962962962963 0.3385416666666667 0.48148148148148145 0.33880208333333334 0.46620370370370373 0.33671875 0.46296296296296297 0.32786458333333335 0.46296296296296297 0.32421875 0.4699074074074074 0.3236979166666667 0.48101851851851857 0.3244791666666667 0.4837962962962963
8 0.43984375000000003 0.47361111111111115 0.4401041666666667 0.48935185185185187 0.44140625 0.4949074074074074 0.4575520833333333 0.4944444444444445 0.4578125 0.4777777777777778 0.45677083333333335 0.4712962962962963 0.45390625 0.46296296296296297 0.4505208333333333 0.46111111111111114 0.4463541666666667 0.46111111111111114 0.44296875 0.46296296296296297 0.44140625 0.46666666666666673 0.44114583333333335 0.4703703703703704 0.43984375000000003 0.47361111111111115
5 0.28281249999999997 0.6236111111111112 0.28958333333333336 0.6208333333333333 0.30364583333333334 0.6231481481481481 0.3072916666666667 0.6189814814814816 0.3140625 0.6037037037037037 0.31536458333333334 0.5953703703703703 0.3145833333333333 0.5861111111111111 0.3127604166666667 0.5814814814814815 0.3067708333333333 0.5773148148148148 0.3002604166666667 0.5754629629629631 0.28984375 0.5763888888888888 0.28619791666666666 0.5814814814814815 0.2807291666666667 0.5986111111111112 0.2799479166666667 0.6050925925925926 0.28020833333333334 0.6194444444444445 0.28281249999999997 0.6236111111111112
5 0.41484375 0.4583333333333333 0.4174479166666667 0.45648148148148154 0.4182291666666667 0.44675925925925924 0.4174479166666667 0.43888888888888894 0.41484375 0.43703703703703706 0.4114583333333333 0.437962962962963 0.4078125 0.44583333333333336 0.4080729166666667 0.4574074074074075 0.41484375 0.4583333333333333
1 0.3682291666666667 0.5018518518518519 0.36953125000000003 0.5046296296296297 0.37578125 0.5027777777777778 0.38255208333333335 0.5027777777777778 0.3846354166666667 0.5 0.3848958333333333 0.49120370370370375 0.3838541666666667 0.48287037037037045 0.3822916666666667 0.4777777777777778 0.38046875 0.475462962962963 0.37265625 0.475925925925926 0.36796875 0.487962962962963 0.3674479166666667 0.4944444444444445 0.3682291666666667 0.5018518518518519
1 0.3375 0.5078703703703704 0.3393229166666667 0.5097222222222223 0.3520833333333333 0.5097222222222223 0.35442708333333334 0.5083333333333334 0.3559895833333333 0.5050925925925926 0.3559895833333333 0.5 0.3533854166666667 0.4865740740740741 0.3489583333333333 0.4824074074074074 0.3453125 0.48148148148148145 0.34140625 0.4837962962962963 0.33828125000000003 0.4902777777777778 0.3364583333333333 0.4976851851851852 0.3364583333333333 0.5046296296296297 0.3375 0.5078703703703704
4 0.5166666666666667 0.48842592592592593 0.5187499999999999 0.501388888888889 0.5223958333333334 0.5078703703703704 0.5296875000000001 0.5060185185185185 0.5401041666666667 0.5060185185185185 0.5411458333333333 0.4986111111111111 0.5408854166666667 0.49074074074074076 0.5393229166666667 0.4842592592592593 0.5346354166666667 0.4763888888888889 0.5296875000000001 0.4740740740740741 0.5252604166666667 0.4740740740740741 0.5184895833333334 0.475925925925926 0.5148437499999999 0.47870370370370374 0.5145833333333334 0.48148148148148145 0.5166666666666667 0.48842592592592593
1 0.3203125 0.550462962962963 0.3315104166666667 0.5481481481481482 0.3385416666666667 0.5513888888888889 0.3455729166666667 0.5407407407407407 0.34661458333333334 0.5365740740740741 0.34609375000000003 0.5296296296296297 0.34270833333333334 0.5222222222222223 0.3393229166666667 0.5180555555555556 0.3359375 0.5166666666666667 0.32890625 0.5166666666666667 0.32395833333333335 0.5189814814814815 0.3208333333333333 0.5231481481481481 0.3177083333333333 0.5333333333333333 0.3177083333333333 0.5453703703703704 0.3203125 0.550462962962963
5 0.296875 0.5268518518518519 0.3106770833333333 0.5273148148148148 0.3127604166666667 0.525925925925926 0.3177083333333333 0.5162037037037037 0.3184895833333333 0.5041666666666667 0.3174479166666667 0.49953703703703706 0.3138020833333333 0.4939814814814815 0.3106770833333333 0.4921296296296297 0.30364583333333334 0.4921296296296297 0.30052083333333335 0.4944444444444445 0.29661458333333335 0.5009259259259259 0.2955729166666667 0.5087962962962963 0.29531250000000003 0.5222222222222223 0.296875 0.5268518518518519
1 0.5 0.6032407407407407 0.5015625 0.6125 0.5078125 0.6101851851851853 0.5226562499999999 0.6101851851851853 0.5260416666666666 0.6125 0.5286458333333334 0.6097222222222223 0.5294270833333333 0.6060185185185185 0.5296875000000001 0.5939814814814816 0.52734375 0.5828703703703704 0.5281250000000001 0.5777777777777778 0.5244791666666667 0.5722222222222223 0.5190104166666667 0.5583333333333333 0.5119791666666667 0.5555555555555556 0.5018229166666667 0.5560185185185186 0.4981770833333333 0.5615740740740741 0.4966145833333333 0.5699074074074074 0.496875 0.5949074074074074 0.5 0.6032407407407407
1 0.35234375 0.7296296296296297 0.3557291666666667 0.7291666666666666 0.35911458333333335 0.7254629629629631 0.3640625 0.7240740740740741 0.3807291666666667 0.7245370370370371 0.38645833333333335 0.7291666666666666 0.39036458333333335 0.7277777777777779 0.39140625 0.7171296296296297 0.39140625 0.7050925925925926 0.3940104166666667 0.6930555555555556 0.39348958333333334 0.6578703703703703 0.38177083333333334 0.65 0.36692708333333335 0.6495370370370371 0.36223958333333334 0.651388888888889 0.3546875 0.6615740740740741 0.3541666666666667 0.6717592592592593 0.3520833333333333 0.6791666666666667 0.3494791666666667 0.6976851851851853 0.3494791666666667 0.7180555555555557 0.35234375 0.7296296296296297
1 0.4346354166666667 0.41851851851851857 0.440625 0.4175925925925926 0.4427083333333333 0.4157407407407408 0.4427083333333333 0.41111111111111115 0.4393229166666667 0.4046296296296297 0.43515625 0.4046296296296297 0.43255208333333334 0.4078703703703704 0.4322916666666667 0.4152777777777778 0.4346354166666667 0.41851851851851857
1 0.4856770833333333 0.8879629629629631 0.4875 0.8976851851851853 0.4877604166666667 0.9041666666666667 0.4901041666666667 0.9152777777777779 0.49114583333333334 0.9296296296296297 0.49375 0.9444444444444444 0.4942708333333333 0.9527777777777778 0.49973958333333335 0.9601851851851853 0.5072916666666667 0.9629629629629629 0.5421874999999999 0.9597222222222223 0.5505208333333333 0.9555555555555556 0.5520833333333334 0.9527777777777778 0.5536458333333334 0.9449074074074075 0.5536458333333334 0.914814814814815 0.5473958333333333 0.8800925925925926 0.5494791666666666 0.8717592592592593 0.5466145833333333 0.8694444444444445 0.54453125 0.8648148148148148 0.5380208333333334 0.8379629629629629 0.5338541666666666 0.8245370370370372 0.5294270833333333 0.8143518518518519 0.5257812500000001 0.8092592592592593 0.5192708333333333 0.8060185185185186 0.5049479166666667 0.8055555555555556 0.49505208333333334 0.8074074074074075 0.4901041666666667 0.8097222222222222 0.4864583333333333 0.8143518518518519 0.48281250000000003 0.8319444444444445 0.4822916666666667 0.8421296296296297 0.4856770833333333 0.8879629629629631
4 0.4692708333333333 0.487962962962963 0.484375 0.48842592592592593 0.4856770833333333 0.4842592592592593 0.4856770833333333 0.47361111111111115 0.4807291666666667 0.4587962962962963 0.47734375 0.45694444444444443 0.471875 0.4583333333333333 0.46953125 0.4615740740740741 0.4669270833333333 0.4703703703703704 0.4666666666666667 0.4819444444444445 0.4692708333333333 0.487962962962963
1 0.184375 0.8189814814814815 0.18567708333333335 0.8250000000000001 0.18880208333333334 0.8291666666666667 0.19557291666666665 0.8314814814814816 0.21588541666666666 0.8333333333333334 0.22734375 0.8300925925925926 0.22994791666666667 0.825925925925926 0.23125 0.8106481481481482 0.23411458333333335 0.8074074074074075 0.23671875 0.7981481481481482 0.23958333333333334 0.7916666666666666 0.24609375 0.7824074074074074 0.246875 0.7717592592592594 0.24531250000000002 0.7550925925925926 0.24192708333333335 0.7476851851851852 0.23333333333333334 0.7430555555555556 0.20859375 0.7416666666666667 0.20260416666666667 0.7439814814814816 0.19869791666666667 0.7495370370370371 0.19296875 0.7625000000000001 0.18333333333333335 0.7962962962962963 0.18307291666666667 0.8078703703703703 0.184375 0.8189814814814815
1 0.3453125 0.4819444444444445 0.35390625000000003 0.4842592592592593 0.3559895833333333 0.4842592592592593 0.35781250000000003 0.4819444444444445 0.3588541666666667 0.47500000000000003 0.35703125 0.4638888888888889 0.353125 0.46111111111111114 0.34739583333333335 0.46342592592592596 0.3453125 0.46666666666666673 0.3440104166666667 0.4740740740740741 0.34375 0.47731481481481486 0.3453125 0.4819444444444445
5 0.22317708333333336 0.9282407407407407 0.2265625 0.9361111111111112 0.23072916666666665 0.9398148148148148 0.24088541666666666 0.9435185185185185 0.26406250000000003 0.9444444444444444 0.27786458333333336 0.938425925925926 0.2799479166666667 0.9333333333333335 0.27968750000000003 0.9111111111111112 0.28619791666666666 0.8935185185185185 0.2872395833333333 0.8828703703703704 0.28880208333333335 0.8773148148148148 0.29348958333333336 0.8694444444444445 0.29453124999999997 0.8648148148148148 0.29401041666666666 0.8444444444444444 0.2911458333333333 0.8282407407407407 0.28958333333333336 0.8245370370370372 0.2869791666666667 0.8222222222222223 0.27499999999999997 0.8171296296296297 0.25442708333333336 0.8180555555555556 0.25 0.8199074074074075 0.23932291666666666 0.8282407407407407 0.23671875 0.8319444444444445 0.23098958333333336 0.8578703703703704 0.22786458333333334 0.8666666666666667 0.22161458333333334 0.8972222222222223 0.22161458333333334 0.9189814814814815 0.22317708333333336 0.9282407407407407
4 0.39921875 0.5046296296296297 0.41484375 0.5032407407407408 0.415625 0.5018518518518519 0.41640625000000003 0.4842592592592593 0.41484375 0.47685185185185186 0.41302083333333334 0.47453703703703703 0.4078125 0.4726851851851852 0.403125 0.47314814814814815 0.39921875 0.4777777777777778 0.39739583333333334 0.4837962962962963 0.3966145833333333 0.4930555555555556 0.39921875 0.5046296296296297
0 0.19114583333333335 0.6828703703703703 0.1921875 0.6879629629629629 0.19609375 0.6912037037037038 0.20130208333333335 0.6925925925925925 0.22317708333333336 0.6939814814814815 0.23098958333333336 0.6875 0.23776041666666667 0.6879629629629629 0.24192708333333335 0.6703703703703704 0.25 0.6564814814814816 0.25494791666666666 0.651388888888889 0.2572916666666667 0.6472222222222223 0.2596354166666667 0.6361111111111112 0.26197916666666665 0.6296296296296297 0.2625 0.6194444444444445 0.2596354166666667 0.5990740740740741 0.2546875 0.5833333333333334 0.25052083333333336 0.5800925925925926 0.23385416666666667 0.5791666666666667 0.22734375 0.5805555555555556 0.22369791666666666 0.5833333333333334 0.21822916666666667 0.5907407407407408 0.19973958333333336 0.6097222222222223 0.1921875 0.6203703703703703 0.19010416666666666 0.6273148148148148 0.19036458333333334 0.6685185185185185 0.19114583333333335 0.6828703703703703