8 0.2581597222222222 0.47716049382716047 0.2578125 0.48858024691358026 0.2583333333333333 0.49104938271604937 0.2598958333333333 0.4925925925925925 0.2621527777777778 0.49290123456790125 0.26718749999999997 0.49104938271604937 0.2713541666666667 0.49074074074074076 0.2838541666666667 0.4916666666666667 0.2873263888888889 0.4882716049382716 0.2890625 0.48456790123456794 0.29288194444444443 0.48302469135802467 0.29461805555555554 0.48117283950617284 0.2987847222222222 0.4669753086419753 0.2989583333333333 0.4632716049382716 0.2980902777777778 0.45709876543209876 0.29670138888888886 0.4555555555555556 0.2947916666666667 0.45123456790123456 0.29409722222222223 0.4419753086419753 0.29149305555555555 0.4388888888888889 0.2887152777777778 0.43765432098765433 0.2737847222222222 0.43796296296296294 0.26197916666666665 0.4422839506172839 0.2600694444444444 0.4444444444444444 0.25885416666666666 0.4472222222222222 0.25763888888888886 0.45679012345679015 0.2574652777777778 0.4638888888888889 0.2581597222222222 0.47716049382716047
8 0.4439236111111111 0.44660493827160497 0.4425347222222222 0.45679012345679015 0.4428819444444444 0.46049382716049386 0.4439236111111111 0.4617283950617284 0.4461805555555556 0.46265432098765435 0.44913194444444443 0.4611111111111111 0.4555555555555555 0.46049382716049386 0.46371527777777777 0.462037037037037 0.4652777777777778 0.46049382716049386 0.4661458333333333 0.4555555555555556 0.4657986111111111 0.4419753086419753 0.46475694444444443 0.429320987654321 0.4621527777777778 0.4166666666666667 0.4600694444444444 0.4132716049382716 0.4527777777777778 0.41203703703703703 0.4475694444444444 0.41450617283950614 0.4453125 0.42037037037037034 0.44340277777777776 0.4351851851851852 0.4439236111111111 0.4385802469135803 0.4439236111111111 0.44660493827160497
8 0.3628472222222222 0.36820987654320986 0.36996527777777777 0.3691358024691358 0.3734375 0.3712962962962963 0.3755208333333333 0.37407407407407406 0.3784722222222222 0.3753086419753086 0.38125 0.3753086419753086 0.3836805555555556 0.3725308641975309 0.3890625 0.3697530864197531 0.39045138888888886 0.3666666666666667 0.3901041666666667 0.362962962962963 0.3890625 0.35987654320987655 0.3871527777777778 0.35648148148148145 0.3836805555555556 0.35432098765432096 0.3689236111111111 0.35462962962962963 0.36354166666666665 0.35648148148148145 0.3623263888888889 0.3589506172839506 0.36215277777777777 0.3669753086419753 0.3628472222222222 0.36820987654320986
8 0.4114583333333333 0.38641975308641974 0.4149305555555556 0.38395061728395063 0.41805555555555557 0.3885802469135803 0.4232638888888889 0.3891975308641975 0.4282986111111111 0.38827160493827156 0.4310763888888889 0.387037037037037 0.4333333333333333 0.38364197530864197 0.4342013888888889 0.37993827160493826 0.4342013888888889 0.3728395061728395 0.4322916666666667 0.3651234567901234 0.4303819444444444 0.36419753086419754 0.4210069444444444 0.3648148148148148 0.4149305555555556 0.3672839506172839 0.41215277777777776 0.3694444444444444 0.4085069444444444 0.3787037037037037 0.4085069444444444 0.3805555555555556 0.4114583333333333 0.38641975308641974
1 0.3178819444444444 0.46265432098765435 0.3229166666666667 0.46543209876543207 0.3258680555555556 0.4694444444444445 0.328125 0.4777777777777778 0.3317708333333333 0.4780864197530864 0.3338541666666667 0.47932098765432096 0.3380208333333333 0.4787037037037037 0.33871527777777777 0.4759259259259259 0.3404513888888889 0.4728395061728395 0.3440972222222222 0.4703703703703703 0.34531249999999997 0.46512345679012346 0.3449652777777778 0.4561728395061728 0.3428819444444444 0.44969135802469135 0.340625 0.4469135802469136 0.3385416666666667 0.4419753086419753 0.3260416666666667 0.4422839506172839 0.3211805555555556 0.4441358024691358 0.3182291666666667 0.44969135802469135 0.3171875 0.45462962962962966 0.3170138888888889 0.46049382716049386 0.3178819444444444 0.46265432098765435
5 0.340625 0.37962962962962965 0.34531249999999997 0.387037037037037 0.3524305555555556 0.387037037037037 0.35486111111111107 0.38364197530864197 0.35486111111111107 0.37993827160493826 0.3539930555555555 0.37654320987654316 0.3482638888888889 0.3694444444444444 0.34479166666666666 0.3691358024691358 0.3425347222222222 0.37006172839506174 0.340625 0.3725308641975309 0.34010416666666665 0.37438271604938267 0.33993055555555557 0.3774691358024691 0.340625 0.37962962962962965
1 0.3404513888888889 0.4450617283950617 0.3425347222222222 0.45092592592592595 0.3454861111111111 0.45462962962962966 0.3560763888888889 0.45462962962962966 0.3597222222222222 0.4558641975308642 0.3618055555555555 0.45432098765432094 0.3644097222222222 0.45 0.3661458333333333 0.43580246913580245 0.3630208333333333 0.4311728395061728 0.359375 0.4314814814814815 0.3576388888888889 0.42839506172839503 0.3524305555555556 0.42376543209876544 0.3454861111111111 0.42623456790123454 0.34357638888888886 0.42839506172839503 0.3416666666666667 0.4314814814814815 0.33923611111111107 0.4388888888888889 0.3388888888888889 0.4425925925925926 0.3404513888888889 0.4450617283950617
1 0.3578125 0.4947530864197531 0.359375 0.4962962962962963 0.3618055555555555 0.4947530864197531 0.3628472222222222 0.49290123456790125 0.3697916666666667 0.49104938271604937 0.3744791666666667 0.49104938271604937 0.3802083333333333 0.4938271604938272 0.3854166666666667 0.4842592592592592 0.3852430555555555 0.466358024691358 0.3840277777777778 0.4632716049382716 0.3807291666666667 0.4601851851851852 0.3770833333333333 0.4583333333333333 0.3717013888888889 0.45709876543209876 0.36319444444444443 0.45925925925925926 0.3579861111111111 0.4666666666666667 0.3569444444444444 0.4728395061728395 0.3569444444444444 0.4916666666666667 0.3578125 0.4947530864197531
1 0.002951388888888889 0.7274691358024691 0.0019097222222222222 0.7302469135802468 0 0.7302469135802468 0 0.8114197530864197 0.011458333333333334 0.811111111111111 0.023784722222222224 0.8083333333333333 0.030902777777777776 0.807716049382716 0.03958333333333333 0.8037037037037037 0.04114583333333333 0.8040123456790123 0.04375 0.8080246913580247 0.04652777777777777 0.8098765432098766 0.051215277777777776 0.8089506172839506 0.05434027777777777 0.8058641975308641 0.05590277777777777 0.8030864197530865 0.057812499999999996 0.7975308641975308 0.059722222222222225 0.7882716049382715 0.06128472222222222 0.7854938271604938 0.06753472222222222 0.7790123456790122 0.0703125 0.774074074074074 0.0782986111111111 0.766358024691358 0.08229166666666667 0.7611111111111112 0.09184027777777777 0.7527777777777778 0.0998263888888889 0.753395061728395 0.103125 0.7512345679012346 0.1046875 0.7490740740740741 0.10729166666666667 0.7410493827160494 0.1076388888888889 0.7240740740740741 0.10677083333333333 0.720679012345679 0.10711805555555555 0.7120370370370371 0.10642361111111111 0.7080246913580247 0.10590277777777778 0.7061728395061728 0.10277777777777777 0.703395061728395 0.09739583333333332 0.7018518518518518 0.08333333333333333 0.7012345679012346 0.07881944444444444 0.6990740740740741 0.03958333333333333 0.6996913580246913 0.0375 0.7012345679012346 0.030902777777777776 0.7018518518518518 0.0265625 0.7046296296296296 0.022048611111111113 0.7061728395061728 0.019097222222222224 0.7083333333333334 0.01753472222222222 0.7111111111111111 0.013541666666666665 0.7151234567901235 0.011979166666666666 0.7157407407407407 0.010243055555555556 0.7185185185185184 0.0078125 0.7200617283950618 0.006770833333333333 0.7228395061728394 0.002951388888888889 0.7274691358024691
1 0.2956597222222222 0.45432098765432094 0.2982638888888889 0.4583333333333333 0.2986111111111111 0.4617283950617284 0.30017361111111107 0.4669753086419753 0.3121527777777778 0.46265432098765435 0.3149305555555555 0.4608024691358025 0.3185763888888889 0.44598765432098764 0.3185763888888889 0.44290123456790126 0.3161458333333333 0.44012345679012344 0.3131944444444444 0.43796296296296294 0.30868055555555557 0.4367283950617284 0.3039930555555555 0.4367283950617284 0.2961805555555555 0.4388888888888889 0.29496527777777776 0.44012345679012344 0.2942708333333333 0.44320987654320987 0.2944444444444444 0.45092592592592595 0.2956597222222222 0.45432098765432094
1 0.3569444444444444 0.4006172839506173 0.3569444444444444 0.4049382716049383 0.35746527777777776 0.40771604938271605 0.3585069444444444 0.40925925925925927 0.3663194444444444 0.4138888888888889 0.3717013888888889 0.4138888888888889 0.3734375 0.41358024691358025 0.3756944444444444 0.408641975308642 0.3756944444444444 0.39845679012345675 0.3746527777777778 0.3950617283950617 0.3727430555555556 0.39197530864197533 0.3703125 0.3907407407407408 0.3677083333333333 0.3907407407407408 0.3645833333333333 0.39197530864197533 0.36319444444444443 0.39351851851851855 0.35920138888888886 0.39413580246913577 0.3585069444444444 0.39783950617283953 0.3569444444444444 0.4006172839506173
1 0.29496527777777776 0.5003086419753087 0.29670138888888886 0.5058641975308642 0.2993055555555555 0.5049382716049382 0.3013888888888889 0.5024691358024691 0.30572916666666666 0.5012345679012346 0.3145833333333333 0.5012345679012346 0.3180555555555556 0.5033950617283951 0.3211805555555556 0.5015432098765432 0.3211805555555556 0.49876543209876545 0.3225694444444444 0.49537037037037035 0.3282986111111111 0.4947530864197531 0.3289930555555556 0.4916666666666667 0.3288194444444444 0.4802469135802469 0.3265625 0.47469135802469137 0.3251736111111111 0.46882716049382717 0.32361111111111107 0.4666666666666667 0.3177083333333333 0.46234567901234563 0.3104166666666667 0.4632716049382716 0.30798611111111107 0.46512345679012346 0.303125 0.46574074074074073 0.3003472222222222 0.4679012345679012 0.296875 0.47685185185185186 0.2956597222222222 0.483641975308642 0.29496527777777776 0.48858024691358026 0.29496527777777776 0.5003086419753087
1 0.2439236111111111 0.5432098765432098 0.24618055555555554 0.546604938271605 0.2467013888888889 0.5506172839506173 0.24809027777777778 0.5537037037037037 0.2513888888888889 0.5518518518518518 0.25243055555555555 0.5503086419753086 0.2532986111111111 0.546604938271605 0.25468749999999996 0.5450617283950617 0.2692708333333333 0.5453703703703704 0.27152777777777776 0.5503086419753086 0.27326388888888886 0.5509259259259259 0.2760416666666667 0.5503086419753086 0.2770833333333333 0.5472222222222223 0.27743055555555557 0.5401234567901235 0.2788194444444444 0.5370370370370371 0.2821180555555556 0.5354938271604939 0.28854166666666664 0.5345679012345679 0.28975694444444444 0.5333333333333333 0.29027777777777775 0.5290123456790123 0.29027777777777775 0.516358024691358 0.2899305555555556 0.5117283950617284 0.28802083333333334 0.5083333333333333 0.2857638888888889 0.5067901234567901 0.28194444444444444 0.5009259259259259 0.27899305555555554 0.4978395061728395 0.2586805555555556 0.49660493827160496 0.2552083333333333 0.4978395061728395 0.25156249999999997 0.5009259259259259 0.24947916666666664 0.5046296296296297 0.2484375 0.5052469135802469 0.2439236111111111 0.5228395061728395 0.24322916666666666 0.5401234567901235 0.2439236111111111 0.5432098765432098
1 0.1753472222222222 0.6052469135802468 0.1753472222222222 0.6095679012345678 0.17725694444444445 0.6209876543209876 0.1795138888888889 0.6262345679012346 0.1824652777777778 0.6271604938271605 0.1890625 0.6203703703703703 0.1935763888888889 0.6200617283950618 0.19913194444444443 0.6179012345679012 0.20277777777777775 0.6188271604938271 0.21006944444444445 0.6182098765432099 0.21319444444444444 0.6234567901234568 0.21493055555555554 0.6234567901234568 0.2171875 0.6225308641975309 0.22065972222222222 0.6120370370370369 0.2269097222222222 0.604320987654321 0.23177083333333334 0.600925925925926 0.23802083333333335 0.5996913580246913 0.23993055555555554 0.5925925925925926 0.2404513888888889 0.5820987654320988 0.2392361111111111 0.5746913580246913 0.2375 0.5709876543209876 0.23385416666666664 0.5682098765432099 0.2293402777777778 0.5666666666666667 0.22725694444444444 0.5638888888888889 0.2230902777777778 0.5608024691358025 0.21493055555555554 0.5595679012345679 0.2003472222222222 0.5595679012345679 0.19600694444444444 0.5623456790123457 0.1925347222222222 0.5629629629629629 0.18836805555555555 0.5679012345679012 0.18506944444444445 0.5725308641975309 0.18350694444444443 0.5771604938271605 0.18263888888888888 0.5777777777777777 0.18125 0.5811728395061728 0.18055555555555555 0.5845679012345679 0.1784722222222222 0.5873456790123457 0.17725694444444445 0.591358024691358 0.17725694444444445 0.5962962962962963 0.1753472222222222 0.6052469135802468
1 0.41006944444444443 0.3885802469135803 0.4114583333333333 0.3987654320987654 0.4201388888888889 0.3975308641975308 0.4201388888888889 0.39043209876543206 0.4164930555555555 0.3845679012345679 0.4144097222222222 0.38240740740740736 0.4114583333333333 0.3811728395061728 0.40902777777777777 0.38240740740740736 0.4085069444444444 0.38395061728395063 0.41006944444444443 0.3885802469135803
1 0.21510416666666665 0.5185185185185185 0.21614583333333334 0.5216049382716049 0.21788194444444445 0.5237654320987654 0.22395833333333334 0.5237654320987654 0.23645833333333333 0.5216049382716049 0.24131944444444445 0.5219135802469136 0.24461805555555555 0.5151234567901235 0.2454861111111111 0.5095679012345679 0.2467013888888889 0.5058641975308642 0.2503472222222222 0.4996913580246914 0.25190972222222224 0.49907407407407406 0.25399305555555557 0.4962962962962963 0.25677083333333334 0.49506172839506174 0.2569444444444444 0.49104938271604937 0.25503472222222223 0.4867283950617284 0.24583333333333335 0.47962962962962963 0.23194444444444445 0.48055555555555557 0.2269097222222222 0.48271604938271606 0.2237847222222222 0.4861111111111111 0.2220486111111111 0.4898148148148148 0.2204861111111111 0.49104938271604937 0.2175347222222222 0.495679012345679 0.2144097222222222 0.5037037037037037 0.2142361111111111 0.5089506172839506 0.21510416666666665 0.5185185185185185
5 0.05555555555555555 0.6373456790123456 0.056944444444444436 0.641358024691358 0.05850694444444444 0.6422839506172839 0.06770833333333333 0.6453703703703704 0.07326388888888889 0.6435185185185185 0.08628472222222222 0.6432098765432099 0.09618055555555555 0.6404320987654322 0.09878472222222222 0.6416666666666666 0.10138888888888888 0.6444444444444444 0.10347222222222222 0.6444444444444444 0.10711805555555555 0.6410493827160494 0.10833333333333332 0.6364197530864197 0.1109375 0.6320987654320988 0.11423611111111111 0.6305555555555555 0.11597222222222223 0.628395061728395 0.11840277777777777 0.6271604938271605 0.11927083333333333 0.6256172839506172 0.12222222222222222 0.6240740740740741 0.12916666666666665 0.6179012345679012 0.134375 0.6160493827160494 0.1371527777777778 0.6160493827160494 0.13836805555555556 0.6145061728395061 0.13906249999999998 0.6132716049382716 0.1407986111111111 0.6030864197530863 0.1407986111111111 0.5916666666666667 0.14027777777777775 0.5885802469135802 0.1376736111111111 0.5833333333333334 0.134375 0.5811728395061728 0.12638888888888888 0.5805555555555555 0.12083333333333332 0.5768518518518518 0.11423611111111111 0.5743827160493827 0.10086805555555554 0.5740740740740741 0.09895833333333333 0.5731481481481482 0.08888888888888889 0.5734567901234567 0.08229166666666667 0.5777777777777777 0.0703125 0.5904320987654321 0.0685763888888889 0.5938271604938271 0.0671875 0.5947530864197531 0.06493055555555556 0.5996913580246913 0.059722222222222225 0.6067901234567901 0.05642361111111111 0.6151234567901235 0.05572916666666666 0.6191358024691357 0.05520833333333333 0.6234567901234568 0.05555555555555555 0.6373456790123456
1 0.3637152777777778 0.4493827160493827 0.36336805555555557 0.44907407407407407 0.3628472222222222 0.4493827160493827 0.3637152777777778 0.4493827160493827
1 0.3576388888888889 0.4302469135802469 0.359375 0.4339506172839506 0.3630208333333333 0.4339506172839506 0.3640625 0.4354938271604938 0.3645833333333333 0.43765432098765433 0.3640625 0.44876543209876546 0.3663194444444444 0.44876543209876546 0.36701388888888886 0.44320987654320987 0.3685763888888889 0.4388888888888889 0.3720486111111111 0.4327160493827161 0.3727430555555556 0.4287037037037037 0.3727430555555556 0.42345679012345677 0.3696180555555555 0.4166666666666667 0.36701388888888886 0.41450617283950614 0.36267361111111107 0.412962962962963 0.35920138888888886 0.41234567901234565 0.3567708333333333 0.4141975308641975 0.3545138888888889 0.4175925925925926 0.35260416666666666 0.42345679012345677 0.35260416666666666 0.4256172839506173 0.3576388888888889 0.4302469135802469
5 0.35555555555555557 0.3805555555555556 0.3569444444444444 0.38364197530864197 0.3598958333333333 0.38580246913580246 0.36527777777777776 0.3873456790123457 0.3734375 0.3873456790123457 0.3774305555555555 0.3861111111111111 0.37881944444444443 0.3848765432098765 0.3795138888888889 0.3830246913580247 0.3793402777777778 0.3787037037037037 0.37777777777777777 0.375 0.3697916666666667 0.36851851851851847 0.3623263888888889 0.3694444444444444 0.35746527777777776 0.37345679012345684 0.35555555555555557 0.3768518518518519 0.35555555555555557 0.3805555555555556
1 0.1048611111111111 0.7972222222222222 0.10607638888888887 0.7987654320987654 0.11336805555555556 0.7993827160493827 0.11527777777777777 0.7984567901234568 0.12465277777777778 0.7981481481481482 0.13315972222222222 0.796604938271605 0.14253472222222222 0.796604938271605 0.15069444444444444 0.7987654320987654 0.1607638888888889 0.7981481481481482 0.16458333333333333 0.8009259259259259 0.1684027777777778 0.8003086419753087 0.17256944444444444 0.7938271604938272 0.175 0.7848765432098765 0.17586805555555554 0.778395061728395 0.17725694444444445 0.7753086419753087 0.17881944444444445 0.7746913580246914 0.18437499999999998 0.7666666666666666 0.1857638888888889 0.7660493827160494 0.18715277777777775 0.7635802469135803 0.1935763888888889 0.7567901234567901 0.19791666666666666 0.7496913580246913 0.20225694444444445 0.7462962962962962 0.20677083333333335 0.7472222222222222 0.21006944444444445 0.7447530864197531 0.21180555555555555 0.7416666666666666 0.21354166666666666 0.7342592592592593 0.21475694444444443 0.7237654320987654 0.21458333333333335 0.7145061728395062 0.21354166666666666 0.7049382716049382 0.21163194444444444 0.7006172839506173 0.20694444444444443 0.6953703703703703 0.1951388888888889 0.692283950617284 0.18020833333333333 0.6919753086419753 0.17552083333333335 0.6907407407407407 0.16006944444444443 0.6910493827160493 0.15138888888888888 0.692283950617284 0.1423611111111111 0.6953703703703703 0.13749999999999998 0.6993827160493827 0.13055555555555556 0.707716049382716 0.1284722222222222 0.7092592592592593 0.1189236111111111 0.7222222222222222 0.11458333333333333 0.7330246913580247 0.10989583333333333 0.741358024691358 0.10972222222222222 0.7438271604938271 0.10815972222222223 0.7475308641975309 0.10746527777777777 0.7540123456790124 0.10781249999999999 0.7601851851851852 0.10572916666666667 0.7657407407407407 0.10451388888888889 0.7722222222222223 0.10451388888888889 0.7953703703703704 0.1048611111111111 0.7972222222222222
2 0.7473958333333334 0.8024691358024691 0.7524305555555556 0.8027777777777778 0.7538194444444444 0.8040123456790123 0.7545138888888888 0.8074074074074075 0.7546875 0.813888888888889 0.7545138888888888 0.8219135802469135 0.7538194444444444 0.8253086419753086 0.7510416666666666 0.8311728395061728 0.7508680555555556 0.8382716049382716 0.7498263888888889 0.8441358024691359 0.7475694444444444 0.8490740740740741 0.7475694444444444 0.8608024691358025 0.7480902777777778 0.8632716049382716 0.7515625 0.8638888888888888 0.7520833333333333 0.8648148148148148 0.7541666666666667 0.8731481481481481 0.7552083333333334 0.8740740740740741 0.7586805555555556 0.8731481481481481 0.7586805555555556 0.8583333333333334 0.7604166666666666 0.8450617283950618 0.7623263888888888 0.8376543209876544 0.7630208333333334 0.8129629629629629 0.764236111111111 0.8074074074074075 0.7657986111111111 0.8046296296296297 0.7675347222222222 0.7901234567901234 0.7657986111111111 0.7830246913580247 0.7635416666666666 0.7814814814814816 0.7623263888888888 0.7790123456790122 0.7621527777777778 0.7688271604938272 0.7609374999999999 0.7648148148148147 0.7586805555555556 0.7626543209876543 0.7550347222222222 0.7632716049382716 0.7539930555555555 0.7648148148148147 0.7532986111111112 0.778395061728395 0.7512152777777777 0.7824074074074074 0.7484375 0.7845679012345679 0.7479166666666666 0.7907407407407407 0.7463541666666667 0.7962962962962963 0.7461805555555555 0.8006172839506173 0.7473958333333334 0.8024691358024691
2 0.4991319444444444 0.5817901234567902 0.49809027777777776 0.587037037037037 0.49809027777777776 0.592283950617284 0.4989583333333333 0.5929012345679012 0.49809027777777776 0.594033024691358 0.4986111111111111 0.5944444444444444 0.49809027777777776 0.5957817901234569 0.4986111111111111 0.596604938271605 0.49809027777777776 0.5975308641975309 0.4984375 0.5993827160493828 0.4996527777777778 0.587037037037037 0.5045138888888888 0.5839506172839506 0.5060763888888888 0.5839506172839506 0.5081597222222223 0.5873456790123457 0.5076388888888889 0.5944444444444444 0.5078125 0.6030864197530863 0.5086805555555556 0.6049382716049382 0.5109374999999999 0.6040123456790124 0.5114583333333333 0.6024691358024691 0.5105902777777778 0.6006172839506172 0.5104166666666666 0.5978395061728394 0.5111111111111111 0.5904320987654321 0.5109374999999999 0.5885802469135802 0.5098958333333333 0.587037037037037 0.5097222222222222 0.5839506172839506 0.5105902777777778 0.5790123456790123 0.5121527777777778 0.5759259259259258 0.5121527777777778 0.5703703703703704 0.5069444444444444 0.5598765432098766 0.5050347222222222 0.5518518518518518 0.5017361111111112 0.5518518518518518 0.4996527777777778 0.562037037037037 0.49809027777777776 0.5638888888888889 0.4979166666666667 0.5654320987654321 0.49635416666666665 0.5679012345679012 0.49600694444444443 0.5750000000000001 0.4991319444444444 0.5817901234567902
2 0.5347222222222222 0.9407407407407407 0.5359375 0.9429012345679012 0.5381944444444444 0.9425925925925925 0.5392361111111111 0.9395061728395062 0.5392361111111111 0.9314814814814815 0.5397569444444444 0.928395061728395 0.537673611111111 0.9253086419753087 0.5364583333333334 0.9191358024691358 0.5364583333333334 0.9253086419753087 0.5347222222222222 0.9333333333333333 0.5342013888888888 0.938888888888889 0.5347222222222222 0.9407407407407407
2 0.5369791666666667 0.9117283950617284 0.5364583333333334 0.9058641975308641 0.5364583333333334 0.9135802469135803 0.5369791666666667 0.9117283950617284
2 0.5317708333333333 0.8691358024691357 0.5317708333333333 0.8814814814814815 0.53125 0.8858024691358025 0.5326388888888889 0.8882716049382716 0.5350694444444444 0.8885802469135803 0.5369791666666667 0.8916666666666666 0.5362847222222222 0.8925925925925926 0.5364583333333334 0.8978395061728395 0.5383680555555556 0.8808641975308641 0.5430555555555555 0.8787037037037038 0.5482638888888889 0.878395061728395 0.5538194444444444 0.8808641975308641 0.5555555555555556 0.8833333333333334 0.5560763888888889 0.887037037037037 0.5545138888888889 0.8898148148148147 0.5539930555555556 0.8944444444444444 0.5555555555555556 0.9003086419753087 0.5560763888888889 0.9074074074074074 0.5555555555555556 0.9179012345679012 0.5564236111111112 0.9330246913580247 0.5572916666666666 0.9370370370370371 0.5607638888888888 0.9370370370370371 0.5609375 0.9305555555555556 0.5595486111111111 0.9259259259259259 0.5592013888888888 0.9197530864197531 0.5598958333333334 0.9151234567901234 0.5607638888888888 0.9135802469135803 0.5609375 0.8993827160493827 0.5586805555555555 0.8904320987654322 0.5583333333333333 0.8867283950617284 0.5607638888888888 0.8839506172839506 0.5609375 0.8796296296296297 0.5607638888888888 0.8777777777777778 0.5586805555555555 0.8753086419753087 0.5572916666666666 0.8669753086419753 0.5583333333333333 0.8595679012345678 0.5595486111111111 0.8552469135802468 0.5590277777777778 0.8521604938271605 0.5571180555555555 0.8472222222222222 0.5564236111111112 0.8469135802469135 0.5538194444444444 0.8416666666666667 0.5527777777777777 0.841358024691358 0.5508680555555555 0.8382716049382716 0.5505208333333333 0.8305555555555556 0.5493055555555555 0.8246913580246913 0.5467013888888889 0.8212962962962963 0.5439236111111111 0.8203703703703703 0.5432291666666667 0.8203703703703703 0.5406249999999999 0.8243827160493827 0.5395833333333333 0.8305555555555556 0.5394097222222222 0.8388888888888888 0.5366319444444444 0.8425925925925926 0.5329861111111112 0.8503086419753086 0.5310763888888889 0.857716049382716 0.5309027777777777 0.8626543209876544 0.5317708333333333 0.8691358024691357
2 0.5881944444444445 0.5083333333333333 0.5881944444444445 0.5111111111111111 0.5892361111111111 0.5145061728395062 0.5899305555555555 0.5259259259259259 0.5916666666666667 0.5367283950617284 0.5918402777777777 0.5459876543209877 0.5930555555555556 0.5503086419753086 0.5956597222222222 0.5515432098765432 0.5963541666666666 0.5484567901234568 0.5965277777777778 0.5324074074074074 0.598611111111111 0.5237654320987654 0.5989583333333334 0.5117283950617284 0.598611111111111 0.5083333333333333 0.5958333333333333 0.5021604938271605 0.5956597222222222 0.5 0.5944444444444444 0.49876543209876545 0.5918402777777777 0.49845679012345684 0.5911458333333334 0.5024691358024691 0.5881944444444445 0.5083333333333333
2 0.7180555555555556 0.7867283950617284 0.7190972222222222 0.7873456790123456 0.7203125 0.7916666666666666 0.7204861111111112 0.807716049382716 0.7213541666666666 0.8129629629629629 0.7210069444444444 0.8243827160493827 0.7234375 0.8271604938271605 0.725173611111111 0.825 0.7260416666666666 0.8166666666666667 0.7263888888888889 0.7969135802469135 0.7269097222222222 0.7947530864197531 0.7277777777777777 0.7944444444444444 0.7291666666666666 0.803395061728395 0.7303819444444444 0.83179012345679 0.7307291666666667 0.8336419753086419 0.7319444444444444 0.8354938271604938 0.7345486111111111 0.8367283950617284 0.7357638888888888 0.8348765432098766 0.7359375 0.8311728395061728 0.7345486111111111 0.825 0.7342013888888889 0.8114197530864197 0.7342013888888889 0.7614197530864197 0.7357638888888888 0.7555555555555555 0.7357638888888888 0.7475308641975309 0.7335069444444444 0.7407407407407407 0.7321180555555555 0.7305555555555556 0.7302083333333333 0.7274691358024691 0.7269097222222222 0.7268518518518519 0.7256944444444444 0.7283950617283951 0.7237847222222222 0.7388888888888888 0.7204861111111112 0.7462962962962962 0.7185763888888889 0.7549382716049382 0.7192708333333333 0.7623456790123456 0.7185763888888889 0.7654320987654322 0.7184027777777777 0.7725308641975309 0.7168402777777778 0.7756172839506172 0.7168402777777778 0.7842592592592593 0.7180555555555556 0.7867283950617284
2 0.6284722222222222 0.6478395061728395 0.6302083333333334 0.6537037037037037 0.6307291666666666 0.6657407407407407 0.6328125 0.6820987654320988 0.6348958333333333 0.6895061728395062 0.6357638888888888 0.6990740740740741 0.6366319444444444 0.7003086419753086 0.6388888888888888 0.7 0.6401041666666666 0.6969135802469135 0.6397569444444444 0.6895061728395062 0.6407986111111111 0.6719135802469135 0.6425347222222222 0.6651234567901234 0.6439236111111112 0.6537037037037037 0.645486111111111 0.649074074074074 0.6461805555555555 0.644753086419753 0.645486111111111 0.6373456790123456 0.6446180555555555 0.6358024691358025 0.6442708333333333 0.6330246913580246 0.6414930555555556 0.6277777777777778 0.6407986111111111 0.6194444444444445 0.6383680555555555 0.617283950617284 0.6366319444444444 0.617283950617284 0.634375 0.6200617283950618 0.634375 0.6240740740740741 0.6350694444444444 0.6274691358024691 0.6342013888888888 0.6296296296296297 0.6302083333333334 0.6345679012345679 0.6291666666666667 0.6382716049382716 0.6284722222222222 0.6425925925925926 0.6284722222222222 0.6478395061728395
2 0.45642361111111107 0.9632716049382716 0.4576388888888889 0.9709876543209875 0.45729166666666665 0.9854938271604938 0.4581597222222222 0.9901234567901235 0.4578125 0.9953703703703703 0.4585069444444444 0.9972222222222222 0.4604166666666667 0.9981481481481481 0.4618055555555556 0.9969135802469137 0.46249999999999997 0.9947530864197531 0.4611111111111111 0.9635802469135802 0.4592013888888889 0.9549382716049382 0.4560763888888889 0.9549382716049382 0.4548611111111111 0.9580246913580247 0.45468749999999997 0.9604938271604938 0.45642361111111107 0.9632716049382716
2 0.43124999999999997 0.9314814814814815 0.4319444444444444 0.946604938271605 0.43350694444444443 0.946604938271605 0.4354166666666667 0.9401234567901234 0.4361111111111111 0.9398148148148148 0.4397569444444444 0.9429012345679012 0.4472222222222222 0.9429012345679012 0.4543402777777778 0.9450617283950616 0.4579861111111111 0.9481481481481482 0.4597222222222222 0.9530864197530865 0.46475694444444443 0.95 0.46493055555555557 0.9450617283950616 0.4635416666666667 0.9385802469135802 0.4633680555555555 0.9333333333333333 0.4657986111111111 0.9296296296296297 0.4657986111111111 0.925 0.4633680555555555 0.9111111111111112 0.4604166666666667 0.9037037037037037 0.4552083333333333 0.8966049382716049 0.4538194444444444 0.8790123456790124 0.4496527777777778 0.8728395061728395 0.4453125 0.8759259259259259 0.44340277777777776 0.8802469135802469 0.4421875 0.8882716049382716 0.4425347222222222 0.8987654320987654 0.4411458333333333 0.9021604938271606 0.43854166666666666 0.9046296296296297 0.4368055555555555 0.9080246913580247 0.434375 0.9141975308641975 0.4331597222222222 0.9191358024691358 0.4322916666666667 0.9287037037037037 0.43124999999999997 0.9314814814814815
4 0.14774305555555556 0.566358024691358 0.14947916666666666 0.5685185185185185 0.1515625 0.5691358024691359 0.1532986111111111 0.5709876543209876 0.1550347222222222 0.5750000000000001 0.15868055555555555 0.5771604938271605 0.16163194444444445 0.5740740740740741 0.1640625 0.5731481481481482 0.17326388888888888 0.571604938271605 0.17777777777777778 0.5691358024691359 0.1859375 0.5688271604938271 0.18802083333333333 0.5657407407407408 0.18993055555555555 0.5645061728395062 0.19288194444444445 0.5592592592592592 0.19670138888888888 0.557716049382716 0.20277777777777775 0.5524691358024691 0.20711805555555554 0.5540123456790124 0.21059027777777775 0.5537037037037037 0.21215277777777775 0.5515432098765432 0.21354166666666666 0.5472222222222223 0.2140625 0.528395061728395 0.2137152777777778 0.5256172839506172 0.21163194444444444 0.5222222222222223 0.20572916666666666 0.520679012345679 0.1996527777777778 0.5138888888888888 0.19618055555555555 0.5123456790123457 0.1907986111111111 0.5117283950617284 0.1717013888888889 0.5138888888888888 0.16944444444444445 0.5169753086419754 0.16597222222222222 0.5305555555555556 0.1623263888888889 0.5339506172839505 0.1534722222222222 0.5395061728395062 0.14652777777777778 0.5469135802469135 0.14600694444444443 0.5484567901234568 0.14600694444444443 0.5592592592592592 0.14774305555555556 0.566358024691358
0 0.3060763888888889 0.41018518518518515 0.3064236111111111 0.41604938271604935 0.30624999999999997 0.4327160493827161 0.3076388888888889 0.43487654320987656 0.31406249999999997 0.43765432098765433 0.3170138888888889 0.44043209876543205 0.3208333333333333 0.4419753086419753 0.3336805555555556 0.441358024691358 0.3383680555555555 0.4382716049382716 0.3409722222222222 0.4305555555555556 0.3444444444444444 0.4253086419753086 0.34531249999999997 0.4188271604938272 0.3446180555555556 0.41203703703703703 0.3446180555555556 0.40802469135802466 0.34531249999999997 0.40432098765432095 0.3451388888888889 0.3947530864197531 0.3432291666666667 0.3854938271604938 0.3407986111111111 0.38024691358024687 0.3390625 0.3790123456790123 0.3350694444444444 0.3787037037037037 0.3175347222222222 0.38240740740740736 0.3098958333333333 0.3854938271604938 0.3064236111111111 0.3888888888888889 0.3055555555555556 0.3907407407407408 0.3052083333333333 0.40617283950617283 0.3060763888888889 0.41018518518518515
6 0.9017361111111112 0.5407407407407407 0.9024305555555555 0.5438271604938272 0.904861111111111 0.5472222222222223 0.9090277777777778 0.5487654320987654 0.9116319444444444 0.5546296296296296 0.9144097222222222 0.5567901234567901 0.9248263888888888 0.557716049382716 0.9322916666666666 0.5570987654320988 0.9362847222222221 0.562037037037037 0.9388888888888888 0.5626543209876543 0.9467013888888888 0.5623456790123457 0.9493055555555555 0.5604938271604938 0.9567708333333333 0.5598765432098766 0.9604166666666666 0.557716049382716 0.9618055555555556 0.5287037037037037 0.9607638888888889 0.5188271604938272 0.9600694444444444 0.5018518518518518 0.9571180555555555 0.4978395061728395 0.9453125 0.49290123456790125 0.9425347222222222 0.49074074074074076 0.9411458333333333 0.4882716049382716 0.9407986111111112 0.4858024691358025 0.9406249999999999 0.4694444444444445 0.9399305555555556 0.4666666666666667 0.9369791666666666 0.4635802469135802 0.9333333333333333 0.46141975308641975 0.9288194444444444 0.4608024691358025 0.9277777777777778 0.462037037037037 0.9239583333333333 0.4703703703703703 0.9215277777777777 0.4740740740740741 0.9203125 0.4780864197530864 0.9157986111111112 0.48487654320987655 0.9154513888888888 0.48734567901234566 0.9140625 0.48919753086419754 0.9131944444444444 0.4941358024691358 0.9102430555555555 0.5021604938271605 0.9086805555555556 0.5049382716049382 0.9078125 0.5052469135802469 0.9043402777777778 0.5126543209876543 0.9019097222222222 0.528395061728395 0.9024305555555555 0.5370370370370371 0.9017361111111112 0.5407407407407407
6 0.9144097222222222 0.4635802469135802 0.9149305555555556 0.4675925925925926 0.9157986111111112 0.46543209876543207 0.9178819444444444 0.46481481481481485 0.9190972222222222 0.46296296296296297 0.9201388888888888 0.46049382716049386 0.920486111111111 0.4558641975308642 0.918923611111111 0.45185185185185184 0.9166666666666666 0.45123456790123456 0.9152777777777777 0.44969135802469135 0.9145833333333333 0.4503086419753086 0.9137152777777777 0.45339506172839505 0.9131944444444444 0.4608024691358025 0.9144097222222222 0.4635802469135802
6 0.38680555555555557 0.41604938271604935 0.3857638888888889 0.42685185185185187 0.38697916666666665 0.43487654320987656 0.3885416666666667 0.4391975308641975 0.3897569444444444 0.44043209876543205 0.3958333333333333 0.4395061728395062 0.4081597222222222 0.4398148148148148 0.4111111111111111 0.43703703703703706 0.4125 0.4308641975308642 0.4123263888888889 0.41450617283950614 0.4114583333333333 0.4114197530864197 0.4118055555555556 0.4 0.4111111111111111 0.3929012345679012 0.4074652777777778 0.3787037037037037 0.4057291666666667 0.37592592592592594 0.40121527777777777 0.37376543209876545 0.3940972222222222 0.37345679012345684 0.3894097222222222 0.3756172839506173 0.38697916666666665 0.38024691358024687 0.38611111111111107 0.38395061728395063 0.3857638888888889 0.39351851851851855 0.38680555555555557 0.41604938271604935
3 0.49809027777777776 0.5993827160493828 0.4986111111111111 0.6021604938271605 0.5 0.6046296296296296 0.5013888888888889 0.6095679012345678 0.5022569444444445 0.6182098765432099 0.5029513888888889 0.6197530864197531 0.5052083333333334 0.6203703703703703 0.5067708333333333 0.6166666666666666 0.5069444444444444 0.6111111111111112 0.5086805555555556 0.6040123456790124 0.5090277777777777 0.5858024691358025 0.5079861111111111 0.5830246913580247 0.5050347222222222 0.5811728395061728 0.5015624999999999 0.5820987654320988 0.49982638888888886 0.5842592592592593 0.4986111111111111 0.5882716049382716 0.49809027777777776 0.5916666666666667 0.49809027777777776 0.5993827160493828
3 0.4840277777777778 0.4441358024691358 0.484375 0.4524691358024691 0.4864583333333333 0.45339506172839505 0.4887152777777778 0.4530864197530864 0.4895833333333333 0.4493827160493827 0.4899305555555556 0.4419753086419753 0.4892361111111111 0.43580246913580245 0.4880208333333333 0.4333333333333333 0.484375 0.4333333333333333 0.4836805555555555 0.4354938271604938 0.4831597222222222 0.44043209876543205 0.4840277777777778 0.4441358024691358
3 0.5194444444444445 0.5135802469135803 0.5203125000000001 0.5194444444444445 0.5229166666666667 0.5209876543209876 0.5248263888888889 0.5185185185185185 0.5260416666666666 0.5151234567901235 0.5272569444444445 0.5067901234567901 0.5270833333333333 0.5 0.5258680555555555 0.49537037037037035 0.5229166666666667 0.49320987654320986 0.5201388888888888 0.49506172839506174 0.5185763888888889 0.49938271604938267 0.5185763888888889 0.5114197530864197 0.5194444444444445 0.5135802469135803
3 0.3767361111111111 0.4398148148148148 0.3802083333333333 0.44074074074074077 0.3810763888888889 0.4391975308641975 0.3817708333333333 0.4354938271604938 0.3822916666666667 0.42901234567901236 0.3817708333333333 0.425 0.3805555555555556 0.42191358024691356 0.3767361111111111 0.42191358024691356 0.3755208333333333 0.4256172839506173 0.3755208333333333 0.4311728395061728 0.3767361111111111 0.4398148148148148
3 0.4921875 0.46728395061728395 0.4930555555555556 0.4691358024691358 0.4953125 0.4694444444444445 0.4965277777777778 0.4669753086419753 0.4970486111111111 0.462037037037037 0.4970486111111111 0.4537037037037037 0.4958333333333333 0.4462962962962963 0.4947916666666667 0.44320987654320987 0.4921875 0.4450617283950617 0.49027777777777776 0.44907407407407407 0.4901041666666667 0.45339506172839505 0.4921875 0.46728395061728395
3 0.46684027777777776 0.4354938271604938 0.4706597222222222 0.43703703703703706 0.4723958333333333 0.43487654320987656 0.4730902777777778 0.42993827160493825 0.4723958333333333 0.420679012345679 0.47031249999999997 0.4172839506172839 0.4680555555555555 0.41851851851851857 0.4663194444444444 0.42191358024691356 0.4659722222222222 0.42592592592592593 0.46684027777777776 0.4354938271604938
3 0.48125 0.6814814814814815 0.4817708333333333 0.6898148148148148 0.484375 0.6978395061728394 0.4857638888888889 0.6993827160493827 0.48819444444444443 0.7086419753086419 0.4911458333333333 0.7052469135802469 0.49201388888888886 0.6996913580246913 0.4947916666666667 0.6969135802469135 0.4958333333333333 0.6941358024691359 0.4973958333333333 0.6641975308641975 0.4970486111111111 0.657716049382716 0.49496527777777777 0.6521604938271606 0.4857638888888889 0.6524691358024691 0.4810763888888889 0.6512345679012346 0.4800347222222222 0.6598765432098765 0.4795138888888889 0.6703703703703704 0.48125 0.6814814814814815
3 0.5342013888888888 0.8898148148148147 0.5340277777777778 0.891358024691358 0.5333333333333333 0.8910493827160494 0.5352430555555555 0.9068783950617285 0.5352430555555555 0.9148148148148147 0.5364583333333334 0.9237654320987654 0.5383680555555556 0.9262345679012346 0.5394097222222222 0.9299382716049384 0.5390625 0.9429012345679012 0.5453125 0.9546296296296296 0.5465277777777777 0.9601851851851853 0.5486111111111112 0.9768518518518519 0.5496527777777778 0.9799382716049382 0.5505208333333333 0.9802469135802468 0.5517361111111111 0.9765432098765432 0.5520833333333334 0.9651234567901235 0.5538194444444444 0.9518518518518518 0.5553819444444444 0.9472222222222222 0.5562499999999999 0.9410493827160493 0.5572916666666666 0.9395061728395062 0.5571180555555555 0.9358024691358025 0.5562499999999999 0.9339506172839506 0.5555555555555556 0.9296296296296297 0.5559027777777777 0.9055555555555556 0.5555555555555556 0.9003086419753087 0.5545138888888889 0.8959876543209876 0.5545138888888889 0.8929012345679013 0.5560763888888889 0.8873456790123456 0.5559027777777777 0.8833333333333334 0.5541666666666666 0.8802469135802469 0.5484374999999999 0.8787037037037038 0.5390625 0.8799382716049382 0.5364583333333334 0.8824074074074074 0.5357638888888888 0.8879629629629631 0.5342013888888888 0.8898148148148147
3 0.5279513888888888 0.8740740740740741 0.5291666666666667 0.8753086419753087 0.5309027777777777 0.8753086419753087 0.5321180555555556 0.8740740740740741 0.5314236111111111 0.870679012345679 0.5302083333333333 0.8685185185185185 0.5276041666666667 0.8691358024691357 0.5272569444444445 0.8722222222222222 0.5279513888888888 0.8740740740740741
3 0.5581597222222222 0.8697530864197531 0.5597222222222222 0.8709876543209876 0.5609375 0.8709876543209876 0.5633680555555556 0.8669753086419753 0.5621527777777777 0.8641975308641975 0.5588541666666667 0.8641975308641975 0.5579861111111111 0.8660493827160494 0.5581597222222222 0.8697530864197531
3 0.4388888888888889 0.4228395061728395 0.4392361111111111 0.42654320987654315 0.44166666666666665 0.4287037037037037 0.4430555555555556 0.4287037037037037 0.4447916666666667 0.4256172839506173 0.44513888888888886 0.4225308641975309 0.4449652777777778 0.4141975308641975 0.4442708333333333 0.4108024691358025 0.4430555555555556 0.40802469135802466 0.44166666666666665 0.40802469135802466 0.4392361111111111 0.41018518518518515 0.4380208333333333 0.4141975308641975 0.4380208333333333 0.42037037037037034 0.4388888888888889 0.4228395061728395
3 0.4635416666666667 0.9469135802469135 0.46423611111111107 0.9429012345679012 0.4635416666666667 0.9401234567901234 0.4626736111111111 0.942283950617284 0.46249999999999997 0.9459876543209877 0.4635416666666667 0.9469135802469135
3 0.4284722222222222 0.9413580246913581 0.4303819444444444 0.9419753086419753 0.43072916666666666 0.9429012345679012 0.4305555555555556 0.9459876543209877 0.4284722222222222 0.9558641975308642 0.4288194444444444 0.9574074074074074 0.4319444444444444 0.9595679012345678 0.4359375 0.9586419753086419 0.4375 0.9632716049382716 0.4371527777777778 0.970679012345679 0.4350694444444444 0.9845679012345678 0.4348958333333333 0.9950617283950618 0.4354166666666667 0.9969135802469137 0.4387152777777778 0.9981481481481481 0.4388888888888889 0.9996913580246913 0.4576388888888889 0.9996913580246913 0.4576388888888889 0.9984567901234568 0.4598958333333333 0.9944444444444444 0.4588541666666667 0.9929012345679012 0.4586805555555556 0.987962962962963 0.4579861111111111 0.985185185185185 0.4579861111111111 0.9666666666666666 0.4574652777777778 0.9632716049382716 0.45590277777777777 0.9598765432098766 0.45711805555555557 0.9561728395061728 0.4612847222222222 0.9493827160493827 0.4595486111111111 0.9475308641975309 0.4565972222222222 0.9469135802469135 0.4496527777777778 0.9432098765432099 0.4427083333333333 0.9429012345679012 0.43559027777777776 0.9462962962962963 0.43368055555555557 0.9438271604938272 0.4328125 0.938888888888889 0.4298611111111111 0.9333333333333333 0.428125 0.9324074074074075 0.42569444444444443 0.9336419753086419 0.4253472222222222 0.9364197530864197 0.4284722222222222 0.9413580246913581
3 0.46249999999999997 0.936111111111111 0.4635416666666667 0.9382716049382716 0.4670138888888889 0.9330246913580247 0.4670138888888889 0.9305555555555556 0.4631944444444444 0.9302469135802469 0.46197916666666666 0.932716049382716 0.46249999999999997 0.936111111111111