4 0.378858024691358 0.5123456790123456 0.3939043209876543 0.5108024691358024 0.3954475308641975 0.507201646090535 0.39467592592592593 0.4979423868312757 0.3888888888888889 0.49537037037037035 0.3800154320987654 0.49691358024691357 0.3780864197530864 0.49845679012345673 0.3761574074074074 0.5036008230452674 0.37577160493827155 0.5087448559670782 0.378858024691358 0.5123456790123456
8 0.31404320987654316 0.5606995884773662 0.33101851851851855 0.5601851851851852 0.33487654320987653 0.5581275720164608 0.33719135802469136 0.5529835390946501 0.33757716049382713 0.5411522633744856 0.33487654320987653 0.5324074074074074 0.33217592592592593 0.5303497942386831 0.32831790123456783 0.5318930041152263 0.32368827160493824 0.5313786008230452 0.31828703703703703 0.5339506172839505 0.3113425925925926 0.5426954732510287 0.31211419753086417 0.5581275720164608 0.31404320987654316 0.5606995884773662
8 0.5744598765432098 0.5190329218106995 0.5852623456790123 0.5190329218106995 0.5860339506172839 0.5108024691358024 0.5856481481481481 0.5051440329218106 0.5844907407407407 0.5036008230452674 0.5763888888888888 0.5025720164609053 0.5744598765432098 0.5036008230452674 0.5736882716049382 0.507716049382716 0.5733024691358024 0.5159465020576132 0.5744598765432098 0.5190329218106995
1 0.7449845679012346 0.5370370370370371 0.7584876543209875 0.5396090534979423 0.7611882716049382 0.536522633744856 0.7611882716049382 0.522633744855967 0.7550154320987653 0.51440329218107 0.7515432098765431 0.5138888888888888 0.7484567901234568 0.5154320987654321 0.7418981481481481 0.5257201646090535 0.7415123456790123 0.5324074074074074 0.7449845679012346 0.5370370370370371
1 0.5841049382716049 0.5709876543209876 0.5949074074074074 0.5715020576131687 0.5983796296296297 0.5730452674897119 0.6018518518518519 0.5720164609053497 0.6018518518518519 0.5596707818930041 0.5983796296296297 0.5509259259259259 0.5925925925925926 0.5488683127572016 0.5871913580246914 0.5493827160493827 0.5848765432098765 0.5509259259259259 0.5829475308641975 0.559156378600823 0.5829475308641975 0.5684156378600823 0.5841049382716049 0.5709876543209876
1 0.6161265432098765 0.5606995884773662 0.6230709876543209 0.5524691358024691 0.628858024691358 0.5504115226337448 0.6273148148148148 0.5432098765432098 0.6215277777777778 0.5396090534979423 0.6161265432098765 0.5396090534979423 0.6126543209876543 0.5426954732510287 0.6111111111111112 0.5468106995884773 0.6114969135802468 0.5570987654320988 0.6161265432098765 0.5606995884773662
1 0.0952932098765432 0.6399176954732511 0.12075617283950617 0.63940329218107 0.12731481481481483 0.6414609053497942 0.12962962962962962 0.6404320987654321 0.13348765432098764 0.6337448559670782 0.15084876543209874 0.6286008230452674 0.15123456790123455 0.6126543209876543 0.14814814814814814 0.6090534979423867 0.14351851851851852 0.6080246913580246 0.13348765432098764 0.6018518518518519 0.11728395061728394 0.6013374485596708 0.10841049382716049 0.6044238683127572 0.10223765432098765 0.6085390946502057 0.09182098765432098 0.6203703703703703 0.08950617283950617 0.6270576131687242 0.08989197530864196 0.6363168724279835 0.0952932098765432 0.6399176954732511
1 0.6022376543209875 0.5339506172839505 0.61304012345679 0.5349794238683127 0.614969135802469 0.5329218106995884 0.6145833333333334 0.5257201646090535 0.6114969135802468 0.5185185185185185 0.603395061728395 0.5185185185185185 0.601466049382716 0.5231481481481481 0.6010802469135802 0.5324074074074074 0.6022376543209875 0.5339506172839505
1 0.8136574074074074 0.8106995884773662 0.8171296296296297 0.8148148148148148 0.8209876543209875 0.8148148148148148 0.8279320987654321 0.8081275720164608 0.8298611111111112 0.8106995884773662 0.8306327160493827 0.8173868312757201 0.8375771604938271 0.8281893004115226 0.8383487654320987 0.8446502057613168 0.8418209876543209 0.8518518518518519 0.845679012345679 0.8539094650205761 0.8518518518518519 0.8497942386831275 0.8584104938271605 0.8497942386831275 0.8742283950617283 0.8528806584362139 0.8869598765432097 0.853395061728395 0.9000771604938271 0.86059670781893 0.9047067901234568 0.8580246913580246 0.9077932098765431 0.8528806584362139 0.9104938271604938 0.8451646090534979 0.9104938271604938 0.8369341563786008 0.9050925925925926 0.8173868312757201 0.8985339506172839 0.8076131687242798 0.8842592592592593 0.7767489711934156 0.8703703703703703 0.7582304526748971 0.8591820987654321 0.7463991769547325 0.8387345679012346 0.743312757201646 0.8244598765432097 0.7438271604938271 0.8209876543209875 0.7469135802469135 0.8175154320987653 0.7530864197530863 0.8140432098765431 0.7618312757201645 0.8125 0.7705761316872427 0.8125 0.8029835390946501 0.8136574074074074 0.8106995884773662
4 0.4930555555555556 0.49125514403292175 0.5015432098765432 0.49074074074074076 0.5015432098765432 0.48456790123456783 0.49845679012345673 0.4809670781893004 0.49459876543209874 0.48148148148148145 0.4922839506172839 0.48508230452674894 0.49189814814814814 0.4891975308641975 0.4930555555555556 0.49125514403292175
1 0.5756172839506173 0.5375514403292181 0.5767746913580246 0.5390946502057613 0.5906635802469136 0.5385802469135802 0.5902777777777778 0.5282921810699588 0.5879629629629629 0.5236625514403291 0.5806327160493827 0.5210905349794238 0.5779320987654321 0.522633744855967 0.5767746913580246 0.5257201646090535 0.5756172839506173 0.5318930041152263 0.5756172839506173 0.5375514403292181
5 0.6994598765432097 0.7628600823045267 0.7040895061728394 0.7680041152263374 0.7056327160493827 0.7793209876543209 0.7075617283950616 0.7829218106995884 0.7098765432098765 0.7849794238683127 0.7137345679012346 0.7839506172839505 0.7530864197530863 0.7911522633744856 0.7584876543209875 0.7890946502057612 0.7604166666666666 0.7782921810699589 0.7604166666666666 0.7680041152263374 0.7550154320987653 0.7515432098765431 0.757716049382716 0.7448559670781892 0.7534722222222222 0.7427983539094649 0.7503858024691357 0.7386831275720164 0.7453703703703703 0.7268518518518519 0.7372685185185185 0.7165637860082305 0.7214506172839505 0.7129629629629629 0.708719135802469 0.7129629629629629 0.6986882716049382 0.7175925925925926 0.6963734567901234 0.720679012345679 0.6944444444444444 0.7278806584362139 0.6940586419753086 0.7515432098765431 0.6994598765432097 0.7628600823045267
4 0.6018518518518519 0.5082304526748971 0.6022376543209875 0.5015432098765432 0.6003086419753086 0.49639917695473246 0.5952932098765431 0.493312757201646 0.591820987654321 0.49845679012345673 0.591820987654321 0.507716049382716 0.6018518518518519 0.5082304526748971
1 0.5744598765432098 0.5190329218106995 0.5852623456790123 0.5190329218106995 0.5864197530864197 0.5138888888888888 0.5856481481481481 0.5046296296296297 0.5844907407407407 0.5030864197530863 0.5775462962962963 0.5020576131687243 0.5748456790123456 0.5030864197530863 0.5736882716049382 0.5056584362139918 0.5733024691358024 0.5164609053497942 0.5744598765432098 0.5190329218106995
1 0.7337962962962963 0.6687242798353908 0.7376543209876543 0.6784979423868313 0.7469135802469135 0.677469135802469 0.7669753086419753 0.6820987654320987 0.7689043209876543 0.6820987654320987 0.7708333333333334 0.6790123456790123 0.7700617283950616 0.6646090534979423 0.7654320987654321 0.6512345679012346 0.7588734567901234 0.640946502057613 0.7550154320987653 0.6378600823045267 0.7457561728395061 0.6358024691358024 0.7337962962962963 0.6363168724279835 0.7295524691358024 0.6399176954732511 0.726466049382716 0.6496913580246912 0.7268518518518519 0.6661522633744856 0.7337962962962963 0.6687242798353908
1 0.5960648148148148 0.6862139917695472 0.5987654320987653 0.6882716049382716 0.6045524691358024 0.6846707818930041 0.6238425925925926 0.6862139917695472 0.6277006172839505 0.6877572016460904 0.6304012345679012 0.6923868312757201 0.6334876543209875 0.6939300411522633 0.6358024691358024 0.6795267489711934 0.6358024691358024 0.6712962962962963 0.6334876543209875 0.6517489711934156 0.6261574074074074 0.6316872427983539 0.6161265432098765 0.6286008230452674 0.6022376543209875 0.6286008230452674 0.5987654320987653 0.6301440329218108 0.5945216049382716 0.63940329218107 0.5929783950617283 0.6466049382716049 0.5922067901234568 0.6635802469135802 0.5960648148148148 0.6862139917695472
4 0.47337962962962965 0.5231481481481481 0.48225308641975306 0.522119341563786 0.4880401234567901 0.5154320987654321 0.4876543209876543 0.507716049382716 0.48418209876543206 0.5041152263374485 0.4737654320987654 0.5046296296296297 0.4714506172839506 0.5118312757201645 0.4710648148148148 0.5210905349794238 0.47337962962962965 0.5231481481481481
1 0.5744598765432098 0.5036008230452674 0.5829475308641975 0.5020576131687243 0.5829475308641975 0.49639917695473246 0.5814043209876543 0.492798353909465 0.5775462962962963 0.49125514403292175 0.5721450617283951 0.4943415637860082 0.5717592592592593 0.5 0.5744598765432098 0.5036008230452674
4 0.353395061728395 0.5257201646090535 0.36226851851851855 0.529835390946502 0.36574074074074076 0.529835390946502 0.37191358024691357 0.5267489711934156 0.37461419753086417 0.5190329218106995 0.37345679012345673 0.5133744855967078 0.36959876543209874 0.5092592592592593 0.3587962962962963 0.5102880658436214 0.3526234567901234 0.5190329218106995 0.35223765432098764 0.5231481481481481 0.353395061728395 0.5257201646090535
1 0.6716820987654321 0.6049382716049382 0.6751543209876543 0.6059670781893004 0.6801697530864197 0.6044238683127572 0.6925154320987653 0.6064814814814815 0.695216049382716 0.602880658436214 0.695216049382716 0.5915637860082305 0.6925154320987653 0.5843621399176955 0.6886574074074074 0.5802469135802469 0.6820987654320987 0.5776748971193415 0.6712962962962963 0.5776748971193415 0.6670524691358024 0.5853909465020576 0.6662808641975309 0.5961934156378601 0.6716820987654321 0.6049382716049382
1 0.6516203703703703 0.5751028806584362 0.6616512345679012 0.5756172839506173 0.6682098765432097 0.5776748971193415 0.6701388888888888 0.5751028806584362 0.6685956790123456 0.559156378600823 0.6651234567901234 0.5529835390946501 0.6543209876543209 0.5514403292181069 0.6496913580246912 0.5565843621399177 0.6477623456790123 0.5622427983539094 0.6481481481481481 0.5704732510288065 0.6516203703703703 0.5751028806584362
1 0.6118827160493827 0.5113168724279835 0.6176697530864197 0.5118312757201645 0.6215277777777778 0.5087448559670782 0.6207561728395061 0.5015432098765432 0.6172839506172839 0.4974279835390946 0.6126543209876543 0.49691358024691357 0.6087962962962963 0.5015432098765432 0.6087962962962963 0.507716049382716 0.6118827160493827 0.5113168724279835
1 0.6045524691358024 0.5020576131687243 0.6091820987654321 0.5030864197530863 0.6126543209876543 0.4979423868312757 0.6118827160493827 0.4948559670781893 0.6084104938271605 0.4922839506172839 0.6049382716049382 0.4922839506172839 0.6026234567901234 0.4948559670781893 0.6022376543209875 0.49845679012345673 0.6045524691358024 0.5020576131687243
4 0.7148919753086419 0.5241769547325102 0.7249228395061728 0.5272633744855967 0.7299382716049382 0.522119341563786 0.7291666666666666 0.5154320987654321 0.7233796296296297 0.5092592592592593 0.71875 0.5092592592592593 0.7133487654320987 0.5133744855967078 0.7129629629629629 0.5205761316872428 0.7148919753086419 0.5241769547325102
1 0.6165123456790123 0.5720164609053497 0.6180555555555556 0.5776748971193415 0.6369598765432097 0.5792181069958847 0.6373456790123456 0.5673868312757201 0.6331018518518519 0.5555555555555556 0.6292438271604938 0.5524691358024691 0.6230709876543209 0.5524691358024691 0.6195987654320987 0.5550411522633745 0.6168981481481481 0.5606995884773662 0.6176697530864197 0.5648148148148148 0.6165123456790123 0.5720164609053497
1 0.625 0.8569958847736626 0.6253858024691357 0.8919753086419753 0.6284722222222222 0.897633744855967 0.6354166666666666 0.9012345679012346 0.6712962962962963 0.9084362139917694 0.6925154320987653 0.9104938271604938 0.6959876543209875 0.9058641975308641 0.6975308641975309 0.8991769547325101 0.697145061728395 0.8811728395061728 0.6909722222222222 0.8559670781893004 0.6905864197530863 0.8487654320987653 0.6959876543209875 0.8451646090534979 0.6967592592592593 0.8420781893004116 0.695216049382716 0.8405349794238682 0.6882716049382716 0.8405349794238682 0.6820987654320987 0.8194444444444444 0.6797839506172839 0.816358024691358 0.6751543209876543 0.8019547325102879 0.6716820987654321 0.7968106995884774 0.6651234567901234 0.7926954732510287 0.6523919753086419 0.7896090534979423 0.6323302469135802 0.7890946502057612 0.6265432098765431 0.7993827160493827 0.6246141975308641 0.8127572016460904 0.6215277777777778 0.8204732510288065 0.6195987654320987 0.831275720164609 0.6188271604938271 0.845679012345679 0.625 0.8569958847736626
1 0.5910493827160493 0.6229423868312757 0.6114969135802468 0.6255144032921811 0.6161265432098765 0.6229423868312757 0.6153549382716049 0.6064814814814815 0.6122685185185185 0.595679012345679 0.6095679012345678 0.5915637860082305 0.6041666666666666 0.5900205761316872 0.5941358024691357 0.5905349794238682 0.591820987654321 0.5925925925925926 0.5891203703703703 0.6018518518518519 0.5887345679012346 0.6152263374485597 0.5910493827160493 0.6229423868312757
5 0.6369598765432097 0.6080246913580246 0.6543209876543209 0.6095679012345678 0.6589506172839505 0.6080246913580246 0.6612654320987653 0.6054526748971193 0.6612654320987653 0.5925925925925926 0.658179012345679 0.5853909465020576 0.6512345679012346 0.5787037037037037 0.6454475308641975 0.5776748971193415 0.6396604938271605 0.5797325102880658 0.6369598765432097 0.5823045267489712 0.634645061728395 0.588477366255144 0.6342592592592593 0.5992798353909464 0.6369598765432097 0.6080246913580246
1 0.6300154320987653 0.5277777777777778 0.6300154320987653 0.5185185185185185 0.626929012345679 0.5118312757201645 0.6199845679012346 0.5123456790123456 0.6168981481481481 0.5180041152263374 0.6168981481481481 0.5262345679012346 0.6300154320987653 0.5277777777777778
6 0.48418209876543206 0.5406378600823045 0.4988425925925926 0.5396090534979423 0.5 0.5329218106995884 0.49961419753086417 0.5257201646090535 0.49537037037037035 0.5185185185185185 0.48726851851851855 0.5174897119341564 0.48302469135802467 0.522119341563786 0.48225308641975306 0.536522633744856 0.48418209876543206 0.5406378600823045
1 0.23302469135802467 0.8451646090534979 0.24459876543209874 0.8492798353909464 0.2488425925925926 0.8482510288065842 0.29706790123456783 0.8503086419753086 0.3001543209876543 0.8482510288065842 0.30439814814814814 0.8415637860082305 0.30632716049382713 0.8287037037037037 0.3190586419753086 0.8112139917695472 0.3213734567901234 0.8065843621399176 0.322145061728395 0.7998971193415637 0.32060185185185186 0.7957818930041152 0.31712962962962965 0.7921810699588477 0.3125 0.7901234567901234 0.3090277777777778 0.7844650205761317 0.30787037037037035 0.7685185185185185 0.31211419753086417 0.7582304526748971 0.3082561728395061 0.7551440329218108 0.3013117283950617 0.7530864197530863 0.28433641975308643 0.7515432098765431 0.2689043209876543 0.7546296296296297 0.26195987654320985 0.7608024691358024 0.25308641975308643 0.7731481481481481 0.24266975308641975 0.7844650205761317 0.23186728395061726 0.8101851851851852 0.23070987654320985 0.8400205761316871 0.23302469135802467 0.8451646090534979
1 0.6577932098765431 0.6543209876543209 0.6612654320987653 0.6553497942386831 0.6647376543209875 0.6522633744855967 0.6701388888888888 0.6522633744855967 0.6759259259259259 0.6527777777777778 0.6851851851851852 0.6584362139917695 0.6871141975308641 0.6568930041152263 0.6882716049382716 0.6419753086419753 0.6863425925925926 0.6332304526748971 0.6882716049382716 0.6301440329218108 0.6817129629629629 0.6188271604938271 0.6697530864197531 0.6095679012345678 0.663966049382716 0.6085390946502057 0.6570216049382716 0.6116255144032922 0.6543209876543209 0.6193415637860082 0.6527777777777778 0.632201646090535 0.6527777777777778 0.6414609053497942 0.6577932098765431 0.6543209876543209
2 0.24459876543209874 0.6666666666666666 0.25154320987654316 0.6661522633744856 0.2550154320987654 0.6810699588477367 0.25655864197530864 0.677469135802469 0.25848765432098764 0.6589506172839505 0.2527006172839506 0.6502057613168724 0.25154320987654316 0.6414609053497942 0.24768518518518517 0.640946502057613 0.24266975308641975 0.6507201646090535 0.24228395061728392 0.6646090534979423 0.24459876543209874 0.6666666666666666
4 0.006944444444444444 0.7232510288065842 0.012345679012345678 0.7304526748971193 0.036265432098765434 0.7304526748971193 0.047067901234567895 0.7278806584362139 0.05246913580246913 0.7340534979423867 0.057484567901234566 0.7345679012345678 0.061342592592592594 0.7304526748971193 0.06520061728395062 0.7191358024691357 0.06983024691358024 0.7145061728395061 0.08834876543209876 0.7042181069958848 0.09876543209876543 0.70679012345679 0.10378086419753085 0.7042181069958848 0.10802469135802469 0.6959876543209875 0.1099537037037037 0.6872427983539094 0.11612654320987653 0.6795267489711934 0.11689814814814815 0.6640946502057612 0.11612654320987653 0.6620370370370371 0.11342592592592593 0.6610082304526749 0.09490740740740741 0.6604938271604938 0.09182098765432098 0.6579218106995884 0.08834876543209876 0.6604938271604938 0.07831790123456789 0.6579218106995884 0.06674382716049382 0.6579218106995884 0.04050925925925926 0.6656378600823045 0.03279320987654321 0.6712962962962963 0.023533950617283948 0.6820987654320987 0.018904320987654318 0.6908436213991769 0.011574074074074073 0.6959876543209875 0.005015432098765432 0.7093621399176954 0.004243827160493827 0.713477366255144 0.006944444444444444 0.7232510288065842
6 0.7442129629629629 0.536522633744856 0.7523148148148148 0.5390946502057613 0.7592592592592593 0.5390946502057613 0.7611882716049382 0.5370370370370371 0.7611882716049382 0.522633744855967 0.7584876543209875 0.5190329218106995 0.7527006172839505 0.5154320987654321 0.7480709876543209 0.5169753086419753 0.7418981481481481 0.5262345679012346 0.7415123456790123 0.5313786008230452 0.7442129629629629 0.536522633744856
6 0.5069444444444444 0.5082304526748971 0.5154320987654321 0.507716049382716 0.5154320987654321 0.4861111111111111 0.5081018518518519 0.4840534979423868 0.5061728395061729 0.4871399176954732 0.5054012345679012 0.49382716049382713 0.5050154320987654 0.5066872427983539 0.5069444444444444 0.5082304526748971
6 0.32716049382716045 0.5303497942386831 0.3329475308641975 0.5313786008230452 0.3368055555555556 0.5385802469135802 0.3387345679012345 0.5396090534979423 0.34452160493827155 0.5375514403292181 0.3487654320987654 0.5318930041152263 0.3491512345679012 0.5169753086419753 0.347608024691358 0.5133744855967078 0.34336419753086417 0.5113168724279835 0.32368827160493824 0.5133744855967078 0.32368827160493824 0.5277777777777778 0.32716049382716045 0.5303497942386831
6 0.17978395061728392 0.632716049382716 0.18171296296296297 0.6342592592592593 0.19675925925925927 0.6306584362139918 0.2064043209876543 0.632201646090535 0.21026234567901234 0.6244855967078189 0.2199074074074074 0.6219135802469135 0.22608024691358022 0.6090534979423867 0.22415123456790123 0.5679012345679012 0.22106481481481483 0.566358024691358 0.2033179012345679 0.5673868312757201 0.18672839506172836 0.5745884773662551 0.18441358024691357 0.5797325102880658 0.18364197530864196 0.5951646090534979 0.17862654320987653 0.6100823045267489 0.17862654320987653 0.6286008230452674 0.17978395061728392 0.632716049382716
3 0.3939043209876543 0.5627572016460904 0.3958333333333333 0.5570987654320988 0.3954475308641975 0.5509259259259259 0.3939043209876543 0.5493827160493827 0.39043209876543206 0.5514403292181069 0.39043209876543206 0.5617283950617283 0.3939043209876543 0.5627572016460904
3 0.7191358024691357 0.8945473251028806 0.7202932098765431 0.9053497942386831 0.7337962962962963 0.9243827160493827 0.7353395061728394 0.9284979423868313 0.7364969135802468 0.9423868312757201 0.7411265432098765 0.9434156378600823 0.7438271604938271 0.9336419753086419 0.7445987654320987 0.9135802469135802 0.7480709876543209 0.9043209876543209 0.7480709876543209 0.8883744855967078 0.7496141975308641 0.8852880658436213 0.753858024691358 0.8837448559670782 0.7550154320987653 0.8801440329218108 0.7507716049382716 0.8796296296296297 0.7480709876543209 0.8816872427983539 0.73804012345679 0.8739711934156378 0.7291666666666666 0.875 0.7237654320987653 0.8806584362139916 0.7175925925925926 0.8801440329218108 0.7168209876543209 0.8878600823045267 0.7191358024691357 0.8945473251028806
3 0.4776234567901234 0.5 0.47993827160493824 0.4979423868312757 0.47955246913580246 0.49125514403292175 0.47685185185185186 0.4897119341563786 0.4756944444444444 0.4922839506172839 0.4753086419753086 0.49691358024691357 0.4776234567901234 0.5
3 0.3773148148148148 0.5864197530864197 0.3800154320987654 0.5879629629629629 0.38271604938271603 0.5848765432098765 0.384645061728395 0.5761316872427984 0.38348765432098764 0.573559670781893 0.3773148148148148 0.573559670781893 0.37654320987654316 0.5833333333333334 0.3773148148148148 0.5864197530864197
3 0.24112654320987653 0.6898148148148148 0.24459876543209874 0.691358024691358 0.24807098765432098 0.6862139917695472 0.2507716049382716 0.684156378600823 0.2550154320987654 0.684156378600823 0.2561728395061728 0.6815843621399176 0.25887345679012347 0.6646090534979423 0.2569444444444444 0.6630658436213991 0.26003086419753085 0.6543209876543209 0.259645061728395 0.6507201646090535 0.25810185185185186 0.6502057613168724 0.25655864197530864 0.6522633744855967 0.2561728395061728 0.6543209876543209 0.25771604938271603 0.6574074074074074 0.25578703703703703 0.6635802469135802 0.24459876543209874 0.6635802469135802 0.24228395061728392 0.6646090534979423 0.24112654320987653 0.6676954732510287 0.24035493827160492 0.6851851851851852 0.24112654320987653 0.6898148148148148
3 0.44945987654320985 0.5318930041152263 0.45293209876543206 0.5318930041152263 0.4540895061728395 0.5262345679012346 0.45331790123456783 0.5205761316872428 0.44945987654320985 0.5200617283950617 0.44868827160493824 0.529320987654321 0.44945987654320985 0.5318930041152263
3 0.7280092592592593 0.5324074074074074 0.7307098765432097 0.5334362139917695 0.7318672839506172 0.5308641975308641 0.7314814814814815 0.522119341563786 0.7307098765432097 0.5200617283950617 0.7272376543209875 0.522119341563786 0.7272376543209875 0.5303497942386831 0.7280092592592593 0.5324074074074074