8 0.3053385416666667 0.2994791666666667 0.3053385416666667 0.3226273148148148 0.3072916666666667 0.32957175925925924 0.3211805555555556 0.3298611111111111 0.3246527777777778 0.32841435185185186 0.3231336805555556 0.3003472222222222 0.32421875 0.2980324074074074 0.3279079861111111 0.2960069444444444 0.3307291666666667 0.2991898148148148 0.33203125 0.31278935185185186 0.3350694444444444 0.3246527777777778 0.3385416666666667 0.32523148148148145 0.3426649305555556 0.32320601851851855 0.3433159722222222 0.3214699074074074 0.3426649305555556 0.30150462962962965 0.3400607638888889 0.2884837962962963 0.3365885416666667 0.2864583333333333 0.3315972222222222 0.2855902777777778 0.3138020833333333 0.28530092592592593 0.3072916666666667 0.28587962962962965 0.3055555555555556 0.2873263888888889 0.3046875 0.2896412037037037 0.3053385416666667 0.2994791666666667
5 0.3543836805555556 0.4050925925925926 0.3530815972222222 0.4068287037037037 0.3506944444444444 0.4079861111111111 0.3506944444444444 0.4117476851851852 0.3530815972222222 0.4149305555555556 0.3511284722222222 0.4302662037037037 0.3513454861111111 0.4429976851851852 0.353515625 0.4444444444444444 0.3626302083333333 0.4458912037037037 0.3871527777777778 0.4470486111111111 0.3914930555555556 0.4461805555555556 0.3932291666666667 0.4429976851851852 0.3940972222222222 0.43778935185185186 0.3938802083333333 0.4152199074074074 0.3958333333333333 0.41116898148148145 0.3930121527777778 0.4045138888888889 0.3908420138888889 0.3958333333333333 0.3869357638888889 0.39033564814814814 0.3836805555555556 0.38773148148148145 0.3795572916666667 0.3862847222222222 0.3715277777777778 0.38599537037037035 0.3645833333333333 0.38686342592592593 0.3619791666666667 0.3880208333333333 0.3587239583333333 0.3917824074074074 0.35546875 0.39988425925925924 0.3543836805555556 0.4050925925925926
1 0.365234375 0.3029513888888889 0.3667534722222222 0.30324074074074076 0.3695746527777778 0.30179398148148145 0.3836805555555556 0.3023726851851852 0.3845486111111111 0.30063657407407407 0.3845486111111111 0.28616898148148145 0.3812934027777778 0.2760416666666667 0.3773871527777778 0.27199074074074076 0.3704427083333333 0.2722800925925926 0.3671875 0.2751736111111111 0.365234375 0.27922453703703703 0.3641493055555556 0.2896412037037037 0.3639322916666667 0.3003472222222222 0.365234375 0.3029513888888889
5 0.3671875 0.24594907407407407 0.3713107638888889 0.24681712962962962 0.3736979166666667 0.2465277777777778 0.3758680555555556 0.24508101851851852 0.3767361111111111 0.23958333333333334 0.3758680555555556 0.234375 0.3739149305555556 0.2309027777777778 0.3697916666666667 0.23177083333333334 0.3678385416666667 0.23408564814814814 0.3665364583333333 0.2378472222222222 0.3663194444444444 0.2439236111111111 0.3671875 0.24594907407407407
8 0.3880208333333333 0.2760416666666667 0.3884548611111111 0.28327546296296297 0.3901909722222222 0.28443287037037035 0.3990885416666667 0.28414351851851855 0.4036458333333333 0.28530092592592593 0.4066840277777778 0.28414351851851855 0.4073350694444444 0.2717013888888889 0.4064670138888889 0.2667824074074074 0.4045138888888889 0.26157407407407407 0.4010416666666667 0.2578125 0.3934461805555556 0.2569444444444444 0.3901909722222222 0.25925925925925924 0.3893229166666667 0.26273148148148145 0.3891059027777778 0.27025462962962965 0.3880208333333333 0.2760416666666667
5 0.4869791666666667 0.3350694444444444 0.4906684027777778 0.33969907407407407 0.4915364583333333 0.3425925925925926 0.4947916666666667 0.3446180555555556 0.4995659722222222 0.34403935185185186 0.5026041666666666 0.3425925925925926 0.5073784722222222 0.33564814814814814 0.5115017361111112 0.33304398148148145 0.5141059027777778 0.3324652777777778 0.5154079861111112 0.3315972222222222 0.5160590277777778 0.3298611111111111 0.5158420138888888 0.3246527777777778 0.5138888888888888 0.3208912037037037 0.5091145833333334 0.3136574074074074 0.5052083333333334 0.3119212962962963 0.498046875 0.3116319444444444 0.4945746527777778 0.3125 0.4900173611111111 0.31712962962962965 0.4880642361111111 0.3203125 0.4869791666666667 0.3246527777777778 0.486328125 0.3298611111111111 0.4869791666666667 0.3350694444444444
5 0.3747829861111111 0.2566550925925926 0.3843315972222222 0.25752314814814814 0.3862847222222222 0.2554976851851852 0.3865017361111111 0.25 0.3856336805555556 0.24421296296296297 0.3836805555555556 0.24189814814814814 0.3799913194444444 0.24131944444444445 0.3767361111111111 0.24305555555555555 0.3739149305555556 0.24971064814814814 0.3734809027777778 0.25289351851851855 0.3747829861111111 0.2566550925925926
5 0.5052083333333334 0.35619212962962965 0.5071614583333334 0.3602430555555556 0.5099826388888888 0.36140046296296297 0.5125868055555556 0.3637152777777778 0.5154079861111112 0.36921296296296297 0.5190972222222222 0.3680555555555556 0.5251736111111112 0.3689236111111111 0.5364583333333334 0.36863425925925924 0.5379774305555556 0.36747685185185186 0.5397135416666666 0.3628472222222222 0.5407986111111112 0.3524305555555556 0.5392795138888888 0.34866898148148145 0.5349392361111112 0.34172453703703703 0.5336371527777778 0.3376736111111111 0.5314670138888888 0.3347800925925926 0.5260416666666666 0.33275462962962965 0.5149739583333334 0.33275462962962965 0.5086805555555556 0.3347800925925926 0.5047743055555556 0.33969907407407407 0.5043402777777778 0.3446180555555556 0.5052083333333334 0.35619212962962965
0 0.3982204861111111 0.2554976851851852 0.4069010416666667 0.25925925925925924 0.4151475694444444 0.2595486111111111 0.4162326388888889 0.2583912037037037 0.4171006944444444 0.25578703703703703 0.4171006944444444 0.25144675925925924 0.4181857638888889 0.24594907407407407 0.4181857638888889 0.2404513888888889 0.4171006944444444 0.23408564814814814 0.4149305555555556 0.22800925925925927 0.4112413194444444 0.2259837962962963 0.4038628472222222 0.2254050925925926 0.4010416666666667 0.2265625 0.3980034722222222 0.23119212962962962 0.3975694444444444 0.25028935185185186 0.3982204861111111 0.2554976851851852
3 0.45703125 0.34953703703703703 0.4581163194444444 0.3527199074074074 0.4600694444444444 0.3550347222222222 0.4618055555555556 0.35445601851851855 0.4635416666666667 0.3524305555555556 0.4646267361111111 0.34230324074074076 0.4641927083333333 0.3350694444444444 0.4635416666666667 0.3333333333333333 0.4565972222222222 0.3359375 0.4561631944444444 0.34519675925925924 0.45703125 0.34953703703703703
3 0.109375 0.2873263888888889 0.111328125 0.2899305555555556 0.1232638888888889 0.2902199074074074 0.12586805555555555 0.28935185185185186 0.1271701388888889 0.28703703703703703 0.1271701388888889 0.2795138888888889 0.1232638888888889 0.2757523148148148 0.11176215277777778 0.27488425925925924 0.109375 0.2760416666666667 0.10850694444444445 0.2786458333333333 0.10850694444444445 0.28414351851851855 0.109375 0.2873263888888889
3 0.4379340277777778 0.3732638888888889 0.4392361111111111 0.3767361111111111 0.4424913194444444 0.37876157407407407 0.4435763888888889 0.3784722222222222 0.4455295138888889 0.3761574074074074 0.4474826388888889 0.36689814814814814 0.4474826388888889 0.3559027777777778 0.4463975694444444 0.35474537037037035 0.4429253472222222 0.3550347222222222 0.439453125 0.35648148148148145 0.4375 0.3585069444444444 0.4372829861111111 0.3706597222222222 0.4379340277777778 0.3732638888888889
3 0.20963541666666666 0.2884837962962963 0.21354166666666666 0.2881944444444444 0.2146267361111111 0.28153935185185186 0.21419270833333334 0.2760416666666667 0.21354166666666666 0.2751736111111111 0.21006944444444445 0.2757523148148148 0.20811631944444445 0.27835648148148145 0.20833333333333334 0.28703703703703703 0.20963541666666666 0.2884837962962963
3 0.4739583333333333 0.3871527777777778 0.474609375 0.3929398148148148 0.4778645833333333 0.40133101851851855 0.4802517361111111 0.4039351851851852 0.4819878472222222 0.4039351851851852 0.4835069444444444 0.40219907407407407 0.4841579861111111 0.39988425925925924 0.4854600694444444 0.37962962962962965 0.4841579861111111 0.3761574074074074 0.4765625 0.3767361111111111 0.4752604166666667 0.37962962962962965 0.4750434027777778 0.38425925925925924 0.4739583333333333 0.3871527777777778