1 0.53125 0.34228395061728395 0.5335069444444445 0.3441358024691358 0.5364583333333334 0.3444444444444445 0.5373263888888888 0.34320987654320984 0.5380208333333333 0.33796296296296297 0.5373263888888888 0.3333333333333333 0.5361111111111111 0.3311728395061728 0.5329861111111112 0.3308641975308642 0.5303819444444444 0.3351851851851852 0.5300347222222223 0.33981481481481485 0.53125 0.34228395061728395
1 0.4701388888888889 0.4493827160493827 0.4852430555555556 0.44876543209876546 0.48767361111111107 0.4478395061728395 0.4899305555555556 0.44290123456790126 0.4901041666666667 0.43765432098765433 0.4892361111111111 0.42685185185185187 0.48715277777777777 0.42191358024691356 0.4847222222222222 0.4197530864197531 0.4765625 0.4194444444444444 0.47291666666666665 0.420679012345679 0.46979166666666666 0.425 0.46875 0.4305555555555556 0.46857638888888886 0.4469135802469136 0.4701388888888889 0.4493827160493827
1 0.5404513888888889 0.358641975308642 0.5460069444444444 0.35709876543209873 0.5470486111111111 0.3558641975308642 0.5470486111111111 0.3469135802469136 0.5453125 0.3416666666666667 0.5430555555555555 0.34043209876543207 0.5388888888888889 0.3425925925925926 0.537673611111111 0.3450617283950617 0.5378472222222223 0.35709876543209873 0.5404513888888889 0.358641975308642
5 0.30746527777777777 0.571604938271605 0.3104166666666667 0.5750000000000001 0.3170138888888889 0.5722222222222222 0.3284722222222222 0.5719135802469135 0.3345486111111111 0.5731481481481482 0.33871527777777777 0.5753086419753086 0.3420138888888889 0.5753086419753086 0.3451388888888889 0.570679012345679 0.34774305555555557 0.5623456790123457 0.3515625 0.5580246913580247 0.3567708333333333 0.5546296296296296 0.3588541666666667 0.5515432098765432 0.3597222222222222 0.5450617283950617 0.3595486111111111 0.5348765432098765 0.3588541666666667 0.5308641975308642 0.3559027777777778 0.5256172839506172 0.35312499999999997 0.5249999999999999 0.3458333333333333 0.5188271604938272 0.33090277777777777 0.5179012345679012 0.3225694444444444 0.5191358024691358 0.3203125 0.5200617283950617 0.31527777777777777 0.5256172839506172 0.3121527777777778 0.5345679012345679 0.30850694444444443 0.5429012345679012 0.3076388888888889 0.5435185185185185 0.30572916666666666 0.5506172839506173 0.30572916666666666 0.5675925925925925 0.30746527777777777 0.571604938271605
1 0.36996527777777777 0.6080246913580247 0.3729166666666667 0.6095679012345678 0.3836805555555556 0.608641975308642 0.39652777777777776 0.6101851851851853 0.4015625 0.6095679012345678 0.4046875 0.6104938271604938 0.4069444444444444 0.6092592592592593 0.4086805555555555 0.6070987654320987 0.4114583333333333 0.5981481481481481 0.4149305555555556 0.595679012345679 0.4201388888888889 0.5845679012345679 0.4203125 0.5740740740740741 0.4196180555555556 0.5570987654320988 0.4189236111111111 0.5555555555555556 0.4140625 0.5527777777777777 0.4119791666666667 0.549074074074074 0.4057291666666667 0.545679012345679 0.3958333333333333 0.5447530864197531 0.3850694444444444 0.5469135802469135 0.3828125 0.5487654320987654 0.3796875 0.5530864197530865 0.37881944444444443 0.5567901234567901 0.37656249999999997 0.5608024691358025 0.3746527777777778 0.5679012345679012 0.36996527777777777 0.5790123456790123 0.36874999999999997 0.5879629629629629 0.3689236111111111 0.6015432098765432 0.36996527777777777 0.6080246913580247
1 0.9458333333333333 0.5580246913580247 0.9611111111111111 0.5669753086419753 0.9668402777777778 0.5737654320987654 0.9704861111111112 0.5765432098765432 0.9942708333333333 0.5753086419753086 0.9998263888888889 0.5737654320987654 0.9998263888888889 0.5302469135802469 0.9984375 0.5302469135802469 0.997048611111111 0.5277777777777778 0.9953124999999999 0.5265432098765432 0.9815972222222222 0.5212962962962963 0.9710069444444444 0.5212962962962963 0.9600694444444444 0.5228395061728395 0.9565972222222222 0.5243827160493827 0.953125 0.5277777777777778 0.9527777777777777 0.5299382716049382 0.9503472222222222 0.5354938271604939 0.9494791666666667 0.5361111111111111 0.9463541666666666 0.5447530864197531 0.9453125 0.553395061728395 0.9458333333333333 0.5580246913580247
1 0.42569444444444443 0.8987654320987654 0.4282986111111111 0.9018518518518519 0.4435763888888889 0.9012345679012346 0.4557291666666667 0.904320987654321 0.4840277777777778 0.9024691358024691 0.4984375 0.9040123456790122 0.5001736111111111 0.9 0.5008680555555556 0.8944444444444444 0.5013888888888889 0.8756172839506172 0.5019097222222222 0.8734567901234568 0.5020833333333333 0.8626543209876544 0.5026041666666666 0.8601851851851853 0.5026041666666666 0.83179012345679 0.5036458333333333 0.8240740740740741 0.5036458333333333 0.8123456790123457 0.5043402777777778 0.8061728395061728 0.5038194444444445 0.782716049382716 0.5053819444444444 0.7774691358024691 0.5086805555555556 0.7746913580246914 0.5090277777777777 0.7709876543209876 0.5079861111111111 0.7691358024691358 0.5041666666666667 0.7669753086419753 0.5032986111111111 0.7654320987654322 0.5019097222222222 0.7595679012345679 0.4991319444444444 0.7552469135802469 0.49496527777777777 0.7530864197530863 0.48715277777777777 0.7509259259259259 0.4762152777777778 0.7493827160493828 0.46249999999999997 0.7496913580246913 0.45121527777777776 0.7518518518518519 0.4461805555555556 0.7552469135802469 0.4430555555555556 0.7611111111111112 0.44027777777777777 0.7645061728395062 0.4354166666666667 0.7654320987654322 0.43246527777777777 0.7679012345679013 0.4319444444444444 0.7688271604938272 0.4322916666666667 0.7725308641975309 0.4348958333333333 0.7731481481481481 0.4369791666666667 0.775 0.43732638888888886 0.7799382716049382 0.43385416666666665 0.7953703703703704 0.4310763888888889 0.8154320987654321 0.4284722222222222 0.8243827160493827 0.428125 0.8358024691358025 0.4272569444444444 0.8391975308641975 0.4263888888888889 0.8487654320987654 0.4253472222222222 0.8521604938271605 0.42517361111111107 0.8969135802469135 0.42569444444444443 0.8987654320987654
5 0.07430555555555556 0.825925925925926 0.075 0.8280864197530865 0.07743055555555554 0.8305555555555556 0.09791666666666667 0.8336419753086419 0.11944444444444445 0.8339506172839506 0.12343749999999999 0.8336419753086419 0.13020833333333334 0.8308641975308642 0.13871527777777778 0.8293209876543209 0.1407986111111111 0.8293209876543209 0.1423611111111111 0.8314814814814815 0.14513888888888887 0.832716049382716 0.1482638888888889 0.832716049382716 0.15086805555555555 0.8314814814814815 0.15572916666666664 0.8240740740740741 0.15815972222222222 0.8154320987654321 0.1595486111111111 0.8052469135802469 0.16041666666666665 0.8030864197530865 0.1623263888888889 0.8015432098765432 0.16458333333333333 0.796604938271605 0.175 0.7864197530864198 0.17725694444444445 0.782716049382716 0.17916666666666664 0.7811728395061728 0.18263888888888888 0.7753086419753087 0.1907986111111111 0.7666666666666666 0.1925347222222222 0.7654320987654322 0.1998263888888889 0.7660493827160494 0.20399305555555555 0.762037037037037 0.20555555555555555 0.7589506172839506 0.2074652777777778 0.7524691358024691 0.20833333333333334 0.741358024691358 0.2092013888888889 0.7382716049382716 0.209375 0.7317901234567901 0.20868055555555554 0.7222222222222222 0.2074652777777778 0.7179012345679012 0.20381944444444444 0.7132716049382716 0.19791666666666666 0.7101851851851853 0.1907986111111111 0.7083333333333334 0.18541666666666665 0.707716049382716 0.18125 0.7089506172839506 0.17552083333333335 0.707716049382716 0.15729166666666666 0.7070987654320987 0.1529513888888889 0.7058641975308642 0.13020833333333334 0.7049382716049382 0.1267361111111111 0.7080246913580247 0.12447916666666667 0.7129629629629629 0.11597222222222223 0.7200617283950618 0.10381944444444445 0.7339506172839506 0.09791666666666667 0.7432098765432099 0.09565972222222222 0.7487654320987653 0.09184027777777777 0.7540123456790124 0.08541666666666667 0.7688271604938272 0.08107638888888889 0.7731481481481481 0.07795138888888888 0.7777777777777778 0.07569444444444444 0.7839506172839507 0.07447916666666667 0.7895061728395062 0.07482638888888887 0.79320987654321 0.07378472222222222 0.796604938271605 0.07326388888888889 0.8043209876543209 0.07309027777777778 0.8132716049382716 0.07430555555555556 0.825925925925926
1 0.23246527777777778 0.657716049382716 0.2342013888888889 0.6614197530864198 0.240625 0.6641975308641975 0.2725694444444444 0.6635802469135803 0.2751736111111111 0.6648148148148147 0.2779513888888889 0.6648148148148147 0.2809027777777778 0.6635802469135803 0.28246527777777775 0.6617283950617284 0.28506944444444443 0.6524691358024691 0.2899305555555556 0.645679012345679 0.29201388888888885 0.6404320987654322 0.29670138888888886 0.6351851851851852 0.3038194444444444 0.632716049382716 0.3059027777777778 0.6296296296296297 0.3072916666666667 0.6256172839506172 0.3071180555555555 0.6108024691358025 0.3060763888888889 0.6024691358024691 0.3038194444444444 0.5981481481481481 0.2887152777777778 0.5885802469135802 0.28402777777777777 0.5873456790123457 0.271875 0.587037037037037 0.26944444444444443 0.5861111111111111 0.2600694444444444 0.5873456790123457 0.2532986111111111 0.5907407407407407 0.24739583333333334 0.5972222222222222 0.24479166666666666 0.6021604938271605 0.24305555555555555 0.6074074074074074 0.23975694444444445 0.612962962962963 0.23697916666666666 0.6209876543209876 0.2331597222222222 0.6268518518518519 0.2310763888888889 0.6342592592592593 0.23072916666666665 0.6481481481481481 0.23246527777777778 0.657716049382716
5 0.5071180555555556 0.39783950617283953 0.5086805555555556 0.39969135802469136 0.5128472222222222 0.39783950617283953 0.5138888888888888 0.3947530864197531 0.5138888888888888 0.3888888888888889 0.5126736111111111 0.38024691358024687 0.5090277777777777 0.37654320987654316 0.5078125 0.3768518518518519 0.5065972222222223 0.3790123456790123 0.5064236111111111 0.39228395061728394 0.5071180555555556 0.39783950617283953
1 0.4895833333333333 0.5682098765432099 0.4894097222222222 0.5780864197530864 0.48854166666666665 0.582716049382716 0.48854166666666665 0.6021604938271605 0.4897569444444444 0.6058641975308642 0.4942708333333333 0.6061728395061728 0.4987847222222222 0.6018518518518519 0.5154513888888889 0.6021604938271605 0.5192708333333333 0.6040123456790124 0.5213541666666667 0.6061728395061728 0.5251736111111112 0.6074074074074074 0.5267361111111111 0.6070987654320987 0.5282986111111111 0.6052469135802468 0.5295138888888888 0.600925925925926 0.5298611111111111 0.596604938271605 0.5298611111111111 0.5725308641975309 0.5295138888888888 0.5682098765432099 0.5282986111111111 0.5641975308641975 0.5277777777777778 0.5574074074074074 0.5302083333333333 0.5540123456790124 0.5295138888888888 0.5506172839506173 0.5263888888888889 0.5496913580246914 0.5229166666666667 0.5435185185185185 0.5130208333333334 0.5404320987654321 0.4986111111111111 0.5416666666666666 0.49618055555555557 0.5435185185185185 0.4935763888888889 0.5484567901234568 0.4913194444444444 0.5487654320987654 0.4901041666666667 0.5506172839506173 0.4913194444444444 0.5580246913580247 0.4895833333333333 0.5682098765432099
1 0.5281250000000001 0.3552469135802469 0.5296875 0.35648148148148145 0.5319444444444444 0.35370370370370374 0.5336805555555555 0.3469135802469136 0.5336805555555555 0.3416666666666667 0.5293402777777777 0.3391975308641975 0.5263888888888889 0.34043209876543207 0.5249999999999999 0.3429012345679012 0.5251736111111112 0.3493827160493827 0.5281250000000001 0.3552469135802469
5 0.5383680555555556 0.4854938271604938 0.5383680555555556 0.49104938271604937 0.5390625 0.4941358024691358 0.5399305555555556 0.49537037037037035 0.5484374999999999 0.4947530864197531 0.561111111111111 0.4962962962962963 0.5644097222222222 0.4941358024691358 0.5675347222222222 0.4876543209876543 0.5680555555555555 0.47314814814814815 0.5673611111111111 0.4679012345679012 0.5644097222222222 0.46141975308641975 0.5616319444444444 0.4583333333333333 0.5572916666666666 0.4561728395061728 0.5503472222222222 0.4561728395061728 0.5453125 0.4583333333333333 0.5418402777777778 0.4635802469135802 0.5395833333333333 0.47314814814814815 0.5395833333333333 0.47716049382716047 0.5383680555555556 0.4854938271604938
0 0.5064236111111111 0.3712962962962963 0.5078125 0.3753086419753086 0.5163194444444444 0.3756172839506173 0.5199652777777778 0.3771604938271605 0.5225694444444444 0.37654320987654316 0.5258680555555555 0.37191358024691357 0.5274305555555555 0.3632716049382716 0.5265624999999999 0.35123456790123453 0.5246527777777777 0.3425925925925926 0.5223958333333333 0.3385802469135802 0.5190972222222222 0.33734567901234563 0.5119791666666667 0.34012345679012346 0.5086805555555556 0.34382716049382717 0.50625 0.3490740740740741 0.5059027777777777 0.3558641975308642 0.5064236111111111 0.3712962962962963
6 0.4909722222222222 0.41574074074074074 0.5019097222222222 0.41574074074074074 0.5057291666666667 0.4169753086419753 0.5079861111111111 0.4148148148148148 0.5085069444444444 0.4074074074074074 0.5064236111111111 0.391358024691358 0.5064236111111111 0.38024691358024687 0.5055555555555555 0.3790123456790123 0.4927083333333333 0.3790123456790123 0.4909722222222222 0.37993827160493826 0.49027777777777776 0.38209876543209875 0.4901041666666667 0.40925925925925927 0.4909722222222222 0.41574074074074074
3 0.4479166666666667 0.6462962962962963 0.4482638888888889 0.6509259259259259 0.4496527777777778 0.6540123456790122 0.4543402777777778 0.6475308641975309 0.45468749999999997 0.6459876543209876 0.4567708333333333 0.6444444444444444 0.4579861111111111 0.6404320987654322 0.4583333333333333 0.6320987654320988 0.4592013888888889 0.6271604938271605 0.4586805555555556 0.6138888888888888 0.4565972222222222 0.6083333333333334 0.4560763888888889 0.6132716049382716 0.4532986111111111 0.6157407407407407 0.44861111111111107 0.6148148148148148 0.4467013888888889 0.6135802469135803 0.4461805555555556 0.6120370370370369 0.44513888888888886 0.6148148148148148 0.4453125 0.6351851851851852 0.4479166666666667 0.6462962962962963
3 0.4600694444444444 0.6006172839506172 0.4616319444444444 0.595679012345679 0.4604166666666667 0.5944444444444444 0.4583333333333333 0.5950617283950618 0.4585069444444444 0.5993827160493828 0.4600694444444444 0.6006172839506172
3 0.4427083333333333 0.5962962962962963 0.4465277777777778 0.5953703703703703 0.4467013888888889 0.592283950617284 0.4432291666666667 0.5929012345679012 0.4427083333333333 0.5935185185185184 0.4427083333333333 0.5962962962962963
3 0.3928819444444444 0.4947530864197531 0.3935763888888889 0.4981481481481481 0.39444444444444443 0.49907407407407406 0.3973958333333333 0.4972222222222222 0.3998263888888889 0.4919753086419753 0.4003472222222222 0.47067901234567905 0.3979166666666667 0.46851851851851856 0.39392361111111107 0.46882716049382717 0.39218749999999997 0.4722222222222222 0.3923611111111111 0.4888888888888889 0.3928819444444444 0.4947530864197531
3 0.46197916666666666 0.5623456790123457 0.46371527777777777 0.5685185185185185 0.4670138888888889 0.5697530864197531 0.4711805555555555 0.5641975308641975 0.471875 0.5614197530864198 0.4723958333333333 0.557716049382716 0.4723958333333333 0.5432098765432098 0.4711805555555555 0.5416666666666666 0.4635416666666667 0.5404320987654321 0.4626736111111111 0.5416666666666666 0.46197916666666666 0.5462962962962963 0.4614583333333333 0.5564814814814815 0.46197916666666666 0.5623456790123457
3 0.46371527777777777 0.5688271604938271 0.4670138888888889 0.5697530864197531 0.4713541666666667 0.5645061728395062 0.4723958333333333 0.562037037037037 0.4730902777777778 0.5580246913580247 0.4737847222222222 0.5373456790123456 0.47256944444444443 0.5395061728395062 0.47031249999999997 0.5395061728395062 0.4678819444444444 0.5410493827160493 0.4663194444444444 0.5410493827160493 0.4635416666666667 0.5391975308641975 0.46197916666666666 0.5432098765432098 0.4614583333333333 0.5604938271604938 0.46371527777777777 0.5688271604938271
3 0.4388888888888889 0.5243827160493827 0.4392361111111111 0.529320987654321 0.4423611111111111 0.5290123456790123 0.4447916666666667 0.5259259259259259 0.4460069444444444 0.519753086419753 0.4461805555555556 0.5132716049382716 0.4456597222222222 0.5083333333333333 0.44375 0.5052469135802469 0.4392361111111111 0.5046296296296297 0.4375 0.5123456790123457 0.43732638888888886 0.5194444444444445 0.4388888888888889 0.5243827160493827
3 0.4479166666666667 0.6469135802469135 0.4482638888888889 0.6512345679012346 0.4498263888888889 0.653395061728395 0.4520833333333333 0.6509259259259259 0.45468749999999997 0.6450617283950618 0.4567708333333333 0.6422839506172839 0.4579861111111111 0.6287037037037038 0.4579861111111111 0.6191358024691357 0.45694444444444443 0.6151234567901235 0.4545138888888889 0.6160493827160494 0.4453125 0.616358024691358 0.4453125 0.6348765432098765 0.4479166666666667 0.6469135802469135
2 0.04948628472222222 0.7282608024691358 0.049932986111111105 0.7254024691358025 0.05064756944444445 0.7215913580246913 0.05225538194444444 0.7138098765432099 0.05341666666666667 0.7171447530864198 0.05350590277777778 0.7236555555555555 0.05288072916666667 0.7276256172839507 0.05448854166666667 0.7300077160493827 0.059044097222222224 0.7277845679012345 0.061009375 0.7220675925925925 0.05984809027777778 0.7215913580246913 0.05734704861111112 0.7200033950617284 0.0568109375 0.7149216049382716 0.05698975694444445 0.7101577160493827 0.057793576388888886 0.7061876543209876 0.05877621527777777 0.6998354938271605 0.059044097222222224 0.6952302469135802 0.05770434027777777 0.6911015432098765 0.057972222222222224 0.6868138888888888 0.05859756944444444 0.6809382716049383 0.057793576388888886 0.6734746913580246 0.05859756944444444 0.6739509259259259 0.06502899305555555 0.6744274691358024 0.06806597222222222 0.676333024691358 0.07003125 0.677127160493827 0.07146041666666667 0.6750626543209877 0.07029913194444444 0.6722043209876544 0.06761944444444444 0.6710925925925927 0.06145590277777777 0.6696632716049383 0.059490798611111104 0.6656932098765432 0.058418923611111104 0.6610882716049382 0.05770434027777777 0.6566416666666667 0.05663229166666666 0.6525129629629629 0.057614930555555555 0.6494956790123457 0.05877621527777777 0.6456845679012346 0.060116145833333336 0.6407617283950618 0.05895486111111111 0.6369503086419753 0.05663229166666666 0.6363151234567901 0.054399305555555555 0.6371092592592592 0.05225538194444444 0.63965 0.05180885416666666 0.6425083333333332 0.05154079861111111 0.6463197530864198 0.04984357638888889 0.6487015432098766 0.04725312499999999 0.6496543209876543 0.045734722222222225 0.6517188271604938 0.04430538194444445 0.6571182098765432 0.045109375 0.6604527777777778 0.04600260416666667 0.6658521604938271 0.04564531249999999 0.6699808641975308 0.045288020833333324 0.6715691358024691 0.04430538194444445 0.6749037037037037 0.044662673611111106 0.6779209876543209 0.04662795138888889 0.6809382716049383 0.04734253472222222 0.6849083333333333 0.048414409722222225 0.6887194444444444 0.049932986111111105 0.6920543209876543 0.049397048611111105 0.6993592592592592 0.04823576388888889 0.706822839506173 0.04644930555555555 0.717779938271605 0.044841319444444444 0.727308024691358 0.0440375 0.734454012345679 0.043769444444444444 0.7373126543209877 0.04502013888888889 0.7376302469135803 0.048414409722222225 0.7374712962962963 0.05368454861111111 0.7333425925925927 0.051362152777777774 0.7296901234567902 0.04948628472222222 0.7282608024691358