4 0.4116452268111036 0.47743682310469315 0.4150304671631686 0.4783393501805054 0.4278943805010155 0.4711191335740072 0.44211238997968855 0.473826714801444 0.44346648612051454 0.4720216606498195 0.44346648612051454 0.4566787003610108 0.43601895734597157 0.43501805054151627 0.4278943805010155 0.4323104693140794 0.4143534190927556 0.434115523465704 0.40893703452945157 0.4386281588447653 0.4075829383886256 0.44945848375451264 0.4116452268111036 0.47743682310469315
1 0.45565335138794855 0.463898916967509 0.4631008801624915 0.47924187725631767 0.46580907244414355 0.473826714801444 0.46580907244414355 0.4593862815884477 0.4691943127962085 0.45216606498194944 0.47393364928909953 0.44855595667870035 0.4847664184157075 0.44855595667870035 0.48950575490859854 0.44584837545126355 0.4861205145565335 0.4332129963898917 0.47393364928909953 0.427797833935018 0.4617467840216655 0.4323104693140794 0.45633039945836157 0.4431407942238267 0.45429925524712256 0.45216606498194944 0.45565335138794855 0.463898916967509
1 0.2823290453622207 0.4296028880866426 0.2863913337846987 0.42328519855595664 0.28842247799593773 0.41155234657039713 0.2931618144888287 0.4142599277978339 0.2965470548408937 0.4296028880866426 0.30128639133378465 0.4287003610108303 0.3060257278266757 0.4214801444043321 0.3060257278266757 0.41064981949458484 0.30331753554502366 0.4007220216606498 0.2890995260663507 0.398014440433213 0.2802979011509817 0.40252707581227437 0.27894380501015575 0.41967509025270755 0.2823290453622207 0.4296028880866426
3 0.3161814488828707 0.4575812274368231 0.32430602572782663 0.463898916967509 0.3276912660798917 0.46119133574007215 0.3276912660798917 0.4323104693140794 0.32362897765741366 0.42418772563176893 0.3175355450236967 0.4214801444043321 0.3073798239675017 0.42328519855595664 0.3026404874746107 0.4296028880866426 0.3006093432633717 0.437725631768953 0.30128639133378465 0.453971119133574 0.3161814488828707 0.4575812274368231
1 0.4177386594448205 0.546028880866426 0.4211238997968856 0.5857400722021661 0.45633039945836157 0.5803249097472923 0.46784021665538256 0.5812274368231046 0.4698713608666215 0.5785198555956679 0.4698713608666215 0.5568592057761732 0.46716316858496953 0.5478339350180504 0.46851726472579547 0.5351985559566786 0.46242383209207855 0.5324909747292419 0.45565335138794855 0.5144404332129964 0.4529451591062965 0.5108303249097472 0.43534190927555855 0.509927797833935 0.42857142857142855 0.5108303249097472 0.42247799593771157 0.5180505415162455 0.4150304671631686 0.5379061371841155 0.4177386594448205 0.546028880866426
1 0.4989844278943805 0.5712996389891697 0.5023696682464455 0.592057761732852 0.5335138794854435 0.592057761732852 0.5504400812457684 0.5902527075812274 0.5538253215978335 0.5875451263537906 0.5545023696682464 0.5667870036101083 0.5484089370345294 0.546028880866426 0.5314827352742044 0.5198555956678701 0.5253893026404874 0.5171480144404332 0.5037237643872715 0.5180505415162455 0.4983073798239675 0.5216606498194946 0.4928909952606635 0.5324909747292419 0.49221394719025047 0.5613718411552346 0.4989844278943805 0.5712996389891697
1 0.05754908598510494 0.6886281588447652 0.07853757616790792 0.6958483754512635 0.0927555856465809 0.6949458483754513 0.10900473933649289 0.6886281588447652 0.11577522004062288 0.694043321299639 0.12254570074475286 0.694043321299639 0.12931618144888285 0.6886281588447652 0.13337846987136087 0.6768953068592057 0.14150304671631686 0.6723826714801443 0.1956668923493568 0.648014440433213 0.2125930941096818 0.6471119133574007 0.22071767095463776 0.6344765342960288 0.22207176709546378 0.6236462093862817 0.22004062288422477 0.6146209386281588 0.2166553825321598 0.6101083032490975 0.19702098849018282 0.6037906137184116 0.18415707515233581 0.6037906137184116 0.1760324983073798 0.6083032490974729 0.15842924847664183 0.6083032490974729 0.14827352742044686 0.6046931407942239 0.12254570074475286 0.605595667870036 0.08733920108327692 0.6227436823104694 0.05484089370345294 0.6525270758122743 0.052132701421800945 0.657942238267148 0.05077860528097494 0.6787003610108303 0.05754908598510494 0.6886281588447652
1 0.36086662153012866 0.38267148014440433 0.3662830060934326 0.37093862815884476 0.3662830060934326 0.3655234657039711 0.3642518618821936 0.3637184115523465 0.3540961408259986 0.36281588447653423 0.34867975626269465 0.36732851985559567 0.34867975626269465 0.3835740072202166 0.36086662153012866 0.38267148014440433
1 0.27894380501015575 0.5108303249097472 0.2890995260663507 0.5027075812274368 0.3087339201083277 0.5009025270758123 0.31347325660121866 0.5063176895306859 0.3161814488828707 0.5045126353790613 0.32092078537576163 0.47653429602888087 0.3161814488828707 0.4584837545126354 0.3046716316858497 0.4548736462093863 0.2870683818551117 0.4566787003610108 0.28165199729180773 0.46119133574007215 0.27691266079891674 0.473826714801444 0.2755585646580907 0.5018050541516245 0.27894380501015575 0.5108303249097472
1 0.5429925524712255 0.5288808664259927 0.5490859851049424 0.5324909747292419 0.5565335138794855 0.549638989169675 0.5605958023019634 0.5469314079422383 0.5951252538930264 0.5469314079422383 0.6012186865267434 0.5415162454873647 0.6018957345971564 0.5324909747292419 0.5971563981042655 0.5117328519855595 0.5863236289776574 0.49097472924187724 0.5768449559918755 0.47924187725631767 0.5666892349356805 0.4756317689530686 0.5497630331753555 0.47653429602888087 0.5429925524712255 0.4864620938628159 0.5396073121191605 0.49729241877256314 0.5402843601895735 0.5234657039711191 0.5429925524712255 0.5288808664259927
1 0.5159106296547055 0.4828519855595668 0.5213270142180094 0.4864620938628159 0.5260663507109005 0.49729241877256314 0.5396073121191605 0.4954873646209386 0.5443466486120514 0.48194945848375453 0.5517941773865944 0.4747292418772563 0.5545023696682464 0.4684115523465704 0.5538253215978335 0.46209386281588444 0.5470548408937034 0.45216606498194944 0.5362220717670955 0.4467509025270758 0.5172647257955314 0.45126353790613716 0.5132024373730535 0.4566787003610108 0.5132024373730535 0.47743682310469315 0.5159106296547055 0.4828519855595668
1 0.32159783344617465 0.4223826714801444 0.32836831415030465 0.4332129963898917 0.33310765064319564 0.4332129963898917 0.33716993906567366 0.427797833935018 0.33649289099526064 0.4043321299638989 0.32836831415030465 0.3998194945848375 0.31279620853080564 0.40252707581227437 0.3080568720379147 0.4133574007220217 0.3073798239675017 0.4214801444043321 0.32159783344617465 0.4223826714801444
1 0.4448205822613406 0.44945848375451264 0.44888287068381855 0.45306859205776173 0.45362220717670954 0.45216606498194944 0.4590385917400135 0.434115523465704 0.4732566012186865 0.427797833935018 0.4698713608666215 0.41877256317689526 0.4597156398104265 0.4133574007220217 0.44008124576844954 0.4223826714801444 0.44075829383886256 0.437725631768953 0.4448205822613406 0.44945848375451264
1 0.4867975626269465 0.4259927797833935 0.4908598510494245 0.42418772563176893 0.4955991875423155 0.41155234657039713 0.5050778605280976 0.40613718411552346 0.5023696682464455 0.3944043321299639 0.4935680433310765 0.38808664259927794 0.4807041299932295 0.38808664259927794 0.4766418415707515 0.39079422382671475 0.4746106973595125 0.3971119133574007 0.4752877454299255 0.41516245487364617 0.4867975626269465 0.4259927797833935
1 0.6425186188219364 0.6750902527075812 0.6567366283006093 0.6895306859205775 0.6709546377792823 0.7138989169675091 0.6750169262017602 0.7346570397111913 0.6784021665538253 0.7409747292418772 0.6987136086662153 0.7490974729241877 0.7115775220040623 0.7490974729241877 0.7305348679756263 0.7454873646209386 0.7522004062288422 0.7454873646209386 0.7596479350033852 0.7391696750902527 0.7616790792146242 0.7148014440433214 0.7522004062288422 0.6868231046931408 0.7420446851726472 0.6723826714801443 0.7413676371022342 0.6678700361010831 0.7447528774542993 0.6606498194945849 0.7373053486797562 0.6597472924187726 0.7095463777928233 0.6191335740072202 0.6919431279620852 0.605595667870036 0.6858496953283683 0.605595667870036 0.6540284360189573 0.6128158844765343 0.6445497630331753 0.618231046931408 0.6404874746106974 0.625451263537906 0.6398104265402843 0.6552346570397112 0.6425186188219364 0.6750902527075812
8 0.46716316858496953 0.5009025270758123 0.4698713608666215 0.5009025270758123 0.4725795531482735 0.49458483754512633 0.47799593771157756 0.49007220216606495 0.4861205145565335 0.503610108303249 0.48747461069735953 0.516245487364621 0.5044008124576845 0.516245487364621 0.5165876777251185 0.5117328519855595 0.5152335815842924 0.49277978339350176 0.5084631008801624 0.4675090252707581 0.4983073798239675 0.45126353790613716 0.4915368991198375 0.4467509025270758 0.4840893703452945 0.44945848375451264 0.4732566012186865 0.44855595667870035 0.46851726472579547 0.45126353790613716 0.4664861205145565 0.45577617328519854 0.4651320243737305 0.4873646209386282 0.46716316858496953 0.5009025270758123
1 0.4177386594448205 0.5252707581227436 0.42857142857142855 0.509927797833935 0.45226811103588355 0.5090252707581228 0.4515910629654705 0.49458483754512633 0.44617467840216657 0.47743682310469315 0.44278943805010157 0.473826714801444 0.4211238997968856 0.4747292418772563 0.4129993229519296 0.48194945848375453 0.4109681787406906 0.48916967509025266 0.41232227488151657 0.509927797833935 0.4177386594448205 0.5252707581227436
1 0.4529451591062965 0.3935018050541516 0.45633039945836157 0.39530685920577613 0.4651320243737305 0.39169675090252704 0.4705484089370345 0.3944043321299639 0.47393364928909953 0.38898916967509023 0.46851726472579547 0.37635379061371843 0.4631008801624915 0.37093862815884476 0.45633039945836157 0.37093862815884476 0.45023696682464454 0.37454873646209386 0.4495599187542315 0.3853790613718412 0.4529451591062965 0.3935018050541516
1 0.5064319566689235 0.45577617328519854 0.5226811103588355 0.44765342960288806 0.5280974949221394 0.4422382671480144 0.5274204468517264 0.4287003610108303 0.5152335815842924 0.4088447653429603 0.5050778605280976 0.40703971119133575 0.4989844278943805 0.40974729241877256 0.4935680433310765 0.41516245487364617 0.49221394719025047 0.42057761732851984 0.4928909952606635 0.4422382671480144 0.5064319566689235 0.45577617328519854
2 0.34664861205145564 0.5135379061371841 0.34867975626269465 0.5189530685920578 0.3513879485443467 0.516245487364621 0.3554502369668246 0.5189530685920578 0.35883547731888965 0.5261732851985559 0.35680433310765064 0.5216606498194946 0.3595125253893026 0.5207581227436823 0.36018957345971564 0.5018050541516245 0.3527420446851726 0.4882671480144404 0.34800270819228163 0.49097472924187724 0.34529451591062965 0.5 0.34664861205145564 0.5135379061371841
2 0.5822613405551794 0.7617328519855596 0.5836154366960054 0.7626353790613718 0.5883547731888964 0.7617328519855596 0.5903859174001354 0.7581227436823105 0.5897088693297223 0.7518050541516246 0.5863236289776574 0.7518050541516246 0.5863236289776574 0.7468411552346571 0.5890318212593094 0.7427797833935018 0.5870006770480705 0.7409747292418772 0.5883547731888964 0.7364620938628158 0.5863236289776574 0.7373646209386281 0.5856465809072444 0.7545126353790613 0.5822613405551794 0.7617328519855596
2 0.6106973595125254 0.7554151624548736 0.6120514556533514 0.7644404332129964 0.6161137440758294 0.766245487364621 0.6120514556533514 0.7166064981949458 0.6086662153012864 0.7166064981949458 0.6059580230196344 0.7238267148014441 0.6052809749492214 0.7445848375451263 0.6106973595125254 0.7554151624548736
2 0.5944482058226134 0.7111913357400722 0.6059580230196344 0.7111913357400722 0.6127285037237643 0.7003610108303249 0.6106973595125254 0.6886281588447652 0.6059580230196344 0.6823104693140793 0.6052809749492214 0.6723826714801443 0.6025727826675693 0.6687725631768954 0.5985104942450913 0.6678700361010831 0.5958023019634394 0.671480144404332 0.5951252538930264 0.6814079422382671 0.5897088693297223 0.6922382671480144 0.5883547731888964 0.7030685920577617 0.5944482058226134 0.7111913357400722
2 0.07109004739336493 0.5568592057761732 0.07718348002708192 0.5974729241877256 0.07515233581584292 0.6092057761732852 0.07786052809749491 0.6119133574007221 0.08192281651997292 0.6101083032490975 0.08530805687203792 0.601985559566787 0.0859851049424509 0.5532490974729242 0.08463100880162491 0.5433212996389891 0.07921462423832092 0.5342960288808664 0.07853757616790792 0.5279783393501805 0.07515233581584292 0.5270758122743682 0.07312119160460392 0.5306859205776173 0.07109004739336493 0.5388086642599278 0.07109004739336493 0.5568592057761732
2 0.24102911306702773 0.516245487364621 0.24644549763033174 0.5018050541516245 0.25186188219363576 0.49729241877256314 0.2525389302640488 0.49277978339350176 0.25186188219363576 0.48194945848375453 0.24847664184157076 0.47653429602888087 0.24441435341909276 0.47653429602888087 0.24035206499661474 0.4828519855595668 0.23764387271496276 0.5171480144404332 0.24102911306702773 0.516245487364621
2 0.2904536222071767 0.5703971119133574 0.2931618144888287 0.5911552346570397 0.2965470548408937 0.5974729241877256 0.29993229519295866 0.5956678700361011 0.2972241029113067 0.5676895306859205 0.2904536222071767 0.555956678700361 0.2877454299255247 0.546028880866426 0.2823290453622207 0.5469314079422383 0.27826675693974273 0.5604693140794224 0.27894380501015575 0.5694945848375451 0.2904536222071767 0.5703971119133574
2 0.03926878808395396 0.8167870036101084 0.046039268788083954 0.8176895306859207 0.05010155721056195 0.8122743682310469 0.05010155721056195 0.8023465703971119 0.055517941773865945 0.7870036101083032 0.052809749492213946 0.7725631768953067 0.04874746106973595 0.7689530685920578 0.04400812457684495 0.7707581227436824 0.04197698036560596 0.7743682310469313 0.04197698036560596 0.7824909747292418 0.03656059580230196 0.7897111913357401 0.03656059580230196 0.8113718411552346 0.03926878808395396 0.8167870036101084
2 0.8429248476641841 0.7509025270758123 0.8395396073121191 0.7653429602888087 0.8422477995937712 0.773465703971119 0.8469871360866621 0.7743682310469313 0.8524035206499662 0.7590252707581228 0.8544346648612051 0.7346570397111913 0.8578199052132701 0.7229241877256318 0.8700067704807041 0.7220216606498195 0.8571428571428571 0.6967509025270758 0.8564658090724442 0.6850180505415162 0.8524035206499662 0.6814079422382671 0.8469871360866621 0.6814079422382671 0.8449559918754231 0.6841155234657039 0.8436018957345971 0.694043321299639 0.835477318889641 0.7066787003610109 0.835477318889641 0.7220216606498195 0.8429248476641841 0.7509025270758123
2 0.24373730534867977 0.6435018050541516 0.24779959377115776 0.6696750902527077 0.2654028436018957 0.6669675090252708 0.2687880839539607 0.671480144404332 0.2708192281651997 0.6705776173285197 0.27149627623561273 0.6642599277978339 0.2694651320243737 0.657942238267148 0.26472579553148273 0.6543321299638989 0.2654028436018957 0.648014440433213 0.2593094109681787 0.6362815884476534 0.2586323628977657 0.625451263537906 0.25457007447528773 0.6227436823104694 0.24779959377115776 0.631768953068592 0.24779959377115776 0.6371841155234657 0.24373730534867977 0.6435018050541516
2 0.052809749492213946 0.8366425992779782 0.05687203791469194 0.8610108303249098 0.06364251861882193 0.8574007220216606 0.07379823967501692 0.8592057761732852 0.07853757616790792 0.8501805054151624 0.07786052809749491 0.8393501805054151 0.07447528774542993 0.8357400722021661 0.06499661475964794 0.8339350180505415 0.06296547054840894 0.8167870036101084 0.07515233581584292 0.8158844765342961 0.08124576844955991 0.799638989169675 0.0893703452945159 0.8041516245487365 0.09207853757616791 0.8014440433212996 0.0914014895057549 0.7969314079422383 0.07650643195666892 0.7824909747292418 0.07109004739336493 0.7707581227436824 0.06228842247799594 0.7689530685920578 0.05687203791469194 0.7761732851985559 0.055517941773865945 0.7897111913357401 0.049424509140148946 0.8041516245487365 0.05010155721056195 0.8312274368231046 0.052809749492213946 0.8366425992779782
2 0.0981719702098849 0.5938628158844765 0.09884901828029789 0.6119133574007221 0.1029113067027759 0.6128158844765343 0.11035883547731888 0.6092057761732852 0.11306702775897089 0.6046931407942239 0.11306702775897089 0.5902527075812274 0.10900473933649289 0.5785198555956679 0.1002031144211239 0.5667870036101083 0.0974949221394719 0.5676895306859205 0.0954637779282329 0.5740072202166066 0.0941096817874069 0.5884476534296029 0.0981719702098849 0.5938628158844765
2 0.3317535545023697 0.509927797833935 0.33513879485443465 0.5135379061371841 0.3378469871360867 0.5090252707581228 0.3378469871360867 0.4990974729241877 0.3310765064319567 0.47743682310469315 0.3256601218686527 0.48014440433212996 0.32362897765741366 0.49007220216606495 0.32430602572782663 0.5126353790613718 0.3317535545023697 0.509927797833935
2 0.12186865267433988 0.601985559566787 0.13879485443466485 0.601985559566787 0.14014895057549084 0.5839350180505415 0.13202437373053486 0.5731046931407943 0.12931618144888285 0.5649819494584838 0.12389979688557888 0.5685920577617328 0.11983750846310087 0.5848375451263538 0.12186865267433988 0.601985559566787
2 0.3378469871360867 0.4711191335740072 0.3392010832769127 0.4729241877256318 0.34529451591062965 0.4693140794223826 0.34867975626269465 0.47743682310469315 0.35071090047393366 0.4693140794223826 0.3493568043331077 0.4566787003610108 0.3419092755585646 0.44584837545126355 0.33852403520649965 0.44765342960288806 0.33649289099526064 0.4575812274368231 0.3378469871360867 0.4711191335740072
2 0.5328368314150305 0.41967509025270755 0.5348679756262694 0.41787003610108303 0.5362220717670955 0.4043321299638989 0.5355450236966824 0.3898916967509025 0.5328368314150305 0.38718411552346566 0.5287745429925524 0.3944043321299639 0.5280974949221394 0.4043321299638989 0.5328368314150305 0.41967509025270755
5 0.7650643195666893 0.8564981949458483 0.7711577522004063 0.8808664259927798 0.7758970886932972 0.8880866425992779 0.7853757616790792 0.8925992779783393 0.7995937711577521 0.9106498194945848 0.8524035206499662 0.9846570397111912 0.8584969532836831 0.9990974729241877 0.953960731211916 0.9990974729241877 0.9580230196343941 0.9963898916967509 0.993906567366283 0.9990974729241877 0.996614759647935 0.9954873646209386 0.995937711577522 0.970216606498195 0.991875423155044 0.9657039711191336 0.985781990521327 0.9494584837545126 0.950575490859851 0.9007220216606499 0.949221394719025 0.8953068592057761 0.9519295870006771 0.8889891696750902 0.951252538930264 0.8844765342960288 0.949221394719025 0.881768953068592 0.942450914014895 0.8844765342960288 0.939742721733243 0.8826714801444042 0.907921462423832 0.8384476534296028 0.8869329722410291 0.8149819494584838 0.8672985781990521 0.7978339350180506 0.8232904536222072 0.7743682310469313 0.7989167230873392 0.7725631768953067 0.7725118483412322 0.7806859205776173 0.7657413676371022 0.7924187725631768 0.7589708869329722 0.8140794223826715 0.7582938388625592 0.8411552346570397 0.7650643195666893 0.8564981949458483
6 0.4129993229519296 0.34476534296028877 0.41706161137440756 0.3510830324909747 0.42180094786729855 0.3510830324909747 0.42721733243060256 0.3402527075812274 0.42721733243060256 0.3249097472924188 0.4245091401489506 0.3222021660649819 0.4143534190927556 0.32129963898916963 0.41232227488151657 0.3240072202166065 0.4129993229519296 0.34476534296028877
6 0.4251861882193636 0.4016245487364621 0.43398781313473256 0.3944043321299639 0.4482058226134055 0.38898916967509023 0.4475287745429925 0.3700361010830325 0.4448205822613406 0.36101083032490977 0.4380501015572105 0.3555956678700361 0.42721733243060256 0.3546931407942238 0.4211238997968856 0.3555956678700361 0.41841570751523355 0.3592057761732852 0.42044685172647256 0.38898916967509023 0.4251861882193636 0.4016245487364621
3 0.36222071767095465 0.4259927797833935 0.3656059580230196 0.4259927797833935 0.36492890995260663 0.40794223826714804 0.36222071767095465 0.4043321299638989 0.35883547731888965 0.4043321299638989 0.3561272850372376 0.40794223826714804 0.3554502369668246 0.41877256317689526 0.36222071767095465 0.4259927797833935
3 0.35815842924847663 0.45306859205776173 0.3628977657413677 0.45577617328519854 0.3662830060934326 0.4467509025270758 0.3656059580230196 0.437725631768953 0.36222071767095465 0.434115523465704 0.3554502369668246 0.434115523465704 0.3554502369668246 0.44584837545126355 0.35815842924847663 0.45306859205776173
3 0.13676371022342584 0.5667870036101083 0.13608666215301285 0.5740072202166066 0.14014895057549084 0.5839350180505415 0.14150304671631686 0.5965703971119133 0.14488828706838183 0.5983754512635379 0.15436696005416384 0.592057761732852 0.16587677725118485 0.5794223826714802 0.16858496953283683 0.572202166064982 0.16858496953283683 0.5631768953068592 0.15775220040622884 0.5532490974729242 0.14691943127962084 0.5532490974729242 0.14014895057549084 0.5478339350180504 0.13676371022342584 0.5505415162454873 0.13337846987136087 0.5631768953068592 0.13676371022342584 0.5667870036101083
3 0.2802979011509817 0.5902527075812274 0.2809749492213947 0.5992779783393501 0.2850372376438727 0.6110108303249098 0.28977657413676366 0.6128158844765343 0.2979011509817197 0.5965703971119133 0.2945159106296547 0.5785198555956679 0.2979011509817197 0.5712996389891697 0.2958700067704807 0.5667870036101083 0.29993229519295866 0.5595667870036101 0.2938388625592417 0.5685920577617328 0.27691266079891674 0.5685920577617328 0.2762356127285037 0.5794223826714802 0.2802979011509817 0.5902527075812274
3 0.1916046039268788 0.5261732851985559 0.1990521327014218 0.5433212996389891 0.2064996614759648 0.5397111913357401 0.2071767095463778 0.5270758122743682 0.2037914691943128 0.5198555956678701 0.19431279620853079 0.5126353790613718 0.19228165199729183 0.5081227436823105 0.1895734597156398 0.5108303249097472 0.1868652674339878 0.5216606498194946 0.1916046039268788 0.5261732851985559
3 0.851726472579553 0.7581227436823105 0.8463100880162492 0.7617328519855596 0.8469871360866621 0.7680505415162455 0.8490182802979012 0.7716606498194947 0.8564658090724442 0.7743682310469313 0.865944482058226 0.7942238267148014 0.8733920108327692 0.8014440433212996 0.8767772511848341 0.8014440433212996 0.8794854434664862 0.7969314079422383 0.8801624915368991 0.7842960288808664 0.872714962762356 0.7617328519855596 0.8733920108327692 0.7265342960288808 0.8767772511848341 0.7193140794223827 0.872714962762356 0.7184115523465704 0.8700067704807041 0.7256317689530685 0.8591740013540962 0.7238267148014441 0.8551117129316181 0.7301444043321299 0.8537576167907921 0.75 0.851726472579553 0.7581227436823105
3 0.8307379823967501 0.7590252707581228 0.8388625592417062 0.766245487364621 0.8429248476641841 0.7563176895306859 0.8429248476641841 0.7463898916967509 0.835477318889641 0.7238267148014441 0.8348002708192281 0.7129963898916968 0.8327691266079891 0.7093862815884476 0.8280297901150981 0.7093862815884476 0.8253215978334462 0.7157039711191336 0.8246445497630331 0.7445848375451263 0.8307379823967501 0.7590252707581228
3 0.1083276912660799 0.6092057761732852 0.11103588354773189 0.6046931407942239 0.11238997968855788 0.6064981949458483 0.12051455653351387 0.601985559566787 0.11916046039268788 0.5884476534296029 0.11374407582938388 0.5893501805054151 0.1117129316181449 0.6028880866425993 0.1083276912660799 0.6092057761732852
3 0.10155721056194988 0.6128158844765343 0.1002031144211239 0.5884476534296029 0.0954637779282329 0.5875451263537906 0.0859851049424509 0.592057761732852 0.08327691266079891 0.6092057761732852 0.07786052809749491 0.618231046931408 0.07718348002708192 0.6308664259927798 0.10155721056194988 0.6128158844765343
3 0.2809749492213947 0.4575812274368231 0.2823290453622207 0.44765342960288806 0.2755585646580907 0.434115523465704 0.2660798916723087 0.4332129963898917 0.26134055517941773 0.4386281588447653 0.26201760324983076 0.46028880866425986 0.2809749492213947 0.4575812274368231
3 0.26134055517941773 0.6534296028880866 0.26134055517941773 0.6660649819494585 0.24847664184157076 0.6678700361010831 0.24983073798239672 0.6886281588447652 0.25795531482735273 0.703971119133574 0.26134055517941773 0.703971119133574 0.2654028436018957 0.694043321299639 0.2755585646580907 0.6814079422382671 0.2775897088693297 0.6687725631768954 0.27691266079891674 0.6335740072202165 0.27488151658767773 0.6326714801444043 0.27014218009478674 0.6389891696750902 0.26201760324983076 0.6398916967509025 0.2640487474610697 0.6489169675090253 0.26134055517941773 0.6534296028880866
3 0.2586323628977657 0.631768953068592 0.25795531482735273 0.6218411552346571 0.25660121868652674 0.6236462093862817 0.2586323628977657 0.631768953068592
3 0.3520649966147596 0.5388086642599278 0.35477318889641163 0.5388086642599278 0.3595125253893026 0.5288808664259927 0.35883547731888965 0.5189530685920578 0.3554502369668246 0.5135379061371841 0.34867975626269465 0.5126353790613718 0.34867975626269465 0.5261732851985559 0.3520649966147596 0.5388086642599278
3 0.33039945836154366 0.3925992779783393 0.33310765064319564 0.3925992779783393 0.33513879485443465 0.39079422382671475 0.33513879485443465 0.37725631768953066 0.3317535545023697 0.37454873646209386 0.3297224102911307 0.37635379061371843 0.32836831415030465 0.38808664259927794 0.33039945836154366 0.3925992779783393
3 0.3656059580230196 0.38898916967509023 0.36831415030467163 0.37815884476534295 0.3662830060934326 0.37364620938628157 0.3635748138117806 0.37454873646209386 0.36222071767095465 0.3844765342960289 0.3656059580230196 0.38898916967509023
3 0.24847664184157076 0.473826714801444 0.2525389302640488 0.46570397111913353 0.25186188219363576 0.45126353790613716 0.24441435341909276 0.44584837545126355 0.24035206499661474 0.45306859205776173 0.24035206499661474 0.4666064981949458 0.24847664184157076 0.473826714801444
3 0.2234258632362898 0.5126353790613718 0.23696682464454977 0.5 0.23832092078537576 0.48014440433212996 0.23425863236289773 0.47743682310469315 0.22410291130670276 0.48014440433212996 0.22004062288422477 0.49007220216606495 0.21936357481381177 0.503610108303249 0.2234258632362898 0.5126353790613718
3 0.24779959377115776 0.5189530685920578 0.2559241706161137 0.5144404332129964 0.2559241706161137 0.5072202166064982 0.25186188219363576 0.49368231046931405 0.24576844955991875 0.49729241877256314 0.24373730534867977 0.5018050541516245 0.24306025727826674 0.5126353790613718 0.24779959377115776 0.5189530685920578
3 0.3798239675016926 0.4007220216606498 0.3832092078537576 0.3971119133574007 0.38388625592417064 0.38808664259927794 0.38050101557210564 0.38176895306859204 0.3771157752200406 0.3844765342960289 0.3771157752200406 0.39530685920577613 0.3798239675016926 0.4007220216606498
3 0.4807041299932295 0.5469314079422383 0.4847664184157075 0.5361010830324909 0.4840893703452945 0.5135379061371841 0.4807041299932295 0.509927797833935 0.4725795531482735 0.5126353790613718 0.4719025050778605 0.5361010830324909 0.4807041299932295 0.5469314079422383
3 0.3276912660798917 0.5279783393501805 0.3317535545023697 0.5279783393501805 0.33513879485443465 0.5225631768953068 0.3378469871360867 0.5045126353790613 0.33446174678402163 0.5018050541516245 0.3317535545023697 0.5063176895306859 0.32430602572782663 0.5063176895306859 0.32430602572782663 0.5243682310469314 0.3276912660798917 0.5279783393501805
3 0.20853080568720378 0.5207581227436823 0.2125930941096818 0.5261732851985559 0.21597833446174677 0.5261732851985559 0.22004062288422477 0.5189530685920578 0.22004062288422477 0.5144404332129964 0.20988490182802977 0.48916967509025266 0.2058226134055518 0.4882671480144404 0.20514556533513878 0.5045126353790613 0.20853080568720378 0.5207581227436823
3 0.18618821936357483 0.5604693140794224 0.1956668923493568 0.5532490974729242 0.19837508463100878 0.5424187725631769 0.1888964116452268 0.5216606498194946 0.1848341232227488 0.5216606498194946 0.1821259309410968 0.5252707581227436 0.18077183480027081 0.5550541516245487 0.18618821936357483 0.5604693140794224
3 0 0.8709386281588448 0 0.8916967509025271 0.006093432633716994 0.8962093862815884 0.004739336492890995 0.9034296028880866 0 0.9061371841155235 0 0.9187725631768954 0.006770480704129994 0.9250902527075812 0.022342586323628975 0.9223826714801443 0.03791469194312796 0.9404332129963898 0.04671631685849695 0.9422382671480144 0.05010155721056195 0.9314079422382671 0.04671631685849695 0.9205776173285197 0.03791469194312796 0.9061371841155235 0.04468517264725795 0.8935018050541516 0.043331076506431955 0.8844765342960288 0.03926878808395396 0.8799638989169675 0.03249830737982397 0.8799638989169675 0.025050778605280974 0.8727436823104694 0.027758970886932972 0.8619133574007221 0.025727826675693975 0.8583032490974729 0.021665538253215978 0.8619133574007221 0.00947867298578199 0.8646209386281588 0.005416384563303994 0.8700361010830325 0 0.8709386281588448
3 0.3913337846987136 0.48916967509025266 0.39675016926201756 0.4882671480144404 0.39878131347325657 0.48375451263537905 0.3981042654028436 0.4629963898916967 0.3899796885578876 0.46209386281588444 0.38659444820582256 0.46570397111913353 0.3872714962762356 0.4855595667870036 0.3913337846987136 0.48916967509025266
3 0.34867975626269465 0.3411552346570397 0.35071090047393366 0.33303249097472926 0.34867975626269465 0.32942238267148016 0.3459715639810426 0.33032490974729245 0.3459715639810426 0.3375451263537906 0.34867975626269465 0.3411552346570397
3 0.3419092755585646 0.48465703971119134 0.3459715639810426 0.4864620938628159 0.35071090047393366 0.4747292418772563 0.35003385240352064 0.46570397111913353 0.34867975626269465 0.4629963898916967 0.3392010832769127 0.46570397111913353 0.3392010832769127 0.47743682310469315 0.3419092755585646 0.48465703971119134
3 0.3175355450236967 0.3691335740072202 0.3175355450236967 0.3583032490974729 0.31347325660121866 0.3601083032490975 0.31347325660121866 0.3682310469314079 0.3175355450236967 0.3691335740072202
3 0.5890318212593094 0.7157039711191336 0.5883547731888964 0.7463898916967509 0.5924170616113744 0.7698555956678701 0.5958023019634394 0.7770758122743682 0.5978334461746784 0.7761732851985559 0.6032498307379824 0.7608303249097473 0.6066350710900473 0.727436823104693 0.6127285037237643 0.7084837545126353 0.6120514556533514 0.703971119133574 0.6059580230196344 0.7111913357400722 0.5924170616113744 0.7111913357400722 0.5883547731888964 0.7048736462093863 0.5849695328368314 0.703971119133574 0.5842924847664184 0.7093862815884476 0.5890318212593094 0.7157039711191336
3 0.05348679756262694 0.8564981949458483 0.05619498984427894 0.855595667870036 0.05484089370345294 0.845667870036101 0.04739336492890995 0.8267148014440434 0.04400812457684495 0.8276173285198555 0.04129993229519296 0.8330324909747292 0.04129993229519296 0.845667870036101 0.05348679756262694 0.8564981949458483
3 0.06702775897088693 0.8375451263537905 0.07447528774542993 0.8357400722021661 0.07853757616790792 0.842057761732852 0.07921462423832092 0.851985559566787 0.07515233581584292 0.8610108303249098 0.07786052809749491 0.868231046931408 0.08395396073121192 0.8637184115523466 0.08869329722410291 0.8637184115523466 0.10223425863236289 0.8763537906137183 0.10561949898442789 0.8772563176895306 0.11035883547731888 0.8727436823104694 0.11103588354773189 0.8592057761732852 0.10155721056194988 0.8411552346570397 0.0995260663507109 0.82942238267148 0.0927555856465809 0.8176895306859207 0.0893703452945159 0.805956678700361 0.07989167230873392 0.8086642599277978 0.07786052809749491 0.8149819494584838 0.07379823967501692 0.8176895306859207 0.06431956668923494 0.8158844765342961 0.06296547054840894 0.8339350180505415 0.06702775897088693 0.8375451263537905
3 0.7481381178063642 0.5911552346570397 0.7549085985104943 0.5947653429602888 0.7610020311442113 0.5938628158844765 0.7657413676371022 0.6083032490974729 0.7738659444820583 0.6101083032490975 0.7765741367637102 0.601985559566787 0.7752200406228842 0.5658844765342961 0.7657413676371022 0.5604693140794224 0.7515233581584292 0.5586642599277978 0.7461069735951251 0.5595667870036101 0.7420446851726472 0.5649819494584838 0.7420446851726472 0.5712996389891697 0.7481381178063642 0.5911552346570397
3 0.2904536222071767 0.437725631768953 0.2965470548408937 0.434115523465704 0.2965470548408937 0.4268953068592058 0.2931618144888287 0.4214801444043321 0.2863913337846987 0.42328519855595664 0.2870683818551117 0.43682310469314073 0.2904536222071767 0.437725631768953