6 0.75546875 0.5083333333333333 0.77109375 0.5072916666666667 0.7718750000000001 0.49895833333333334 0.76875 0.48333333333333334 0.765625 0.4791666666666667 0.75546875 0.4760416666666667 0.74765625 0.4791666666666667 0.7484375000000001 0.5031249999999999 0.75546875 0.5083333333333333
5 0.8601562500000001 0.5208333333333334 0.8718750000000001 0.5187499999999999 0.875 0.509375 0.87109375 0.5010416666666667 0.8656250000000001 0.49895833333333334 0.8515625 0.5010416666666667 0.8453125 0.5083333333333333 0.8453125 0.5187499999999999 0.8601562500000001 0.5208333333333334
1 0.7390625000000001 0.48020833333333335 0.73984375 0.4739583333333333 0.7367187500000001 0.46458333333333335 0.73046875 0.46458333333333335 0.7273437500000001 0.46875 0.7273437500000001 0.48020833333333335 0.7390625000000001 0.48020833333333335
5 0.87890625 0.646875 0.8851562500000001 0.6572916666666666 0.9031250000000001 0.6604166666666667 0.9328125 0.659375 0.93359375 0.6427083333333334 0.9265625000000001 0.6229166666666667 0.9070312500000001 0.603125 0.9 0.6 0.8812500000000001 0.6 0.8640625000000001 0.6072916666666667 0.86328125 0.6375000000000001 0.87890625 0.646875
1 0.82421875 0.5604166666666667 0.8304687500000001 0.5572916666666666 0.8515625 0.5604166666666667 0.8515625 0.5427083333333333 0.8421875000000001 0.5281250000000001 0.8203125 0.525 0.8140625 0.53125 0.8148437500000001 0.5520833333333334 0.82421875 0.5604166666666667
1 0.94921875 0.5989583333333334 0.9656250000000001 0.6 0.97265625 0.6125 0.99921875 0.6083333333333334 0.99921875 0.5666666666666667 0.9953125 0.5625 0.9554687500000001 0.5552083333333333 0.9460937500000001 0.5697916666666667 0.9460937500000001 0.5927083333333334 0.94921875 0.5989583333333334
4 0.5242187500000001 0.525 0.5429687500000001 0.5229166666666667 0.5421875 0.5020833333333333 0.5281250000000001 0.5 0.52265625 0.5072916666666667 0.5218750000000001 0.5166666666666667 0.5242187500000001 0.525
1 0.70625 0.4979166666666667 0.7203125 0.4979166666666667 0.721875 0.4947916666666667 0.71796875 0.48333333333333334 0.7132812500000001 0.48020833333333335 0.70625 0.48125 0.70234375 0.4875 0.7015625000000001 0.4916666666666667 0.70625 0.4979166666666667
1 0.7546875000000001 0.540625 0.7796875000000001 0.5427083333333333 0.78046875 0.53125 0.7734375 0.5187499999999999 0.75703125 0.5166666666666667 0.7523437500000001 0.5229166666666667 0.7515625 0.5343749999999999 0.7546875000000001 0.540625
5 0.6875 0.478125 0.6953125 0.4791666666666667 0.6976562500000001 0.4760416666666667 0.6976562500000001 0.4697916666666667 0.6937500000000001 0.46458333333333335 0.6843750000000001 0.46770833333333334 0.68359375 0.4729166666666667 0.6875 0.478125
1 0.6820312500000001 0.5145833333333334 0.69921875 0.5145833333333334 0.69921875 0.5052083333333334 0.6960937500000001 0.496875 0.68515625 0.4947916666666667 0.6804687500000001 0.4979166666666667 0.6796875 0.5104166666666666 0.6820312500000001 0.5145833333333334
1 0.7484375000000001 0.6125 0.78515625 0.6135416666666667 0.784375 0.5947916666666666 0.7734375 0.5750000000000001 0.75546875 0.5697916666666667 0.7484375000000001 0.5697916666666667 0.7445312500000001 0.5739583333333333 0.74375 0.5979166666666667 0.7484375000000001 0.6125
1 0.8 0.5322916666666667 0.81171875 0.5322916666666667 0.8210937500000001 0.525 0.81953125 0.515625 0.81171875 0.5083333333333333 0.7992187500000001 0.5083333333333333 0.79453125 0.5145833333333334 0.7937500000000001 0.5260416666666666 0.8 0.5322916666666667
2 0.24140625000000002 0.6104166666666666 0.24296875 0.5854166666666667 0.24140625000000002 0.5822916666666667 0.23671875 0.5843750000000001 0.23671875 0.6020833333333334 0.24140625000000002 0.6104166666666666
2 0.35546875 0.6135416666666667 0.36640625000000004 0.625 0.3671875 0.6052083333333333 0.35859375000000004 0.5916666666666667 0.35546875 0.6 0.35546875 0.6135416666666667
2 0.96640625 0.5479166666666667 0.96875 0.5479166666666667 0.97421875 0.5354166666666667 0.97421875 0.5281250000000001 0.9703125 0.5208333333333334 0.9632812500000001 0.5270833333333333 0.9625 0.5343749999999999 0.96640625 0.5479166666666667
2 0.42109375000000004 0.5625 0.42421875000000003 0.5541666666666667 0.4234375 0.5458333333333334 0.41875 0.540625 0.41484375 0.5437500000000001 0.41484375 0.5593750000000001 0.42109375000000004 0.5625
2 0.8765625 0.596875 0.8812500000000001 0.5979166666666667 0.8828125 0.5885416666666666 0.884375 0.5875 0.88671875 0.59375 0.88671875 0.5885416666666666 0.890625 0.5854166666666667 0.8914062500000001 0.5802083333333333 0.884375 0.5677083333333334 0.87890625 0.5677083333333334 0.8757812500000001 0.5927083333333334 0.8765625 0.596875
2 0.07187500000000001 0.7052083333333334 0.07187500000000001 0.7177083333333334 0.08125 0.7156250000000001 0.08125 0.7010416666666667 0.07500000000000001 0.6927083333333334 0.07109375000000001 0.675 0.065625 0.675 0.06015625 0.6833333333333333 0.06015625 0.7000000000000001 0.07187500000000001 0.7052083333333334
2 0.2859375 0.5843750000000001 0.28828125000000004 0.578125 0.28828125000000004 0.5531250000000001 0.2828125 0.5531250000000001 0.28125000000000006 0.5604166666666667 0.28125000000000006 0.5802083333333333 0.2859375 0.5843750000000001
2 0.32109375 0.5739583333333333 0.32421875 0.5750000000000001 0.32734375000000004 0.55625 0.32421875 0.546875 0.32109375 0.5479166666666667 0.31953125000000004 0.5625 0.32109375 0.5739583333333333
2 0.22890625 0.6062500000000001 0.2328125 0.609375 0.23515625 0.6062500000000001 0.23593750000000002 0.5822916666666667 0.2328125 0.5729166666666666 0.22890625 0.5739583333333333 0.2265625 0.5885416666666666 0.22890625 0.6062500000000001
2 0.98046875 0.5458333333333334 0.9812500000000001 0.5187499999999999 0.9773437500000001 0.5187499999999999 0.97578125 0.5229166666666667 0.9750000000000001 0.5395833333333333 0.98046875 0.5458333333333334
2 0.4765625 0.5354166666666667 0.478125 0.5218750000000001 0.4734375 0.5145833333333334 0.47187500000000004 0.5187499999999999 0.47187500000000004 0.5322916666666667 0.4765625 0.5354166666666667
0 0.5359375000000001 0.4822916666666667 0.53828125 0.47500000000000003 0.53828125 0.45937500000000003 0.5257812500000001 0.4604166666666667 0.5234375000000001 0.4697916666666667 0.5234375000000001 0.48125 0.5359375000000001 0.4822916666666667
3 0.8 0.509375 0.80390625 0.5052083333333334 0.80390625 0.49895833333333334 0.796875 0.496875 0.79609375 0.5083333333333333 0.8 0.509375
3 0.34296875000000004 0.5729166666666666 0.34765625 0.5770833333333334 0.36015625 0.5791666666666667 0.36015625 0.5645833333333333 0.35625 0.5593750000000001 0.3484375 0.5614583333333334 0.3453125 0.5583333333333333 0.34218750000000003 0.5625 0.34296875000000004 0.5729166666666666
3 0.8875000000000001 0.5989583333333334 0.8921875 0.59375 0.88984375 0.5812499999999999 0.8773437500000001 0.5854166666666667 0.878125 0.5989583333333334 0.8875000000000001 0.5989583333333334
3 0.35703125 0.6354166666666666 0.3671875 0.628125 0.36562500000000003 0.6145833333333334 0.35546875 0.6125 0.35468750000000004 0.615625 0.35390625000000003 0.6239583333333334 0.35703125 0.6354166666666666
3 0.41796875 0.5697916666666667 0.42265625 0.5666666666666667 0.4234375 0.5541666666666667 0.41640625000000003 0.5520833333333334 0.41484375 0.5645833333333333 0.41796875 0.5697916666666667
3 0.89765625 0.5541666666666667 0.9085937500000001 0.5572916666666666 0.9085937500000001 0.5395833333333333 0.9 0.5364583333333334 0.8968750000000001 0.540625 0.89765625 0.5541666666666667
3 0.4765625 0.5395833333333333 0.47734375 0.5260416666666666 0.47265625 0.5260416666666666 0.47187500000000004 0.5375000000000001 0.4765625 0.5395833333333333
3 0.77890625 0.5291666666666667 0.7828125 0.53125 0.784375 0.5166666666666667 0.7820312500000001 0.5104166666666666 0.77734375 0.5125000000000001 0.7765625 0.5229166666666667 0.77890625 0.5291666666666667