8 0.5296875000000001 0.4104166666666667 0.5328125 0.39375 0.5296875000000001 0.3760416666666667 0.5179687500000001 0.37083333333333335 0.51484375 0.371875 0.5101562500000001 0.38125000000000003 0.5085937500000001 0.4104166666666667 0.5296875000000001 0.4104166666666667
8 0.15390625000000002 0.4395833333333333 0.16484375 0.4291666666666667 0.16484375 0.4239583333333333 0.1609375 0.41875 0.14062500000000003 0.4239583333333333 0.13984375000000002 0.4427083333333333 0.15390625000000002 0.4395833333333333
8 0.5046875000000001 0.38125000000000003 0.5085937500000001 0.38125000000000003 0.5140625000000001 0.3697916666666667 0.52890625 0.3697916666666667 0.5359375000000001 0.3791666666666667 0.54453125 0.37395833333333334 0.54453125 0.36875 0.5398437500000001 0.3604166666666667 0.5312500000000001 0.353125 0.5062500000000001 0.353125 0.5007812500000001 0.35833333333333334 0.5 0.36562500000000003 0.5046875000000001 0.38125000000000003
6 0.4703125 0.3916666666666667 0.4734375 0.38645833333333335 0.47187500000000004 0.35520833333333335 0.45703125 0.3541666666666667 0.4546875 0.35833333333333334 0.453125 0.3916666666666667 0.4703125 0.3916666666666667
4 0.26796875000000003 0.3635416666666667 0.27343750000000006 0.3625 0.27968750000000003 0.3520833333333333 0.27734375000000006 0.3447916666666667 0.26796875000000003 0.3447916666666667 0.26562500000000006 0.3479166666666667 0.26484375000000004 0.3604166666666667 0.26796875000000003 0.3635416666666667
1 0.37578125 0.49583333333333335 0.38515625000000003 0.4979166666666667 0.39140625 0.4875 0.3921875 0.4708333333333333 0.38671875 0.4552083333333333 0.36484375 0.4541666666666667 0.35234375 0.46875 0.35234375 0.5 0.37578125 0.49583333333333335
1 0.21171875 0.37083333333333335 0.22031250000000002 0.3770833333333333 0.2265625 0.37395833333333334 0.22578125000000002 0.3666666666666667 0.21953125 0.3614583333333333 0.20546875 0.36562500000000003 0.20625000000000002 0.371875 0.21171875 0.37083333333333335
1 0.31093750000000003 0.3604166666666667 0.3171875 0.35520833333333335 0.3140625 0.34375 0.2984375 0.3447916666666667 0.29921875000000003 0.3604166666666667 0.31093750000000003 0.3604166666666667
1 0.32890625 0.3520833333333333 0.32734375000000004 0.3385416666666667 0.31953125000000004 0.3364583333333333 0.3140625 0.3416666666666667 0.3171875 0.3541666666666667 0.32890625 0.3520833333333333
1 0.40390625 0.4322916666666667 0.4265625 0.42812500000000003 0.4265625 0.4114583333333333 0.42109375000000004 0.4010416666666667 0.40703125 0.40208333333333335 0.40156250000000004 0.4135416666666667 0.40078125000000003 0.4260416666666667 0.40390625 0.4322916666666667
1 0.290625 0.37083333333333335 0.29531250000000003 0.3666666666666667 0.29453125 0.35833333333333334 0.28984375 0.353125 0.28203125 0.3520833333333333 0.27578125000000003 0.3572916666666667 0.27578125000000003 0.37083333333333335 0.290625 0.37083333333333335
4 0.3671875 0.3333333333333333 0.3640625 0.321875 0.35859375000000004 0.321875 0.35468750000000004 0.32708333333333334 0.35625 0.3375 0.3671875 0.3333333333333333
1 0.246875 0.3822916666666667 0.2625 0.38125000000000003 0.26562500000000006 0.3770833333333333 0.26484375000000004 0.3666666666666667 0.25625000000000003 0.3614583333333333 0.2484375 0.3614583333333333 0.24453125 0.36875 0.24375000000000002 0.3802083333333333 0.246875 0.3822916666666667
1 0.1953125 0.3916666666666667 0.20703125 0.3916666666666667 0.22109375 0.38645833333333335 0.21796875000000002 0.375 0.20625000000000002 0.36875 0.20234375000000002 0.37395833333333334 0.19453125000000002 0.3760416666666667 0.19296875000000002 0.38645833333333335 0.1953125 0.3916666666666667
1 0.45390625 0.3666666666666667 0.45390625 0.3510416666666667 0.44453125000000004 0.3510416666666667 0.44140625 0.35520833333333335 0.44062500000000004 0.36875 0.45390625 0.3666666666666667
1 0.46875 0.45 0.46875 0.4302083333333333 0.46328125000000003 0.42083333333333334 0.44921875 0.42083333333333334 0.44453125000000004 0.425 0.4421875 0.43333333333333335 0.4421875 0.45208333333333334 0.46875 0.45
1 0.48828125 0.35000000000000003 0.48750000000000004 0.3375 0.48046875 0.3354166666666667 0.4765625 0.340625 0.47734375 0.3510416666666667 0.48828125 0.35000000000000003
5 0.25078125 0.6072916666666667 0.25078125 0.6260416666666666 0.25312500000000004 0.63125 0.29765625 0.63125 0.30625 0.6302083333333334 0.31171875000000004 0.6145833333333334 0.32343750000000004 0.6020833333333334 0.32578125 0.5791666666666667 0.32265625000000003 0.5635416666666667 0.31484375000000003 0.5541666666666667 0.27968750000000003 0.5510416666666667 0.26406250000000003 0.5760416666666667 0.2546875 0.5812499999999999 0.25703125000000004 0.5895833333333333 0.25078125 0.6072916666666667
2 0.5875 0.5593750000000001 0.59296875 0.5666666666666667 0.5953125 0.5635416666666667 0.5953125 0.5447916666666667 0.59765625 0.5364583333333334 0.5945312500000001 0.5145833333333334 0.5898437500000001 0.5145833333333334 0.5843750000000001 0.5239583333333333 0.58359375 0.5333333333333333 0.5875 0.5593750000000001
2 0.421875 0.6062500000000001 0.43203125000000003 0.6052083333333333 0.434375 0.6229166666666667 0.43671875000000004 0.625 0.43828125 0.6145833333333334 0.43359375 0.6072916666666667 0.4390625 0.6062500000000001 0.43984375000000003 0.59375 0.43125 0.5760416666666667 0.42500000000000004 0.5791666666666667 0.42421875000000003 0.5864583333333333 0.41953125 0.5947916666666666 0.41875 0.6 0.421875 0.6062500000000001
2 0.3609375 0.6239583333333334 0.35781250000000003 0.6317708333333334 0.35859375000000004 0.6416666666666666 0.36328125 0.6208333333333333 0.36953125000000003 0.6208333333333333 0.37265625 0.625 0.37578125 0.64375 0.3796875 0.64375 0.3796875 0.6083333333333334 0.375 0.6020833333333334 0.375 0.5916666666666667 0.37265625 0.5885416666666666 0.3640625 0.59375 0.35859375000000004 0.6114583333333334 0.35781250000000003 0.625 0.3609375 0.6239583333333334
2 0.49140625000000004 0.5895833333333333 0.48750000000000004 0.5954864583333334 0.49062500000000003 0.5989583333333334 0.48750000000000004 0.6020833333333334 0.48984375 0.6052083333333333 0.49375 0.5864583333333333 0.5085937500000001 0.603125 0.5046875000000001 0.596875 0.5085937500000001 0.5958333333333334 0.5062500000000001 0.5864583333333333 0.5078125000000001 0.5739583333333333 0.5015625 0.5541666666666667 0.49453125000000003 0.55625 0.48750000000000004 0.5760416666666667 0.48750000000000004 0.5888885416666666 0.49140625000000004 0.5895833333333333
2 0.5156250000000001 0.7583333333333334 0.5140625000000001 0.7723958333333334 0.51875 0.7729166666666667 0.5140625000000001 0.7791666666666667 0.5156250000000001 0.7864583333333334 0.5195312500000001 0.7885416666666667 0.51875 0.7552083333333334 0.5218750000000001 0.7520833333333334 0.5375000000000001 0.7520833333333334 0.5429687500000001 0.7791666666666667 0.54609375 0.7802083333333334 0.54609375 0.7385416666666667 0.5429687500000001 0.7291666666666666 0.5335937500000001 0.7208333333333334 0.5296875000000001 0.70625 0.5242187500000001 0.70625 0.5218750000000001 0.721875 0.51328125 0.7354166666666666 0.5125000000000001 0.7510416666666666 0.5156250000000001 0.7583333333333334
0 0.46015625000000004 0.3260416666666667 0.46015625000000004 0.3041666666666667 0.45390625 0.3020833333333333 0.44843750000000004 0.3052083333333333 0.44765625000000003 0.32395833333333335 0.46015625000000004 0.3260416666666667
0 0.5015625 0.315625 0.503125 0.3010416666666667 0.49296875 0.3010416666666667 0.49296875 0.3145833333333333 0.5015625 0.315625
3 0.48750000000000004 0.3947916666666667 0.48984375 0.3791666666666667 0.48750000000000004 0.3729166666666667 0.48281250000000003 0.378125 0.48281250000000003 0.3927083333333333 0.48750000000000004 0.3947916666666667
3 0.42812500000000003 0.646875 0.43203125000000003 0.646875 0.4375 0.628125 0.434375 0.6197916666666666 0.43359375 0.6062500000000001 0.43046875 0.603125 0.42265625 0.603125 0.42265625 0.634375 0.42812500000000003 0.646875
3 0.36015625 0.6229166666666667 0.35781250000000003 0.64375 0.36328125 0.6666666666666666 0.36640625000000004 0.6687500000000001 0.375 0.6552083333333334 0.37812500000000004 0.6427083333333334 0.37421875000000004 0.6364583333333333 0.37343750000000003 0.6229166666666667 0.35781250000000003 0.615625 0.35546875 0.6083333333333334 0.35625 0.61875 0.36015625 0.6229166666666667
3 0.48828125 0.453125 0.4921875 0.4479166666666667 0.4921875 0.43125 0.48515625 0.4302083333333333 0.48359375000000004 0.4447916666666667 0.48828125 0.453125
3 0.49609375 0.625 0.49921875000000004 0.6270833333333334 0.5062500000000001 0.6125 0.5062500000000001 0.5906250000000001 0.503125 0.5854166666666667 0.49062500000000003 0.5843750000000001 0.49140625000000004 0.6125 0.49609375 0.625
3 0.4734375 0.4197916666666667 0.47578125000000004 0.4072916666666667 0.47187500000000004 0.40208333333333335 0.46796875000000004 0.403125 0.46796875000000004 0.41770833333333335 0.4734375 0.4197916666666667
3 0.5203125000000001 0.8020833333333334 0.5296875000000001 0.8125 0.5328125 0.8270833333333334 0.5359375000000001 0.8260416666666667 0.5375000000000001 0.8083333333333333 0.54453125 0.7989583333333334 0.5429687500000001 0.7885416666666667 0.5453125000000001 0.7822916666666666 0.5414062500000001 0.7729166666666667 0.53828125 0.7520833333333334 0.5218750000000001 0.7520833333333334 0.51875 0.7541666666666667 0.5203125000000001 0.8020833333333334
3 0.47734375 0.4083333333333333 0.48046875 0.4072916666666667 0.48125 0.3927083333333333 0.47734375 0.38958333333333334 0.47500000000000003 0.3916666666666667 0.47500000000000003 0.403125 0.47734375 0.4083333333333333
3 0.5859375000000001 0.4458333333333333 0.5906250000000001 0.4479166666666667 0.59375 0.434375 0.5921875000000001 0.43125 0.58515625 0.43125 0.5843750000000001 0.4416666666666667 0.5859375000000001 0.4458333333333333