1 0.5364583333333334 0.686111111111111 0.5435763888888888 0.6854938271604938 0.5484374999999999 0.6864197530864197 0.5501736111111111 0.6876543209876543 0.5512152777777778 0.6854938271604938 0.5519097222222222 0.6712962962962963 0.5501736111111111 0.6645061728395062 0.5439236111111111 0.6623456790123456 0.5359375 0.6632716049382715 0.5342013888888888 0.6651234567901234 0.5329861111111112 0.6712962962962963 0.5329861111111112 0.6851851851851852 0.5364583333333334 0.686111111111111
1 0.5730902777777778 0.6135802469135803 0.575 0.6148148148148148 0.5817708333333333 0.6148148148148148 0.5819444444444444 0.6067901234567901 0.5814236111111111 0.604320987654321 0.5805555555555555 0.6033950617283951 0.5789930555555556 0.6024691358024691 0.5748263888888888 0.6030864197530863 0.5732638888888888 0.6067901234567901 0.5725694444444445 0.6120370370370369 0.5730902777777778 0.6135802469135803
1 0.5248263888888889 0.6092592592592593 0.5324652777777777 0.6092592592592593 0.5331597222222222 0.6074074074074074 0.5331597222222222 0.5978395061728394 0.5321180555555556 0.5950617283950618 0.5302083333333333 0.5938271604938271 0.5260416666666666 0.5935185185185184 0.5243055555555556 0.5950617283950618 0.5237847222222223 0.5978395061728394 0.5234375 0.6058641975308642 0.5248263888888889 0.6092592592592593
1 0.5567708333333333 0.6179012345679012 0.5644097222222222 0.6182098765432099 0.5656249999999999 0.6145061728395061 0.5651041666666666 0.6061728395061728 0.5644097222222222 0.6033950617283951 0.5607638888888888 0.6012345679012346 0.5572916666666666 0.6024691358024691 0.5557291666666666 0.6061728395061728 0.5552083333333333 0.6108024691358025 0.5550347222222222 0.6166666666666666 0.5567708333333333 0.6179012345679012
5 0.5901041666666667 0.6552469135802469 0.5916666666666667 0.6564814814814816 0.5991319444444444 0.6570987654320988 0.6024305555555556 0.6570987654320988 0.6027777777777777 0.6561728395061728 0.603125 0.6506172839506172 0.6022569444444444 0.6425925925925926 0.6012152777777777 0.6398148148148147 0.5989583333333334 0.6367283950617284 0.5921875 0.6364197530864197 0.590625 0.6388888888888888 0.5894097222222222 0.6429012345679013 0.5892361111111111 0.6509259259259259 0.5901041666666667 0.6552469135802469
1 0.5017361111111112 0.6891975308641975 0.5102430555555555 0.6891975308641975 0.5114583333333333 0.6882716049382716 0.5121527777777778 0.6864197530864197 0.5123263888888888 0.678395061728395 0.5130208333333334 0.6753086419753087 0.5128472222222222 0.6712962962962963 0.5116319444444445 0.6645061728395062 0.5102430555555555 0.6623456790123456 0.5052083333333334 0.6608024691358024 0.5005208333333333 0.6611111111111112 0.4975694444444444 0.6632716049382715 0.49496527777777777 0.6697530864197531 0.49496527777777777 0.6870370370370371 0.5017361111111112 0.6891975308641975
5 0.5630208333333333 0.6586419753086419 0.5642361111111112 0.6608024691358024 0.5723958333333333 0.6626543209876543 0.5758680555555555 0.6626543209876543 0.5770833333333333 0.6617283950617284 0.5776041666666666 0.6527777777777778 0.5763888888888888 0.6459876543209876 0.5746527777777778 0.6416666666666666 0.5711805555555556 0.6398148148148147 0.5642361111111112 0.6407407407407407 0.5625 0.6478395061728395 0.5625 0.6555555555555556 0.5630208333333333 0.6586419753086419
1 0.2925347222222222 0.7074074074074075 0.3107638888888889 0.70679012345679 0.3180555555555556 0.7024691358024691 0.3210069444444444 0.696604938271605 0.3217013888888889 0.6876543209876543 0.3215277777777778 0.6854938271604938 0.3197916666666667 0.6814814814814815 0.3161458333333333 0.678395061728395 0.3069444444444444 0.6777777777777778 0.3048611111111111 0.6768518518518518 0.3003472222222222 0.6771604938271604 0.2956597222222222 0.6814814814814815 0.2925347222222222 0.688888888888889 0.29201388888888885 0.6929012345679012 0.29184027777777777 0.7046296296296296 0.2925347222222222 0.7074074074074075
1 0.5328124999999999 0.5888888888888889 0.5364583333333334 0.5888888888888889 0.5381944444444444 0.5854938271604938 0.5373263888888888 0.5777777777777777 0.5364583333333334 0.5762345679012346 0.5329861111111112 0.578395061728395 0.5317708333333333 0.5808641975308642 0.53125 0.5858024691358025 0.5328124999999999 0.5888888888888889
1 0.36996527777777777 0.6885802469135802 0.3732638888888889 0.6891975308641975 0.3746527777777778 0.6882716049382716 0.3762152777777778 0.686111111111111 0.3767361111111111 0.6830246913580247 0.3779513888888889 0.686111111111111 0.3796875 0.6873456790123457 0.3848958333333333 0.6873456790123457 0.3901041666666667 0.6848765432098766 0.3914930555555556 0.682716049382716 0.39218749999999997 0.6691358024691358 0.3909722222222222 0.6666666666666666 0.3878472222222222 0.6660493827160494 0.3842013888888889 0.6617283950617284 0.37656249999999997 0.6617283950617284 0.37309027777777776 0.6645061728395062 0.3717013888888889 0.66820987654321 0.36996527777777777 0.6697530864197531 0.36874999999999997 0.6759259259259259 0.3685763888888889 0.6854938271604938 0.36996527777777777 0.6885802469135802
1 0.5395833333333333 0.6058641975308642 0.5480902777777777 0.6058641975308642 0.5489583333333333 0.6037037037037037 0.5489583333333333 0.5916666666666667 0.5484374999999999 0.5904320987654321 0.5470486111111111 0.5882716049382716 0.5439236111111111 0.5858024691358025 0.5425347222222222 0.5864197530864198 0.5394097222222222 0.5904320987654321 0.5390625 0.5978395061728394 0.5395833333333333 0.6058641975308642
1 0.5640624999999999 0.6416666666666666 0.5670138888888888 0.6401234567901234 0.5704861111111111 0.6404320987654322 0.5744791666666667 0.6422839506172839 0.5753472222222222 0.6410493827160494 0.5746527777777778 0.6342592592592593 0.5711805555555556 0.6311728395061729 0.5670138888888888 0.6311728395061729 0.5645833333333333 0.6324074074074074 0.5635416666666666 0.6345679012345679 0.5625 0.6373456790123456 0.5640624999999999 0.6416666666666666
1 0.5387152777777777 0.628395061728395 0.5475694444444444 0.6287037037037038 0.5493055555555555 0.6265432098765432 0.5493055555555555 0.6194444444444445 0.5467013888888889 0.6157407407407407 0.5418402777777778 0.6151234567901235 0.5399305555555556 0.616358024691358 0.5378472222222223 0.6200617283950618 0.5371527777777777 0.6271604938271605 0.5387152777777777 0.628395061728395
1 0.603125 0.9108024691358024 0.6032986111111112 0.921604938271605 0.6041666666666666 0.9237654320987654 0.6048611111111112 0.9305555555555556 0.6057291666666667 0.9564814814814815 0.609375 0.9598765432098766 0.6126736111111112 0.9589506172839506 0.6163194444444444 0.9515432098765432 0.6192708333333333 0.9503086419753086 0.6319444444444444 0.9515432098765432 0.6380208333333334 0.9530864197530865 0.6446180555555555 0.9524691358024691 0.646875 0.9549382716049382 0.6472222222222221 0.9604938271604938 0.6487847222222222 0.9660493827160493 0.6501736111111112 0.967283950617284 0.6545138888888888 0.9660493827160493 0.6557291666666666 0.9608024691358025 0.6564236111111111 0.9512345679012346 0.6564236111111111 0.9364197530864197 0.6557291666666666 0.9237654320987654 0.6545138888888888 0.9166666666666666 0.6529513888888888 0.9114197530864198 0.6515624999999999 0.9003086419753087 0.6526041666666667 0.8966049382716049 0.6545138888888888 0.8953703703703704 0.6552083333333334 0.8898148148148147 0.6541666666666666 0.8882716049382716 0.6506944444444444 0.8882716049382716 0.6486111111111111 0.8858024691358025 0.6479166666666666 0.8790123456790124 0.645486111111111 0.870679012345679 0.6444444444444444 0.8688271604938271 0.6442708333333333 0.8660493827160494 0.6421875 0.8601851851851853 0.6407986111111111 0.8524691358024691 0.6385416666666666 0.8459876543209875 0.6354166666666666 0.8416666666666667 0.6300347222222222 0.8395061728395062 0.6217013888888888 0.8382716049382716 0.6116319444444444 0.8385802469135802 0.6105902777777777 0.8401234567901235 0.609375 0.8404320987654321 0.6057291666666667 0.8487654320987654 0.6041666666666666 0.8561728395061728 0.6036458333333333 0.8626543209876544 0.6026041666666666 0.8660493827160494 0.6020833333333333 0.8712962962962962 0.6019097222222222 0.8944444444444444 0.603125 0.9108024691358024
6 0.4284722222222222 0.6410493827160494 0.4310763888888889 0.6422839506172839 0.4376736111111111 0.6422839506172839 0.4387152777777778 0.6410493827160494 0.4394097222222222 0.6364197530864197 0.4394097222222222 0.6212962962962962 0.4388888888888889 0.6135802469135803 0.4381944444444444 0.6108024691358025 0.4359375 0.607716049382716 0.4322916666666667 0.6061728395061728 0.4296875 0.6064814814814815 0.4288194444444444 0.6067901234567901 0.428125 0.608641975308642 0.42777777777777776 0.6138888888888888 0.4276041666666667 0.6339506172839506 0.4284722222222222 0.6410493827160494
7 0.8074652777777778 0.6914401234567902 0.8076388888888888 0.6988475308641975 0.80625 0.7065635802469137 0.8064236111111112 0.7155141975308642 0.8069444444444444 0.7189092592592593 0.8086805555555555 0.7238475308641975 0.8123263888888889 0.7272425925925927 0.8215277777777777 0.7318722222222223 0.8232638888888888 0.7340327160493827 0.8258680555555555 0.7352672839506172 0.8274305555555556 0.7377364197530865 0.8310763888888888 0.7392796296296297 0.8512152777777777 0.7392796296296297 0.8590277777777777 0.7405141975308642 0.8663194444444444 0.7398969135802469 0.8663194444444444 0.7256993827160494 0.8633680555555555 0.7167487654320988 0.8630208333333333 0.7136623456790124 0.8609375 0.7099586419753087 0.8612847222222222 0.6880450617283951 0.8605902777777777 0.6840327160493828 0.8592013888888889 0.681254938271605 0.8588541666666666 0.6778598765432099 0.8559027777777778 0.6719956790123457 0.8512152777777777 0.6698351851851853 0.8489583333333334 0.6676746913580247 0.8460069444444444 0.6676746913580247 0.8399305555555555 0.6639709876543209 0.8239583333333333 0.6618104938271605 0.8211805555555556 0.6618104938271605 0.817361111111111 0.6661314814814815 0.8133680555555556 0.6686006172839506 0.8100694444444444 0.6692179012345678 0.8088541666666667 0.6713783950617284 0.8085069444444444 0.6849586419753086 0.8074652777777778 0.6914401234567902
7 0.7732638888888889 0.6627364197530865 0.7734375 0.6686006172839506 0.7751736111111112 0.6775512345679012 0.7743055555555556 0.6831067901234568 0.7751736111111112 0.6982302469135803 0.7756944444444444 0.6997734567901235 0.7791666666666666 0.7037858024691358 0.7828125 0.7062549382716049 0.7845486111111112 0.7059462962962962 0.7855902777777778 0.7037858024691358 0.7857638888888888 0.7006993827160494 0.7845486111111112 0.6929833333333334 0.7843749999999999 0.6800203703703703 0.7838541666666666 0.6784771604938271 0.7850694444444444 0.6615018518518518 0.7848958333333333 0.6466870370370371 0.7831597222222222 0.6445265432098766 0.7793402777777778 0.6445265432098766 0.7767361111111112 0.6432919753086419 0.7734375 0.6436006172839506 0.7715277777777778 0.6457611111111111 0.7715277777777778 0.6506993827160493 0.7732638888888889 0.6627364197530865
6 0.5390625 0.6030864197530863 0.5395833333333333 0.6052469135802468 0.5401041666666666 0.6061728395061728 0.5420138888888888 0.6064814814814815 0.5480902777777777 0.6058641975308642 0.5489583333333333 0.6027777777777777 0.5489583333333333 0.5916666666666667 0.5472222222222222 0.5873456790123457 0.5467013888888889 0.5864197530864198 0.5432291666666667 0.5861111111111111 0.5395833333333333 0.5907407407407407 0.5390625 0.5944444444444444 0.5390625 0.6030864197530863
6 0.5288194444444444 0.7351851851851853 0.5496527777777778 0.7373456790123456 0.5505208333333333 0.7373456790123456 0.5513888888888888 0.7354938271604938 0.5519097222222222 0.7324074074074074 0.5520833333333334 0.6969135802469135 0.5517361111111111 0.6919753086419753 0.5501736111111111 0.6867283950617284 0.5359375 0.6854938271604938 0.5329861111111112 0.6842592592592593 0.5293402777777777 0.6879629629629629 0.5284722222222222 0.692283950617284 0.5281250000000001 0.7037037037037037 0.5281250000000001 0.7333333333333334 0.5288194444444444 0.7351851851851853
6 0.3784722222222222 0.6583333333333333 0.37916666666666665 0.6595679012345679 0.3814236111111111 0.6608024691358024 0.3949652777777778 0.6598765432098765 0.3967013888888889 0.6592592592592593 0.3986111111111111 0.6570987654320988 0.3996527777777778 0.6540123456790122 0.3996527777777778 0.6435185185185185 0.3970486111111111 0.6373456790123456 0.3963541666666667 0.6308641975308641 0.3967013888888889 0.6268518518518519 0.3954861111111111 0.6237654320987653 0.39444444444444443 0.6228395061728395 0.3802083333333333 0.6228395061728395 0.37829861111111107 0.6268518518518519 0.3779513888888889 0.6521604938271606 0.3784722222222222 0.6583333333333333
6 0.4704861111111111 0.6080246913580247 0.4777777777777778 0.6083333333333334 0.4796875 0.6080246913580247 0.4809027777777778 0.6064814814814815 0.4815972222222222 0.5879629629629629 0.4809027777777778 0.5833333333333334 0.4796875 0.5811728395061728 0.4777777777777778 0.5790123456790123 0.47291666666666665 0.5799382716049383 0.47031249999999997 0.5833333333333334 0.4696180555555556 0.5879629629629629 0.4692708333333333 0.6030864197530863 0.4704861111111111 0.6080246913580247
6 0.5329861111111112 0.6574074074074074 0.5333333333333333 0.6626543209876543 0.5357638888888888 0.6648148148148147 0.5434027777777778 0.6629629629629629 0.5480902777777777 0.6641975308641975 0.5505208333333333 0.6663580246913581 0.5513888888888888 0.6620370370370371 0.5512152777777778 0.6524691358024691 0.5482638888888889 0.6302469135802469 0.5472222222222222 0.6290123456790124 0.5451388888888888 0.6287037037037038 0.5364583333333334 0.6290123456790124 0.5347222222222222 0.6308641975308641 0.5340277777777778 0.6351851851851852 0.5338541666666666 0.6524691358024691 0.5329861111111112 0.6574074074074074
3 0.7274305555555556 0.6503086419753087 0.7309027777777778 0.65 0.7315972222222222 0.6478395061728395 0.7315972222222222 0.6416666666666666 0.7302083333333333 0.6333333333333334 0.7274305555555556 0.6311728395061729 0.7265625 0.6324074074074074 0.7258680555555556 0.6354938271604937 0.7258680555555556 0.6475308641975309 0.7274305555555556 0.6503086419753087
6 0.5528661458333333 0.5874123456790122 0.5532531249999999 0.5909898148148148 0.5544140625 0.5901641975308641 0.5565039930555555 0.5898888888888889 0.5592902777777778 0.5914024691358024 0.5604512152777777 0.5915401234567901 0.5607609375 0.5893385802469135 0.5607609375 0.5864490740740741 0.5609930555555556 0.5772299382716048 0.5607609375 0.57035 0.5599095486111111 0.5671851851851852 0.5530210069444444 0.5671851851851852 0.5527887152777777 0.577504938271605 0.5528661458333333 0.5874123456790122