1 0.5709876543209876 0.5586419753086419 0.5733024691358024 0.566358024691358 0.5748456790123456 0.5682870370370371 0.5797325102880658 0.5698302469135802 0.5815329218106995 0.5717592592592593 0.588991769547325 0.5717592592592593 0.5954218106995884 0.5756172839506173 0.5972222222222222 0.5713734567901234 0.5979938271604938 0.5563271604938271 0.5954218106995884 0.5401234567901234 0.592335390946502 0.533179012345679 0.588477366255144 0.5281635802469136 0.5833333333333334 0.5258487654320988 0.5738168724279835 0.5273919753086419 0.5720164609053497 0.5289351851851852 0.5699588477366254 0.533179012345679 0.569701646090535 0.5405092592592593 0.5709876543209876 0.5586419753086419
4 0.5781893004115226 0.46219135802469136 0.5810185185185185 0.46334876543209874 0.588477366255144 0.46334876543209874 0.5905349794238682 0.4614197530864197 0.5910493827160493 0.45293209876543206 0.5902777777777778 0.4475308641975308 0.588991769547325 0.44483024691358025 0.5810185185185185 0.44483024691358025 0.5781893004115226 0.44598765432098764 0.5771604938271605 0.44868827160493824 0.57690329218107 0.4564043209876543 0.5781893004115226 0.46219135802469136
4 0.5537551440329218 0.4610339506172839 0.5676440329218106 0.4618055555555556 0.5684156378600823 0.4564043209876543 0.5679012345679012 0.44945987654320985 0.5637860082304527 0.44212962962962965 0.5604423868312757 0.4402006172839506 0.5570987654320988 0.4405864197530864 0.5534979423868313 0.44483024691358025 0.5524691358024691 0.44945987654320985 0.5522119341563786 0.4575617283950617 0.5537551440329218 0.4610339506172839
1 0.7494855967078189 0.529320987654321 0.7505144032921811 0.5308641975308641 0.7551440329218108 0.5320216049382716 0.7584876543209875 0.5374228395061729 0.7672325102880657 0.5343364197530863 0.7723765432098765 0.5343364197530863 0.7770061728395061 0.5385802469135802 0.7793209876543209 0.538966049382716 0.7806069958847737 0.5366512345679012 0.7816358024691357 0.5219907407407407 0.779835390946502 0.5162037037037037 0.7777777777777778 0.5135030864197531 0.7731481481481481 0.5030864197530863 0.7654320987654321 0.49729938271604934 0.7548868312757201 0.49729938271604934 0.751028806584362 0.5007716049382716 0.7494855967078189 0.5069444444444444 0.7487139917695472 0.5200617283950617 0.7494855967078189 0.529320987654321
4 0.4552469135802469 0.4498456790123456 0.45601851851851855 0.45331790123456783 0.46733539094650206 0.45331790123456783 0.4688786008230452 0.45177469135802467 0.46939300411522633 0.44483024691358025 0.46784979423868306 0.4363425925925926 0.46347736625514396 0.4332561728395061 0.45653292181069954 0.4367283950617284 0.4549897119341563 0.43904320987654316 0.4552469135802469 0.4498456790123456
1 0.802469135802469 0.6936728395061728 0.8047839506172839 0.7060185185185185 0.8070987654320987 0.7091049382716049 0.8106995884773662 0.7083333333333334 0.8150720164609053 0.7114197530864197 0.8204732510288065 0.7183641975308641 0.8245884773662552 0.7218364197530863 0.8279320987654321 0.7222222222222222 0.8297325102880657 0.7249228395061728 0.83179012345679 0.7337962962962963 0.8348765432098765 0.7391975308641975 0.8425925925925926 0.739969135802469 0.8474794238683127 0.7418981481481481 0.8667695473251028 0.7422839506172839 0.882201646090535 0.7415123456790123 0.8886316872427983 0.7372685185185185 0.890946502057613 0.728395061728395 0.8904320987654321 0.7195216049382716 0.886059670781893 0.70679012345679 0.8765432098765431 0.6929012345679012 0.8775720164609053 0.6851851851851852 0.8768004115226338 0.6840277777777778 0.8726851851851852 0.6836419753086419 0.8631687242798353 0.6693672839506172 0.8544238683127572 0.6612654320987653 0.8461934156378601 0.6577932098765431 0.8377057613168724 0.6566358024691357 0.8233024691358024 0.6574074074074074 0.8191872427983539 0.6589506172839505 0.809156378600823 0.6597222222222222 0.8042695473251028 0.6624228395061728 0.8016975308641975 0.6705246913580246 0.801440329218107 0.6805555555555556 0.802469135802469 0.6936728395061728
1 0.5501543209876543 0.5142746913580246 0.5576131687242798 0.5131172839506173 0.5676440329218106 0.5177469135802469 0.5691872427983539 0.5123456790123456 0.5689300411522633 0.5015432098765432 0.569701646090535 0.49729938271604934 0.5673868312757201 0.4895833333333333 0.5643004115226338 0.48341049382716045 0.5609567901234568 0.4818672839506173 0.5570987654320988 0.4818672839506173 0.551954732510288 0.4861111111111111 0.5496399176954733 0.4922839506172839 0.5486111111111112 0.507716049382716 0.5501543209876543 0.5142746913580246
5 0.444701646090535 0.43827160493827155 0.45293209876543206 0.43827160493827155 0.4547325102880658 0.43557098765432095 0.4539609053497942 0.42824074074074076 0.45164609053497945 0.4251543209876543 0.4493312757201646 0.42438271604938266 0.4457304526748971 0.42592592592592593 0.44315843621399176 0.4297839506172839 0.4429012345679012 0.43595679012345673 0.444701646090535 0.43827160493827155
5 0.4212962962962963 0.447145061728395 0.4308127572016461 0.44598765432098764 0.4323559670781893 0.4425154320987654 0.43158436213991763 0.43557098765432095 0.42875514403292175 0.43132716049382713 0.42181069958847733 0.4332561728395061 0.41975308641975306 0.43827160493827155 0.4194958847736625 0.44521604938271603 0.4212962962962963 0.447145061728395
1 0.3698559670781893 0.5597993827160493 0.37319958847736623 0.5594135802469136 0.37654320987654316 0.5551697530864197 0.3881172839506173 0.5551697530864197 0.39377572016460904 0.5570987654320988 0.39814814814814814 0.5474537037037037 0.39917695473251025 0.5362654320987654 0.39403292181069954 0.5254629629629629 0.37988683127572015 0.5258487654320988 0.3721707818930041 0.529320987654321 0.36959876543209874 0.535108024691358 0.3683127572016461 0.5424382716049382 0.3680555555555556 0.55054012345679 0.3698559670781893 0.5597993827160493
1 0.6988168724279835 0.8946759259259259 0.6990740740740741 0.9189814814814815 0.7006172839506172 0.9282407407407407 0.703446502057613 0.9328703703703703 0.706275720164609 0.9344135802469135 0.7098765432098765 0.9344135802469135 0.7157921810699589 0.9432870370370371 0.7289094650205761 0.9803240740740741 0.7286522633744856 0.9915123456790123 0.7278806584362139 0.9945987654320987 0.7286522633744856 0.9957561728395061 0.7325102880658435 0.9976851851851852 0.7327674897119342 0.9996141975308641 0.7430555555555556 0.9996141975308641 0.7430555555555556 0.9980709876543209 0.7445987654320987 0.9972993827160493 0.7465277777777778 0.9976851851851852 0.7481995884773662 0.9996141975308641 0.7484567901234568 0.9976851851851852 0.7590020576131686 0.9969135802469135 0.8145576131687242 0.9972993827160493 0.8176440329218108 0.9996141975308641 0.8179012345679012 0.9976851851851852 0.823559670781893 0.9972993827160493 0.8253600823045267 0.9953703703703703 0.8245884773662552 0.9876543209876543 0.8209876543209875 0.9718364197530863 0.8148148148148148 0.9556327160493827 0.8045267489711934 0.9340277777777778 0.8019547325102879 0.9263117283950616 0.8022119341563786 0.9224537037037037 0.805812757201646 0.9182098765432097 0.8055555555555556 0.9170524691358024 0.8042695473251028 0.9147376543209875 0.8027263374485597 0.9147376543209875 0.8004115226337448 0.9174382716049382 0.7991255144032922 0.915895061728395 0.7921810699588477 0.9016203703703703 0.790895061728395 0.8954475308641975 0.7885802469135802 0.8896604938271605 0.7847222222222222 0.8842592592592593 0.7728909465020576 0.8618827160493827 0.7685185185185185 0.8557098765432097 0.7620884773662552 0.851466049382716 0.7520576131687242 0.8487654320987653 0.7291666666666666 0.8483796296296297 0.7055041152263374 0.8499228395061728 0.6993312757201645 0.8530092592592593 0.6959876543209875 0.8653549382716049 0.6957304526748971 0.8800154320987653 0.6988168724279835 0.8946759259259259
1 0.5987654320987653 0.5243055555555556 0.602366255144033 0.5239197530864197 0.6085390946502057 0.5273919753086419 0.6165123456790123 0.5270061728395061 0.6195987654320987 0.5297067901234568 0.6229423868312757 0.5308641975308641 0.6234567901234568 0.5300925925925926 0.6242283950617283 0.5216049382716049 0.6234567901234568 0.5100308641975309 0.6195987654320987 0.49807098765432095 0.6159979423868313 0.49344135802469136 0.6123971193415637 0.49074074074074076 0.602366255144033 0.49112654320987653 0.5987654320987653 0.49421296296296297 0.5969650205761317 0.5050154320987654 0.5967078189300411 0.5189043209876543 0.5987654320987653 0.5243055555555556
5 0.5640432098765432 0.439429012345679 0.5743312757201645 0.4386574074074074 0.5745884773662551 0.43209876543209874 0.5712448559670782 0.4251543209876543 0.5653292181069959 0.4251543209876543 0.5637860082304527 0.4274691358024691 0.563014403292181 0.43094135802469136 0.5627572016460904 0.43557098765432095 0.5640432098765432 0.439429012345679
4 0.3876028806584362 0.4837962962962963 0.3894032921810699 0.4857253086419753 0.4007201646090535 0.4849537037037037 0.4045781893004115 0.48302469135802467 0.4061213991769547 0.48070987654320985 0.4056069958847736 0.4675925925925926 0.4012345679012345 0.46296296296296297 0.39094650205761317 0.46334876543209874 0.3894032921810699 0.46566358024691357 0.38708847736625507 0.47337962962962965 0.3868312757201646 0.48070987654320985 0.3876028806584362 0.4837962962962963
4 0.06044238683127572 0.6304012345679012 0.06507201646090535 0.6358024691358024 0.06584362139917695 0.6408179012345678 0.06738683127572016 0.64429012345679 0.07175925925925926 0.6439043209876543 0.07561728395061727 0.6369598765432097 0.08487654320987653 0.6354166666666666 0.09310699588477366 0.6419753086419753 0.09876543209876543 0.6419753086419753 0.1000514403292181 0.6400462962962963 0.1015946502057613 0.6323302469135802 0.1036522633744856 0.628858024691358 0.11651234567901234 0.6261574074074074 0.11831275720164608 0.6234567901234568 0.11882716049382715 0.6199845679012346 0.11856995884773662 0.6084104938271605 0.11599794238683127 0.5960648148148148 0.11368312757201646 0.5914351851851852 0.11059670781893004 0.5898919753086419 0.10570987654320987 0.5848765432098765 0.10236625514403291 0.5837191358024691 0.08076131687242798 0.5844907407407407 0.07484567901234566 0.5864197530864197 0.0676440329218107 0.5906635802469136 0.0640432098765432 0.595679012345679 0.06275720164609054 0.5995370370370371 0.06018518518518518 0.6095679012345678 0.05967078189300411 0.614969135802469 0.05967078189300411 0.6277006172839505 0.06044238683127572 0.6304012345679012
1 0.533179012345679 0.45987654320987653 0.540380658436214 0.46064814814814814 0.544238683127572 0.45910493827160487 0.5473251028806584 0.45563271604938266 0.5470679012345678 0.44830246913580246 0.5429526748971193 0.441358024691358 0.5360082304526749 0.4405864197530864 0.5324074074074074 0.4463734567901234 0.5316358024691358 0.4564043209876543 0.533179012345679 0.45987654320987653
1 0.3629115226337448 0.439429012345679 0.37294238683127573 0.4386574074074074 0.37577160493827155 0.43557098765432095 0.37397119341563784 0.4290123456790123 0.36959876543209874 0.42592592592592593 0.3654835390946502 0.4270833333333333 0.3626543209876543 0.4305555555555556 0.3621399176954732 0.4367283950617284 0.3629115226337448 0.439429012345679
1 0.5398662551440329 0.4826388888888889 0.5462962962962963 0.47723765432098764 0.5491255144032922 0.47800925925925924 0.5534979423868313 0.48148148148148145 0.5576131687242798 0.48070987654320985 0.5573559670781892 0.4737654320987654 0.5555555555555556 0.46682098765432095 0.5534979423868313 0.46257716049382713 0.5506687242798354 0.4602623456790123 0.5429526748971193 0.4610339506172839 0.5390946502057613 0.4664351851851852 0.5388374485596708 0.47723765432098764 0.5398662551440329 0.4826388888888889
1 0.5491255144032922 0.4429012345679012 0.5534979423868313 0.4429012345679012 0.5586419753086419 0.43904320987654316 0.5583847736625513 0.43171296296296297 0.5568415637860082 0.42862654320987653 0.5501543209876543 0.4274691358024691 0.5473251028806584 0.43364197530864196 0.5473251028806584 0.439429012345679 0.5491255144032922 0.4429012345679012
1 0.5848765432098765 0.6195987654320987 0.5879629629629629 0.6265432098765431 0.5882201646090535 0.6334876543209875 0.5915637860082305 0.6396604938271605 0.5987654320987653 0.6369598765432097 0.6175411522633745 0.6373456790123456 0.6226851851851852 0.6392746913580246 0.6244855967078189 0.6373456790123456 0.6257716049382716 0.6319444444444444 0.625 0.6165123456790123 0.6213991769547326 0.6060956790123456 0.6203703703703703 0.5987654320987653 0.6188271604938271 0.5964506172839505 0.6167695473251029 0.5895061728395061 0.6134259259259259 0.5841049382716049 0.6039094650205761 0.5806327160493827 0.5951646090534979 0.5802469135802469 0.5931069958847737 0.5814043209876543 0.5861625514403291 0.5922067901234568 0.5835905349794238 0.6030092592592593 0.5833333333333334 0.61304012345679 0.5848765432098765 0.6195987654320987
5 0.6286008230452674 0.5767746913580246 0.6311728395061728 0.5810185185185185 0.6355452674897119 0.5922067901234568 0.6368312757201645 0.6030092592592593 0.6378600823045267 0.6057098765432097 0.6646090534979423 0.6064814814814815 0.6679526748971193 0.6091820987654321 0.6697530864197531 0.6064814814814815 0.6707818930041152 0.591820987654321 0.6697530864197531 0.5848765432098765 0.6684670781893004 0.58179012345679 0.6684670781893004 0.5752314814814815 0.6656378600823045 0.5736882716049382 0.6586934156378601 0.5621141975308641 0.6517489711934156 0.5597993827160493 0.6376028806584363 0.560570987654321 0.6301440329218108 0.5671296296296297 0.6280864197530863 0.5709876543209876 0.6278292181069959 0.5744598765432098 0.6286008230452674 0.5767746913580246
1 0.11265432098765432 0.6493055555555556 0.11368312757201646 0.6547067901234568 0.11599794238683127 0.6577932098765431 0.14043209876543208 0.6539351851851852 0.14763374485596706 0.6550925925925926 0.15046296296296297 0.6523919753086419 0.15226337448559668 0.6469907407407407 0.1558641975308642 0.6427469135802468 0.1610082304526749 0.6392746913580246 0.1648662551440329 0.6381172839506172 0.1648662551440329 0.6157407407407407 0.1617798353909465 0.6087962962962963 0.15637860082304528 0.6018518518518519 0.15174897119341565 0.6003086419753086 0.14531893004115226 0.6003086419753086 0.136059670781893 0.6022376543209875 0.12962962962962962 0.6057098765432097 0.12114197530864196 0.6161265432098765 0.11754115226337447 0.6284722222222222 0.11368312757201646 0.6365740740740741 0.11239711934156377 0.6404320987654321 0.11265432098765432 0.6493055555555556
1 0.6893004115226338 0.44868827160493824 0.6921296296296297 0.4513888888888889 0.6967592592592593 0.4513888888888889 0.702417695473251 0.4544753086419753 0.7106481481481481 0.4540895061728395 0.7124485596707819 0.45293209876543206 0.7124485596707819 0.44598765432098764 0.7114197530864197 0.4429012345679012 0.7098765432098765 0.4405864197530864 0.6993312757201645 0.4332561728395061 0.6926440329218108 0.43287037037037035 0.6893004115226338 0.43557098765432095 0.6875 0.4405864197530864 0.6872427983539094 0.4425154320987654 0.6893004115226338 0.44868827160493824
1 0.6123971193415637 0.4899691358024691 0.6190843621399177 0.49691358024691357 0.6231995884773662 0.5069444444444444 0.6262860082304527 0.5084876543209876 0.6311728395061728 0.5081018518518519 0.6324588477366255 0.5030864197530863 0.6324588477366255 0.49807098765432095 0.6298868312757201 0.4880401234567901 0.6273148148148148 0.48418209876543206 0.6229423868312757 0.48148148148148145 0.6190843621399177 0.48070987654320985 0.614969135802469 0.48225308641975306 0.6123971193415637 0.4853395061728395 0.6116255144032922 0.4876543209876543 0.6123971193415637 0.4899691358024691
1 0.444701646090535 0.4540895061728395 0.4462448559670782 0.45293209876543206 0.44598765432098764 0.4444444444444444 0.44264403292181065 0.4367283950617284 0.44084362139917693 0.4351851851851852 0.43441358024691357 0.43557098765432095 0.43209876543209874 0.4436728395061728 0.4323559670781893 0.4548611111111111 0.444701646090535 0.4540895061728395
1 0.2875514403292181 0.7654320987654321 0.2875514403292181 0.7824074074074074 0.28883744855967075 0.7966820987654321 0.2950102880658436 0.8078703703703703 0.29655349794238683 0.8090277777777778 0.2996399176954732 0.8082561728395061 0.3034979423868313 0.8040123456790123 0.3096707818930041 0.8013117283950616 0.3395061728395061 0.8009259259259259 0.34182098765432095 0.8013117283950616 0.34516460905349794 0.8047839506172839 0.3487654320987654 0.8055555555555556 0.3508230452674897 0.8032407407407407 0.35236625514403286 0.7893518518518519 0.35493827160493824 0.7777777777777778 0.35802469135802467 0.771219135802469 0.36625514403292175 0.7584876543209875 0.3672839506172839 0.7488425925925926 0.3672839506172839 0.7376543209876543 0.3659979423868313 0.7276234567901234 0.3641975308641975 0.7237654320987653 0.3636831275720165 0.7202932098765431 0.3649691358024691 0.7168209876543209 0.36445473251028804 0.7137345679012346 0.35905349794238683 0.7118055555555556 0.3526234567901234 0.7056327160493827 0.3482510288065843 0.7037037037037037 0.3238168724279835 0.7029320987654321 0.3125 0.7052469135802468 0.3040123456790123 0.7145061728395061 0.3001543209876543 0.7214506172839505 0.29320987654320985 0.7388117283950616 0.28858024691358025 0.7565586419753086 0.28858024691358025 0.7615740740740741 0.2875514403292181 0.7654320987654321
4 0.3392489711934156 0.44945987654320985 0.34002057613168724 0.4506172839506173 0.3420781893004115 0.45177469135802467 0.34747942386831276 0.4498456790123456 0.3541666666666667 0.44945987654320985 0.3546810699588477 0.44830246913580246 0.35493827160493824 0.43904320987654316 0.3521090534979424 0.43209876543209874 0.34336419753086417 0.4332561728395061 0.3407921810699588 0.4367283950617284 0.3392489711934156 0.4425154320987654 0.3392489711934156 0.44945987654320985
4 0.7065329218106996 0.6851851851851852 0.7075617283950616 0.6886574074074074 0.7080761316872427 0.7098765432098765 0.709619341563786 0.71875 0.713477366255144 0.7229938271604938 0.7168209876543209 0.7218364197530863 0.7196502057613168 0.7241512345679012 0.724022633744856 0.7310956790123456 0.7265946502057612 0.7326388888888888 0.7289094650205761 0.7361111111111112 0.7314814814814815 0.7445987654320987 0.7322530864197531 0.7546296296296297 0.7340534979423867 0.759645061728395 0.7386831275720164 0.7600308641975309 0.7417695473251028 0.7584876543209875 0.7448559670781892 0.7550154320987653 0.7479423868312757 0.7542438271604938 0.7739197530864197 0.7550154320987653 0.7847222222222222 0.7604166666666666 0.7867798353909464 0.7604166666666666 0.789866255144033 0.7569444444444444 0.7919238683127572 0.7515432098765431 0.7932098765432097 0.7337962962962963 0.7914094650205761 0.7202932098765431 0.7847222222222222 0.7056327160493827 0.783179012345679 0.7002314814814815 0.7852366255144033 0.6921296296296297 0.7795781893004116 0.6890432098765431 0.776491769547325 0.6820987654320987 0.7656893004115226 0.663966049382716 0.7582304526748971 0.6574074074074074 0.7448559670781892 0.6547067901234568 0.7281378600823045 0.65625 0.7214506172839505 0.6593364197530863 0.7098765432098765 0.6593364197530863 0.7075617283950616 0.6608796296296297 0.7065329218106996 0.6631944444444444 0.7060185185185185 0.677469135802469 0.7065329218106996 0.6851851851851852
4 0.8562242798353908 0.6091820987654321 0.8590534979423867 0.6226851851851852 0.8629115226337448 0.6257716049382716 0.8672839506172839 0.6219135802469135 0.8703703703703703 0.6215277777777778 0.8801440329218108 0.6311728395061728 0.8829732510288065 0.6419753086419753 0.8863168724279835 0.6458333333333334 0.8904320987654321 0.6450617283950616 0.893775720164609 0.6427469135802468 0.9156378600823045 0.64429012345679 0.9189814814814815 0.6454475308641975 0.9218106995884773 0.64429012345679 0.9254115226337448 0.6377314814814815 0.9256687242798353 0.6265432098765431 0.9236111111111112 0.6195987654320987 0.9161522633744856 0.6084104938271605 0.9125514403292181 0.5979938271604938 0.9094650205761317 0.5925925925925926 0.9012345679012346 0.5841049382716049 0.882201646090535 0.5829475308641975 0.8762860082304527 0.5833333333333334 0.8698559670781892 0.5860339506172839 0.8590534979423867 0.5852623456790123 0.8557098765432097 0.5868055555555556 0.8536522633744856 0.5933641975308641 0.8536522633744856 0.6022376543209875 0.8562242798353908 0.6091820987654321
6 0.5925925925925926 0.47646604938271603 0.5943930041152263 0.4810956790123456 0.6026234567901234 0.4853395061728395 0.6193415637860082 0.48070987654320985 0.6206275720164608 0.4791666666666667 0.6211419753086419 0.4737654320987654 0.6201131687242798 0.45177469135802467 0.6185699588477367 0.4463734567901234 0.6162551440329218 0.4425154320987654 0.6082818930041152 0.439429012345679 0.602366255144033 0.4402006172839506 0.5987654320987653 0.44483024691358025 0.5938786008230452 0.44675925925925924 0.591820987654321 0.45023148148148145 0.5913065843621399 0.4618055555555556 0.5925925925925926 0.47646604938271603
6 0.34182098765432095 0.45177469135802467 0.34773662551440326 0.4498456790123456 0.35390946502057613 0.44945987654320985 0.3551954732510288 0.44598765432098764 0.35493827160493824 0.4386574074074074 0.35185185185185186 0.4305555555555556 0.34516460905349794 0.43094135802469136 0.3420781893004115 0.4324845679012345 0.3395061728395061 0.44174382716049376 0.3392489711934156 0.44945987654320985 0.34182098765432095 0.45177469135802467
6 0.709619341563786 0.5034722222222222 0.7150205761316871 0.5023148148148148 0.7204218106995884 0.5027006172839505 0.7232510288065842 0.5042438271604938 0.7247942386831275 0.5034722222222222 0.7255658436213991 0.5015432098765432 0.7258230452674896 0.49459876543209874 0.7211934156378601 0.46682098765432095 0.7193930041152263 0.4652777777777778 0.7111625514403292 0.46412037037037035 0.7060185185185185 0.46412037037037035 0.7029320987654321 0.46604938271604934 0.7031893004115226 0.49691358024691357 0.709619341563786 0.5034722222222222
3 0.016975308641975308 0.8765432098765431 0.019032921810699585 0.8811728395061728 0.022633744855967076 0.8823302469135802 0.027263374485596705 0.8773148148148148 0.03137860082304527 0.8684413580246912 0.035493827160493825 0.8641975308641975 0.038323045267489704 0.86304012345679 0.05041152263374485 0.8530092592592593 0.05375514403292181 0.8483796296296297 0.05452674897119341 0.8375771604938271 0.05375514403292181 0.8306327160493827 0.051954732510288065 0.8279320987654321 0.050154320987654315 0.8117283950617283 0.04681069958847736 0.8078703703703703 0.04578189300411522 0.8105709876543209 0.0426954732510288 0.8132716049382716 0.0411522633744856 0.8179012345679012 0.04063786008230452 0.8217592592592593 0.04398148148148148 0.8240740740740741 0.044753086419753084 0.8275462962962963 0.04295267489711934 0.8310185185185185 0.04295267489711934 0.8356481481481481 0.03960905349794239 0.8348765432098765 0.03420781893004115 0.8368055555555556 0.025205761316872424 0.8368055555555556 0.01954732510288066 0.8387345679012346 0.01723251028806584 0.8418209876543209 0.014403292181069957 0.8541666666666666 0.015174897119341564 0.8695987654320987 0.016975308641975308 0.8765432098765431
3 0.5992798353909464 0.5543981481481481 0.6010802469135802 0.5567129629629629 0.6031378600823045 0.5567129629629629 0.6051954732510288 0.5536265432098765 0.6072530864197531 0.5385802469135802 0.6057098765432097 0.5285493827160493 0.6018518518518519 0.5250771604938271 0.5977366255144033 0.5358796296296297 0.5974794238683127 0.5447530864197531 0.5992798353909464 0.5543981481481481
3 0.6247427983539094 0.6060956790123456 0.6252572016460904 0.6134259259259259 0.6265432098765431 0.6161265432098765 0.6301440329218108 0.6161265432098765 0.6314300411522633 0.6126543209876543 0.632201646090535 0.6018518518518519 0.6314300411522633 0.5887345679012346 0.6301440329218108 0.5856481481481481 0.6265432098765431 0.5856481481481481 0.6244855967078189 0.5887345679012346 0.6234567901234568 0.5964506172839505 0.6231995884773662 0.6022376543209875 0.6247427983539094 0.6060956790123456
3 0.6579218106995884 0.5189043209876543 0.6612654320987653 0.5196759259259259 0.6628086419753086 0.5127314814814815 0.6625514403292181 0.5015432098765432 0.6612654320987653 0.49961419753086417 0.6586934156378601 0.5 0.6563786008230452 0.5011574074074074 0.6556069958847737 0.5030864197530863 0.6558641975308641 0.5154320987654321 0.6579218106995884 0.5189043209876543
2 0.032407407407407406 0.7916666666666666 0.034722222222222224 0.7962962962962963 0.034722222222222224 0.8055555555555556 0.037037037037037035 0.8078703703703703 0.037037037037037035 0.8333333333333334 0.02546296296296296 0.8379629629629629 0.020833333333333332 0.8310185185185185 0.020833333333333332 0.8101851851851852 0.02546296296296296 0.8009259259259259 0.02546296296296296 0.7939814814814815 0.03009259259259259 0.7916666666666666