8 0 0.4681309216192937 0 0.5585701981050818 0.015746124031007752 0.55770887166236 0.021560077519379845 0.5551248923341946 0.029554263565891477 0.5568475452196382 0.037063953488372096 0.5473729543496986 0.0436046511627907 0.545219638242894 0.06419573643410853 0.5335917312661499 0.07146317829457365 0.532730404823428 0.07437015503875968 0.5301464254952627 0.07921511627906977 0.5193798449612403 0.08042635658914729 0.5142118863049095 0.08042635658914729 0.5086132644272179 0.07848837209302326 0.49052540913006026 0.07655038759689922 0.48234280792420325 0.061288759689922485 0.46339362618432384 0.05741279069767442 0.46080964685615844 0.05135658914728682 0.45908699397071495 0.02931201550387597 0.45908699397071495 0.022529069767441862 0.46037898363479757 0.010416666666666666 0.46554694229112836 0 0.4681309216192937
1 0.8137112403100775 0.36950904392764855 0.8156492248062016 0.37209302325581395 0.8171027131782945 0.3772609819121447 0.8207364341085273 0.38027562446167096 0.844718992248062 0.37941429801894916 0.8512596899224806 0.3807062876830319 0.8561046511627908 0.3841515934539191 0.8597383720930233 0.3841515934539191 0.8628875968992248 0.38113695090439276 0.8670058139534885 0.38027562446167096 0.870639534883721 0.3751076658053402 0.872577519379845 0.36950904392764855 0.8723352713178295 0.3660637381567614 0.87015503875969 0.3613264427217916 0.8657945736434108 0.35831180017226527 0.8599806201550387 0.3570198105081826 0.8524709302325582 0.3488372093023256 0.8495639534883721 0.3479758828596038 0.8246124031007752 0.34539190353143845 0.8166182170542635 0.3479758828596038 0.8137112403100775 0.35228251507321273 0.8125 0.3587424633936262 0.8137112403100775 0.36950904392764855
1 0.5 0.4952627045650302 0.5016957364341086 0.5012919896640826 0.5048449612403101 0.5038759689922481 0.5256782945736435 0.5034453057708872 0.5324612403100776 0.5060292850990525 0.5346414728682171 0.5055986218776917 0.5365794573643411 0.5021533161068045 0.5370639534883721 0.49397071490094746 0.5394864341085271 0.48148148148148145 0.5394864341085271 0.4771748492678725 0.5373062015503876 0.466838931955211 0.5339147286821706 0.45994832041343664 0.5314922480620156 0.458656330749354 0.5188953488372093 0.4577950043066322 0.5121124031007752 0.45951765719207577 0.5087209302325582 0.46339362618432384 0.5046027131782945 0.4732988802756245 0.5016957364341086 0.47502153316106804 0.500484496124031 0.47760551248923344 0.5016957364341086 0.48492678725236865 0.5 0.4952627045650302
1 0.5552325581395349 0.3824289405684755 0.559593023255814 0.3858742463393626 0.563953488372093 0.3987941429801895 0.5685562015503876 0.3979328165374677 0.5717054263565892 0.39233419465977604 0.5726744186046512 0.38372093023255816 0.5726744186046512 0.3725236864771748 0.5717054263565892 0.3682170542635659 0.5695251937984497 0.36563307493540054 0.5646802325581396 0.36391042204995694 0.5569282945736435 0.36391042204995694 0.5535368217054264 0.36735572782084414 0.5501453488372093 0.37639965546942294 0.5491763565891473 0.38027562446167096 0.5552325581395349 0.3824289405684755
1 0.5704941860465117 0.35012919896640826 0.5719476744186047 0.34926787252368646 0.5700096899224806 0.3479758828596038 0.5690406976744187 0.3488372093023256 0.5704941860465117 0.35012919896640826
5 0.010901162790697675 0.40783807062876826 0.01187015503875969 0.40869939707149006 0.020106589147286823 0.409130060292851 0.03052325581395349 0.4142980189491818 0.03827519379844961 0.4164513350559862 0.052567829457364344 0.4125753660637382 0.06056201550387597 0.4125753660637382 0.06468023255813954 0.4043927648578811 0.06419573643410853 0.39750215331610683 0.06056201550387597 0.3927648578811369 0.05353682170542636 0.3897502153316107 0.046511627906976744 0.3841515934539191 0.03924418604651163 0.38199827734711456 0.02931201550387597 0.3824289405684755 0.02592054263565892 0.3841515934539191 0.018895348837209305 0.39104220499569337 0.015988372093023256 0.39577950043066323 0.012112403100775194 0.3987941429801895 0.010901162790697675 0.40137812230835485 0.010416666666666666 0.4052540913006029 0.010901162790697675 0.40783807062876826
5 0.5084786821705427 0.3449612403100775 0.5196220930232558 0.34625322997416025 0.5232558139534884 0.34280792420327305 0.5247093023255814 0.33118001722652884 0.5196220930232558 0.32170542635658916 0.5152616279069767 0.32127476313522824 0.5113856589147288 0.32385874246339363 0.5077519379844961 0.33118001722652884 0.5072674418604651 0.3341946597760551 0.5070251937984497 0.3423772609819121 0.5084786821705427 0.3449612403100775
1 0.813468992248062 0.5241171403962102 0.8144379844961241 0.5258397932816538 0.8183139534883721 0.5267011197243755 0.8253391472868218 0.5340223944875108 0.8270348837209303 0.5370370370370371 0.8294573643410854 0.5465116279069767 0.8313953488372093 0.5490956072351422 0.8386627906976746 0.5469422911283376 0.8728197674418605 0.5512489233419466 0.8752422480620156 0.5473729543496986 0.8764534883720931 0.5426356589147286 0.8762112403100775 0.5258397932816538 0.8735465116279071 0.5172265288544358 0.8694282945736435 0.5090439276485788 0.8696705426356589 0.5047372954349698 0.8689437984496124 0.5025839793281653 0.8648255813953489 0.4974160206718346 0.8590116279069768 0.4853574504737295 0.8544089147286823 0.4797588285960379 0.8420542635658914 0.4763135228251507 0.8241279069767442 0.4771748492678725 0.8180717054263567 0.4827734711455641 0.8144379844961241 0.48880275624461667 0.8122577519379846 0.5 0.812015503875969 0.516365202411714 0.813468992248062 0.5241171403962102
1 0 0.4405684754521964 0.0019379844961240312 0.4405684754521964 0.008236434108527133 0.43109388458225667 0.01550387596899225 0.4263565891472868 0.02858527131782946 0.42334194659776053 0.033187984496124034 0.42334194659776053 0.03657945736434109 0.425495262704565 0.0436046511627907 0.425495262704565 0.041666666666666664 0.4186046511627907 0.040213178294573645 0.4168819982773471 0.035852713178294575 0.4168819982773471 0.03294573643410853 0.4138673557278208 0.029069767441860468 0.41300602928509905 0.02567829457364341 0.41042204995693365 0.019137596899224806 0.409130060292851 0.007751937984496125 0.4099913867355728 0 0.41128337639965545 0 0.4405684754521964
1 0.34375 0.3143841515934539 0.345203488372093 0.31782945736434104 0.3594961240310078 0.3165374677002584 0.3609496124031008 0.313953488372093 0.3611918604651163 0.3040482342807924 0.3594961240310078 0.29931093884582255 0.3498062015503876 0.29931093884582255 0.3476259689922481 0.30017226528854435 0.34447674418604657 0.3040482342807924 0.34375 0.3066322136089578 0.34375 0.3143841515934539
4 0.43241279069767447 0.5133505598621878 0.435562015503876 0.5155038759689922 0.43677325581395354 0.5120585701981051 0.4387112403100776 0.5111972437553833 0.4505813953488373 0.5111972437553833 0.45639534883720934 0.512489233419466 0.46002906976744184 0.5176571920757967 0.46245155038759694 0.5167958656330749 0.46342054263565896 0.5159345391903531 0.4643895348837209 0.5051679586563308 0.466327519379845 0.5 0.46802325581395354 0.4995693367786391 0.47068798449612403 0.5030146425495262 0.47407945736434115 0.4926787252368648 0.4757751937984497 0.47502153316106804 0.47601744186046513 0.46382428940568476 0.47432170542635665 0.45951765719207577 0.46608527131782945 0.45176571920757963 0.4542151162790698 0.4491817398794143 0.44500968992248063 0.4496124031007752 0.44161821705426363 0.45262704565030143 0.4319282945736434 0.4707149009474591 0.43095930232558144 0.4780361757105943 0.42877906976744184 0.4862187769164513 0.42877906976744184 0.5047372954349698 0.43241279069767447 0.5133505598621878
5 0.46148255813953487 0.4465977605512489 0.4699612403100776 0.45391903531438416 0.4731104651162791 0.45478036175710596 0.48740310077519383 0.4569336778639104 0.49103682170542634 0.45564168819982775 0.4958817829457364 0.4465977605512489 0.4968507751937985 0.4397071490094746 0.496608527131783 0.425495262704565 0.49467054263565896 0.4177433247200689 0.4920058139534884 0.41343669250646 0.48861434108527135 0.41042204995693365 0.48304263565891475 0.4082687338501292 0.47432170542635665 0.409130060292851 0.47068798449612403 0.4125753660637382 0.466812015503876 0.4211886304909561 0.4631782945736434 0.43410852713178294 0.46124031007751937 0.44229112833763995 0.46148255813953487 0.4465977605512489
1 0.8071705426356589 0.6459948320413437 0.810562015503876 0.6524547803617571 0.8192829457364341 0.661068044788975 0.8209786821705427 0.6640826873385012 0.8226744186046512 0.6752799310938846 0.8246124031007752 0.681309216192937 0.8280038759689923 0.6838931955211025 0.8338178294573644 0.6821705426356589 0.839389534883721 0.6826012058570198 0.84375 0.6782945736434108 0.8498062015503877 0.6761412575366064 0.8527131782945737 0.6795865633074935 0.8544089147286823 0.6856158484065461 0.8558624031007752 0.6877691645133505 0.8662790697674418 0.6864771748492678 0.8723352713178295 0.6873385012919897 0.8766957364341086 0.6894918173987941 0.8803294573643412 0.6881998277347114 0.8825096899224806 0.6834625322997416 0.8837209302325582 0.6752799310938846 0.8834786821705427 0.6559000861326442 0.877906976744186 0.6326442721791559 0.877906976744186 0.6300602928509905 0.8800872093023256 0.6261843238587425 0.8803294573643412 0.6227390180878553 0.8783914728682171 0.62015503875969 0.873062015503876 0.6192937123169681 0.8665213178294574 0.6020671834625323 0.8561046511627908 0.5839793281653747 0.8485949612403102 0.5801033591731266 0.8384205426356589 0.5788113695090439 0.8277616279069768 0.5792420327304049 0.8178294573643412 0.5818260120585702 0.809593023255814 0.5887166236003445 0.8071705426356589 0.5956072351421189 0.8059593023255814 0.6093884582256676 0.805717054263566 0.627906976744186 0.8071705426356589 0.6459948320413437
1 0.5564437984496124 0.3621877691645134 0.5574127906976745 0.36477174849267874 0.5658914728682171 0.36563307493540054 0.5697674418604651 0.3682170542635659 0.5731589147286822 0.37381567614125755 0.5746124031007752 0.3742463393626184 0.5755813953488372 0.3725236864771748 0.5770348837209303 0.363479758828596 0.5770348837209303 0.3557278208440999 0.5753391472868218 0.34969853574504733 0.5712209302325582 0.34366925064599485 0.5641957364341086 0.34453057708871665 0.5603197674418605 0.3488372093023256 0.5574127906976745 0.3561584840654608 0.5564437984496124 0.35917312661498707 0.5564437984496124 0.3621877691645134
1 0.5360949612403101 0.31998277347114557 0.5436046511627907 0.32127476313522824 0.5455426356589148 0.31782945736434104 0.5472383720930233 0.3040482342807924 0.5457848837209303 0.2997416020671835 0.5440891472868218 0.29844961240310075 0.5397286821705427 0.2997416020671835 0.5363372093023256 0.3023255813953489 0.5343992248062016 0.305770887166236 0.534156976744186 0.313953488372093 0.5360949612403101 0.31998277347114557
1 0.4253875968992248 0.4401378122308355 0.44622093023255816 0.4405684754521964 0.4484011627906977 0.4392764857881137 0.45155038759689925 0.43496985357450474 0.45615310077519383 0.43238587424633934 0.45736434108527135 0.42894056847545214 0.4583333333333333 0.4198966408268734 0.45760658914728686 0.4052540913006029 0.45542635658914726 0.400947459086994 0.4486434108527132 0.39664082687338503 0.43919573643410853 0.39664082687338503 0.4362887596899225 0.3979328165374677 0.43095930232558144 0.4043927648578811 0.4246608527131783 0.4229112833763996 0.4229651162790698 0.43023255813953487 0.4227228682170543 0.43540051679586567 0.4253875968992248 0.4401378122308355
5 0.9142441860465117 0.6645133505598622 0.9224806201550387 0.6701119724375538 0.9321705426356589 0.6830318690783806 0.934108527131783 0.6843238587424634 0.9360465116279071 0.6890611541774333 0.9375 0.7015503875968991 0.9394379844961241 0.7071490094745909 0.9428294573643412 0.7101636520241171 0.9459786821705427 0.711024978466839 0.9510658914728682 0.710594315245478 0.969718992248062 0.7140396210163652 0.9944282945736435 0.7157622739018088 0.9997577519379846 0.7144702842377262 0.9997577519379846 0.661068044788975 0.9978197674418605 0.6602067183462532 0.9963662790697675 0.6520241171403962 0.997577519379845 0.6485788113695091 0.9997577519379846 0.6481481481481481 0.9997577519379846 0.6429801894918173 0.9912790697674418 0.6403962101636521 0.9794089147286823 0.6167097329888028 0.9704457364341086 0.6024978466838932 0.96390503875969 0.5999138673557278 0.940406976744186 0.5977605512489234 0.93265503875969 0.5977605512489234 0.9261143410852714 0.6003445305770887 0.9181201550387598 0.6042204995693368 0.9149709302325582 0.6085271317829457 0.9123062015503877 0.6283376399655469 0.9123062015503877 0.6554694229112834 0.9142441860465117 0.6645133505598622
1 0.4236918604651163 0.7002583979328165 0.4253875968992248 0.7058570198105082 0.42877906976744184 0.7075796726959518 0.4319282945736434 0.7058570198105082 0.4338662790697675 0.6968130921619293 0.435562015503876 0.6946597760551249 0.44767441860465124 0.6937984496124031 0.465358527131783 0.6963824289405685 0.4675387596899225 0.698105081826012 0.47068798449612403 0.7062876830318691 0.4731104651162791 0.7093023255813954 0.47771317829457366 0.7097329888027561 0.4808624031007752 0.7028423772609819 0.48280038759689925 0.6726959517657192 0.4852228682170543 0.6679586563307494 0.4907945736434109 0.6632213608957795 0.49273255813953487 0.6563307493540051 0.49370155038759694 0.6347975882859603 0.49467054263565896 0.6304909560723514 0.49467054263565896 0.6227390180878553 0.49345930232558144 0.619724375538329 0.4939437984496124 0.5947459086993971 0.49273255813953487 0.5874246339362619 0.4864341085271318 0.5710594315245477 0.4847383720930233 0.5680447889750215 0.4811046511627907 0.5654608096468562 0.4757751937984497 0.5641688199827735 0.4588178294573644 0.5641688199827735 0.45373062015503873 0.5676141257536607 0.4488856589147287 0.5749354005167958 0.4421027131782946 0.5887166236003445 0.4333817829457364 0.6132644272179156 0.43217054263565896 0.61541774332472 0.4253875968992248 0.6180017226528854 0.4253875968992248 0.6223083548664944 0.4295058139534884 0.6261843238587425 0.43071705426356593 0.6304909560723514 0.4219961240310078 0.6546080964685616 0.42151162790697677 0.6856158484065461 0.4236918604651163 0.7002583979328165
1 0.3355135658914729 0.37941429801894916 0.3355135658914729 0.3850129198966408 0.33648255813953487 0.39018087855297157 0.3376937984496124 0.3919035314384151 0.34060077519379844 0.3914728682170543 0.34544573643410853 0.38759689922480617 0.3563468992248062 0.38845822566752797 0.3604651162790698 0.3850129198966408 0.36409883720930236 0.38372093023255816 0.3665213178294574 0.3807062876830319 0.36603682170542634 0.36304909560723514 0.3631298449612403 0.3578811369509044 0.35731589147286824 0.35228251507321273 0.34714147286821706 0.35185185185185186 0.34205426356589147 0.35314384151593453 0.3379360465116279 0.355297157622739 0.33454457364341084 0.3617571059431524 0.3343023255813954 0.37123169681309215 0.3355135658914729 0.37941429801894916
1 0.4794089147286822 0.3733850129198966 0.4813468992248062 0.375968992248062 0.498062015503876 0.37855297157622736 0.501937984496124 0.37295434969853575 0.502906976744186 0.3660637381567614 0.5026647286821706 0.3540051679586563 0.5007267441860466 0.3479758828596038 0.498062015503876 0.3440999138673557 0.49467054263565896 0.3423772609819121 0.48764534883720934 0.3440999138673557 0.48376937984496127 0.34969853574504733 0.48037790697674426 0.35917312661498707 0.4791666666666667 0.37123169681309215 0.4794089147286822 0.3733850129198966
1 0.4549418604651163 0.4000861326442722 0.4602713178294574 0.4108527131782946 0.46608527131782945 0.4125753660637382 0.4699612403100776 0.41214470284237725 0.47407945736434115 0.40783807062876826 0.4750484496124031 0.4052540913006029 0.47407945736434115 0.3789836347975883 0.47189922480620156 0.37209302325581395 0.4699612403100776 0.36950904392764855 0.467296511627907 0.3682170542635659 0.45978682170542634 0.3686477174849268 0.45276162790697677 0.3725236864771748 0.4498546511627907 0.37769164513350556 0.44767441860465124 0.3871662360034453 0.44767441860465124 0.3944875107665805 0.4549418604651163 0.4000861326442722
1 0.5259205426356589 0.3320413436692506 0.5329457364341086 0.3303186907838071 0.534156976744186 0.3285960378983635 0.5351259689922481 0.31739879414298017 0.5329457364341086 0.31136950904392763 0.530281007751938 0.30964685615848403 0.5256782945736435 0.3092161929371232 0.5225290697674418 0.31136950904392763 0.5205910852713179 0.3156761412575366 0.5205910852713179 0.32170542635658916 0.5259205426356589 0.3320413436692506
1 0.21342054263565893 0.4018087855297158 0.21971899224806202 0.39922480620155043 0.22843992248062014 0.39922480620155043 0.23449612403100775 0.40137812230835485 0.23934108527131784 0.39664082687338503 0.24467054263565893 0.3953488372093023 0.24539728682170545 0.39104220499569337 0.24539728682170545 0.38113695090439276 0.24467054263565893 0.37769164513350556 0.2422480620155039 0.3733850129198966 0.23812984496124032 0.3699397071490094 0.23449612403100775 0.3686477174849268 0.22311046511627908 0.3686477174849268 0.2170542635658915 0.3725236864771748 0.21414728682170545 0.37683031869078376 0.2109980620155039 0.38673557278208437 0.2109980620155039 0.39405684754521964 0.21342054263565893 0.4018087855297158
5 0.2555717054263566 0.6253229974160206 0.2684108527131783 0.6274763135228251 0.3028100775193799 0.6270456503014642 0.3040213178294574 0.6257536606373816 0.3062015503875969 0.6162790697674418 0.309108527131783 0.6102497846683893 0.32000968992248063 0.5999138673557278 0.3248546511627907 0.5986218776916451 0.3289728682170543 0.5930232558139535 0.3306686046511628 0.5835486649440138 0.33115310077519383 0.5757967269595177 0.33018410852713176 0.5607235142118863 0.3270348837209302 0.5469422911283376 0.32122093023255816 0.5417743324720069 0.30765503875968997 0.5387596899224806 0.30135658914728686 0.5357450473729544 0.28512596899224807 0.5357450473729544 0.2720445736434109 0.5546942291128337 0.2662306201550388 0.5676141257536607 0.2616279069767442 0.5723514211886305 0.2609011627906977 0.5788113695090439 0.25193798449612403 0.5960378983634798 0.2512112403100775 0.599483204134367 0.25193798449612403 0.6192937123169681 0.2555717054263566 0.6253229974160206
1 0.3597383720930233 0.5150732127476313 0.37330426356589147 0.5142118863049095 0.3905038759689923 0.516365202411714 0.3931686046511628 0.5155038759689922 0.3970445736434109 0.5064599483204134 0.404312015503876 0.5021533161068045 0.4064922480620155 0.4965546942291128 0.40794573643410853 0.48880275624461667 0.40794573643410853 0.4780361757105943 0.40697674418604657 0.4702842377260982 0.404312015503876 0.46296296296296297 0.4021317829457364 0.45994832041343664 0.3977713178294574 0.4569336778639104 0.3909883720930233 0.45564168819982775 0.37669573643410853 0.4569336778639104 0.372577519379845 0.45951765719207577 0.3667635658914729 0.4707149009474591 0.36240310077519383 0.47502153316106804 0.3619186046511628 0.48406546080964685 0.35828488372093026 0.49569336778639106 0.35804263565891475 0.5090439276485788 0.3597383720930233 0.5150732127476313
1 0.31782945736434115 0.9724375538329026 0.3185562015503876 0.9806201550387597 0.32122093023255816 0.9862187769164513 0.32751937984496127 0.9922480620155038 0.3340600775193799 0.9948320413436692 0.3488372093023256 0.9965546942291128 0.3556201550387597 0.9952627045650302 0.3875968992248062 0.9965546942291128 0.4004360465116279 0.9948320413436692 0.40794573643410853 0.9857881136950903 0.4127906976744186 0.9732988802756245 0.4181201550387597 0.9431524547803618 0.4232073643410853 0.9293712316968131 0.434108527131783 0.8901808785529716 0.44064922480620156 0.8751076658053402 0.44089147286821706 0.8660637381567613 0.4433139534883721 0.8484065460809647 0.4433139534883721 0.838931955211025 0.44161821705426363 0.8105081826012058 0.43919573643410853 0.7928509905254091 0.43435077519379844 0.7850990525409131 0.4314437984496124 0.7760551248923342 0.42877906976744184 0.7739018087855297 0.41497093023255816 0.7704565030146425 0.3907461240310078 0.7713178294573644 0.38662790697674415 0.7743324720068906 0.3849321705426357 0.7786391042204995 0.38299418604651164 0.780792420327304 0.3728197674418605 0.7850990525409131 0.3655523255813954 0.7967269595176573 0.3568313953488372 0.8229974160206718 0.3522286821705427 0.8316106804478898 0.34907945736434115 0.8453919035314384 0.34544573643410853 0.8548664944013781 0.341812015503876 0.8608957795004307 0.33454457364341084 0.8583118001722653 0.33139534883720934 0.8591731266149871 0.3294573643410853 0.8630490956072351 0.3296996124031008 0.8660637381567613 0.3352713178294574 0.8729543496985357 0.33648255813953487 0.8768303186907838 0.3292151162790698 0.9000861326442722 0.3238856589147287 0.9130060292850991 0.32122093023255816 0.9280792420327304 0.32073643410852715 0.9409991386735572 0.3190406976744186 0.9500430663221361 0.3185562015503876 0.9681309216192937 0.31782945736434115 0.9724375538329026
1 0 0.4405684754521964 0 0.46339362618432384 0.006540697674418605 0.46468561584840656 0.023255813953488372 0.45908699397071495 0.03221899224806202 0.4577950043066322 0.05014534883720931 0.4577950043066322 0.05741279069767442 0.45908699397071495 0.059108527131782954 0.4577950043066322 0.06056201550387597 0.45391903531438416 0.06056201550387597 0.4457364341085271 0.057897286821705425 0.4388458225667528 0.052083333333333336 0.43496985357450474 0.043362403100775194 0.4263565891472868 0.03997093023255814 0.4246339362618432 0.033187984496124034 0.42248062015503873 0.027858527131782947 0.42248062015503873 0.01550387596899225 0.4263565891472868 0.008236434108527133 0.43109388458225667 0.0016957364341085273 0.4405684754521964 0 0.4405684754521964
1 0.9375 0.9074074074074074 0.937984496124031 0.9220499569336779 0.9394379844961241 0.9315245478036176 0.9457364341085273 0.9414298018949182 0.9503391472868218 0.9440137812230835 0.9532461240310078 0.9534883720930233 0.9578488372093025 0.9616709732988803 0.9636627906976746 0.9685615848406547 0.9665697674418605 0.9741602067183462 0.9699612403100775 0.9840654608096467 0.9721414728682171 0.9875107665805339 0.9735949612403102 0.9948320413436692 0.9791666666666666 0.9978466838931955 0.9794089147286823 0.999569336778639 0.9912790697674418 0.999569336778639 0.9917635658914729 0.9974160206718345 0.9968507751937985 0.9948320413436692 0.9983042635658914 0.9900947459086994 0.9997577519379846 0.9900947459086994 0.9997577519379846 0.9642549526270456 0.9978197674418605 0.9633936261843239 0.9973352713178295 0.9582256675279931 0.9978197674418605 0.9500430663221361 0.9997577519379846 0.9491817398794142 0.9997577519379846 0.9198966408268733 0.998062015503876 0.9194659776055125 0.997577519379845 0.9134366925064599 0.998062015503876 0.9039621016365202 0.9997577519379846 0.9035314384151593 0.9997577519379846 0.8970714900947458 0.9983042635658914 0.8970714900947458 0.9978197674418605 0.8957795004306632 0.9978197674418605 0.8871662360034454 0.9983042635658914 0.8854435831180018 0.9997577519379846 0.8854435831180018 0.9997577519379846 0.8260120585701981 0.9874031007751939 0.82213608957795 0.9735949612403102 0.8199827734711456 0.9588178294573644 0.8199827734711456 0.9532461240310078 0.8208440999138673 0.9493701550387598 0.8229974160206718 0.9469476744186047 0.8281653746770026 0.9406492248062016 0.8372093023255814 0.9396802325581396 0.8453919035314384 0.9372577519379846 0.8522825150732127 0.9353197674418605 0.8656330749354005 0.9343507751937985 0.8906115417743324 0.9375 0.9074074074074074
1 0.5365794573643411 0.40482342807924204 0.5373062015503876 0.4082687338501292 0.5392441860465117 0.4108527131782946 0.5433624031007752 0.40956072351421186 0.5528100775193798 0.40956072351421186 0.5608042635658915 0.4138673557278208 0.5627422480620156 0.4082687338501292 0.5632267441860466 0.39750215331610683 0.562015503875969 0.3880275624461671 0.5608042635658915 0.3845822566752799 0.5586240310077519 0.3824289405684755 0.5508720930232558 0.3789836347975883 0.5482073643410853 0.3798449612403101 0.5399709302325582 0.38845822566752797 0.5375484496124031 0.3936261843238587 0.5365794573643411 0.3970714900947459 0.5365794573643411 0.40482342807924204
1 0.5411821705426357 0.34711455641688205 0.5428779069767442 0.34840654608096466 0.5540213178294574 0.34926787252368646 0.5578972868217055 0.3458225667527993 0.5578972868217055 0.33118001722652884 0.554748062015504 0.32428940568475456 0.5506298449612403 0.32170542635658916 0.5465116279069767 0.32213608957795004 0.5450581395348837 0.32385874246339363 0.5421511627906977 0.3285960378983635 0.5394864341085271 0.3367786391042205 0.5394864341085271 0.3432385874246339 0.5411821705426357 0.34711455641688205
1 0.49709302325581395 0.41128337639965545 0.5191375968992249 0.41343669250646 0.5218023255813954 0.400947459086994 0.5215600775193798 0.3906115417743325 0.5186531007751939 0.37855297157622736 0.5104166666666666 0.37683031869078376 0.5046027131782945 0.3772609819121447 0.49951550387596905 0.3807062876830319 0.496124031007752 0.3914728682170543 0.49467054263565896 0.39965546942291125 0.4941860465116279 0.40783807062876826 0.49709302325581395 0.41128337639965545
1 0.9343507751937985 0.37467700258397935 0.938468992248062 0.37639965546942294 0.9459786821705427 0.37381567614125755 0.9566375968992248 0.3742463393626184 0.9600290697674418 0.37123169681309215 0.9672965116279071 0.37639965546942294 0.9706879844961241 0.37553832902670115 0.9777131782945737 0.3699397071490094 0.9774709302325582 0.3626184323858742 0.9743217054263567 0.3565891472868217 0.966812015503876 0.3540051679586563 0.9573643410852714 0.34625322997416025 0.9537306201550387 0.3449612403100775 0.9418604651162791 0.3449612403100775 0.9372577519379846 0.34711455641688205 0.9343507751937985 0.35185185185185186 0.9312015503875969 0.363479758828596 0.9314437984496124 0.3708010335917312 0.9343507751937985 0.37467700258397935
1 0.5329457364341086 0.45348837209302323 0.5574127906976745 0.45434969853574503 0.560562015503876 0.4496124031007752 0.5622577519379846 0.42592592592592593 0.5608042635658915 0.4155900086132644 0.559593023255814 0.4138673557278208 0.5525678294573644 0.41042204995693365 0.5387596899224806 0.41128337639965545 0.5365794573643411 0.41343669250646 0.5324612403100776 0.42764857881136953 0.53125 0.4491817398794143 0.5329457364341086 0.45348837209302323
1 0.37693798449612403 0.3074935400516796 0.3873546511627907 0.3070628768303187 0.3907461240310078 0.30017226528854435 0.3905038759689923 0.29672695951765715 0.38905038759689925 0.29457364341085274 0.38396317829457366 0.2915590008613264 0.37718023255813954 0.29328165374677 0.37572674418604657 0.2971576227390181 0.375484496124031 0.3027562446167097 0.37693798449612403 0.3074935400516796
1 0.5186531007751939 0.37639965546942294 0.5348837209302326 0.3772609819121447 0.5365794573643411 0.375968992248062 0.5377906976744187 0.37295434969853575 0.5385174418604651 0.35228251507321273 0.5373062015503876 0.35012919896640826 0.533187984496124 0.34754521963824286 0.52640503875969 0.34625322997416025 0.5225290697674418 0.34754521963824286 0.5191375968992249 0.35314384151593453 0.5167151162790697 0.3621877691645134 0.5164728682170543 0.3733850129198966 0.5186531007751939 0.37639965546942294
1 0.4939437984496124 0.5400516795865633 0.4920058139534884 0.5465116279069767 0.4907945736434109 0.5546942291128337 0.4900678294573644 0.5710594315245477 0.49127906976744184 0.5749354005167958 0.4944282945736434 0.5770887166236003 0.502906976744186 0.5766580534022394 0.5135658914728682 0.578380706287683 0.5259205426356589 0.578380706287683 0.5295542635658915 0.5796726959517657 0.5314922480620156 0.5770887166236003 0.533187984496124 0.5667527993109389 0.5365794573643411 0.5581395348837209 0.5380329457364341 0.5512489233419466 0.5382751937984497 0.5258397932816538 0.5375484496124031 0.5202411714039621 0.534156976744186 0.5073212747631352 0.5300387596899225 0.5047372954349698 0.5169573643410853 0.5030146425495262 0.5062984496124031 0.5047372954349698 0.502906976744186 0.5090439276485788 0.49709302325581395 0.5254091300602929 0.49491279069767447 0.5284237726098191 0.49127906976744184 0.5297157622739018 0.4905523255813954 0.532730404823428 0.49370155038759694 0.5361757105943152 0.4939437984496124 0.5400516795865633
4 0.3173449612403101 0.6679586563307494 0.31807170542635665 0.6705426356589148 0.32146317829457366 0.6748492678725236 0.32533914728682173 0.6752799310938846 0.32751937984496127 0.6709732988802756 0.3284883720930233 0.6636520241171404 0.3306686046511628 0.6606373815676142 0.33260658914728686 0.6602067183462532 0.342781007751938 0.6606373815676142 0.3485949612403101 0.6627906976744186 0.35295542635658916 0.6623600344530577 0.3611918604651163 0.6645133505598622 0.3672480620155039 0.6748492678725236 0.3706395348837209 0.6757105943152455 0.37330426356589147 0.6718346253229974 0.37572674418604657 0.652885443583118 0.3776647286821706 0.6472868217054263 0.3863856589147287 0.6347975882859603 0.3941375968992248 0.6347975882859603 0.3965600775193799 0.6296296296296297 0.3977713178294574 0.6205857019810508 0.3977713178294574 0.6007751937984496 0.40092054263565896 0.5857019810508183 0.40116279069767447 0.5749354005167958 0.4001937984496124 0.5680447889750215 0.39874031007751937 0.5641688199827735 0.38905038759689925 0.5624461670973299 0.38299418604651164 0.5555555555555556 0.38032945736434115 0.5542635658914729 0.35804263565891475 0.5529715762273901 0.35101744186046513 0.5546942291128337 0.3435077519379845 0.5641688199827735 0.33454457364341084 0.578380706287683 0.3309108527131783 0.5882859603789836 0.3280038759689923 0.6020671834625323 0.3243701550387597 0.6085271317829457 0.3175872093023256 0.6257536606373816 0.31589147286821706 0.6352282515073213 0.31564922480620156 0.6468561584840655 0.3173449612403101 0.6679586563307494
4 0.08575581395348839 0.9944013781223083 0.08817829457364341 0.9974160206718345 0.08866279069767442 0.999569336778639 0.10343992248062016 0.999569336778639 0.10368217054263568 0.9978466838931955 0.10804263565891474 0.9978466838931955 0.10828488372093023 0.999569336778639 0.10998062015503877 0.999569336778639 0.11022286821705427 0.9978466838931955 0.11821705426356591 0.9974160206718345 0.12136627906976745 0.9978466838931955 0.12160852713178295 0.999569336778639 0.1257267441860465 0.999569336778639 0.12596899224806202 0.9978466838931955 0.14001937984496124 0.9952627045650302 0.14801356589147288 0.9974160206718345 0.1930717054263566 0.9974160206718345 0.19985465116279072 0.9948320413436692 0.2008236434108527 0.9913867355727821 0.2003391472868217 0.9806201550387597 0.20179263565891473 0.9672695951765719 0.20712209302325582 0.9612403100775194 0.21560077519379847 0.9444444444444444 0.22117248062015504 0.9362618432385874 0.22843992248062014 0.9207579672695951 0.23522286821705427 0.9108527131782945 0.23837209302325582 0.9031007751937984 0.24127906976744187 0.888027562446167 0.2427325581395349 0.8944875107665806 0.2483042635658915 0.9000861326442722 0.2553294573643411 0.900516795865633 0.25872093023255816 0.8970714900947458 0.2625968992248062 0.8725236864771749 0.26283914728682173 0.8669250645994832 0.2659883720930233 0.8561584840654608 0.2669573643410853 0.8311800172265288 0.26913759689922484 0.8273040482342807 0.27252906976744184 0.8156761412575365 0.2734980620155039 0.8087855297157622 0.2737403100775194 0.7872523686477174 0.27252906976744184 0.772609819121447 0.26913759689922484 0.7674418604651163 0.2616279069767442 0.764857881136951 0.20954457364341086 0.7609819121447029 0.2061531007751938 0.7618432385874245 0.20276162790697677 0.764857881136951 0.19718992248062014 0.7721791559000861 0.1937984496124031 0.7786391042204995 0.19137596899224807 0.780792420327304 0.1749031007751938 0.780792420327304 0.16933139534883723 0.7833763996554695 0.15915697674418605 0.797588285960379 0.1501937984496124 0.8066322136089578 0.1438953488372093 0.8165374677002584 0.13323643410852715 0.8367786391042205 0.12814922480620156 0.8514211886304909 0.12306201550387598 0.8626184323858743 0.11967054263565892 0.8647717484926787 0.11627906976744187 0.8583118001722653 0.11288759689922481 0.8621877691645133 0.11288759689922481 0.8634797588285961 0.11506782945736435 0.8664944013781223 0.1184593023255814 0.8695090439276485 0.1184593023255814 0.8733850129198966 0.11700581395348839 0.880275624461671 0.09738372093023256 0.9194659776055125 0.09035852713178294 0.9315245478036176 0.08842054263565892 0.9371231696813092 0.0872093023255814 0.9530577088716624 0.08502906976744187 0.9603789836347976 0.08478682170542635 0.9896640826873385 0.08575581395348839 0.9944013781223083
5 0.08454457364341085 0.7967269595176573 0.08551356589147287 0.8006029285099052 0.08842054263565892 0.8053402239448751 0.09520348837209303 0.8083548664944014 0.11579457364341085 0.8109388458225667 0.1298449612403101 0.8105081826012058 0.14728682170542637 0.8057708871662359 0.15818798449612406 0.7967269595176573 0.16472868217054265 0.7872523686477174 0.1671511627906977 0.7820844099913867 0.17030038759689922 0.7795004306632214 0.17781007751937986 0.7678725236864772 0.19186046511627908 0.7502153316106804 0.19622093023255816 0.7467700258397932 0.20591085271317833 0.7428940568475453 0.20784883720930233 0.7398794142980188 0.21027131782945738 0.7316968130921618 0.2114825581395349 0.7200689061154177 0.21414728682170545 0.7136089577950043 0.21535852713178297 0.7071490094745909 0.21511627906976744 0.6929371231696813 0.2122093023255814 0.6761412575366064 0.21002906976744187 0.6705426356589148 0.20712209302325582 0.6679586563307494 0.19767441860465118 0.6658053402239448 0.14946705426356588 0.6658053402239448 0.14074612403100775 0.6675279931093884 0.13905038759689925 0.6705426356589148 0.13759689922480622 0.6765719207579672 0.1303294573643411 0.6826012058570198 0.125 0.6890611541774333 0.10925387596899226 0.7149009474590869 0.10271317829457365 0.7170542635658914 0.10319767441860465 0.7278208440999139 0.09689922480620156 0.7407407407407407 0.08502906976744187 0.7605512489233419 0.08357558139534885 0.7652885443583117 0.08357558139534885 0.7842377260981912 0.08454457364341085 0.7967269595176573
5 0.5256782945736435 0.33118001722652884 0.533187984496124 0.3298880275624462 0.5348837209302326 0.3255813953488372 0.5351259689922481 0.31912144702842377 0.5343992248062016 0.3152454780361757 0.5314922480620156 0.31093884582256676 0.5256782945736435 0.30964685615848403 0.5225290697674418 0.3122308354866494 0.5205910852713179 0.31696813092161924 0.5205910852713179 0.32127476313522824 0.5256782945736435 0.33118001722652884
5 0.5360949612403101 0.32041343669250644 0.5436046511627907 0.32127476313522824 0.5457848837209303 0.31782945736434104 0.5469961240310078 0.3066322136089578 0.5465116279069767 0.3031869078380706 0.5443313953488372 0.30017226528854435 0.5399709302325582 0.2997416020671835 0.5365794573643411 0.3023255813953489 0.5343992248062016 0.3062015503875969 0.5343992248062016 0.3143841515934539 0.5360949612403101 0.32041343669250644
3 0.9428294573643412 0.5882859603789836 0.9479166666666666 0.5964685615848407 0.9576065891472868 0.599052540913006 0.9699612403100775 0.599052540913006 0.9706879844961241 0.5938845822566753 0.9735949612403102 0.5882859603789836 0.9706879844961241 0.5818260120585702 0.9685077519379846 0.5809646856158485 0.966812015503876 0.578380706287683 0.9602713178294574 0.5848406546080964 0.9576065891472868 0.5818260120585702 0.9605135658914729 0.5749354005167958 0.9593023255813954 0.5727820844099913 0.9580910852713179 0.5650301464254953 0.9583333333333334 0.5602928509905254 0.9597868217054264 0.5572782084409992 0.9597868217054264 0.553402239448751 0.9590600775193799 0.5499569336778639 0.9568798449612403 0.5469422911283376 0.9532461240310078 0.5469422911283376 0.9498546511627908 0.5508182601205858 0.9457364341085273 0.5499569336778639 0.9428294573643412 0.553402239448751 0.9423449612403102 0.55770887166236 0.9391957364341086 0.5667527993109389 0.9394379844961241 0.5770887166236003 0.9428294573643412 0.5882859603789836
3 0.8321220930232558 0.7510766580534023 0.8326065891472868 0.7583979328165374 0.8313953488372093 0.7618432385874245 0.8318798449612403 0.764857881136951 0.8362403100775194 0.7734711455641687 0.8381782945736435 0.780792420327304 0.8468992248062016 0.7932816537467701 0.8507751937984496 0.8083548664944014 0.8524709302325582 0.8105081826012058 0.8558624031007752 0.8092161929371231 0.8582848837209303 0.8006029285099052 0.8599806201550387 0.7751937984496123 0.8614341085271319 0.7652885443583117 0.8616763565891473 0.7549526270456502 0.8592538759689923 0.7411714039621017 0.8594961240310078 0.73557278208441 0.8621608527131783 0.7312661498708011 0.8609496124031009 0.7265288544358312 0.8585271317829458 0.7222222222222222 0.8515019379844962 0.7213608957795004 0.843265503875969 0.723083548664944 0.8410852713178295 0.7217915590008613 0.839874031007752 0.7235142118863048 0.8384205426356589 0.7304048234280792 0.8350290697674418 0.726959517657192 0.8333333333333334 0.7308354866494402 0.8335755813953489 0.7377260981912145 0.8321220930232558 0.7510766580534023
3 0.16545542635658916 0.37295434969853575 0.1671511627906977 0.3699397071490094 0.1676356589147287 0.36304909560723514 0.16497093023255816 0.35443583118001726 0.15843023255813954 0.36003445305770887 0.15746124031007755 0.3626184323858742 0.15818798449612406 0.3733850129198966 0.16545542635658916 0.37295434969853575
3 0.9476744186046512 0.5964685615848407 0.9551841085271319 0.599052540913006 0.9699612403100775 0.5999138673557278 0.9706879844961241 0.599052540913006 0.9706879844961241 0.5943152454780362 0.9738372093023256 0.5887166236003445 0.9706879844961241 0.5818260120585702 0.9685077519379846 0.5809646856158485 0.966812015503876 0.578380706287683 0.9634205426356589 0.5801033591731266 0.9600290697674418 0.5844099913867356 0.9578488372093025 0.5813953488372093 0.9566375968992248 0.5770887166236003 0.9457364341085273 0.5801033591731266 0.9430717054263567 0.5831180017226528 0.9437984496124031 0.5882859603789836 0.9476744186046512 0.5964685615848407
3 0.124515503875969 0.40051679586563305 0.12669573643410853 0.40482342807924204 0.13541666666666666 0.40051679586563305 0.1356589147286822 0.39233419465977604 0.13396317829457363 0.3832902670111973 0.1305717054263566 0.38372093023255816 0.12354651162790697 0.3888888888888889 0.12330426356589148 0.39405684754521964 0.124515503875969 0.40051679586563305
3 0.9428294573643412 0.5852713178294574 0.9464631782945737 0.5887166236003445 0.9481589147286823 0.5852713178294574 0.9491279069767442 0.5805340223944875 0.9534883720930233 0.5805340223944875 0.9573643410852714 0.5714900947459087 0.9578488372093025 0.5615848406546081 0.9597868217054264 0.5564168819982773 0.9600290697674418 0.5529715762273901 0.9568798449612403 0.5465116279069767 0.9527616279069768 0.5465116279069767 0.9498546511627908 0.5490956072351422 0.9462209302325582 0.5473729543496986 0.9428294573643412 0.5508182601205858 0.9391957364341086 0.5645994832041343 0.9394379844961241 0.5775193798449613 0.9428294573643412 0.5852713178294574
3 0.90140503875969 0.55770887166236 0.9060077519379846 0.5710594315245477 0.9113372093023256 0.5762273901808785 0.9140019379844962 0.5809646856158485 0.9149709302325582 0.5818260120585702 0.9166666666666666 0.5805340223944875 0.9183624031007752 0.5762273901808785 0.9188468992248062 0.5723514211886305 0.9190891472868218 0.5551248923341946 0.9205426356589148 0.540913006029285 0.9198158914728682 0.5374677002583979 0.9178779069767442 0.5353143841515935 0.9118217054263567 0.5391903531438414 0.904312015503876 0.5391903531438414 0.9026162790697675 0.545650301464255 0.9011627906976746 0.5529715762273901 0.90140503875969 0.55770887166236