4 0.5850694444444444 0.47800925925925924 0.5924479166666666 0.47858796296296297 0.5939670138888888 0.4774305555555556 0.5941840277777778 0.47337962962962965 0.5922309027777778 0.46875 0.5889756944444444 0.46730324074074076 0.5852864583333334 0.4678819444444444 0.5835503472222222 0.47193287037037035 0.5833333333333334 0.47453703703703703 0.5850694444444444 0.47800925925925924
5 0.39383745659722225 0.5980902777777778 0.41901106770833335 0.5966435185185185 0.4224832899305556 0.5931712962962963 0.4266065538194445 0.5850694444444444 0.4266065538194445 0.5700231481481481 0.4246534288194445 0.5677083333333334 0.4200961371527778 0.5656828703703703 0.41532183159722225 0.5613425925925926 0.40772634548611114 0.5607638888888888 0.40164995659722225 0.5619212962962963 0.39839474826388893 0.5651041666666666 0.39448849826388893 0.5720486111111112 0.3910162760416667 0.5833333333333334 0.3910162760416667 0.5946180555555556 0.39383745659722225 0.5980902777777778
5 0.6381950954861111 0.5604745370370371 0.6397141927083333 0.5613425925925926 0.6410162760416667 0.5636574074074074 0.6438374565972222 0.5653935185185185 0.6479607204861111 0.5645254629629629 0.6590284288194445 0.5659722222222222 0.6614155815972222 0.5674189814814815 0.6646707899305555 0.5665509259259259 0.6653218315972222 0.5538194444444444 0.6638027343749999 0.5442708333333334 0.6618496093749999 0.5390625 0.6588114149305555 0.5353009259259259 0.6533860677083333 0.5324074074074074 0.6425353732638889 0.5326967592592593 0.6410162760416667 0.5335648148148148 0.6394971788194445 0.5364583333333334 0.6384121093749999 0.5434027777777778 0.6375440538194445 0.5575810185185185 0.6381950954861111 0.5604745370370371
1 0.5755208333333334 0.5063657407407407 0.5885416666666666 0.5069444444444444 0.5900607638888888 0.5049189814814815 0.5889756944444444 0.4945023148148148 0.5850694444444444 0.4913194444444444 0.5805121527777778 0.4910300925925926 0.5774739583333334 0.49189814814814814 0.5759548611111112 0.4939236111111111 0.57421875 0.4994212962962963 0.57421875 0.5043402777777778 0.5755208333333334 0.5063657407407407
5 0.2593315972222222 0.6695601851851852 0.26171875 0.6710069444444444 0.2682291666666667 0.6701388888888888 0.2868923611111111 0.6701388888888888 0.2899305555555556 0.6689814814814815 0.2938368055555556 0.6689814814814815 0.2970920138888889 0.6701388888888888 0.2994791666666667 0.6678240740740741 0.302734375 0.6600115740740741 0.3146701388888889 0.6507523148148148 0.3166232638888889 0.6440972222222222 0.3166232638888889 0.6362847222222222 0.3146701388888889 0.6302083333333334 0.3057725694444444 0.6221064814814815 0.3009982638888889 0.6195023148148148 0.2921006944444444 0.6180555555555556 0.2762586805555556 0.6183449074074074 0.2734375 0.6197916666666666 0.2671440972222222 0.6273148148148148 0.2628038194444444 0.6362847222222222 0.2575954861111111 0.6432291666666666 0.255859375 0.6472800925925926 0.255859375 0.6649305555555556 0.2593315972222222 0.6695601851851852
1 0.5993923611111112 0.48466435185185186 0.6013454861111112 0.4878472222222222 0.6098090277777778 0.4878472222222222 0.6115451388888888 0.4852430555555556 0.6115451388888888 0.48061342592592593 0.6091579861111112 0.4759837962962963 0.6024305555555556 0.4756944444444444 0.6002604166666666 0.4765625 0.5993923611111112 0.47800925925925924 0.5987413194444444 0.48061342592592593 0.5993923611111112 0.48466435185185186
1 0.4811197916666667 0.47945601851851855 0.4878472222222222 0.47945601851851855 0.4904513888888889 0.4774305555555556 0.4904513888888889 0.4739583333333333 0.4893663194444444 0.4704861111111111 0.4869791666666667 0.46875 0.4832899305555556 0.46875 0.4811197916666667 0.47077546296296297 0.48046875 0.47280092592592593 0.4802517361111111 0.4774305555555556 0.4811197916666667 0.47945601851851855
3 0.4600694444444444 0.5185185185185185 0.4635416666666667 0.5179398148148148 0.4644097222222222 0.5124421296296297 0.4637586805555556 0.5078125 0.4600694444444444 0.5078125 0.4596354166666667 0.5101273148148148 0.4594184027777778 0.5159143518518519 0.4600694444444444 0.5185185185185185
3 0.685546875 0.6030092592592593 0.6909722222222222 0.6070601851851852 0.6937934027777778 0.6073495370370371 0.6948784722222222 0.6053240740740741 0.6950954861111112 0.5943287037037037 0.6961805555555556 0.5908564814814815 0.6961805555555556 0.5847800925925926 0.6927083333333334 0.5847800925925926 0.6859809027777778 0.5868055555555556 0.6846788194444444 0.5908564814814815 0.6844618055555556 0.5978009259259259 0.685546875 0.6030092592592593
3 0.4509548611111111 0.5046296296296297 0.4533420138888889 0.5049189814814815 0.4544270833333333 0.5023148148148148 0.4542100694444444 0.49710648148148145 0.4529079861111111 0.4945023148148148 0.4503038194444444 0.49594907407407407 0.4498697916666667 0.5028935185185185 0.4509548611111111 0.5046296296296297
3 0.5885416666666666 0.5289351851851852 0.5891927083333334 0.5289351851851852 0.5920138888888888 0.5277777777777778 0.5941840277777778 0.5190972222222222 0.5920138888888888 0.5112847222222222 0.5889756944444444 0.5127314814814815 0.587890625 0.515625 0.5874565972222222 0.5225694444444444 0.5885416666666666 0.5289351851851852