1 0.4722222222222222 0.8373842592592593 0.4739583333333333 0.8402777777777778 0.4780815972222222 0.8414351851851852 0.4839409722222222 0.8391203703703703 0.4893663194444444 0.8388310185185185 0.5199652777777778 0.8428819444444444 0.529296875 0.8454861111111112 0.5405815972222222 0.8469328703703703 0.5464409722222222 0.8527199074074074 0.5496961805555556 0.8535879629629629 0.5533854166666666 0.8530092592592593 0.5557725694444444 0.8498263888888888 0.5581597222222222 0.8420138888888888 0.5592447916666666 0.8347800925925926 0.5594618055555556 0.8243634259259259 0.5603298611111112 0.8177083333333334 0.5677083333333334 0.8058449074074074 0.5720486111111112 0.7913773148148148 0.5737847222222222 0.7884837962962963 0.5787760416666666 0.7867476851851852 0.5813802083333334 0.7826967592592593 0.5826822916666666 0.7757523148148148 0.5826822916666666 0.7508680555555556 0.5813802083333334 0.7445023148148148 0.5763888888888888 0.734375 0.5729166666666666 0.7311921296296297 0.5501302083333334 0.7210648148148148 0.5321180555555556 0.7178819444444444 0.5188802083333334 0.7178819444444444 0.5086805555555556 0.7204861111111112 0.5023871527777778 0.7271412037037037 0.4952256944444444 0.7317708333333334 0.494140625 0.734375 0.494140625 0.7378472222222222 0.4926215277777778 0.7427662037037037 0.4880642361111111 0.7520254629629629 0.4793836805555556 0.7763310185185185 0.4763454861111111 0.7786458333333334 0.4739583333333333 0.7838541666666666 0.4724392361111111 0.8003472222222222 0.4704861111111111 0.8046875 0.4700520833333333 0.8084490740740741 0.470703125 0.8287037037037037 0.4722222222222222 0.8373842592592593
1 0.6677517361111112 0.4664351851851852 0.6744791666666666 0.46846064814814814 0.6773003472222222 0.4713541666666667 0.6788194444444444 0.47453703703703703 0.6896701388888888 0.4759837962962963 0.6920572916666666 0.4742476851851852 0.6927083333333334 0.47164351851851855 0.6927083333333334 0.45630787037037035 0.6916232638888888 0.453125 0.6861979166666666 0.4479166666666667 0.6822916666666666 0.4464699074074074 0.6755642361111112 0.44733796296296297 0.671875 0.4505208333333333 0.6677517361111112 0.45717592592592593 0.6666666666666666 0.46296296296296297 0.6677517361111112 0.4664351851851852
8 0.6267361111111112 0.46846064814814814 0.6306423611111112 0.46846064814814814 0.6336805555555556 0.46730324074074076 0.6512586805555556 0.46846064814814814 0.6547309027777778 0.46412037037037035 0.6564670138888888 0.45891203703703703 0.6564670138888888 0.4458912037037037 0.6549479166666666 0.4392361111111111 0.6527777777777778 0.4348958333333333 0.6512586805555556 0.43373842592592593 0.6449652777777778 0.4322916666666667 0.6373697916666666 0.4322916666666667 0.630859375 0.4348958333333333 0.62890625 0.4386574074074074 0.6263020833333334 0.4505208333333333 0.6258680555555556 0.46383101851851855 0.6267361111111112 0.46846064814814814
1 0.66796875 0.4195601851851852 0.6705729166666666 0.421875 0.671875 0.42824074074074076 0.6746961805555556 0.4308449074074074 0.6779513888888888 0.42939814814814814 0.6790364583333334 0.4273726851851852 0.6794704861111112 0.41984953703703703 0.6762152777777778 0.4088541666666667 0.6751302083333334 0.40769675925925924 0.6716579861111112 0.4071180555555556 0.666015625 0.41203703703703703 0.6649305555555556 0.4149305555555556 0.66796875 0.4195601851851852
1 0.6966145833333334 0.4149305555555556 0.7033420138888888 0.41811342592592593 0.7065972222222222 0.4236111111111111 0.7100694444444444 0.4230324074074074 0.7113715277777778 0.4195601851851852 0.7126736111111112 0.4117476851851852 0.7120225694444444 0.4056712962962963 0.7111545138888888 0.4036458333333333 0.7068142361111112 0.4019097222222222 0.703125 0.4019097222222222 0.6987847222222222 0.40596064814814814 0.6963975694444444 0.41116898148148145 0.6966145833333334 0.4149305555555556
1 0.5987413194444444 0.5028935185185185 0.6052517361111112 0.49971064814814814 0.6126302083333334 0.4994212962962963 0.6176215277777778 0.49971064814814814 0.6236979166666666 0.5020254629629629 0.6271701388888888 0.5002893518518519 0.6317274305555556 0.49508101851851855 0.6330295138888888 0.4887152777777778 0.6330295138888888 0.4809027777777778 0.6321614583333334 0.4777199074074074 0.6271701388888888 0.4713541666666667 0.6256510416666666 0.4704861111111111 0.6197916666666666 0.46875 0.6078559027777778 0.4699074074074074 0.6046006944444444 0.4713541666666667 0.6015625 0.47453703703703703 0.6000434027777778 0.47945601851851855 0.5985243055555556 0.48119212962962965 0.5972222222222222 0.4878472222222222 0.5972222222222222 0.49855324074074076 0.5987413194444444 0.5028935185185185
1 0.6694878472222222 0.6070601851851852 0.669921875 0.6108217592592593 0.6714409722222222 0.6140046296296297 0.6762152777777778 0.6131365740740741 0.6786024305555556 0.6116898148148148 0.6861979166666666 0.6116898148148148 0.6953125 0.6131365740740741 0.7113715277777778 0.6134259259259259 0.7170138888888888 0.6157407407407407 0.7200520833333334 0.6137152777777778 0.7209201388888888 0.6116898148148148 0.7228732638888888 0.5960648148148148 0.7220052083333334 0.5708912037037037 0.72265625 0.5694444444444444 0.7248263888888888 0.5679976851851852 0.7248263888888888 0.5642361111111112 0.7200520833333334 0.5622106481481481 0.7165798611111112 0.5572916666666666 0.7102864583333334 0.5543981481481481 0.7061631944444444 0.5541087962962963 0.7026909722222222 0.5552662037037037 0.6959635416666666 0.5535300925925926 0.6890190972222222 0.5535300925925926 0.68359375 0.5546875 0.6736111111111112 0.5625 0.6729600694444444 0.5642361111111112 0.6744791666666666 0.5668402777777778 0.6744791666666666 0.5685763888888888 0.671875 0.5752314814814815 0.6697048611111112 0.5850694444444444 0.6703559027777778 0.5975115740740741 0.6694878472222222 0.6070601851851852
1 0.5544704861111112 0.6889467592592593 0.5572916666666666 0.6921296296296297 0.5601128472222222 0.6929976851851852 0.5748697916666666 0.6921296296296297 0.5768229166666666 0.6929976851851852 0.5946180555555556 0.6938657407407407 0.609375 0.6967592592592593 0.6137152777777778 0.6967592592592593 0.6163194444444444 0.6932870370370371 0.6174045138888888 0.6883680555555556 0.6189236111111112 0.6730324074074074 0.6232638888888888 0.6672453703703703 0.6239149305555556 0.6640625 0.6265190972222222 0.6617476851851852 0.6282552083333334 0.6582754629629629 0.6291232638888888 0.6545138888888888 0.6302083333333334 0.6409143518518519 0.6295572916666666 0.6325231481481481 0.6271701388888888 0.6261574074074074 0.6195746527777778 0.6229745370370371 0.6163194444444444 0.6192129629629629 0.6111111111111112 0.6171875 0.6063368055555556 0.6160300925925926 0.5939670138888888 0.6151620370370371 0.5779079861111112 0.6154513888888888 0.5759548611111112 0.6163194444444444 0.5733506944444444 0.6195023148148148 0.5726996527777778 0.6218171296296297 0.5696614583333334 0.6255787037037037 0.5677083333333334 0.6267361111111112 0.56640625 0.6293402777777778 0.5655381944444444 0.6359953703703703 0.5572916666666666 0.6548032407407407 0.5570746527777778 0.6576967592592593 0.5538194444444444 0.6686921296296297 0.5538194444444444 0.6869212962962963 0.5544704861111112 0.6889467592592593
1 0.1664496527777778 0.9884259259259259 0.16471354166666666 0.9945023148148148 0.16536458333333334 0.9997106481481481 0.20052083333333334 0.9997106481481481 0.20052083333333334 0.9982638888888888 0.20203993055555555 0.9976851851851852 0.2055121527777778 0.9979745370370371 0.20594618055555555 0.9997106481481481 0.2068142361111111 0.9997106481481481 0.20703125 0.9982638888888888 0.21223958333333334 0.9959490740740741 0.21592881944444445 0.9971064814814815 0.216796875 0.9982638888888888 0.216796875 0.9997106481481481 0.22395833333333334 0.9997106481481481 0.2243923611111111 0.9979745370370371 0.22743055555555555 0.9971064814814815 0.2348090277777778 0.9971064814814815 0.2367621527777778 0.9962384259259259 0.2456597222222222 0.9979745370370371 0.2543402777777778 0.9979745370370371 0.2547743055555556 0.9997106481481481 0.2925347222222222 0.9997106481481481 0.29296875 0.9979745370370371 0.3005642361111111 0.9976851851851852 0.3036024305555556 0.9953703703703703 0.3053385416666667 0.9913194444444444 0.3088107638888889 0.9881365740740741 0.3153211805555556 0.9797453703703703 0.3179253472222222 0.9739583333333334 0.3224826388888889 0.9690393518518519 0.3313802083333333 0.953125 0.3350694444444444 0.9496527777777778 0.3357204861111111 0.9479166666666666 0.3385416666666667 0.9450231481481481 0.3409288194444444 0.9401041666666666 0.3489583333333333 0.9305555555555556 0.3550347222222222 0.9186921296296297 0.3572048611111111 0.9157986111111112 0.3628472222222222 0.9100115740740741 0.3695746527777778 0.9100115740740741 0.3708767361111111 0.9091435185185185 0.3732638888888889 0.9071180555555556 0.3771701388888889 0.9013310185185185 0.3802083333333333 0.8909143518518519 0.3819444444444444 0.8747106481481481 0.3819444444444444 0.8535879629629629 0.3810763888888889 0.8460648148148148 0.3734809027777778 0.8350694444444444 0.3519965277777778 0.8272569444444444 0.3422309027777778 0.8263888888888888 0.3391927083333333 0.8249421296296297 0.3296440972222222 0.8263888888888888 0.3064236111111111 0.8269675925925926 0.2973090277777778 0.8287037037037037 0.2864583333333333 0.8287037037037037 0.2654079861111111 0.8330439814814815 0.25 0.84375 0.2443576388888889 0.8495370370370371 0.2398003472222222 0.8515625 0.2287326388888889 0.8637152777777778 0.21875 0.8723958333333334 0.21202256944444445 0.8802083333333334 0.2072482638888889 0.8885995370370371 0.205078125 0.8903356481481481 0.19639756944444445 0.9019097222222222 0.1937934027777778 0.9036458333333334 0.1875 0.9114583333333334 0.1814236111111111 0.9204282407407407 0.1755642361111111 0.9334490740740741 0.1703559027777778 0.9496527777777778 0.16796875 0.953125 0.16536458333333334 0.9635416666666666 0.16666666666666666 0.9814814814814815 0.1664496527777778 0.9884259259259259
5 0.6560329861111112 0.43952546296296297 0.6690538194444444 0.43952546296296297 0.6710069444444444 0.4383680555555556 0.6723090277777778 0.43605324074074076 0.6727430555555556 0.4285300925925926 0.6720920138888888 0.4253472222222222 0.6690538194444444 0.4192708333333333 0.6649305555555556 0.4146412037037037 0.658203125 0.41869212962962965 0.6560329861111112 0.42158564814814814 0.6538628472222222 0.4296875 0.654296875 0.4383680555555556 0.6560329861111112 0.43952546296296297
8 0.6848958333333334 0.3990162037037037 0.6868489583333334 0.4019097222222222 0.6872829861111112 0.4045138888888889 0.6890190972222222 0.4079861111111111 0.6924913194444444 0.4068287037037037 0.6944444444444444 0.4045138888888889 0.6957465277777778 0.4007523148148148 0.6957465277777778 0.3958333333333333 0.6935763888888888 0.39033564814814814 0.6866319444444444 0.3897569444444444 0.6842447916666666 0.39033564814814814 0.68359375 0.3914930555555556 0.6833767361111112 0.3940972222222222 0.6848958333333334 0.3990162037037037
1 0.6414930555555556 0.7586805555555556 0.6440972222222222 0.7609953703703703 0.6510416666666666 0.7635995370370371 0.6627604166666666 0.7633101851851852 0.6716579861111112 0.7647569444444444 0.6751302083333334 0.7662037037037037 0.6983506944444444 0.7696759259259259 0.7035590277777778 0.7696759259259259 0.7098524305555556 0.7673611111111112 0.7139756944444444 0.7676504629629629 0.7170138888888888 0.7667824074074074 0.7209201388888888 0.7609953703703703 0.7215711805555556 0.7586805555555556 0.7211371527777778 0.7534722222222222 0.7220052083333334 0.7314814814814815 0.7204861111111112 0.7170138888888888 0.7211371527777778 0.6987847222222222 0.7204861111111112 0.6967592592592593 0.7202690972222222 0.6857638888888888 0.7215711805555556 0.6834490740740741 0.7248263888888888 0.6814236111111112 0.7256944444444444 0.6788194444444444 0.7239583333333334 0.6759259259259259 0.71875 0.6736111111111112 0.7135416666666666 0.6675347222222222 0.7068142361111112 0.6640625 0.6829427083333334 0.6611689814814815 0.662109375 0.6614583333333334 0.658203125 0.6631944444444444 0.6547309027777778 0.6675347222222222 0.6473524305555556 0.6689814814814815 0.6451822916666666 0.6715856481481481 0.6471354166666666 0.6747685185185185 0.6506076388888888 0.6756365740740741 0.6519097222222222 0.6791087962962963 0.6488715277777778 0.6880787037037037 0.6475694444444444 0.6898148148148148 0.6456163194444444 0.6982060185185185 0.6436631944444444 0.703125 0.6404079861111112 0.7207754629629629 0.6401909722222222 0.7543402777777778 0.6414930555555556 0.7586805555555556
1 0.701171875 0.5043402777777778 0.7033420138888888 0.5049189814814815 0.7074652777777778 0.5037615740740741 0.7194010416666666 0.5034722222222222 0.7278645833333334 0.5040509259259259 0.7306857638888888 0.5017361111111112 0.7313368055555556 0.4913194444444444 0.7287326388888888 0.4774305555555556 0.7267795138888888 0.47366898148148145 0.7243923611111112 0.47251157407407407 0.7124565972222222 0.4713541666666667 0.7081163194444444 0.47280092592592593 0.7026909722222222 0.4782986111111111 0.7020399305555556 0.48032407407407407 0.7020399305555556 0.48466435185185186 0.701171875 0.48640046296296297 0.6998697916666666 0.4939236111111111 0.6998697916666666 0.5020254629629629 0.701171875 0.5043402777777778
1 0.6788194444444444 0.4201388888888889 0.6822916666666666 0.4212962962962963 0.6857638888888888 0.4210069444444444 0.6892361111111112 0.4146412037037037 0.6898871527777778 0.41116898148148145 0.6896701388888888 0.4079861111111111 0.6866319444444444 0.4045138888888889 0.6859809027777778 0.4010416666666667 0.6820746527777778 0.3995949074074074 0.6796875 0.4010416666666667 0.67578125 0.4056712962962963 0.6753472222222222 0.4079861111111111 0.6788194444444444 0.4201388888888889
1 0.4613715277777778 0.6753472222222222 0.4635416666666667 0.6773726851851852 0.5008680555555556 0.6811342592592593 0.5190972222222222 0.6805555555555556 0.5227864583333334 0.6762152777777778 0.5251736111111112 0.6666666666666666 0.5262586805555556 0.6649305555555556 0.5295138888888888 0.6620370370370371 0.5362413194444444 0.6527777777777778 0.5431857638888888 0.6464120370370371 0.5442708333333334 0.6443865740740741 0.5457899305555556 0.6371527777777778 0.5455729166666666 0.6238425925925926 0.5434027777777778 0.6163194444444444 0.5412326388888888 0.6134259259259259 0.5303819444444444 0.6041666666666666 0.5260416666666666 0.6015625 0.5119357638888888 0.5986689814814815 0.5010850694444444 0.5980902777777778 0.4939236111111111 0.5989583333333334 0.48828125 0.6009837962962963 0.484375 0.6041666666666666 0.4796006944444444 0.609375 0.4789496527777778 0.6122685185185185 0.4748263888888889 0.6197916666666666 0.4700520833333333 0.6223958333333334 0.466796875 0.6270254629629629 0.462890625 0.6377314814814815 0.4607204861111111 0.6519097222222222 0.4607204861111111 0.6727430555555556 0.4613715277777778 0.6753472222222222
1 0.6875 0.43605324074074076 0.7029079861111112 0.4366319444444444 0.7037760416666666 0.4357638888888889 0.7044270833333334 0.43171296296296297 0.7046440972222222 0.4210069444444444 0.7035590277777778 0.41782407407407407 0.7016059027777778 0.41608796296296297 0.6924913194444444 0.41608796296296297 0.6892361111111112 0.4184027777777778 0.6875 0.421875 0.6864149305555556 0.4288194444444444 0.6859809027777778 0.4320023148148148 0.6875 0.43605324074074076
1 0.7261284722222222 0.39091435185185186 0.7309027777777778 0.39265046296296297 0.7341579861111112 0.3923611111111111 0.7352430555555556 0.39091435185185186 0.7348090277777778 0.3851273148148148 0.7326388888888888 0.3819444444444444 0.7309027777777778 0.38078703703703703 0.7274305555555556 0.3816550925925926 0.7256944444444444 0.3845486111111111 0.7250434027777778 0.3871527777777778 0.7261284722222222 0.39091435185185186
5 0.6508246527777778 0.4982638888888889 0.6510416666666666 0.5002893518518519 0.65234375 0.5014467592592593 0.6547309027777778 0.5017361111111112 0.6597222222222222 0.5002893518518519 0.6783854166666666 0.5008680555555556 0.6822916666666666 0.4927662037037037 0.6825086805555556 0.4791666666666667 0.6818576388888888 0.4771412037037037 0.6779513888888888 0.47019675925925924 0.6720920138888888 0.4661458333333333 0.6686197916666666 0.4652777777777778 0.6647135416666666 0.46556712962962965 0.6614583333333334 0.4661458333333333 0.6579861111111112 0.46846064814814814 0.6540798611111112 0.47366898148148145 0.6510416666666666 0.4832175925925926 0.650390625 0.4878472222222222 0.6508246527777778 0.4982638888888889
1 0.7200520833333334 0.41695601851851855 0.7237413194444444 0.4157986111111111 0.7309027777777778 0.4163773148148148 0.7341579861111112 0.4149305555555556 0.7345920138888888 0.40480324074074076 0.7330729166666666 0.40046296296296297 0.7311197916666666 0.39814814814814814 0.72265625 0.3984375 0.7194010416666666 0.4010416666666667 0.7176649305555556 0.4053819444444444 0.7174479166666666 0.4149305555555556 0.7200520833333334 0.41695601851851855
1 0.6167534722222222 0.5740740740740741 0.619140625 0.5766782407407407 0.6234809027777778 0.5749421296296297 0.6404079861111112 0.5746527777777778 0.6488715277777778 0.5752314814814815 0.6545138888888888 0.5772569444444444 0.6564670138888888 0.5760995370370371 0.6577690972222222 0.5740740740740741 0.6595052083333334 0.5674189814814815 0.6623263888888888 0.5610532407407407 0.6634114583333334 0.5434027777777778 0.6627604166666666 0.5402199074074074 0.6595052083333334 0.5373263888888888 0.6566840277777778 0.5329861111111112 0.6510416666666666 0.5298032407407407 0.6375868055555556 0.5283564814814815 0.6273871527777778 0.5295138888888888 0.6226128472222222 0.5332754629629629 0.6195746527777778 0.5460069444444444 0.6161024305555556 0.5564236111111112 0.6161024305555556 0.5714699074074074 0.6167534722222222 0.5740740740740741
1 0.984375 0.5827546296296297 0.9871961805555556 0.5862268518518519 0.9911024305555556 0.5876736111111112 0.9947916666666666 0.5908564814814815 0.9997829861111112 0.5917245370370371 0.9997829861111112 0.5480324074074074 0.9913194444444444 0.5491898148148148 0.9878472222222222 0.5512152777777778 0.9856770833333334 0.5543981481481481 0.984375 0.5584490740740741 0.9841579861111112 0.5616319444444444 0.9837239583333334 0.5792824074074074 0.984375 0.5827546296296297
1 0.7133246527777778 0.4461805555555556 0.7161458333333334 0.4447337962962963 0.7230902777777778 0.4444444444444444 0.7291666666666666 0.44675925925925924 0.7309027777777778 0.44849537037037035 0.7326388888888888 0.44386574074074076 0.7328559027777778 0.4357638888888889 0.7313368055555556 0.4314236111111111 0.7287326388888888 0.42824074074074076 0.7252604166666666 0.42650462962962965 0.7204861111111112 0.4262152777777778 0.7133246527777778 0.4296875 0.7120225694444444 0.4320023148148148 0.7109375 0.4366319444444444 0.7109375 0.44328703703703703 0.7133246527777778 0.4461805555555556
1 0.5501302083333334 0.5558449074074074 0.556640625 0.5541087962962963 0.5733506944444444 0.5541087962962963 0.5850694444444444 0.5570023148148148 0.5865885416666666 0.5552662037037037 0.5889756944444444 0.546875 0.5959201388888888 0.5419560185185185 0.5970052083333334 0.5367476851851852 0.5970052083333334 0.5234375 0.5954861111111112 0.5190972222222222 0.5850694444444444 0.5112847222222222 0.5670572916666666 0.5112847222222222 0.560546875 0.5127314814814815 0.556640625 0.515625 0.5546875 0.5182291666666666 0.5518663194444444 0.5266203703703703 0.5503472222222222 0.5286458333333334 0.5477430555555556 0.5381944444444444 0.5481770833333334 0.5526620370370371 0.5501302083333334 0.5558449074074074
1 0.2341579861111111 0.9997106481481481 0.2345920138888889 0.9985532407407407 0.2341579861111111 0.9982638888888888 0.2341579861111111 0.9997106481481481
1 0.2172309027777778 0.9997106481481481 0.22330729166666666 0.9997106481481481 0.22330729166666666 0.9982638888888888 0.22200520833333334 0.9973958333333334 0.2191840277777778 0.9973958333333334 0.2172309027777778 0.9982638888888888 0.2172309027777778 0.9997106481481481
1 0.7083333333333334 0.4693287037037037 0.7100694444444444 0.47077546296296297 0.7209201388888888 0.47077546296296297 0.7309027777777778 0.47251157407407407 0.7326388888888888 0.4704861111111111 0.7326388888888888 0.46412037037037035 0.7309027777777778 0.4505208333333333 0.7289496527777778 0.4470486111111111 0.7267795138888888 0.4453125 0.7172309027777778 0.44502314814814814 0.7122395833333334 0.44733796296296297 0.7102864583333334 0.4505208333333333 0.7081163194444444 0.45949074074074076 0.7078993055555556 0.4675925925925926 0.7083333333333334 0.4693287037037037
2 0.4225260416666667 0.5604745370370371 0.4231770833333333 0.5746527777777778 0.4253472222222222 0.5766782407407407 0.4279513888888889 0.5746527777777778 0.4299045138888889 0.5711805555555556 0.4299045138888889 0.5590277777777778 0.4320746527777778 0.5503472222222222 0.4318576388888889 0.5457175925925926 0.4301215277777778 0.5350115740740741 0.4292534722222222 0.5326967592592593 0.4268663194444444 0.5300925925925926 0.4251302083333333 0.5257523148148148 0.4216579861111111 0.5245949074074074 0.4190538194444444 0.5295138888888888 0.4188368055555556 0.5402199074074074 0.4225260416666667 0.5604745370370371
2 0.4021267361111111 0.5292245370370371 0.4021267361111111 0.5350115740740741 0.4053819444444444 0.5474537037037037 0.4077690972222222 0.5489004629629629 0.4097222222222222 0.5439814814814815 0.4123263888888889 0.5431134259259259 0.4129774305555556 0.5399305555555556 0.4116753472222222 0.5335648148148148 0.4108072916666667 0.5182291666666666 0.4084201388888889 0.5104166666666666 0.4064670138888889 0.5078125 0.4040798611111111 0.5069444444444444 0.4021267361111111 0.5083912037037037 0.4010416666666667 0.5104166666666666 0.4008246527777778 0.5199652777777778 0.4021267361111111 0.5292245370370371
2 0.11197916666666667 0.7971643518518519 0.11089409722222222 0.7991898148148148 0.11024305555555555 0.8032407407407407 0.10807291666666667 0.8284143518518519 0.1091579861111111 0.8304398148148148 0.11219618055555555 0.8304398148148148 0.1154513888888889 0.8284143518518519 0.11610243055555555 0.8263888888888888 0.11631944444444445 0.8246527777777778 0.11458333333333333 0.8214699074074074 0.11458333333333333 0.8162615740740741 0.1169704861111111 0.8026620370370371 0.11827256944444445 0.7986111111111112 0.11979166666666667 0.7965856481481481 0.1228298611111111 0.7957175925925926 0.12391493055555555 0.7962962962962963 0.12760416666666666 0.8064236111111112 0.1284722222222222 0.8110532407407407 0.13020833333333334 0.8139467592592593 0.1330295138888889 0.8127893518518519 0.1371527777777778 0.8084490740740741 0.1391059027777778 0.8035300925925926 0.1371527777777778 0.7994791666666666 0.13389756944444445 0.8006365740740741 0.1325954861111111 0.8000578703703703 0.1293402777777778 0.7934027777777778 0.12955729166666666 0.7855902777777778 0.1267361111111111 0.7693865740740741 0.12608506944444445 0.7534722222222222 0.1247829861111111 0.7476851851851852 0.12434895833333333 0.7390046296296297 0.1232638888888889 0.7326388888888888 0.12044270833333333 0.7282986111111112 0.11610243055555555 0.7280092592592593 0.11284722222222222 0.7314814814814815 0.11002604166666667 0.7413194444444444 0.10872395833333333 0.7543402777777778 0.10894097222222222 0.7725694444444444 0.11197916666666667 0.7971643518518519
2 0.37890625 0.5885416666666666 0.3793402777777778 0.5911458333333334 0.37890625 0.6032986111111112 0.3797743055555556 0.6128472222222222 0.3836805555555556 0.6140046296296297 0.3865017361111111 0.6111111111111112 0.3901909722222222 0.6096643518518519 0.3912760416666667 0.6076388888888888 0.3917100694444444 0.6021412037037037 0.3908420138888889 0.5813078703703703 0.3891059027777778 0.5746527777777778 0.3836805555555556 0.5671296296296297 0.3802083333333333 0.5668402777777778 0.3780381944444444 0.5732060185185185 0.3765190972222222 0.5755208333333334 0.3760850694444444 0.5821759259259259 0.37890625 0.5885416666666666
2 0.3480902777777778 0.609375 0.3483072916666667 0.6137152777777778 0.3480902777777778 0.6195023148148148 0.3465711805555556 0.6267361111111112 0.3470052083333333 0.6296296296296297 0.3489583333333333 0.6307870370370371 0.3500434027777778 0.6290509259259259 0.3522135416666667 0.6183449074074074 0.3559027777777778 0.6125578703703703 0.3569878472222222 0.6154513888888888 0.3561197916666667 0.6273148148148148 0.3569878472222222 0.6290509259259259 0.3595920138888889 0.6290509259259259 0.3604600694444444 0.6258680555555556 0.3608940972222222 0.6189236111111112 0.3617621527777778 0.6166087962962963 0.3606770833333333 0.6024305555555556 0.3628472222222222 0.5850694444444444 0.3585069444444444 0.5743634259259259 0.35546875 0.5726273148148148 0.3526475694444444 0.5749421296296297 0.3491753472222222 0.5847800925925926 0.3487413194444444 0.5888310185185185 0.3454861111111111 0.5957754629629629 0.3454861111111111 0.6024305555555556 0.3480902777777778 0.609375
4 0.9016927083333334 0.6753472222222222 0.90234375 0.6820023148148148 0.904296875 0.6846064814814815 0.9088541666666666 0.6851851851851852 0.9147135416666666 0.6817129629629629 0.9186197916666666 0.6817129629629629 0.9346788194444444 0.6863425925925926 0.94140625 0.6903935185185185 0.9548611111111112 0.6915509259259259 0.9602864583333334 0.6938657407407407 0.9663628472222222 0.6950231481481481 0.9672309027777778 0.6947337962962963 0.96875 0.6915509259259259 0.9767795138888888 0.6880787037037037 0.9776475694444444 0.6869212962962963 0.9806857638888888 0.6689814814814815 0.9806857638888888 0.6649305555555556 0.9798177083333334 0.6611689814814815 0.9754774305555556 0.6510416666666666 0.9620225694444444 0.6336805555555556 0.9611545138888888 0.6255787037037037 0.9578993055555556 0.6131365740740741 0.9559461805555556 0.609375 0.9496527777777778 0.6041666666666666 0.9407552083333334 0.6004050925925926 0.9388020833333334 0.5986689814814815 0.9073350694444444 0.5949074074074074 0.9060329861111112 0.5960648148148148 0.9047309027777778 0.6038773148148148 0.9036458333333334 0.6229745370370371 0.9036458333333334 0.6487268518518519 0.9016927083333334 0.6753472222222222
6 0.7120225694444444 0.3839699074074074 0.7176649305555556 0.38483796296296297 0.7200520833333334 0.3836805555555556 0.7215711805555556 0.3804976851851852 0.7215711805555556 0.37644675925925924 0.7209201388888888 0.3732638888888889 0.7189670138888888 0.3697916666666667 0.7133246527777778 0.36863425925925924 0.7109375 0.37181712962962965 0.7107204861111112 0.3810763888888889 0.7120225694444444 0.3839699074074074