8 0.16733870967741937 0.33770161290322587 0.16960685483870966 0.3484543010752688 0.17162298387096775 0.3518145161290323 0.17540322580645162 0.35248655913978494 0.19254032258064516 0.3477822580645161 0.20715725806451615 0.3464381720430108 0.2091733870967742 0.34543010752688175 0.20992943548387097 0.3366935483870968 0.20816532258064516 0.32022849462365593 0.20337701612903225 0.30174731182795705 0.20161290322580644 0.2893145161290323 0.20010080645161288 0.2862903225806452 0.19178427419354838 0.2849462365591398 0.17137096774193547 0.28763440860215056 0.16733870967741937 0.2896505376344086 0.16607862903225806 0.2940188172043011 0.1658266129032258 0.3175403225806452 0.16733870967741937 0.33770161290322587
8 0.16549672379032257 0.31350806451612906 0.16751285282258066 0.3383736559139785 0.16978099798387097 0.34946236559139787 0.1720491431451613 0.35383064516129037 0.17582938508064516 0.3541666666666667 0.19221043346774194 0.3484543010752688 0.2068273689516129 0.3471102150537635 0.21010357862903228 0.34408602150537637 0.21060761088709679 0.33467741935483875 0.20909551411290325 0.32123655913978494 0.20103099798387097 0.2862903225806452 0.18994228830645163 0.28360215053763443 0.17910559475806453 0.28326612903225806 0.16801688508064516 0.2879704301075269 0.1647406754032258 0.2923387096774194 0.16398462701612906 0.2953629032258065 0.16348059475806453 0.30342741935483875 0.16549672379032257 0.31350806451612906
1 0.3432459677419355 0.4092741935483871 0.3442540322580645 0.4213709677419355 0.34551411290322576 0.42439516129032256 0.35055443548387094 0.42943548387096775 0.3558467741935484 0.4422043010752688 0.359375 0.44825268817204306 0.36819556451612906 0.44993279569892475 0.3800403225806452 0.44926075268817206 0.38356854838709675 0.44758064516129037 0.390625 0.447244623655914 0.40448588709677424 0.44388440860215056 0.40877016129032256 0.43985215053763443 0.4095262096774193 0.4321236559139785 0.40776209677419356 0.4206989247311828 0.4034778225806452 0.4112903225806452 0.4007056451612903 0.4015456989247312 0.3944052419354839 0.38709677419354843 0.3873487903225807 0.37567204301075274 0.38130040322580644 0.36928763440860213 0.375 0.36693548387096775 0.3676915322580645 0.36693548387096775 0.34904233870967744 0.37197580645161293 0.34526209677419356 0.3743279569892473 0.34375 0.37668010752688175 0.34248991935483875 0.38037634408602156 0.34173387096774194 0.38709677419354843 0.3414818548387097 0.3995295698924732 0.3432459677419355 0.4092741935483871
5 0.2842741935483871 0.31418010752688175 0.28629032258064513 0.3175403225806452 0.2930947580645161 0.3239247311827957 0.29813508064516125 0.32560483870967744 0.30342741935483875 0.3252688172043011 0.30720766129032256 0.32358870967741943 0.3125 0.31451612903225806 0.31502016129032256 0.30745967741935487 0.3175403225806452 0.3057795698924731 0.3245967741935484 0.30477150537634407 0.3258568548387097 0.3020833333333333 0.32560483870967744 0.29872311827956993 0.32283266129032256 0.2926747311827957 0.3203125 0.290994623655914 0.31098790322580644 0.27923387096774194 0.30720766129032256 0.27788978494623656 0.2933467741935484 0.2799059139784946 0.29183467741935487 0.2809139784946237 0.2847782258064516 0.28830645161290325 0.28276209677419356 0.29469086021505375 0.2830141129032258 0.30813172043010756 0.2842741935483871 0.31418010752688175
1 0.16381048387096775 0.46505376344086025 0.16834677419354838 0.4663978494623656 0.1701108870967742 0.46975806451612906 0.16985887096774194 0.4761424731182796 0.17137096774193547 0.49428763440860224 0.17263104838709678 0.4976478494623656 0.17515120967741937 0.5117607526881721 0.1779233870967742 0.5141129032258065 0.18800403225806453 0.5144489247311829 0.21244959677419356 0.5094086021505377 0.22001008064516128 0.5090725806451614 0.22807459677419356 0.5057123655913979 0.23109879032258063 0.5036962365591399 0.23235887096774194 0.5016801075268817 0.23084677419354838 0.48420698924731187 0.23059475806451615 0.46975806451612906 0.22782258064516128 0.4563172043010753 0.23135080645161288 0.4526209677419355 0.2326108870967742 0.44926075268817206 0.23109879032258063 0.447244623655914 0.22731854838709678 0.4465725806451613 0.22605846774193547 0.4448924731182796 0.2212701612903226 0.4287634408602151 0.21900201612903225 0.4250672043010753 0.21748991935483872 0.41834677419354843 0.2134576612903226 0.4153225806451613 0.20614919354838712 0.41498655913978494 0.18901209677419356 0.4166666666666667 0.17867943548387097 0.4193548387096775 0.17691532258064516 0.4206989247311828 0.17464717741935484 0.42372311827956993 0.17061491935483872 0.43245967741935487 0.16910282258064516 0.4442204301075269 0.16910282258064516 0.4566532258064516 0.16305443548387097 0.4600134408602151 0.16280241935483872 0.4610215053763441 0.16255040322580644 0.4633736559139785 0.16381048387096775 0.46505376344086025
5 0.27847782258064513 0.4670698924731183 0.27847782258064513 0.4727822580645161 0.2772177419354839 0.47748655913978494 0.2782258064516129 0.48051075268817206 0.28150201612903225 0.4848790322580645 0.2855342741935484 0.5016801075268817 0.28629032258064513 0.5114247311827957 0.28881048387096775 0.5265456989247312 0.28981854838709675 0.530241935483871 0.2930947580645161 0.5352822580645161 0.30216733870967744 0.5372983870967742 0.31426411290322576 0.5369623655913979 0.34223790322580644 0.5305779569892474 0.35005040322580644 0.5265456989247312 0.35307459677419356 0.5228494623655914 0.3538306451612903 0.5198252688172044 0.3538306451612903 0.5134408602150538 0.35231854838709675 0.4976478494623656 0.34551411290322576 0.4737903225806452 0.34551411290322576 0.47009408602150543 0.34904233870967744 0.4633736559139785 0.3470262096774193 0.4620295698924732 0.34274193548387094 0.46135752688172044 0.34122983870967744 0.45967741935483875 0.33770161290322576 0.45329301075268824 0.33417338709677424 0.4422043010752688 0.32560483870967744 0.4297715053763441 0.32106854838709675 0.4270833333333333 0.3127520161290323 0.42674731182795705 0.3001512096774193 0.42775537634408606 0.28981854838709675 0.4304435483870968 0.28150201612903225 0.43447580645161293 0.27872983870967744 0.43817204301075274 0.2772177419354839 0.4425403225806452 0.2769657258064516 0.45732526881720437 0.27847782258064513 0.4670698924731183
5 0.591687247983871 0.6303763440860215 0.5964755544354838 0.6394489247311829 0.598491683467742 0.6582661290322581 0.6020199092741936 0.664986559139785 0.6065561995967742 0.6693548387096775 0.6136126512096775 0.6693548387096775 0.6257094254032258 0.6841397849462366 0.6317578125 0.6895161290322581 0.6410824092741936 0.7029569892473119 0.6501549899193548 0.713709677419355 0.6589755544354838 0.7278225806451614 0.6667880544354838 0.7358870967741936 0.6715763608870967 0.751008064516129 0.6758606350806452 0.7580645161290323 0.6793888608870967 0.7610887096774194 0.6841771673387096 0.7614247311827957 0.6899735383064516 0.7597446236559141 0.6935017641129032 0.7661290322580646 0.6967779737903227 0.7691532258064517 0.7033303931451613 0.7728494623655914 0.7171912802419356 0.7755376344086022 0.7252557963709677 0.7745295698924731 0.7413848286290323 0.7708333333333334 0.7534816028225806 0.7654569892473119 0.7597820060483871 0.7604166666666666 0.7686025705645162 0.7553763440860216 0.7731388608870967 0.7476478494623656 0.7751549899193548 0.7358870967741936 0.7751549899193548 0.7237903225806451 0.7723828125 0.7036290322580646 0.7675945060483871 0.6945564516129032 0.7602860383064516 0.6834677419354839 0.7418888608870967 0.6606182795698926 0.7393686995967742 0.6545698924731184 0.7418888608870967 0.6478494623655914 0.7418888608870967 0.643481182795699 0.7398727318548387 0.6414650537634409 0.738108618951613 0.6411290322580646 0.7355884576612903 0.6438172043010753 0.7350844254032258 0.6458333333333334 0.7315561995967742 0.6438172043010753 0.7227356350806452 0.6303763440860215 0.7111428931451613 0.6159274193548389 0.6977860383064516 0.6021505376344086 0.6768686995967742 0.5846774193548387 0.6685521673387096 0.5813172043010754 0.6577154737903227 0.5789650537634409 0.6496509576612903 0.5739247311827957 0.6446106350806452 0.5725806451612904 0.6332699092741936 0.573252688172043 0.614116683467742 0.5779569892473119 0.6007598286290323 0.5846774193548387 0.5957195060483871 0.5887096774193549 0.5926953125 0.5967741935483871 0.5901751512096775 0.6108870967741936 0.5904271673387097 0.6263440860215055 0.591687247983871 0.6303763440860215
1 0.34475806451612906 0.7668010752688174 0.34475806451612906 0.7745295698924731 0.3467741935483871 0.7856182795698926 0.3477822580645161 0.7993951612903226 0.35055443548387094 0.8101478494623656 0.35282258064516125 0.8141801075268817 0.3550907258064516 0.8289650537634409 0.36113911290322576 0.8487903225806451 0.35912298387096775 0.8521505376344087 0.35912298387096775 0.8561827956989247 0.36466733870967744 0.8655913978494624 0.36895161290322576 0.8844086021505376 0.37701612903225806 0.9126344086021506 0.3785282258064516 0.9210349462365592 0.38079637096774194 0.925739247311828 0.38130040322580644 0.9331317204301075 0.38029233870967744 0.9348118279569894 0.3785282258064516 0.9354838709677421 0.38205645161290325 0.9378360215053765 0.38810483870967744 0.9526209677419355 0.3863407258064516 0.9566532258064517 0.39213709677419356 0.969758064516129 0.3944052419354839 0.9805107526881721 0.3949092741935484 0.9912634408602151 0.3961693548387097 0.9942876344086022 0.40020161290322576 0.9976478494623656 0.4065020161290323 0.9976478494623656 0.40725806451612906 0.9996639784946237 0.4407762096774193 0.9996639784946237 0.4407762096774193 0.9983198924731184 0.4425403225806452 0.996975806451613 0.4493447580645161 0.9976478494623656 0.4503528225806452 0.9983198924731184 0.4503528225806452 0.9996639784946237 0.45564516129032256 0.9996639784946237 0.4558971774193548 0.9979838709677421 0.45892137096774194 0.9973118279569894 0.46169354838709675 0.9976478494623656 0.46244959677419356 0.9996639784946237 0.4649697580645161 0.9996639784946237 0.4649697580645161 0.9983198924731184 0.4659778225806452 0.9976478494623656 0.46875 0.9979838709677421 0.4690020161290323 0.9996639784946237 0.47127016129032256 0.9996639784946237 0.4715221774193548 0.9979838709677421 0.4735383064516129 0.9973118279569894 0.4803427419354839 0.9973118279569894 0.48261088709677424 0.9979838709677421 0.48286290322580644 0.9996639784946237 0.48588709677419356 0.9996639784946237 0.48613911290322576 0.9979838709677421 0.4921875 0.9973118279569894 0.4994959677419355 0.9926075268817205 0.508820564516129 0.9825268817204302 0.5151209677419355 0.9734543010752689 0.5178931451612903 0.9633736559139785 0.5173891129032258 0.9351478494623656 0.5120967741935484 0.9008736559139785 0.5085685483870968 0.8894489247311829 0.5002520161290323 0.870967741935484 0.49193548387096775 0.8497983870967742 0.49117943548387094 0.8454301075268817 0.48336693548387094 0.8279569892473119 0.4838709677419355 0.8245967741935485 0.4881552419354839 0.8172043010752689 0.49017137096774194 0.8061155913978495 0.4889112903225807 0.8034274193548389 0.48689516129032256 0.8030913978494624 0.48361895161290325 0.8051075268817205 0.4808467741935484 0.8098118279569894 0.47757056451612906 0.811491935483871 0.4768145161290323 0.8108198924731184 0.47026209677419356 0.7923387096774194 0.46068548387096775 0.7738575268817205 0.453125 0.7516801075268817 0.4415322580645161 0.727486559139785 0.4375 0.7207661290322581 0.4251512096774193 0.7100134408602151 0.4173387096774193 0.7063172043010753 0.40725806451612906 0.7056451612903226 0.3986895161290323 0.7063172043010753 0.39037298387096775 0.7083333333333334 0.37701612903225806 0.7140456989247312 0.36567540322580644 0.7221102150537635 0.35761088709677424 0.7318548387096775 0.35131048387096775 0.7368951612903226 0.3487903225806452 0.7422715053763441 0.3472782258064516 0.7486559139784946 0.3465221774193548 0.7594086021505376 0.34475806451612906 0.7668010752688174
1 0.17489919354838712 0.5621639784946237 0.17515120967741937 0.5705645161290323 0.17615927419354838 0.5749327956989247 0.17565524193548387 0.5776209677419355 0.1743951612903226 0.5793010752688172 0.1693548387096774 0.5813172043010754 0.16759072580645162 0.5853494623655914 0.16834677419354838 0.5880376344086022 0.17338709677419356 0.5893817204301075 0.17590725806451615 0.5930779569892474 0.17641129032258063 0.6229838709677419 0.18170362903225806 0.6495295698924731 0.18422379032258063 0.6559139784946237 0.18876008064516128 0.6599462365591399 0.19480846774193547 0.6619623655913979 0.20866935483870966 0.6609543010752689 0.22303427419354838 0.6579301075268817 0.2447076612903226 0.6508736559139785 0.24899193548387097 0.6485215053763441 0.2547883064516129 0.6431451612903226 0.25806451612903225 0.6370967741935485 0.25806451612903225 0.6172715053763441 0.2578125 0.6129032258064517 0.2555443548387097 0.6058467741935485 0.2540322580645161 0.5883736559139785 0.25201612903225806 0.580981182795699 0.2512600806451613 0.5739247311827957 0.25252016129032256 0.5702284946236559 0.25504032258064513 0.5675403225806451 0.25630040322580644 0.5641801075268817 0.25504032258064513 0.5625000000000001 0.2505040322580645 0.561491935483871 0.24873991935483872 0.5598118279569892 0.24722782258064516 0.5544354838709677 0.24697580645161288 0.5473790322580646 0.2447076612903226 0.5366263440860215 0.23790322580645162 0.5181451612903226 0.234375 0.5137768817204301 0.22857862903225806 0.5114247311827957 0.21018145161290322 0.5114247311827957 0.19632056451612903 0.5137768817204301 0.18245967741935484 0.5225134408602151 0.17741935483870966 0.5329301075268817 0.17590725806451615 0.5426747311827957 0.17489919354838712 0.5621639784946237
1 0.3170362903225807 0.27251344086021506 0.31905241935483875 0.2758736559139785 0.32736895161290325 0.28326612903225806 0.32988911290322576 0.28293010752688175 0.3314012096774193 0.2809139784946237 0.3331653225806452 0.2752016129032258 0.33467741935483875 0.2735215053763441 0.3399697580645161 0.27083333333333337 0.35055443548387094 0.2688172043010753 0.35408266129032256 0.26545698924731187 0.35307459677419356 0.2614247311827957 0.3470262096774193 0.24932795698924734 0.34198588709677424 0.24294354838709678 0.3364415322580645 0.24126344086021506 0.3238407258064516 0.24260752688172044 0.31880040322580644 0.24462365591397853 0.3175403225806452 0.24831989247311828 0.3152721774193548 0.2584005376344086 0.3170362903225807 0.27251344086021506
1 0.5032762096774194 0.9996639784946237 0.553679435483871 0.9996639784946237 0.5539314516129032 0.9979838709677421 0.555695564516129 0.9976478494623656 0.5572076612903226 0.9976478494623656 0.5577116935483871 0.9996639784946237 0.5950100806451614 0.9996639784946237 0.5932459677419355 0.9936155913978495 0.5877016129032258 0.9838709677419355 0.5856854838709677 0.9771505376344087 0.5829133064516129 0.9734543010752689 0.571320564516129 0.9704301075268817 0.5438508064516129 0.9751344086021506 0.5289818548387097 0.9808467741935485 0.5186491935483871 0.9835349462365592 0.5151209677419355 0.9858870967741936 0.508820564516129 0.9875672043010754 0.5042842741935484 0.9912634408602151 0.5030241935483871 0.9946236559139785 0.5032762096774194 0.9996639784946237
1 0.43548387096774194 0.4361559139784947 0.4375 0.44623655913978494 0.44002016129032256 0.44993279569892475 0.44606854838709675 0.4516129032258065 0.4493447580645161 0.4536290322580645 0.4533770161290323 0.4583333333333333 0.45992943548387094 0.4680779569892473 0.46219758064516125 0.46975806451612906 0.4649697580645161 0.48051075268817206 0.46799395161290325 0.48555107526881724 0.4770665322580645 0.4875672043010753 0.49823588709677424 0.48555107526881724 0.49974798387096775 0.4835349462365592 0.5007560483870968 0.4771505376344087 0.5045362903225806 0.4721102150537635 0.5131048387096774 0.4684139784946237 0.5201612903225806 0.4680779569892473 0.5231854838709677 0.46572580645161293 0.5239415322580645 0.46270161290322587 0.5221774193548387 0.4502688172043011 0.5176411290322581 0.4408602150537635 0.5143649193548387 0.4304435483870968 0.5075604838709677 0.41834677419354843 0.5030241935483871 0.40759408602150543 0.49924395161290325 0.40288978494623656 0.4954637096774193 0.3951612903225807 0.484375 0.38205645161290325 0.4742943548387097 0.37533602150537637 0.47076612903225806 0.37399193548387094 0.46018145161290325 0.3736559139784947 0.45211693548387094 0.37567204301075274 0.4417842741935484 0.3800403225806452 0.43926411290322576 0.3823924731182796 0.4375 0.38709677419354843 0.43573588709677424 0.3968413978494624 0.4347278225806452 0.4227150537634409 0.43548387096774194 0.4361559139784947
1 0.17061491935483872 0.3844086021505376 0.17263104838709678 0.3914650537634409 0.17389112903225806 0.40860215053763443 0.17464717741935484 0.41397849462365593 0.17590725806451615 0.4166666666666667 0.17817540322580644 0.41801075268817206 0.18069556451612903 0.41801075268817206 0.19581653225806453 0.4153225806451613 0.21043346774193547 0.4146505376344087 0.21446572580645162 0.4156586021505376 0.22001008064516128 0.4203629032258065 0.22303427419354838 0.4210349462365592 0.22706653225806453 0.4193548387096775 0.22807459677419356 0.41801075268817206 0.22883064516129034 0.4129704301075269 0.22782258064516128 0.40759408602150543 0.22782258064516128 0.3995295698924732 0.2247983870967742 0.3844086021505376 0.22429435483870966 0.37668010752688175 0.2212701612903226 0.37130376344086025 0.21748991935483872 0.35920698924731187 0.21320564516129034 0.35248655913978494 0.20665322580645162 0.34744623655913975 0.18094758064516128 0.3518145161290323 0.17464717741935484 0.35551075268817206 0.17263104838709678 0.36592741935483875 0.17212701612903225 0.3800403225806452 0.17061491935483872 0.3844086021505376
1 0.3097278225806452 0.34912634408602156 0.3205645161290323 0.3655913978494624 0.3240927419354839 0.36928763440860213 0.32888104838709675 0.36995967741935487 0.3314012096774193 0.36895161290322587 0.3409778225806452 0.3686155913978495 0.35735887096774194 0.36525537634408606 0.359375 0.3645833333333333 0.36063508064516125 0.3629032258064516 0.36038306451612906 0.3484543010752688 0.3571068548387097 0.33870967741935487 0.3571068548387097 0.33131720430107525 0.3563508064516129 0.32829301075268824 0.3518145161290323 0.32459677419354843 0.3392137096774193 0.30880376344086025 0.33518145161290325 0.3061155913978495 0.32913306451612906 0.30510752688172044 0.3208165322580645 0.30510752688172044 0.31426411290322576 0.30645161290322587 0.3130040322580645 0.30981182795698925 0.3127520161290323 0.31418010752688175 0.3092237903225807 0.3175403225806452 0.30720766129032256 0.3239247311827957 0.3069556451612903 0.3286290322580645 0.3097278225806452 0.34912634408602156
1 0.47001008064516125 0.6522177419354839 0.4725302419354839 0.662970430107527 0.47757056451612906 0.6948924731182795 0.4800907258064516 0.7006048387096775 0.48361895161290325 0.7043010752688171 0.49092741935483875 0.7043010752688171 0.4921875 0.7053091397849462 0.4952116935483871 0.7090053763440861 0.49974798387096775 0.7180779569892474 0.5012600806451613 0.7241263440860216 0.5131048387096774 0.7476478494623656 0.5183971774193549 0.7634408602150538 0.5264616935483871 0.7758736559139785 0.5279737903225806 0.7829301075268817 0.5282258064516129 0.7896505376344086 0.5317540322580645 0.8071236559139785 0.5350302419354839 0.8148521505376345 0.5385584677419355 0.8195564516129032 0.5453629032258065 0.8222446236559141 0.5501512096774194 0.8256048387096775 0.5672883064516129 0.8316532258064517 0.5856854838709677 0.8316532258064517 0.5965221774193549 0.8289650537634409 0.6194556451612904 0.820228494623656 0.6300403225806451 0.8141801075268817 0.6355846774193549 0.8071236559139785 0.6381048387096775 0.800739247311828 0.6398689516129032 0.7916666666666666 0.6388608870967742 0.7634408602150538 0.6355846774193549 0.7513440860215055 0.6244959677419355 0.7271505376344086 0.6156754032258065 0.7110215053763441 0.6129032258064515 0.7029569892473119 0.6098790322580646 0.6895161290322581 0.6098790322580646 0.6851478494623656 0.6126512096774194 0.6838037634408602 0.6136592741935485 0.6821236559139785 0.6129032258064515 0.6797715053763441 0.6096270161290323 0.6821236559139785 0.6058467741935485 0.6821236559139785 0.5909778225806451 0.6592741935483871 0.5856854838709677 0.6471774193548389 0.5544354838709677 0.6018145161290323 0.5435987903225806 0.5883736559139785 0.5362903225806451 0.580981182795699 0.5304939516129032 0.5776209677419355 0.5262096774193549 0.5766129032258065 0.5199092741935484 0.5766129032258065 0.5083165322580645 0.5786290322580646 0.4889112903225807 0.5846774193548387 0.48336693548387094 0.5883736559139785 0.4816028225806452 0.5954301075268817 0.4742943548387097 0.6065188172043011 0.4717741935483871 0.6159274193548389 0.47001008064516125 0.6307123655913979 0.4692540322580645 0.6397849462365592 0.47001008064516125 0.6522177419354839
1 0.32106854838709675 0.6034946236559141 0.32888104838709675 0.6226478494623656 0.3324092741935484 0.6347446236559141 0.33467741935483875 0.6465053763440861 0.33518145161290325 0.6579301075268817 0.3387096774193548 0.663978494623656 0.3404737903225807 0.6784274193548389 0.34526209677419356 0.6898521505376345 0.36038306451612906 0.6905241935483871 0.37323588709677424 0.6925403225806451 0.38432459677419356 0.6898521505376345 0.3939012096774193 0.6888440860215055 0.41381048387096775 0.6787634408602151 0.421875 0.6717069892473119 0.42363911290322576 0.6646505376344086 0.4221270161290323 0.6377688172043011 0.4178427419354839 0.6229838709677419 0.41204637096774194 0.6098790322580646 0.4100302419354839 0.602486559139785 0.4112903225806452 0.600470430107527 0.41481854838709675 0.5984543010752689 0.41557459677419356 0.5920698924731183 0.41481854838709675 0.5910618279569892 0.4112903225806452 0.590725806451613 0.40776209677419356 0.5964381720430109 0.4029737903225807 0.5897177419354839 0.3946572580645161 0.5719086021505377 0.3911290322580645 0.5598118279569892 0.38432459677419356 0.5456989247311829 0.38104838709677424 0.5413306451612904 0.37701612903225806 0.5376344086021506 0.3727318548387097 0.5356182795698925 0.36617943548387094 0.5346102150537635 0.3520665322580645 0.5352822580645161 0.34475806451612906 0.5386424731182796 0.3253528225806452 0.5440188172043011 0.3208165322580645 0.5483870967741935 0.31880040322580644 0.5557795698924731 0.31829637096774194 0.573252688172043 0.32106854838709675 0.6034946236559141
5 0.3828125 0.5094086021505377 0.3878528225806452 0.5228494623655914 0.38936491935483875 0.529233870967742 0.3954133064516129 0.5362903225806451 0.4029737903225807 0.549731182795699 0.40599798387096775 0.5534274193548387 0.40801411290322576 0.5641801075268817 0.4112903225806452 0.5725806451612904 0.41481854838709675 0.5745967741935485 0.4180947580645161 0.5742607526881721 0.42162298387096775 0.5776209677419355 0.42439516129032256 0.5786290322580646 0.4397681451612903 0.5779569892473119 0.4579133064516129 0.5745967741935485 0.47051411290322576 0.5705645161290323 0.4770665322580645 0.5668682795698925 0.4793346774193548 0.5641801075268817 0.4810987903225807 0.5581317204301075 0.4810987903225807 0.5430107526881721 0.4765625 0.5305779569892474 0.47454637096774194 0.5221774193548387 0.46774193548387094 0.5084005376344086 0.46698588709677424 0.5047043010752689 0.4690020161290323 0.49731182795698925 0.46723790322580644 0.49495967741935487 0.46345766129032256 0.49596774193548393 0.4604334677419355 0.4936155913978495 0.45110887096774194 0.4801747311827957 0.44632056451612906 0.4714381720430108 0.43674395161290325 0.4593413978494624 0.41935483870967744 0.45295698924731187 0.40549395161290325 0.4539650537634409 0.3908770161290323 0.4583333333333333 0.3868447580645161 0.46068548387096775 0.38356854838709675 0.46572580645161293 0.38130040322580644 0.4778225806451613 0.3805443548387097 0.49899193548387105 0.3828125 0.5094086021505377
5 0.36794354838709675 0.32795698924731187 0.36869959677419356 0.34475806451612906 0.36970766129032256 0.3504704301075269 0.37298387096774194 0.3585349462365592 0.3800403225806452 0.36189516129032256 0.3823084677419355 0.36659946236559143 0.3870967741935484 0.36995967741935487 0.38986895161290325 0.3686155913978495 0.40095766129032256 0.3686155913978495 0.4022177419354839 0.3662634408602151 0.4032258064516129 0.3588709677419355 0.40549395161290325 0.35248655913978494 0.40549395161290325 0.34912634408602156 0.4027217741935484 0.3430779569892473 0.4022177419354839 0.33803763440860213 0.40423387096774194 0.33467741935483875 0.4105342741935484 0.33098118279569894 0.4135584677419355 0.32795698924731187 0.41330645161290325 0.32090053763440857 0.4095262096774193 0.31418010752688175 0.40498991935483875 0.30947580645161293 0.40095766129032256 0.30745967741935487 0.39264112903225806 0.3071236559139785 0.37323588709677424 0.30981182795698925 0.36920362903225806 0.3118279569892473 0.3671875 0.31518817204301075 0.36693548387096775 0.32358870967741943 0.36794354838709675 0.32795698924731187
1 0.33341733870967744 0.3020833333333333 0.34299395161290325 0.30947580645161293 0.35231854838709675 0.322244623655914 0.3563508064516129 0.32459677419354843 0.3596270161290323 0.3252688172043011 0.36542338709677424 0.322244623655914 0.36617943548387094 0.32123655913978494 0.36693548387096775 0.31418010752688175 0.36794354838709675 0.3125 0.37323588709677424 0.30880376344086025 0.38155241935483875 0.30813172043010756 0.38382056451612906 0.30477150537634407 0.38356854838709675 0.30006720430107525 0.3823084677419355 0.2963709677419355 0.3780241935483871 0.2896505376344086 0.3787802419354839 0.28259408602150543 0.36693548387096775 0.27217741935483875 0.3596270161290323 0.26848118279569894 0.35307459677419356 0.26780913978494625 0.3485383064516129 0.2701612903225807 0.33795362903225806 0.27217741935483875 0.3329133064516129 0.2758736559139785 0.3329133064516129 0.27923387096774194 0.3314012096774193 0.28360215053763443 0.3314012096774193 0.2940188172043011 0.33341733870967744 0.3020833333333333
1 0.18976814516129034 0.8279569892473119 0.18976814516129034 0.8363575268817205 0.18850806451612903 0.8430779569892474 0.19128024193548387 0.871975806451613 0.19203629032258063 0.9126344086021506 0.1927923387096774 0.9217069892473119 0.19405241935483872 0.9250672043010754 0.1953125 0.9351478494623656 0.19430443548387097 0.9459005376344087 0.19203629032258063 0.9495967741935485 0.19254032258064516 0.9492607526881721 0.19455645161290322 0.9529569892473119 0.19405241935483872 0.9563172043010754 0.19581653225806453 0.9596774193548389 0.1970766129032258 0.9700940860215055 0.19833669354838712 0.9721102150537635 0.2109375 0.9811827956989247 0.22026209677419356 0.9852150537634409 0.22379032258064516 0.9855510752688174 0.22883064516129034 0.989247311827957 0.25 0.996975806451613 0.2613407258064516 0.9979838709677421 0.2615927419354839 0.9996639784946237 0.26310483870967744 0.9976478494623656 0.2830141129032258 0.9976478494623656 0.29107862903225806 0.9963037634408602 0.3011592741935484 0.9976478494623656 0.3016633064516129 0.9996639784946237 0.3402217741935484 0.9996639784946237 0.3407258064516129 0.9976478494623656 0.34475806451612906 0.9952956989247312 0.34475806451612906 0.9909274193548389 0.34198588709677424 0.9734543010752689 0.3382056451612903 0.956989247311828 0.33518145161290325 0.9492607526881721 0.33442540322580644 0.9428763440860216 0.3311491935483871 0.932459677419355 0.32787298387096775 0.9153225806451614 0.3258568548387097 0.9112903225806451 0.32661290322580644 0.9042338709677421 0.3329133064516129 0.8971774193548389 0.33442540322580644 0.8938172043010754 0.33492943548387094 0.8897849462365592 0.33341733870967744 0.8867607526881721 0.32711693548387094 0.8844086021505376 0.32283266129032256 0.8763440860215055 0.32106854838709675 0.8655913978494624 0.3170362903225807 0.8541666666666666 0.31451612903225806 0.8424059139784946 0.3097278225806452 0.8276209677419355 0.30569556451612906 0.8030913978494624 0.2935987903225806 0.7741935483870969 0.28981854838709675 0.7620967741935485 0.28654233870967744 0.757728494623656 0.2757056451612903 0.7530241935483871 0.2618447580645161 0.7526881720430109 0.24420362903225806 0.7563844086021506 0.23084677419354838 0.7607526881720431 0.21446572580645162 0.768481182795699 0.20236895161290322 0.7785618279569894 0.19556451612903225 0.7862903225806451 0.19178427419354838 0.7960349462365592 0.19178427419354838 0.8071236559139785 0.18976814516129034 0.8279569892473119
1 0.501008064516129 0.5016801075268817 0.5022681451612903 0.5047043010752689 0.5020161290322581 0.5154569892473119 0.5047883064516129 0.5275537634408602 0.5085685483870968 0.5329301075268817 0.5153729838709677 0.5346102150537635 0.5196572580645161 0.5376344086021506 0.5325100806451613 0.5557795698924731 0.5385584677419355 0.5621639784946237 0.5398185483870968 0.5665322580645161 0.5398185483870968 0.5709005376344086 0.5418346774193549 0.5779569892473119 0.5430947580645161 0.5813172043010754 0.5466229838709677 0.5856854838709677 0.5506552419354839 0.5860215053763441 0.5539314516129032 0.5846774193548387 0.5599798387096774 0.5873655913978495 0.5660282258064516 0.5883736559139785 0.5725806451612903 0.5883736559139785 0.584929435483871 0.5863575268817205 0.5894657258064516 0.5850134408602151 0.5917338709677419 0.582997311827957 0.600554435483871 0.5813172043010754 0.6098790322580646 0.5759408602150538 0.6126512096774194 0.5725806451612904 0.6136592741935485 0.5608198924731183 0.6111391129032258 0.5430107526881721 0.6076108870967742 0.5356182795698925 0.5970262096774194 0.5198252688172044 0.5955141129032258 0.5154569892473119 0.5967741935483871 0.5094086021505377 0.5965221774193549 0.5050403225806451 0.5950100806451614 0.5047043010752689 0.5934979838709677 0.5080645161290323 0.5917338709677419 0.508736559139785 0.5682963709677419 0.4761424731182796 0.5612399193548387 0.46975806451612906 0.5569556451612903 0.4663978494623656 0.5511592741935484 0.46438172043010756 0.5259576612903226 0.46538978494623656 0.5219254032258065 0.4684139784946237 0.5118447580645161 0.47009408602150543 0.5045362903225806 0.4737903225806452 0.5015120967741935 0.47748655913978494 0.5005040322580645 0.48387096774193555 0.5002520161290323 0.49630376344086025 0.501008064516129 0.5016801075268817
2 0.44279233870967744 0.35248655913978494 0.44606854838709675 0.35719086021505375 0.45186491935483875 0.3551747311827957 0.4574092741935484 0.3551747311827957 0.45892137096774194 0.35248655913978494 0.45841733870967744 0.34509408602150543 0.4576612903225807 0.3413978494623656 0.4533770161290323 0.3326612903225807 0.4475806451612903 0.3269489247311828 0.44606854838709675 0.3239247311827957 0.44430443548387094 0.32560483870967744 0.4430443548387097 0.3286290322580645 0.4412802419354839 0.3424059139784947 0.44279233870967744 0.35248655913978494
2 0.7053931451612904 0.4583333333333333 0.7058971774193549 0.4623655913978495 0.7064012096774194 0.4633736559139785 0.7132056451612904 0.46471774193548393 0.7164818548387096 0.4674059139784947 0.7202620967741935 0.4670698924731183 0.7202620967741935 0.4633736559139785 0.7172379032258065 0.4600134408602151 0.7162298387096775 0.4563172043010753 0.7154737903225806 0.44623655913978494 0.7207661290322581 0.43817204301075274 0.7247983870967742 0.41498655913978494 0.7290826612903225 0.4096102150537635 0.7293346774193549 0.40725806451612906 0.7253024193548386 0.40120967741935487 0.7232862903225806 0.394489247311828 0.7205141129032258 0.3911290322580645 0.7167338709677419 0.39045698924731187 0.7132056451612904 0.39348118279569894 0.7114415322580646 0.4038978494623656 0.7079133064516129 0.40759408602150543 0.7058971774193549 0.4112903225806452 0.7069052419354839 0.44758064516129037 0.7053931451612904 0.4583333333333333
2 0.5055443548387097 0.2896505376344086 0.5063004032258065 0.3071236559139785 0.5083165322580645 0.30947580645161293 0.5120967741935484 0.30947580645161293 0.5163810483870968 0.300739247311828 0.5158770161290323 0.2809139784946237 0.5131048387096774 0.2745295698924731 0.5118447580645161 0.2691532258064516 0.5083165322580645 0.26948924731182794 0.5073084677419355 0.270497311827957 0.5057963709677419 0.27217741935483875 0.5042842741935484 0.27688172043010756 0.5040322580645161 0.28293010752688175 0.5055443548387097 0.2896505376344086
2 0.4319556451612903 0.331989247311828 0.43573588709677424 0.33770161290322587 0.43926411290322576 0.3383736559139785 0.4397681451612903 0.3316532258064516 0.44405241935483875 0.32426075268817206 0.44430443548387094 0.32090053763440857 0.4425403225806452 0.31518817204301075 0.43951612903225806 0.3101478494623656 0.43901209677419356 0.3037634408602151 0.43825604838709675 0.3024193548387097 0.43497983870967744 0.3014112903225807 0.4324596774193548 0.30342741935483875 0.43145161290322576 0.3125 0.42842741935483875 0.31854838709677424 0.42817540322580644 0.32459677419354843 0.4319556451612903 0.331989247311828
2 0.08996975806451613 0.06081989247311829 0.0889616935483871 0.08333333333333333 0.08946572580645161 0.0883736559139785 0.09198588709677419 0.08971774193548387 0.0985383064516129 0.09038978494623658 0.10080645161290322 0.09173387096774194 0.10105846774193548 0.09475806451612903 0.10181451612903226 0.09543010752688172 0.10962701612903226 0.09711021505376344 0.11113911290322581 0.09475806451612903 0.10786290322580644 0.08870967741935486 0.11139112903225808 0.08501344086021506 0.11088709677419356 0.07829301075268819 0.10912298387096774 0.0715725806451613 0.10408266129032258 0.062163978494623656 0.10055443548387097 0.049395161290322585 0.09879032258064517 0.04603494623655914 0.09450604838709678 0.04401881720430107 0.09148185483870969 0.04502688172043011 0.08870967741935483 0.04973118279569893 0.08845766129032258 0.0540994623655914 0.08996975806451613 0.06081989247311829
2 0.8891129032258065 0.44354838709677424 0.8959173387096775 0.4519489247311828 0.897429435483871 0.45564516129032256 0.899445564516129 0.4576612903225807 0.9080141129032258 0.4721102150537635 0.9112903225806451 0.47244623655913986 0.9148185483870968 0.46505376344086025 0.9183467741935485 0.44388440860215056 0.9183467741935485 0.43850806451612906 0.9191028225806451 0.435483870967742 0.9211189516129032 0.43245967741935487 0.9211189516129032 0.4287634408602151 0.9160786290322581 0.4227150537634409 0.9138104838709677 0.41498655913978494 0.9163306451612904 0.40692204301075274 0.9165826612903225 0.40356182795698925 0.9148185483870968 0.39784946236559143 0.9112903225806451 0.39314516129032256 0.9077620967741935 0.39079301075268824 0.8933971774193549 0.4106182795698925 0.890625 0.41733870967741943 0.8891129032258065 0.42775537634408606 0.8883568548387096 0.4368279569892473 0.8891129032258065 0.44354838709677424
2 0.16633064516129034 0.7076612903225807 0.16633064516129034 0.7147177419354839 0.16784274193548387 0.727486559139785 0.16985887096774194 0.7315188172043011 0.17565524193548387 0.7331989247311829 0.17993951612903225 0.7375672043010753 0.1771673387096774 0.7446236559139785 0.17741935483870966 0.7483198924731184 0.17842741935483872 0.7547043010752689 0.18119959677419356 0.7624327956989247 0.18321572580645162 0.782258064516129 0.18447580645161288 0.7849462365591399 0.18598790322580644 0.7856182795698926 0.1892641129032258 0.7825940860215055 0.19027217741935484 0.7792338709677419 0.1892641129032258 0.7536962365591399 0.19052419354838712 0.7463037634408602 0.19052419354838712 0.7409274193548389 0.19329637096774194 0.7318548387096775 0.19178427419354838 0.7237903225806451 0.19304435483870966 0.7204301075268817 0.19228830645161288 0.7167338709677419 0.19329637096774194 0.7123655913978495 0.19329637096774194 0.7066532258064517 0.19228830645161288 0.7032930107526882 0.18901209677419356 0.6995967741935485 0.18523185483870966 0.6982526881720431 0.18271169354838712 0.6955645161290323 0.17993951612903225 0.686491935483871 0.17641129032258063 0.6821236559139785 0.17464717741935484 0.6814516129032259 0.17162298387096775 0.6827956989247312 0.1693548387096774 0.6858198924731184 0.16834677419354838 0.6888440860215055 0.16834677419354838 0.6979166666666666 0.16633064516129034 0.7076612903225807
2 0.24344758064516128 0.07123655913978495 0.24647177419354838 0.07325268817204302 0.25151209677419356 0.07426075268817206 0.25277217741935487 0.07896505376344087 0.25504032258064513 0.08098118279569892 0.25882056451612906 0.08030913978494623 0.26033266129032256 0.07829301075268819 0.25882056451612906 0.07459677419354839 0.2600806451612903 0.07022849462365592 0.25705645161290325 0.0540994623655914 0.2578125 0.046706989247311835 0.25705645161290325 0.04133064516129032 0.2555443548387097 0.03830645161290323 0.2522681451612903 0.036290322580645164 0.24899193548387097 0.03696236559139785 0.24672379032258063 0.03998655913978495 0.24495967741935484 0.06283602150537636 0.24344758064516128 0.07123655913978495
2 0.15473790322580644 0.08131720430107528 0.16456653225806453 0.08467741935483872 0.15498991935483872 0.0883736559139785 0.15675403225806453 0.09173387096774194 0.16809475806451615 0.09173387096774194 0.1701108870967742 0.08770161290322581 0.17086693548387097 0.0883736559139785 0.16784274193548387 0.082997311827957 0.16834677419354838 0.08232526881720431 0.17389112903225806 0.08131720430107528 0.17893145161290322 0.08198924731182797 0.18019153225806453 0.08131720430107528 0.18170362903225806 0.07829301075268819 0.17943548387096775 0.07090053763440861 0.1736391129032258 0.06283602150537636 0.17313508064516128 0.05846774193548388 0.1743951612903226 0.05040322580645162 0.17313508064516128 0.04704301075268818 0.16859879032258063 0.04401881720430107 0.16481854838709678 0.04536290322580645 0.16179435483870966 0.05040322580645162 0.16053427419354838 0.05477150537634409 0.16028225806451615 0.06451612903225808 0.15423387096774194 0.07258064516129033 0.15398185483870966 0.07862903225806452 0.15473790322580644 0.08131720430107528
2 0.5221774193548387 0.33635752688172044 0.5239415322580645 0.34106182795698925 0.5249495967741935 0.3504704301075269 0.5246975806451613 0.35618279569892475 0.5259576612903226 0.3581989247311828 0.5284778225806451 0.35719086021505375 0.530241935483871 0.35551075268817206 0.5330141129032258 0.34509408602150543 0.5330141129032258 0.3172043010752688 0.532258064516129 0.31418010752688175 0.5297379032258065 0.3121639784946237 0.5239415322580645 0.31350806451612906 0.5206653225806451 0.3175403225806452 0.5186491935483871 0.32426075268817206 0.5186491935483871 0.3316532258064516 0.5221774193548387 0.33635752688172044
2 0.49823588709677424 0.4008736559139785 0.5050403225806451 0.4102822580645161 0.5080645161290323 0.41196236559139787 0.5085685483870968 0.41498655913978494 0.5090725806451613 0.4146505376344087 0.5083165322580645 0.4129704301075269 0.5090725806451613 0.41280241935483875 0.5095766129032258 0.40759408602150543 0.5123487903225806 0.4038978494623656 0.5158770161290323 0.40288978494623656 0.5171370967741935 0.40120967741935487 0.5083165322580645 0.37668010752688175 0.5052923387096774 0.37567204301075274 0.5042842741935484 0.37634408602150543 0.4969758064516129 0.39180107526881724 0.4969758064516129 0.39650537634408606 0.49823588709677424 0.4008736559139785
2 0.6575100806451614 0.12365591397849462 0.6673387096774194 0.13911290322580647 0.671875 0.1431451612903226 0.672883064516129 0.14079301075268819 0.6726310483870968 0.12768817204301075 0.6751512096774194 0.1233198924731183 0.6756552419354839 0.12029569892473119 0.6756552419354839 0.11021505376344087 0.6751512096774194 0.10181451612903226 0.6703629032258065 0.08501344086021506 0.6683467741935485 0.08064516129032259 0.6653225806451614 0.08131720430107528 0.6640625 0.08266129032258064 0.6600302419354839 0.09778225806451613 0.65625 0.10215053763440861 0.6547379032258065 0.10551075268817206 0.6544858870967742 0.10954301075268819 0.6575100806451614 0.12365591397849462
2 0.6204637096774194 0.0571236559139785 0.6290322580645161 0.07627688172043011 0.6300403225806451 0.07762096774193548 0.6335685483870968 0.07762096774193548 0.640625 0.04502688172043011 0.6408770161290323 0.0396505376344086 0.6376008064516129 0.02956989247311828 0.6340725806451614 0.02385752688172043 0.6330645161290323 0.015120967741935486 0.6305443548387096 0.011088709677419357 0.6267641129032258 0.014112903225806453 0.6242439516129032 0.018481182795698926 0.6202116935483871 0.035618279569892476 0.6197076612903225 0.05141129032258065 0.6204637096774194 0.0571236559139785
2 0.7036290322580646 0.15423387096774197 0.7074092741935485 0.17170698924731184 0.7064012096774194 0.1898521505376344 0.709929435483871 0.19590053763440862 0.7124495967741935 0.18178763440860216 0.7144657258064515 0.15759408602150538 0.7190020161290323 0.15120967741935484 0.7210181451612904 0.14650537634408603 0.7230342741935485 0.13205645161290325 0.7225302419354839 0.12029569892473119 0.7190020161290323 0.11592741935483872 0.7167338709677419 0.10786290322580647 0.7139616935483871 0.10685483870967742 0.7127016129032258 0.10786290322580647 0.7104334677419355 0.11794354838709678 0.7048891129032258 0.12668010752688172 0.7056451612903225 0.13071236559139784 0.7036290322580646 0.15423387096774197
3 0.34904233870967744 0.25638440860215056 0.35282258064516125 0.2627688172043011 0.3563508064516129 0.26545698924731187 0.3571068548387097 0.2543682795698925 0.3566028225806452 0.24025537634408603 0.3545866935483871 0.239247311827957 0.3487903225806452 0.23958333333333334 0.34526209677419356 0.24193548387096778 0.34551411290322576 0.24798387096774197 0.34904233870967744 0.25638440860215056
3 0.4800907258064516 0.34610215053763443 0.4808467741935484 0.3477822580645161 0.48361895161290325 0.34946236559139787 0.4884072580645161 0.34912634408602156 0.49042338709677424 0.35013440860215056 0.4949596774193548 0.353494623655914 0.4977318548387097 0.3575268817204301 0.5012600806451613 0.35584677419354843 0.5032762096774194 0.34946236559139787 0.5037802419354839 0.33770161290322587 0.49899193548387094 0.32795698924731187 0.49143145161290325 0.3276209677419355 0.4894153225806452 0.32560483870967744 0.4884072580645161 0.32090053763440857 0.4876512096774193 0.30846774193548393 0.4866431451612903 0.3071236559139785 0.48412298387096775 0.3061155913978495 0.48311491935483875 0.30813172043010756 0.48235887096774194 0.3172043010752688 0.4800907258064516 0.32493279569892475 0.47908266129032256 0.3316532258064516 0.4800907258064516 0.34610215053763443
3 0.14692540322580644 0.7446236559139785 0.15045362903225806 0.7483198924731184 0.15171370967741937 0.7540322580645161 0.15070564516129034 0.7651209677419355 0.1509576612903226 0.7741935483870969 0.14944556451612903 0.7819220430107527 0.14944556451612903 0.7862903225806451 0.1509576612903226 0.7903225806451614 0.1509576612903226 0.8024193548387097 0.15221774193548387 0.8061155913978495 0.15221774193548387 0.8111559139784946 0.15398185483870966 0.8178763440860216 0.15498991935483872 0.8185483870967742 0.1580141129032258 0.8172043010752689 0.15927419354838712 0.820228494623656 0.16129032258064516 0.821236559139785 0.1658266129032258 0.8172043010752689 0.16759072580645162 0.807459677419355 0.17086693548387097 0.7987231182795699 0.18170362903225806 0.7896505376344086 0.18119959677419356 0.782258064516129 0.18195564516129034 0.7681451612903226 0.17893145161290322 0.7533602150537635 0.17893145161290322 0.7442876344086022 0.18094758064516128 0.7368951612903226 0.1779233870967742 0.7338709677419355 0.16885080645161288 0.7318548387096775 0.15725806451612903 0.7335349462365592 0.15272177419354838 0.7352150537634409 0.15171370967741937 0.7365591397849462 0.15120967741935484 0.7415994623655914 0.14692540322580644 0.7446236559139785
3 0.14742943548387097 0.7291666666666666 0.14818548387096775 0.7271505376344086 0.14692540322580644 0.726478494623656 0.14642137096774194 0.727486559139785 0.14742943548387097 0.7291666666666666
3 0.19102822580645162 0.7402553763440861 0.19027217741935484 0.7483198924731184 0.18876008064516128 0.7543682795698926 0.18876008064516128 0.7594086021505376 0.1900201612903226 0.7647849462365592 0.19027217741935484 0.7718413978494624 0.1927923387096774 0.7755376344086022 0.21043346774193547 0.7513440860215055 0.21068548387096775 0.7442876344086022 0.20791330645161288 0.739247311827957 0.20640120967741937 0.7335349462365592 0.20438508064516128 0.7305107526881721 0.20388104838709678 0.726478494623656 0.20589717741935484 0.7237903225806451 0.2109375 0.7234543010752689 0.21194556451612903 0.7200940860215055 0.20992943548387097 0.7170698924731184 0.20715725806451615 0.7160618279569894 0.20514112903225806 0.713709677419355 0.20438508064516128 0.7029569892473119 0.2013608870967742 0.7019489247311829 0.19758064516129034 0.7029569892473119 0.19380040322580644 0.7066532258064517 0.19228830645161288 0.7106854838709679 0.19077620967741937 0.7234543010752689 0.19329637096774194 0.7342069892473119 0.19102822580645162 0.7402553763440861
3 0.4654737903225807 0.37063172043010756 0.46799395161290325 0.372983870967742 0.4730342741935484 0.37399193548387094 0.4805947580645161 0.3800403225806452 0.48311491935483875 0.3793682795698925 0.48412298387096775 0.3776881720430108 0.48412298387096775 0.3746639784946237 0.48235887096774194 0.36659946236559143 0.4808467741935484 0.3629032258064516 0.4765625 0.3568548387096775 0.47404233870967744 0.35080645161290325 0.4710181451612903 0.34744623655913975 0.46875 0.34744623655913975 0.46673387096774194 0.3481182795698925 0.4639616935483871 0.35248655913978494 0.4632056451612903 0.35954301075268824 0.4654737903225807 0.37063172043010756
3 0.5047883064516129 0.4106182795698925 0.5085685483870968 0.4203629032258065 0.5138608870967742 0.4297715053763441 0.5189012096774194 0.44455645161290325 0.522429435483871 0.4465725806451613 0.5231854838709677 0.4418682795698925 0.5226814516129032 0.4304435483870968 0.5214213709677419 0.42607526881720437 0.5219254032258065 0.41397849462365593 0.5209173387096774 0.40793010752688175 0.5186491935483871 0.4038978494623656 0.515625 0.4015456989247312 0.5118447580645161 0.4015456989247312 0.5052923387096774 0.4059139784946237 0.5042842741935484 0.40725806451612906 0.5047883064516129 0.4106182795698925
3 0.43557232862903233 0.3955900537634409 0.43677066532258063 0.38712231182795703 0.4382086693548387 0.3834475806451614 0.4415637600806452 0.38025201612903237 0.446836189516129 0.3773763440860215 0.44695589717741935 0.3743407258064516 0.4458775201612903 0.36507392473118283 0.44491885080645166 0.3582039650537635 0.4424024697580645 0.35245228494623654 0.4359319556451613 0.3412681451612904 0.4310189012096774 0.33343951612903233 0.42562676411290323 0.32944522849462365 0.41484223790322583 0.3313625672043011 0.4071733870967742 0.3332799059139785 0.40321900201612904 0.3372738575268817 0.40178099798387096 0.34334509408602154 0.40273966733870964 0.35229233870967747 0.40309904233870975 0.36171875 0.402859375 0.36794993279569893 0.40297933467741937 0.3730625 0.4033387096774194 0.37657728494623655 0.40429737903225804 0.38073151881720435 0.40441733870967744 0.38360719086021505 0.40465700604838717 0.3876014784946237 0.4057353830645162 0.39223487903225807 0.40693371975806447 0.3943118279569892 0.40956980846774194 0.3979865591397849 0.4122058971774194 0.39606922043010756 0.41280519153225803 0.3915957661290323 0.41580090725806446 0.395270497311828 0.41903629032258066 0.3991048387096775 0.4237094254032258 0.4040577956989248 0.4265851814516129 0.4051760752688172 0.43041985887096773 0.4050164650537635 0.4323369455645161 0.4056555779569893 0.4347336189516129 0.41092775537634413 0.4348533266129032 0.4043773521505376 0.43557232862903233 0.3955900537634409