6 0.2979011509817197 0.19223826714801445 0.29857819905213273 0.2148014440433213 0.30331753554502366 0.21841155234657036 0.3080568720379147 0.2148014440433213 0.3073798239675017 0.19404332129963897 0.3100880162491537 0.1832129963898917 0.3161814488828707 0.17870036101083034 0.3378469871360867 0.18050541516245489 0.33987813134732564 0.12545126353790612 0.3358158429248477 0.11552346570397111 0.3087339201083277 0.11642599277978338 0.30128639133378465 0.11823104693140794 0.2972241029113067 0.12364620938628158 0.2958700067704807 0.18592057761732853 0.2979011509817197 0.19223826714801445
1 0.4617467840216655 0.26173285198555957 0.46445497630331756 0.25992779783393505 0.46716316858496953 0.2518050541516245 0.47393364928909953 0.24548736462093862 0.4955991875423155 0.2427797833935018 0.5044008124576845 0.23826714801444043 0.5016926201760324 0.21931407942238265 0.4949221394719025 0.20397111913357402 0.48950575490859854 0.19855595667870035 0.4617467840216655 0.19945848375451264 0.45429925524712256 0.20667870036101085 0.4515910629654705 0.213898916967509 0.45226811103588355 0.2364620938628159 0.4617467840216655 0.26173285198555957
5 0.44617467840216657 0.21703068592057762 0.4495599187542315 0.21703068592057762 0.45362220717670954 0.20529783393501802 0.46039268788083954 0.19898014440433212 0.4854434664861205 0.19356498194945845 0.4840893703452945 0.1791245487364621 0.47731888964116453 0.16648916967509025 0.45633039945836157 0.16197653429602887 0.4448205822613406 0.16648916967509025 0.4394041976980365 0.17461191335740073 0.4394041976980365 0.21161552346570398 0.44617467840216657 0.21703068592057762
1 0.30331753554502366 0.3203971119133574 0.3423608666215301 0.3203971119133574 0.3554502369668246 0.33844765342960287 0.3561272850372376 0.33393501805054154 0.3513879485443467 0.3312274368231047 0.35071090047393366 0.325812274368231 0.3554502369668246 0.3249097472924188 0.35477318889641163 0.31678700361010825 0.3595125253893026 0.3122743682310469 0.36086662153012866 0.3068592057761733 0.3540961408259986 0.2996389891696751 0.34664861205145564 0.26173285198555957 0.3412322274881517 0.2572202166064982 0.33378469871360866 0.2563176895306859 0.31076506431956663 0.2581227436823105 0.3039945836154367 0.26173285198555957 0.3006093432633717 0.27075812274368233 0.2965470548408937 0.30415162454873645 0.2945159106296547 0.3068592057761733 0.2890995260663507 0.3068592057761733 0.28977657413676366 0.31317689530685916 0.30331753554502366 0.3203971119133574
1 0.3811780636425186 0.09205776173285198 0.38659444820582256 0.09476534296028881 0.4041976980365605 0.09386281588447654 0.40555179417738657 0.08303249097472924 0.4001354096140826 0.06498194945848376 0.3872714962762356 0.06498194945848376 0.3818551117129316 0.07220216606498195 0.3798239675016926 0.0812274368231047 0.3811780636425186 0.09205776173285198
1 0.37169939065673663 0.2148014440433213 0.3676371022342586 0.21841155234657036 0.36899119837508465 0.2211191335740072 0.3798239675016926 0.1967509025270758 0.38659444820582256 0.19404332129963897 0.4096140825998646 0.1967509025270758 0.4116452268111036 0.19133574007220217 0.4116452268111036 0.18592057761732853 0.40622884224779954 0.17238267148014438 0.39404197698036564 0.16696750902527077 0.38050101557210564 0.167870036101083 0.37169939065673663 0.17238267148014438 0.36899119837508465 0.17509025270758122 0.3676371022342586 0.18772563176895307 0.36696005416384564 0.2111913357400722 0.37169939065673663 0.2148014440433213
1 0.6750169262017602 0.7481949458483754 0.6817874069058902 0.7590252707581228 0.6932972241029113 0.7563176895306859 0.7014218009478673 0.7653429602888087 0.7230873392010833 0.8131768953068592 0.7339201083276913 0.8438628158844765 0.7366283006093433 0.8610108303249098 0.7406905890318213 0.8673285198555957 0.7935003385240351 0.8944043321299638 0.8097494922139471 0.9061371841155235 0.8490182802979012 0.9187725631768954 0.8639133378469871 0.9187725631768954 0.8835477318889642 0.9133574007220217 0.895057549085985 0.9034296028880866 0.9011509817197021 0.8736462093862815 0.895057549085985 0.8240072202166066 0.8815165876777251 0.7906137184115523 0.8713608666215301 0.7698555956678701 0.865944482058226 0.7635379061371841 0.861882193635748 0.7509025270758123 0.8625592417061612 0.7454873646209386 0.872714962762356 0.7445848375451263 0.8733920108327692 0.7373646209386281 0.8706838185511171 0.733754512635379 0.8639133378469871 0.7328519855595668 0.8591740013540962 0.7445848375451263 0.8422477995937712 0.7057761732851986 0.8300609343263372 0.6877256317689531 0.8205822613405551 0.6678700361010831 0.8036560595802301 0.6425992779783393 0.7860528097494922 0.6218411552346571 0.7704807041299931 0.6083032490974729 0.7596479350033852 0.6046931407942239 0.7285037237643872 0.6028880866425993 0.7061611374407583 0.6074007220216606 0.7000677048070413 0.6119133574007221 0.6824644549763034 0.6344765342960288 0.6750169262017602 0.6741877256317689 0.6716316858496953 0.6967509025270758 0.6750169262017602 0.7481949458483754
1 0.8381855111712931 0.6958483754512635 0.8449559918754231 0.7048736462093863 0.8551117129316181 0.7066787003610109 0.8700067704807041 0.7247292418772564 0.90521327014218 0.7815884476534295 0.922139471902505 0.8032490974729242 0.9248476641841571 0.8285198555956678 0.930941096817874 0.842057761732852 0.9417738659444821 0.8528880866425993 0.953283683141503 0.8528880866425993 0.973595125253893 0.868231046931408 0.9993229519295869 0.8700361010830325 0.9993229519295869 0.657942238267148 0.976980365605958 0.6326714801444043 0.95260663507109 0.6110108303249098 0.926201760324983 0.6046931407942239 0.895057549085985 0.592057761732852 0.868652674339878 0.592057761732852 0.8476641841570751 0.5983754512635379 0.8375084631008801 0.6092057761732852 0.835477318889641 0.6191335740072202 0.8280297901150981 0.6308664259927798 0.8334461746784022 0.6850180505415162 0.8381855111712931 0.6958483754512635
1 0.41638456330399454 0.4088447653429603 0.41638456330399454 0.4214801444043321 0.41909275558564657 0.4287003610108303 0.42721733243060256 0.4314079422382672 0.43195666892349355 0.4296028880866426 0.44211238997968855 0.4124548736462094 0.4840893703452945 0.40794223826714804 0.4840893703452945 0.3935018050541516 0.47799593771157756 0.3727436823104693 0.4840893703452945 0.3646209386281588 0.4813811780636425 0.36101083032490977 0.47731888964116453 0.3646209386281588 0.47596479350033855 0.36281588447653423 0.4631008801624915 0.32942238267148016 0.45362220717670954 0.3249097472924188 0.4251861882193636 0.325812274368231 0.4177386594448205 0.3285198555956679 0.40893703452945157 0.33844765342960287 0.40825998645903855 0.38267148014440433 0.41638456330399454 0.4088447653429603
1 0.36899119837508465 0.17509025270758122 0.3771157752200406 0.1687725631768953 0.38456330399458366 0.16696750902527077 0.4075829383886256 0.1687725631768953 0.40555179417738657 0.15162454873646208 0.3933649289099526 0.12815884476534295 0.37305348679756256 0.12996389891696752 0.3676371022342586 0.14620938628158844 0.36696005416384564 0.16967509025270758 0.36899119837508465 0.17509025270758122
8 0.2850372376438727 0.3898916967509025 0.2830060934326337 0.3935018050541516 0.2755585646580907 0.3925992779783393 0.2721733243060257 0.3971119133574007 0.27488151658767773 0.40342960288808666 0.2823290453622207 0.40703971119133575 0.2802979011509817 0.45577617328519854 0.2823290453622207 0.4855595667870036 0.2890995260663507 0.48916967509025266 0.31482735274204465 0.49007220216606495 0.35341909275558564 0.4882671480144404 0.3656059580230196 0.48375451263537905 0.36696005416384564 0.46570397111913353 0.3635748138117806 0.40703971119133575 0.37034529451591064 0.4007220216606498 0.37169939065673663 0.3962093862815884 0.37034529451591064 0.3925992779783393 0.36222071767095465 0.38808664259927794 0.3561272850372376 0.34205776173285196 0.3513879485443467 0.32942238267148016 0.3520649966147596 0.3240072202166065 0.34800270819228163 0.32129963898916963 0.29925524712254564 0.3203971119133574 0.2958700067704807 0.3249097472924188 0.2918077183480027 0.33844765342960287 0.2850372376438727 0.3898916967509025
5 0.7102234258632363 0.5351985559566786 0.7129316181448883 0.5406137184115524 0.7197020988490183 0.5415162454873647 0.7271496276235612 0.5478339350180504 0.7549085985104943 0.5884476534296029 0.7610020311442113 0.6028880866425993 0.7711577522004063 0.605595667870036 0.7928232904536222 0.6227436823104694 0.8280297901150981 0.6236462093862817 0.8402166553825322 0.6010830324909747 0.8679756262694651 0.5875451263537906 0.8666215301286392 0.5694945848375451 0.8463100880162492 0.5333935018050542 0.845633039945836 0.5288808664259927 0.8496953283683141 0.5189530685920578 0.845633039945836 0.516245487364621 0.8422477995937712 0.5189530685920578 0.8388625592417062 0.5171480144404332 0.8307379823967501 0.5018050541516245 0.8036560595802301 0.4629963898916967 0.7650643195666893 0.4548736462093863 0.7440758293838862 0.4548736462093863 0.7163168584969533 0.4593862815884477 0.7088693297224103 0.4693140794223826 0.7081922816519972 0.5207581227436823 0.7102234258632363 0.5351985559566786
1 0.5179417738659444 0.3835740072202166 0.5213270142180094 0.4043321299638989 0.5253893026404874 0.40974729241877256 0.5402843601895735 0.40794223826714804 0.5423155044008124 0.4007220216606498 0.5572105619498985 0.3844765342960289 0.5619498984427894 0.37184115523465705 0.5660121868652674 0.36732851985559567 0.5714285714285714 0.37184115523465705 0.5734597156398105 0.3808664259927798 0.5781990521327014 0.38898916967509023 0.5809072444143534 0.40252707581227437 0.5842924847664184 0.4052346570397112 0.5883547731888964 0.4016245487364621 0.5903859174001354 0.3935018050541516 0.5903859174001354 0.37635379061371843 0.5883547731888964 0.36732851985559567 0.5822613405551794 0.3564981949458484 0.5822613405551794 0.351985559566787 0.5863236289776574 0.34476534296028877 0.5768449559918755 0.33935018050541516 0.5707515233581584 0.3240072202166065 0.5605958023019634 0.30866425992779783 0.5457007447528774 0.30505415162454874 0.5253893026404874 0.30505415162454874 0.5138794854434665 0.3104693140794224 0.5071090047393365 0.3194945848375451 0.5044008124576845 0.3366425992779783 0.5044008124576845 0.3655234657039711 0.5179417738659444 0.3835740072202166
1 0.4800270819228165 0.32129963898916963 0.5037237643872715 0.3222021660649819 0.5145565335138795 0.30866425992779783 0.5335138794854435 0.30415162454873645 0.5368991198375084 0.30054151624548736 0.5362220717670955 0.2915162454873646 0.5294515910629655 0.27888086642599275 0.5335138794854435 0.27166064981949456 0.5253893026404874 0.26805054151624547 0.5145565335138795 0.24638989169675088 0.5057549085985105 0.24187725631768953 0.48205822613405547 0.24458483754512633 0.4732566012186865 0.24729241877256317 0.46580907244414355 0.2581227436823105 0.4664861205145565 0.2924187725631769 0.4800270819228165 0.32129963898916963
5 0.4008124576844956 0.3244314079422383 0.4495599187542315 0.323528880866426 0.45362220717670954 0.3199187725631769 0.45362220717670954 0.29374548736462097 0.45023696682464454 0.2820126353790614 0.4529451591062965 0.27298736462093864 0.44549763033175355 0.267572202166065 0.43534190927555855 0.24591155234657044 0.4028436018957346 0.24681407942238268 0.3920108327691266 0.2612545126353791 0.3920108327691266 0.2910379061371841 0.4008124576844956 0.3244314079422383
1 0.43534190927555855 0.5216606498194946 0.43872714962762355 0.5523465703971119 0.44346648612051454 0.5640794223826715 0.4664861205145565 0.5676895306859205 0.4793500338524035 0.5622743682310469 0.4949221394719025 0.5640794223826715 0.5037237643872715 0.5613718411552346 0.5118483412322274 0.5649819494584838 0.5260663507109005 0.5604693140794224 0.5294515910629655 0.5487364620938627 0.5294515910629655 0.5225631768953068 0.5220040622884224 0.49007220216606495 0.5172647257955314 0.48104693140794225 0.5179417738659444 0.47743682310469315 0.5226811103588355 0.473826714801444 0.5233581584292485 0.4693140794223826 0.5111712931618145 0.46119133574007215 0.5064319566689235 0.44584837545126355 0.4915368991198375 0.41606498194945846 0.4827352742044685 0.40974729241877256 0.4570074475287745 0.41064981949458484 0.4414353419092755 0.4142599277978339 0.42857142857142855 0.4404332129963899 0.4258632362897765 0.4503610108303249 0.42721733243060256 0.48916967509025266 0.43534190927555855 0.5216606498194946
1 0.5497630331753555 0.9855595667870035 0.5619498984427894 0.9909747292418772 0.5781990521327014 0.9909747292418772 0.5680433310765064 0.9801444043321299 0.5362220717670955 0.9638989169675091 0.5362220717670955 0.970216606498195 0.5497630331753555 0.9855595667870035
1 0.4867975626269465 0.7373646209386281 0.4915368991198375 0.7445848375451263 0.5355450236966824 0.7653429602888087 0.5477318889641164 0.7743682310469313 0.5836154366960054 0.7933212996389891 0.5971563981042655 0.7978339350180506 0.6384563303994584 0.8212996389891697 0.6513202437373053 0.8276173285198555 0.6567366283006093 0.8276173285198555 0.6465809072444143 0.7969314079422383 0.6465809072444143 0.7933212996389891 0.6547054840893702 0.7824909747292418 0.6540284360189573 0.7725631768953067 0.6499661475964793 0.7716606498194947 0.6411645226811103 0.7761732851985559 0.6384563303994584 0.773465703971119 0.6059580230196344 0.6958483754512635 0.5958023019634394 0.677797833935018 0.5795531482735273 0.6606498194945849 0.5639810426540284 0.6534296028880866 0.5436696005416385 0.6507220216606499 0.5165876777251185 0.6552346570397112 0.49221394719025047 0.671480144404332 0.48747461069735953 0.6796028880866425 0.4834123222748815 0.694043321299639 0.4840893703452945 0.7265342960288808 0.4867975626269465 0.7373646209386281
5 0.5768449559918755 0.49007220216606495 0.5809072444143534 0.4963898916967509 0.5883547731888964 0.5 0.5971563981042655 0.5135379061371841 0.6012186865267434 0.5225631768953068 0.6046039268788084 0.5433212996389891 0.6093432633716994 0.5505415162454873 0.6296547054840893 0.5568592057761732 0.6492890995260664 0.5577617328519855 0.6872037914691943 0.5541516245487365 0.6966824644549763 0.5487364620938627 0.7000677048070413 0.5315884476534296 0.6987136086662153 0.5117328519855595 0.6926201760324984 0.49368231046931405 0.6838185511171292 0.47743682310469315 0.6838185511171292 0.473826714801444 0.6892349356804333 0.4693140794223826 0.6892349356804333 0.46570397111913353 0.6865267433987813 0.4629963898916967 0.6777251184834122 0.46209386281588444 0.6628300609343263 0.43592057761732855 0.6506431956668922 0.41967509025270755 0.6404874746106974 0.4133574007220217 0.5849695328368314 0.4142599277978339 0.5775220040622884 0.42057761732851984 0.5727826675693974 0.43501805054151627 0.5727826675693974 0.46480144404332124 0.5768449559918755 0.49007220216606495
1 0.27014218009478674 0.5965703971119133 0.27149627623561273 0.6028880866425993 0.2802979011509817 0.6092057761732852 0.2809749492213947 0.6371841155234657 0.2904536222071767 0.6444043321299638 0.3053486797562627 0.6498194945848376 0.3574813811780636 0.6787003610108303 0.38659444820582256 0.6859205776173285 0.3872714962762356 0.6389891696750902 0.3832092078537576 0.601985559566787 0.3906567366283006 0.5947653429602888 0.3926878808395396 0.5884476534296029 0.3913337846987136 0.5848375451263538 0.3818551117129316 0.5794223826714802 0.3744075829383886 0.5361010830324909 0.36696005416384564 0.5108303249097472 0.35477318889641163 0.5009025270758123 0.3121191604603927 0.5 0.2951929587000677 0.5063176895306859 0.2911306702775897 0.5117328519855595 0.2870683818551117 0.5279783393501805 0.2802979011509817 0.5875451263537906 0.27014218009478674 0.5965703971119133
1 0.5247122545700745 0.2581227436823105 0.5294515910629655 0.2635379061371841 0.5362220717670955 0.26534296028880866 0.5436696005416385 0.26173285198555957 0.5707515233581584 0.2671480144404332 0.5788761002031144 0.2644404332129964 0.5795531482735273 0.24007220216606498 0.5754908598510494 0.2346570397111913 0.5700744752877454 0.21660649819494585 0.5599187542315504 0.20216606498194944 0.5538253215978335 0.19945848375451264 0.5362220717670955 0.19945848375451264 0.5247122545700745 0.20577617328519857 0.5186188219363574 0.21299638989169675 0.5179417738659444 0.2427797833935018 0.5247122545700745 0.2581227436823105
1 0.5010155721056195 0.20848375451263537 0.5199729180771835 0.20487364620938628 0.5402843601895735 0.19584837545126352 0.5409614082599864 0.1832129963898917 0.5335138794854435 0.16425992779783394 0.5192958700067705 0.14620938628158844 0.5118483412322274 0.14259927797833935 0.4949221394719025 0.14259927797833935 0.4888287068381855 0.14711191335740073 0.4854434664861205 0.15703971119133572 0.4867975626269465 0.19133574007220217 0.5010155721056195 0.20848375451263537
1 0.3764387271496276 0.2608303249097473 0.3791469194312796 0.2626353790613718 0.3899796885578876 0.26173285198555957 0.40216655382532157 0.24729241877256317 0.41976980365605954 0.24638989169675088 0.4245091401489506 0.24097472924187727 0.41909275558564657 0.23014440433212993 0.41909275558564657 0.22021660649819494 0.4150304671631686 0.2148014440433213 0.4075829383886256 0.19404332129963897 0.38050101557210564 0.1967509025270758 0.3710223425863236 0.2157039711191336 0.3710223425863236 0.24548736462093862 0.3764387271496276 0.2608303249097473
1 0.3791469194312796 0.07129963898916968 0.3872714962762356 0.06588447653429602 0.3974272173324306 0.06588447653429602 0.40216655382532157 0.057761732851985555 0.40216655382532157 0.05144404332129964 0.3981042654028436 0.04602888086642599 0.3764387271496276 0.04963898916967509 0.3757616790792146 0.06768953068592058 0.3791469194312796 0.07129963898916968
2 0.9580230196343941 0.24097472924187727 0.963439404197698 0.24819494584837545 0.9675016926201759 0.2490974729241877 0.9702098849018279 0.24729241877256317 0.975626269465132 0.22743682310469315 0.976980365605958 0.19945848375451264 0.973595125253893 0.18772563176895307 0.968855788761002 0.18682310469314078 0.963439404197698 0.19314079422382668 0.960731211916046 0.20126353790613719 0.961408259986459 0.21750902527075813 0.9580230196343941 0.24097472924187727
2 0.5457007447528774 0.40613718411552346 0.5572105619498985 0.4052346570397112 0.5633039945836155 0.41064981949458484 0.5700744752877454 0.4124548736462094 0.5802301963439404 0.4043321299638989 0.5775220040622884 0.38898916967509023 0.5721056194989844 0.37906137184115524 0.5707515233581584 0.3691335740072202 0.5673662830060935 0.3664259927797834 0.5639810426540284 0.3682310469314079 0.5605958023019634 0.3799638989169675 0.5436696005416385 0.4007220216606498 0.5429925524712255 0.4043321299638989 0.5457007447528774 0.40613718411552346
2 0.899796885578876 0.23826714801444043 0.90521327014218 0.23826714801444043 0.907921462423832 0.2355595667870036 0.909952606635071 0.22563176895306858 0.9072444143534191 0.20487364620938628 0.9045362220717671 0.20216606498194944 0.9011509817197021 0.20306859205776173 0.8970886932972241 0.2111913357400722 0.8957345971563981 0.23375451263537905 0.899796885578876 0.23826714801444043
2 0.6411645226811103 0.315884476534296 0.6452268111035884 0.3068592057761733 0.6479350033852403 0.2897111913357401 0.6506431956668922 0.2870036101083033 0.6594448205822614 0.286101083032491 0.6601218686526743 0.2815884476534296 0.6574136763710223 0.26895306859205775 0.6519972918077183 0.2608303249097473 0.6472579553148273 0.26173285198555957 0.6459038591740013 0.26985559566787004 0.6398104265402843 0.2815884476534296 0.6391333784698714 0.31317689530685916 0.6411645226811103 0.315884476534296
2 0.982396750169262 0.2608303249097473 0.978334461746784 0.26805054151624547 0.978334461746784 0.2842960288808664 0.9803656059580229 0.2888086642599278 0.983073798239675 0.286101083032491 0.9851049424509141 0.27527075812274365 0.995937711577522 0.24729241877256317 0.995260663507109 0.23285198555956677 0.989844278943805 0.22472924187725632 0.987813134732566 0.2148014440433213 0.982396750169262 0.21660649819494585 0.9749492213947191 0.2391696750902527 0.9749492213947191 0.2518050541516245 0.982396750169262 0.2608303249097473
2 0.5463777928232904 0.5361010830324909 0.5497630331753555 0.5180505415162455 0.5599187542315504 0.509927797833935 0.5707515233581584 0.5135379061371841 0.5781990521327014 0.5361010830324909 0.5761679079214624 0.529783393501805 0.5775220040622884 0.4981949458483754 0.5707515233581584 0.4783393501805054 0.5626269465132024 0.473826714801444 0.5633039945836155 0.4693140794223826 0.5605958023019634 0.46209386281588444 0.5538253215978335 0.46209386281588444 0.5517941773865944 0.4747292418772563 0.5429925524712255 0.4918772563176895 0.5423155044008124 0.5108303249097472 0.5463777928232904 0.5361010830324909
2 0.5511171293161814 0.16516245487364623 0.5545023696682464 0.1687725631768953 0.5572105619498985 0.16425992779783394 0.5592417061611374 0.13989169675090252 0.5572105619498985 0.11913357400722022 0.5531482735274205 0.12003610108303249 0.5497630331753555 0.13086642599277978 0.5497630331753555 0.15884476534296027 0.5511171293161814 0.16516245487364623
2 0.7433987813134733 0.3194945848375451 0.7494922139471902 0.3203971119133574 0.7515233581584292 0.3122743682310469 0.7549085985104943 0.3276173285198556 0.7582938388625592 0.3249097472924188 0.7576167907921462 0.30324909747292417 0.7616790792146242 0.26895306859205775 0.7582938388625592 0.2644404332129964 0.7508463100880163 0.2635379061371841 0.7461069735951251 0.27166064981949456 0.7474610697359512 0.30505415162454874 0.7433987813134733 0.3194945848375451
2 0.940419769803656 0.24187725631768953 0.940419769803656 0.2490974729241877 0.942450914014895 0.2536101083032491 0.949221394719025 0.2545126353790614 0.950575490859851 0.24729241877256317 0.9471902505077859 0.24458483754512633 0.953283683141503 0.2364620938628159 0.95260663507109 0.21931407942238265 0.949898442789438 0.21299638989169675 0.945159106296547 0.2111913357400722 0.9370345294515909 0.22202166064981949 0.936357481381178 0.23285198555956677 0.940419769803656 0.24187725631768953
2 0.7230873392010833 0.3194945848375451 0.7271496276235612 0.3194945848375451 0.7271496276235612 0.30776173285198555 0.7345971563981043 0.27888086642599275 0.7345971563981043 0.2644404332129964 0.7271496276235612 0.24548736462093862 0.7197020988490183 0.2608303249097473 0.7210561949898442 0.31407942238267145 0.7230873392010833 0.3194945848375451
3 0.46716316858496953 0.1624548736462094 0.47596479350033855 0.16516245487364623 0.47867298578199047 0.1615523465703971 0.47731888964116453 0.14350180505415164 0.4664861205145565 0.14259927797833935 0.46377792823290453 0.14620938628158844 0.4631008801624915 0.15342960288808666 0.46716316858496953 0.1624548736462094
3 0.6492890995260664 0.3285198555956679 0.6540284360189573 0.3366425992779783 0.6567366283006093 0.335740072202166 0.6621530128639134 0.3104693140794224 0.6614759647935003 0.2879061371841155 0.6580907244414353 0.2851985559566787 0.6479350033852403 0.2879061371841155 0.6452268111035884 0.2906137184115523 0.6438727149627623 0.29783393501805056 0.6431956668923493 0.3240072202166065 0.6492890995260664 0.3285198555956679
3 0.5375761679079214 0.4584837545126354 0.5423155044008124 0.46119133574007215 0.5382532159783344 0.4666064981949458 0.5402843601895735 0.4666064981949458 0.5477318889641164 0.45216606498194944 0.5538253215978335 0.4548736462093863 0.5673662830060935 0.4503610108303249 0.5707515233581584 0.4422382671480144 0.5721056194989844 0.4305054151624549 0.5795531482735273 0.4124548736462094 0.5781990521327014 0.40794223826714804 0.5741367637102234 0.41064981949458484 0.5653351387948544 0.41064981949458484 0.5572105619498985 0.4052346570397112 0.5497630331753555 0.40613718411552346 0.5429925524712255 0.41155234657039713 0.5450236966824644 0.4259927797833935 0.5375761679079214 0.4584837545126354
3 0.5605958023019634 0.5640794223826715 0.5660121868652674 0.5875451263537906 0.5707515233581584 0.5893501805054151 0.5761679079214624 0.5595667870036101 0.5768449559918755 0.5406137184115524 0.5714285714285714 0.5117328519855595 0.5538253215978335 0.5117328519855595 0.5497630331753555 0.516245487364621 0.5484089370345294 0.5243682310469314 0.5477318889641164 0.546028880866426 0.5605958023019634 0.5640794223826715