8 0.7882375776397517 0.520703933747412 0.7897903726708074 0.5232919254658386 0.7971661490683231 0.5261387163561076 0.8031832298136647 0.5341614906832298 0.8055124223602484 0.5349378881987578 0.8070652173913044 0.5367494824016563 0.811141304347826 0.537008281573499 0.8142468944099379 0.5362318840579711 0.828222049689441 0.5375258799171843 0.8309394409937888 0.540631469979296 0.8324922360248448 0.5414078674948241 0.8346273291925466 0.5445134575569358 0.842391304347826 0.5483954451345756 0.844914596273292 0.5512422360248448 0.8466614906832298 0.5520186335403727 0.8557841614906833 0.5522774327122154 0.8575310559006212 0.5494306418219461 0.8588897515527951 0.5442546583850932 0.860442546583851 0.5212215320910973 0.8600543478260869 0.515527950310559 0.8571428571428572 0.510351966873706 0.8557841614906833 0.5020703933747412 0.8503493788819876 0.49094202898550726 0.8454968944099379 0.484472049689441 0.8379270186335405 0.47593167701863354 0.8315217391304349 0.47127329192546585 0.828222049689441 0.4668737060041408 0.8253105590062112 0.464544513457557 0.8202639751552795 0.46195652173913043 0.81347049689441 0.46040372670807456 0.8000776397515529 0.46014492753623193 0.7958074534161491 0.46195652173913043 0.7928959627329193 0.4671325051759834 0.7923136645962734 0.47127329192546585 0.7899844720496895 0.47826086956521735 0.7870729813664596 0.4971532091097309 0.7868788819875776 0.5025879917184265 0.7882375776397517 0.520703933747412
5 0.8307453416149069 0.47049689440993786 0.8377329192546584 0.4756728778467909 0.8503493788819876 0.4906832298136646 0.8559782608695653 0.5031055900621118 0.8571428571428572 0.5090579710144928 0.8583074534161491 0.5113871635610766 0.859083850931677 0.5121635610766045 0.8625776397515529 0.5119047619047619 0.8641304347826088 0.5106107660455487 0.8651009316770186 0.5090579710144928 0.8656832298136647 0.5056935817805384 0.8654891304347827 0.5015527950310559 0.8641304347826088 0.494824016563147 0.8598602484472051 0.484472049689441 0.8581133540372671 0.4824016563146998 0.8557841614906833 0.47696687370600416 0.8520962732919256 0.47075569358178054 0.8489906832298137 0.4679089026915114 0.8445263975155279 0.4658385093167702 0.8313276397515529 0.4658385093167702 0.830551242236025 0.4668737060041408 0.8307453416149069 0.47049689440993786
4 0.3522903726708075 0.3162525879917184 0.3639363354037268 0.3159937888198758 0.3682065217391305 0.3144409937888199 0.3685947204968944 0.31030020703933753 0.3672360248447205 0.3027950310559006 0.3658773291925466 0.3004658385093168 0.3641304347826087 0.2991718426501035 0.359472049689441 0.29710144927536236 0.3557841614906832 0.29761904761904767 0.3515139751552795 0.3002070393374741 0.35054347826086957 0.3027950310559006 0.35054347826086957 0.31314699792960665 0.3522903726708075 0.3162525879917184
4 0.7882375776397517 0.4474637681159421 0.7890139751552795 0.45238095238095244 0.7928959627329193 0.4640269151138717 0.7952251552795032 0.4614389233954451 0.8004658385093167 0.4591097308488613 0.8154114906832298 0.46040372670807456 0.8212344720496895 0.46169772256728775 0.8247282608695653 0.463768115942029 0.829386645962733 0.4650621118012423 0.8321040372670808 0.4648033126293996 0.8338509316770186 0.46273291925465837 0.8344332298136647 0.46014492753623193 0.8338509316770186 0.4575569358178054 0.8284161490683231 0.44409937888198764 0.8235636645962734 0.43788819875776397 0.8187111801242237 0.43504140786749484 0.8152173913043479 0.4340062111801242 0.7996894409937888 0.4324534161490683 0.7892080745341615 0.4391821946169773 0.7888198757763976 0.4402173913043479 0.7882375776397517 0.442287784679089 0.7882375776397517 0.4474637681159421
1 0.1267468944099379 0.4003623188405797 0.13198757763975155 0.4065734989648033 0.13334627329192547 0.40734989648033126 0.14091614906832298 0.40372670807453415 0.14790372670807456 0.4034679089026915 0.15062111801242237 0.40502070393374745 0.1546972049689441 0.40502070393374745 0.15780279503105593 0.40217391304347827 0.1622670807453416 0.3998447204968944 0.16828416149068326 0.3982919254658385 0.171777950310559 0.3993271221532091 0.17488354037267081 0.3980331262939959 0.17643633540372672 0.39415113871635615 0.17663043478260873 0.3869047619047619 0.17624223602484473 0.3835403726708075 0.17546583850931677 0.38198757763975155 0.1735248447204969 0.37991718426501037 0.1657608695652174 0.37577639751552794 0.16129658385093168 0.3718944099378882 0.14305124223602486 0.3718944099378882 0.13509316770186336 0.3734472049689441 0.13043478260869565 0.37707039337474124 0.1265527950310559 0.3837991718426501 0.12597049689440995 0.3946687370600414 0.1267468944099379 0.4003623188405797
5 0.68847049689441 0.6099896480331263 0.6909937888198757 0.6141304347826086 0.6939052795031055 0.6216356107660457 0.6954580745341615 0.6304347826086956 0.6960403726708074 0.6407867494824017 0.6981754658385093 0.6441511387163561 0.702833850931677 0.6469979296066252 0.7096273291925466 0.6490683229813664 0.7216614906832298 0.6495859213250518 0.736801242236025 0.651656314699793 0.7449534161490683 0.6511387163561076 0.7480590062111802 0.6477743271221532 0.749611801242236 0.6433747412008282 0.75194099378882 0.6306935817805382 0.75194099378882 0.6265527950310559 0.7507763975155279 0.619824016563147 0.7478649068322981 0.6097308488612837 0.7463121118012424 0.6063664596273292 0.748641304347826 0.6027432712215322 0.7490295031055901 0.5991200828157349 0.7482531055900622 0.598343685300207 0.7443711180124224 0.5980848861283644 0.7432065217391305 0.5965320910973085 0.734472049689441 0.5729813664596274 0.7307841614906833 0.5667701863354038 0.7259316770186336 0.5641821946169773 0.7203027950310559 0.562888198757764 0.6923524844720498 0.562888198757764 0.687694099378882 0.5667701863354038 0.6859472049689442 0.5747929606625258 0.6857531055900622 0.599896480331263 0.68847049689441 0.6099896480331263
1 0.5304736024844721 0.27950310559006214 0.531444099378882 0.28053830227743276 0.5372670807453417 0.281055900621118 0.5395962732919255 0.28079710144927533 0.5405667701863354 0.27976190476190477 0.5407608695652174 0.275879917184265 0.5392080745341615 0.2722567287784679 0.5361024844720498 0.27122153209109734 0.5324145962732919 0.2722567287784679 0.5312500000000001 0.27380952380952384 0.5304736024844721 0.2756211180124224 0.5304736024844721 0.27950310559006214
6 0.5671583850931677 0.2639751552795031 0.5714285714285714 0.26293995859213254 0.5733695652173914 0.2613871635610766 0.5745341614906833 0.25905797101449274 0.5743400621118012 0.25491718426501037 0.5733695652173914 0.2510351966873706 0.5702639751552796 0.24922360248447206 0.5673524844720498 0.2494824016563147 0.5659937888198758 0.2515527950310559 0.5656055900621119 0.2593167701863354 0.5671583850931677 0.2639751552795031
6 0.42410714285714285 0.4575569358178054 0.423136645962733 0.47748447204968947 0.42352484472049695 0.4805900621118013 0.4243012422360249 0.4816252587991719 0.42624223602484473 0.4826604554865424 0.4549689440993789 0.484472049689441 0.4633152173913044 0.4862836438923395 0.4671972049689441 0.48524844720496896 0.46875 0.4813664596273292 0.46875 0.47774327122153215 0.47030279503105593 0.4743788819875776 0.4706909937888199 0.4671325051759834 0.4734083850931677 0.4640269151138717 0.47767857142857145 0.4648033126293996 0.4807841614906833 0.46247412008281574 0.4827251552795031 0.44875776397515527 0.48427795031055904 0.44280538302277433 0.48388975155279507 0.43555900621118016 0.48466614906832306 0.4337474120082816 0.48757763975155277 0.4301242236024845 0.49475931677018636 0.42727743271221535 0.49670031055900626 0.4252070393374741 0.4984472049689441 0.422360248447205 0.5015527950310559 0.41252587991718426 0.5036878881987578 0.3944099378881987 0.5052406832298137 0.38819875776397517 0.5064052795031055 0.35403726708074534 0.5060170807453417 0.338768115942029 0.5046583850931677 0.33695652173913043 0.50097049689441 0.33566252587991724 0.4885481366459628 0.33436853002070394 0.469332298136646 0.33695652173913043 0.4660326086956522 0.3382505175983437 0.4578804347826087 0.34497929606625255 0.453222049689441 0.3470496894409938 0.4423524844720497 0.35688405797101447 0.4411878881987578 0.3584368530020704 0.4396350931677019 0.36283643892339545 0.43847049689441 0.3918219461697723 0.43148291925465837 0.3975155279503106 0.4295419254658385 0.41304347826086957 0.42798913043478265 0.417184265010352 0.4266304347826087 0.4257246376811594 0.4243012422360249 0.4301242236024845 0.42352484472049695 0.43504140786749484 0.42410714285714285 0.4415113871635611 0.42410714285714285 0.4575569358178054
6 0.5277562111801243 0.3198757763975155 0.5283385093167703 0.32324016563147 0.5304736024844721 0.3247929606625259 0.5403726708074534 0.3250517598343685 0.5427018633540373 0.3258281573498965 0.5467779503105591 0.3240165631469979 0.5481366459627329 0.32116977225672877 0.5491071428571429 0.2999482401656315 0.5496894409937889 0.29710144927536236 0.5496894409937889 0.29037267080745344 0.5487189440993789 0.28778467908902694 0.547942546583851 0.2864906832298137 0.5448369565217391 0.2851966873706004 0.5357142857142857 0.286231884057971 0.531832298136646 0.28778467908902694 0.5293090062111802 0.29321946169772256 0.5291149068322982 0.3084886128364389 0.5277562111801243 0.3198757763975155
6 0.7775621118012424 0.5603002070393375 0.7771739130434783 0.5685817805383023 0.7758152173913044 0.5734989648033126 0.7744565217391305 0.5916149068322981 0.7729037267080746 0.5988612836438924 0.7740683229813666 0.6063664596273292 0.7771739130434783 0.615424430641822 0.7767857142857144 0.6200828157349897 0.7777562111801243 0.6275879917184265 0.7793090062111802 0.6327639751552795 0.7820263975155279 0.6340579710144928 0.7866847826086958 0.634575569358178 0.7890139751552795 0.6371635610766047 0.7907608695652174 0.6394927536231884 0.7927018633540373 0.6444099378881988 0.7942546583850932 0.6462215320910973 0.796583850931677 0.6519151138716356 0.8012422360248448 0.657608695652174 0.8024068322981367 0.6640786749482401 0.8024068322981367 0.6684782608695653 0.8033773291925466 0.6718426501035197 0.8047360248447205 0.6739130434782609 0.8053183229813666 0.6788302277432713 0.8068711180124224 0.6832298136645962 0.8099767080745343 0.6863354037267081 0.8173524844720498 0.6860766045548655 0.8268633540372671 0.6886645962732919 0.8406444099378882 0.6886645962732919 0.8550077639751554 0.6909937888198757 0.8643245341614907 0.6907349896480331 0.8691770186335405 0.6881469979296067 0.8709239130434783 0.6832298136645962 0.8718944099378882 0.6759834368530021 0.8717003105590062 0.663561076604555 0.8709239130434783 0.6589026915113871 0.8699534161490684 0.6563146997929606 0.8676242236024846 0.6532091097308489 0.8660714285714286 0.6488095238095238 0.8645186335403727 0.6467391304347827 0.8610248447204969 0.6389751552795031 0.860636645962733 0.6371635610766047 0.8625776397515529 0.6340579710144928 0.8635481366459629 0.6306935817805382 0.8633540372670808 0.6293995859213252 0.8625776397515529 0.6281055900621119 0.8588897515527951 0.6286231884057971 0.8569487577639753 0.6265527950310559 0.8544254658385093 0.6216356107660457 0.8520962732919256 0.6136128364389234 0.8491847826086958 0.6066252587991718 0.8495729813664596 0.598343685300207 0.8509316770186336 0.5931677018633541 0.8530667701863354 0.5711697722567288 0.8499611801242237 0.5641821946169773 0.8383152173913044 0.5512422360248448 0.8324922360248448 0.5427018633540373 0.8276397515527951 0.5388198757763976 0.8146350931677019 0.5377846790890269 0.8103649068322981 0.5383022774327122 0.78319099378882 0.5351966873706004 0.7796972049689442 0.5364906832298136 0.7793090062111802 0.5377846790890269 0.7791149068322981 0.5486542443064183 0.7775621118012424 0.5603002070393375
6 0.6156832298136646 0.28804347826086957 0.6164596273291926 0.2898550724637681 0.6197593167701864 0.2916666666666667 0.623641304347826 0.28804347826086957 0.6265527950310559 0.2831262939958592 0.6273291925465839 0.27872670807453415 0.6273291925465839 0.27251552795031053 0.6255822981366459 0.2699275362318841 0.6199534161490683 0.26811594202898553 0.6164596273291926 0.26889233954451347 0.6149068322981367 0.2722567287784679 0.6147127329192548 0.27976190476190477 0.6156832298136646 0.28804347826086957
6 0.9256599378881988 0.6112836438923396 0.9281832298136647 0.6162008281573499 0.9305124223602484 0.6174948240165632 0.9318711180124224 0.6195652173913044 0.9320652173913044 0.6335403726708074 0.9330357142857144 0.6376811594202899 0.9351708074534163 0.6407867494824017 0.9388586956521741 0.6433747412008282 0.9415760869565218 0.6441511387163561 0.9452639751552796 0.6431159420289855 0.9491459627329193 0.6433747412008282 0.955163043478261 0.6485507246376812 0.9596273291925466 0.6547619047619049 0.9656444099378882 0.6599378881987578 0.969914596273292 0.6658902691511387 0.9761257763975156 0.6721014492753623 0.9780667701863354 0.677536231884058 0.9786490683229815 0.682712215320911 0.9805900621118013 0.6889233954451345 0.984083850931677 0.6925465838509317 0.9908773291925466 0.694616977225673 0.9941770186335405 0.6925465838509317 0.9994177018633541 0.692287784679089 0.9994177018633541 0.5841097308488613 0.9976708074534163 0.5838509316770186 0.9949534161490684 0.5791925465838509 0.9914596273291927 0.5763457556935818 0.9800077639751554 0.5729813664596274 0.9557453416149069 0.5685817805383023 0.9495341614906834 0.5654761904761906 0.9398291925465839 0.5623706004140787 0.9380822981366461 0.5605590062111802 0.9316770186335405 0.5590062111801243 0.9281832298136647 0.5605590062111802 0.9281832298136647 0.5722049689440994 0.9270186335403727 0.5781573498964803 0.9270186335403727 0.5825569358178053 0.9260481366459629 0.588768115942029 0.9246894409937889 0.5918737060041408 0.9237189440993789 0.5970496894409938 0.9237189440993789 0.6037784679089028 0.9256599378881988 0.6112836438923396
6 0.5547360248447205 0.2665631469979296 0.5609472049689441 0.2673395445134576 0.5632763975155279 0.26578674948240166 0.563858695652174 0.2546583850931677 0.562888198757764 0.25181159420289856 0.5603649068322982 0.2510351966873706 0.5568711180124224 0.25232919254658387 0.5541537267080746 0.2546583850931677 0.5529891304347826 0.25724637681159424 0.5531832298136646 0.2639751552795031 0.5547360248447205 0.2665631469979296
6 0.7585403726708074 0.4283126293995859 0.7597049689440994 0.43219461697722567 0.7616459627329193 0.4347826086956522 0.767080745341615 0.43633540372670804 0.7684394409937888 0.43762939958592134 0.7721273291925466 0.44642857142857145 0.7868788819875776 0.44642857142857145 0.7890139751552795 0.44047619047619047 0.7946428571428572 0.43581780538302284 0.7960015527950312 0.4337474120082816 0.796972049689441 0.4283126293995859 0.7963897515527951 0.4252070393374741 0.7936723602484472 0.4195134575569358 0.7925077639751554 0.4148550724637681 0.7927018633540373 0.40243271221532095 0.7940605590062112 0.3900103519668737 0.7932841614906833 0.38716356107660455 0.7897903726708074 0.3835403726708075 0.7864906832298137 0.3812111801242236 0.7818322981366461 0.37939958592132506 0.767080745341615 0.3786231884057971 0.7614518633540373 0.37939958592132506 0.7597049689440994 0.3835403726708075 0.7579580745341615 0.4001035196687371 0.7577639751552795 0.41977225672877844 0.7585403726708074 0.4283126293995859
6 0.45283385093167705 0.34627329192546585 0.4569099378881988 0.3447204968944099 0.4582686335403727 0.34316770186335405 0.4644798136645963 0.3398033126293996 0.46680900621118016 0.33773291925465837 0.46952639751552794 0.33669772256728775 0.4802018633540373 0.3346273291925466 0.4885481366459628 0.3346273291925466 0.4908773291925466 0.3325569358178054 0.4908773291925466 0.3115942028985507 0.4901009316770186 0.3090062111801242 0.48757763975155277 0.30719461697722567 0.4734083850931677 0.3066770186335404 0.46234472049689446 0.3092650103519669 0.45535714285714285 0.3141821946169773 0.45283385093167705 0.3175465838509317 0.4522515527950311 0.32116977225672877 0.4514751552795031 0.34265010351966874 0.45283385093167705 0.34627329192546585
6 0.6222826086956522 0.3310041407867495 0.6356754658385093 0.3317805383022775 0.6387810559006212 0.3310041407867495 0.6399456521739131 0.32841614906832295 0.6401397515527951 0.3175465838509317 0.641886645962733 0.31133540372670804 0.640527950310559 0.2986542443064182 0.6381987577639753 0.2950310559006211 0.6341226708074534 0.2927018633540373 0.626164596273292 0.292184265010352 0.6232531055900622 0.29373706004140787 0.6224767080745343 0.2947722567287785 0.6215062111801243 0.3002070393374741 0.6215062111801243 0.3059006211180125 0.6203416149068324 0.3139233954451346 0.6205357142857144 0.32608695652173914 0.6222826086956522 0.3310041407867495
6 0.6286878881987578 0.27924430641821946 0.6331521739130436 0.28209109730848864 0.6368400621118013 0.27976190476190477 0.6387810559006212 0.2727743271221532 0.6381987577639753 0.26552795031055904 0.6368400621118013 0.26242236024844723 0.6335403726708074 0.261128364389234 0.6296583850931677 0.2616459627329193 0.6277173913043478 0.26475155279503104 0.6277173913043478 0.2732919254658385 0.6286878881987578 0.27924430641821946