8 0.5432291666666667 0.4472222222222222 0.5475694444444444 0.44660493827160497 0.5506944444444444 0.4425925925925926 0.5517361111111111 0.4395061728395062 0.5519097222222222 0.4354938271604938 0.5512152777777778 0.433641975308642 0.5482638888888889 0.4314814814814815 0.5440972222222222 0.4324074074074074 0.5425347222222222 0.43580246913580245 0.5423611111111111 0.441358024691358 0.5432291666666667 0.4472222222222222
8 0.5586805555555555 0.4882716049382716 0.5680555555555555 0.48858024691358026 0.5710069444444444 0.4876543209876543 0.5718749999999999 0.48518518518518516 0.5715277777777777 0.4537037037037037 0.56875 0.45185185185185184 0.5666666666666667 0.45185185185185184 0.5612847222222223 0.4561728395061728 0.5600694444444444 0.45925925925925926 0.5586805555555555 0.47469135802469137 0.5576388888888888 0.4774691358024691 0.5574652777777778 0.4854938271604938 0.5586805555555555 0.4882716049382716
8 0.17760416666666665 0.9296296296296297 0.18194444444444444 0.936111111111111 0.18975694444444444 0.9391975308641975 0.21180555555555555 0.9407407407407407 0.22118055555555555 0.9425925925925925 0.22621527777777775 0.9407407407407407 0.23177083333333334 0.9404320987654321 0.2376736111111111 0.9385802469135802 0.2409722222222222 0.9413580246913581 0.24479166666666666 0.9416666666666667 0.24791666666666665 0.9382716049382716 0.24965277777777775 0.9351851851851852 0.2508680555555556 0.9293209876543209 0.25190972222222224 0.9274691358024691 0.25277777777777777 0.921604938271605 0.25503472222222223 0.9157407407407407 0.2557291666666667 0.9101851851851852 0.2569444444444444 0.9058641975308641 0.2598958333333333 0.9003086419753087 0.2623263888888889 0.8987654320987654 0.2644097222222222 0.894753086419753 0.26579861111111114 0.8935185185185185 0.2720486111111111 0.8817901234567901 0.27586805555555555 0.8771604938271605 0.2788194444444444 0.8682098765432099 0.2826388888888889 0.8648148148148148 0.2857638888888889 0.8632716049382716 0.28680555555555554 0.8632716049382716 0.2883680555555555 0.8666666666666666 0.2895833333333333 0.8675925925925926 0.2934027777777778 0.8666666666666666 0.2965277777777778 0.8632716049382716 0.2980902777777778 0.8574074074074074 0.29965277777777777 0.845679012345679 0.3017361111111111 0.8419753086419753 0.3024305555555556 0.8382716049382716 0.3026041666666667 0.8311728395061728 0.3090277777777778 0.8175925925925925 0.3095486111111111 0.8141975308641975 0.3097222222222222 0.7925925925925925 0.30850694444444443 0.7842592592592593 0.3083333333333333 0.7743827160493827 0.3072916666666667 0.7632716049382716 0.3050347222222222 0.753395061728395 0.3048611111111111 0.7487654320987653 0.3026041666666667 0.7425925925925926 0.3017361111111111 0.7348765432098765 0.3005208333333333 0.7311728395061728 0.2970486111111111 0.7283950617283951 0.2921875 0.7271604938271605 0.2713541666666667 0.7262345679012346 0.2652777777777778 0.7274691358024691 0.26249999999999996 0.7296296296296296 0.26024305555555555 0.7333333333333334 0.25885416666666666 0.7339506172839506 0.25364583333333335 0.7407407407407407 0.24687499999999998 0.7478395061728395 0.24600694444444443 0.7496913580246913 0.24027777777777778 0.7552469135802469 0.23524305555555555 0.7632716049382716 0.2342013888888889 0.7638888888888888 0.23072916666666665 0.775 0.23038194444444443 0.7802469135802469 0.22951388888888888 0.782716049382716 0.22864583333333333 0.7891975308641975 0.22916666666666666 0.792283950617284 0.22864583333333333 0.796604938271605 0.22708333333333333 0.7978395061728395 0.21875 0.8104938271604938 0.21822916666666664 0.8123456790123457 0.21684027777777778 0.8135802469135802 0.21319444444444444 0.8200617283950616 0.2112847222222222 0.825925925925926 0.2097222222222222 0.8277777777777778 0.2081597222222222 0.8324074074074075 0.20625 0.8351851851851853 0.2034722222222222 0.8379629629629629 0.20086805555555554 0.8364197530864197 0.1987847222222222 0.8364197530864197 0.19618055555555555 0.8385802469135802 0.19618055555555555 0.8435185185185184 0.19947916666666665 0.8490740740740741 0.19930555555555554 0.8537037037037037 0.1892361111111111 0.8685185185185185 0.18802083333333333 0.8719135802469137 0.18559027777777778 0.875 0.18437499999999998 0.878395061728395 0.18263888888888888 0.8802469135802469 0.18125 0.8833333333333334 0.18020833333333333 0.8867283950617284 0.1800347222222222 0.8895061728395062 0.1784722222222222 0.8925925925925926 0.17725694444444445 0.8972222222222223 0.17586805555555554 0.9132716049382715 0.17586805555555554 0.9222222222222222 0.17760416666666665 0.9296296296296297
1 0.5173611111111112 0.5268518518518518 0.5189236111111111 0.5280864197530865 0.5220486111111111 0.5268518518518518 0.5282986111111111 0.5268518518518518 0.5347222222222222 0.5219135802469136 0.5402777777777777 0.5203703703703704 0.5414930555555555 0.5172839506172839 0.5421874999999999 0.5132716049382716 0.5423611111111111 0.5049382716049382 0.5399305555555556 0.49660493827160496 0.5373263888888888 0.49351851851851847 0.5333333333333333 0.4922839506172839 0.5251736111111112 0.49320987654320986 0.5225694444444444 0.49537037037037035 0.5189236111111111 0.5040123456790123 0.5171874999999999 0.5138888888888888 0.5166666666666666 0.5231481481481481 0.5173611111111112 0.5268518518518518
1 0.5447916666666667 0.4574074074074074 0.5467013888888889 0.4608024691358025 0.5505208333333333 0.4611111111111111 0.5529513888888888 0.45648148148148143 0.5538194444444444 0.4530864197530864 0.5538194444444444 0.44598765432098764 0.5512152777777778 0.44320987654320987 0.5498263888888888 0.44290123456790126 0.5460069444444444 0.44537037037037036 0.5449652777777777 0.4472222222222222 0.5444444444444444 0.44907407407407407 0.5447916666666667 0.4574074074074074
1 0.5515625 0.4691358024691358 0.553298611111111 0.4703703703703703 0.5574652777777778 0.4703703703703703 0.5597222222222222 0.46728395061728395 0.5614583333333333 0.458641975308642 0.5614583333333333 0.4527777777777778 0.5592013888888888 0.44969135802469135 0.5546875 0.44969135802469135 0.5538194444444444 0.4506172839506173 0.553125 0.45432098765432094 0.5498263888888888 0.46234567901234563 0.5503472222222222 0.4669753086419753 0.5515625 0.4691358024691358
1 0.5753472222222222 0.45123456790123456 0.5795138888888889 0.45123456790123456 0.5817708333333333 0.45 0.5829861111111111 0.44598765432098764 0.5831597222222222 0.4422839506172839 0.5817708333333333 0.4388888888888889 0.5779513888888889 0.43765432098765433 0.5744791666666667 0.44074074074074077 0.5732638888888888 0.4444444444444444 0.5732638888888888 0.45 0.5753472222222222 0.45123456790123456
1 0.4878472222222222 0.5058641975308642 0.5001736111111111 0.5064814814814814 0.5026041666666666 0.5055555555555555 0.5050347222222222 0.5021604938271605 0.5052083333333334 0.49104938271604937 0.5036458333333333 0.48703703703703705 0.5013888888888889 0.4839506172839506 0.4942708333333333 0.483641975308642 0.4918402777777778 0.48487654320987655 0.4895833333333333 0.48796296296296293 0.4878472222222222 0.49320987654320986 0.4873263888888889 0.49660493827160496 0.4878472222222222 0.5058641975308642
1 0.5977430555555555 0.5401234567901235 0.5979166666666667 0.5438271604938272 0.5987847222222222 0.5472222222222223 0.6050347222222222 0.5441358024691358 0.6168402777777777 0.5459876543209877 0.6197916666666666 0.5438271604938272 0.6203124999999999 0.5370370370370371 0.6203124999999999 0.5114197530864197 0.6196180555555556 0.5061728395061729 0.6178819444444444 0.5009259259259259 0.6166666666666666 0.5 0.609375 0.4996913580246914 0.603125 0.5018518518518518 0.6015625 0.5049382716049382 0.6012152777777777 0.508641975308642 0.5991319444444444 0.5157407407407407 0.5987847222222222 0.5188271604938272 0.5987847222222222 0.5305555555555556 0.5977430555555555 0.5401234567901235
1 0.5383680555555556 0.4947530864197531 0.5416666666666666 0.4978395061728395 0.5420138888888888 0.5021604938271605 0.5432291666666667 0.5058641975308642 0.5505208333333333 0.5058641975308642 0.5512152777777778 0.5049382716049382 0.5519097222222222 0.5021604938271605 0.5517361111111111 0.49351851851851847 0.5508680555555555 0.4898148148148148 0.5505208333333333 0.48456790123456794 0.5493055555555555 0.48271604938271606 0.5406249999999999 0.48271604938271606 0.5381944444444444 0.4839506172839506 0.5371527777777777 0.4867283950617284 0.5369791666666667 0.4916666666666667 0.5383680555555556 0.4947530864197531
1 0.5298611111111111 0.546604938271605 0.5300347222222223 0.5540123456790124 0.5310763888888889 0.5558641975308641 0.5336805555555555 0.5561728395061728 0.5373263888888888 0.5540123456790124 0.5440972222222222 0.5561728395061728 0.5470486111111111 0.5537037037037037 0.5477430555555556 0.532716049382716 0.5467013888888889 0.5277777777777778 0.5434027777777778 0.5234567901234568 0.5404513888888889 0.5209876543209876 0.5369791666666667 0.5212962962962963 0.5328124999999999 0.5234567901234568 0.5288194444444444 0.5287037037037037 0.5276041666666667 0.5345679012345679 0.5276041666666667 0.542283950617284 0.5298611111111111 0.546604938271605
1 0.47274305555555557 0.553395061728395 0.47291666666666665 0.5546296296296296 0.4739583333333333 0.5552469135802469 0.4779513888888889 0.5524691358024691 0.48038194444444443 0.5487654320987654 0.4831597222222222 0.5462962962962963 0.4887152777777778 0.5438271604938272 0.4913194444444444 0.5413580246913581 0.5003472222222223 0.5401234567901235 0.5012152777777777 0.5367283950617284 0.5012152777777777 0.532716049382716 0.5001736111111111 0.5287037037037037 0.4973958333333333 0.5256172839506172 0.48420138888888886 0.5253086419753087 0.48072916666666665 0.5287037037037037 0.47986111111111107 0.5320987654320988 0.4788194444444444 0.5330246913580247 0.4786458333333333 0.5345679012345679 0.4753472222222222 0.5404320987654321 0.4737847222222222 0.5515432098765432 0.47274305555555557 0.553395061728395
1 0.584548611111111 0.45432098765432094 0.5914930555555555 0.45432098765432094 0.5927083333333334 0.4530864197530864 0.5932291666666666 0.44537037037037036 0.5920138888888888 0.44074074074074077 0.5892361111111111 0.4395061728395062 0.5876736111111112 0.4398148148148148 0.584375 0.4422839506172839 0.5828125 0.44598765432098764 0.5828125 0.4521604938271605 0.584548611111111 0.45432098765432094
1 0.5642361111111112 0.671604938271605 0.5656249999999999 0.6725308641975308 0.5664930555555555 0.6746913580246913 0.5651041666666666 0.6851851851851852 0.5651041666666666 0.6916666666666667 0.5642361111111112 0.6953703703703703 0.5642361111111112 0.721604938271605 0.5677083333333334 0.7237654320987654 0.5697916666666666 0.721604938271605 0.5720486111111112 0.7175925925925926 0.5737847222222222 0.716358024691358 0.5774305555555556 0.717283950617284 0.5819444444444444 0.716358024691358 0.590625 0.7203703703703703 0.5958333333333333 0.721604938271605 0.5989583333333334 0.725 0.5998263888888888 0.7237654320987654 0.6012152777777777 0.7182098765432099 0.6019097222222222 0.7083333333333334 0.6024305555555556 0.70679012345679 0.6019097222222222 0.7003086419753086 0.6024305555555556 0.6959876543209877 0.6019097222222222 0.6885802469135802 0.6024305555555556 0.6845679012345679 0.6017361111111111 0.6651234567901234 0.6006944444444444 0.6617283950617284 0.6005208333333334 0.6506172839506172 0.5998263888888888 0.6493827160493827 0.5989583333333334 0.649074074074074 0.5973958333333333 0.6462962962962963 0.5904513888888888 0.6441358024691358 0.5770833333333333 0.6429012345679013 0.5706597222222222 0.6438271604938272 0.5677083333333334 0.6425925925925926 0.5666666666666667 0.6438271604938272 0.5663194444444444 0.6561728395061728 0.5640624999999999 0.6623456790123456 0.5635416666666666 0.6688271604938272 0.5642361111111112 0.671604938271605
1 0.5293402777777777 0.45679012345679015 0.5375 0.45679012345679015 0.5385416666666666 0.4555555555555556 0.5388888888888889 0.45339506172839505 0.5385416666666666 0.4475308641975309 0.5373263888888888 0.4444444444444444 0.5364583333333334 0.44382716049382714 0.53125 0.4444444444444444 0.5293402777777777 0.4469135802469136 0.5286458333333334 0.4503086419753086 0.5286458333333334 0.4555555555555556 0.5293402777777777 0.45679012345679015
1 0.5375 0.48117283950617284 0.5395833333333333 0.4824074074074074 0.5418402777777778 0.48148148148148145 0.5482638888888889 0.48148148148148145 0.5499999999999999 0.4808641975308642 0.5505208333333333 0.47932098765432096 0.5505208333333333 0.4679012345679012 0.5482638888888889 0.4632716049382716 0.5472222222222222 0.46234567901234563 0.5425347222222222 0.46234567901234563 0.5399305555555556 0.4635802469135802 0.5378472222222223 0.4679012345679012 0.5371527777777777 0.4722222222222222 0.5375 0.48117283950617284
5 0.5295138888888888 0.8370370370370371 0.5321180555555556 0.841358024691358 0.5321180555555556 0.8432098765432099 0.5293402777777777 0.8533950617283951 0.5284722222222222 0.8589506172839506 0.5255208333333333 0.8888888888888888 0.5256944444444445 0.9012345679012346 0.5281250000000001 0.9126543209876543 0.5309027777777777 0.9148148148148147 0.5414930555555555 0.917283950617284 0.5444444444444444 0.9188271604938272 0.5635416666666666 0.9222222222222222 0.5812499999999999 0.9231481481481482 0.5824652777777778 0.9222222222222222 0.5848958333333333 0.9179012345679012 0.5866319444444444 0.9114197530864198 0.5885416666666666 0.8882716049382716 0.5885416666666666 0.875 0.5874999999999999 0.8638888888888888 0.5871527777777777 0.8487654320987654 0.5907986111111111 0.8441358024691359 0.5914930555555555 0.8404320987654321 0.5911458333333334 0.8385802469135802 0.5887152777777778 0.8345679012345678 0.5880208333333333 0.8287037037037037 0.5880208333333333 0.817283950617284 0.5866319444444444 0.8040123456790123 0.5848958333333333 0.7947530864197531 0.5824652777777778 0.7895061728395062 0.5776041666666666 0.7851851851851852 0.5682291666666667 0.7817901234567901 0.5501736111111111 0.7808641975308641 0.5461805555555556 0.7830246913580247 0.5453125 0.7845679012345679 0.5432291666666667 0.7858024691358024 0.5395833333333333 0.7913580246913581 0.5375 0.8006172839506173 0.5354166666666667 0.8055555555555556 0.5338541666666666 0.821604938271605 0.5326388888888889 0.8271604938271605 0.5303819444444444 0.8296296296296296 0.5260416666666666 0.8311728395061728 0.5269097222222222 0.8348765432098766 0.5295138888888888 0.8370370370370371
1 0.5600694444444444 0.43703703703703706 0.5638888888888889 0.43703703703703706 0.5651041666666666 0.4361111111111111 0.5656249999999999 0.43425925925925923 0.5656249999999999 0.4305555555555556 0.5640624999999999 0.42685185185185187 0.5604166666666667 0.4271604938271605 0.5588541666666667 0.4305555555555556 0.5588541666666667 0.4354938271604938 0.5600694444444444 0.43703703703703706
2 0.6831597222222222 0.692283950617284 0.684375 0.6993827160493827 0.684375 0.7175925925925926 0.6859375 0.7484567901234568 0.6855902777777778 0.7549382716049382 0.6862847222222221 0.7564814814814815 0.6890625 0.757716049382716 0.6911458333333333 0.7558641975308641 0.6928819444444444 0.7527777777777778 0.6961805555555556 0.7524691358024691 0.6965277777777777 0.7503086419753087 0.6961805555555556 0.7268518518518519 0.6980902777777778 0.720679012345679 0.6977430555555556 0.6996913580246913 0.6965277777777777 0.6953703703703703 0.6944444444444444 0.6925925925925925 0.6942708333333334 0.6820987654320988 0.6927083333333334 0.678395061728395 0.6888888888888888 0.678395061728395 0.6848958333333334 0.6805555555555556 0.6831597222222222 0.6824074074074075 0.6824652777777778 0.6845679012345679 0.6822916666666666 0.6904320987654321 0.6831597222222222 0.692283950617284
2 0.5364583333333334 0.6432098765432099 0.537673611111111 0.6435185185185185 0.5409722222222222 0.6435185185185185 0.5430555555555555 0.6422839506172839 0.5475694444444444 0.6432098765432099 0.5505208333333333 0.641358024691358 0.5505208333333333 0.6376543209876543 0.5493055555555555 0.6333333333333334 0.5435763888888888 0.6212962962962962 0.5413194444444445 0.625 0.5399305555555556 0.6314814814814815 0.5364583333333334 0.6385802469135803 0.5359375 0.6404320987654322 0.5364583333333334 0.6432098765432099
2 0.5690972222222223 0.5052469135802469 0.5690972222222223 0.5092592592592593 0.5708333333333333 0.512962962962963 0.5746527777777778 0.512962962962963 0.5758680555555555 0.5092592592592593 0.5758680555555555 0.5052469135802469 0.5748263888888888 0.5033950617283951 0.5746527777777778 0.4996913580246914 0.5711805555555556 0.49845679012345684 0.5699652777777777 0.504320987654321 0.5690972222222223 0.5052469135802469
2 0.7171875 0.7515432098765432 0.7184027777777777 0.7549382716049382 0.71875 0.7685185185185185 0.7213541666666666 0.7870370370370371 0.7208333333333333 0.7919753086419753 0.7180555555555556 0.796604938271605 0.7180555555555556 0.7984567901234568 0.7196180555555556 0.8015432098765432 0.725 0.8024691358024691 0.7263888888888889 0.8006172839506173 0.7263888888888889 0.7685185185185185 0.7274305555555556 0.7561728395061729 0.7289930555555556 0.7515432098765432 0.7296874999999999 0.7472222222222222 0.7296874999999999 0.741358024691358 0.7289930555555556 0.737962962962963 0.7274305555555556 0.7345679012345678 0.725173611111111 0.7320987654320987 0.723611111111111 0.7253086419753086 0.7203125 0.7231481481481481 0.7192708333333333 0.7240740740740741 0.7184027777777777 0.7268518518518519 0.7184027777777777 0.7308641975308642 0.7196180555555556 0.7339506172839506 0.7192708333333333 0.7382716049382716 0.7177083333333334 0.742283950617284 0.7151041666666667 0.7450617283950618 0.7147569444444444 0.7484567901234568 0.7171875 0.7515432098765432
2 0.39947916666666666 0.8737654320987653 0.3989583333333333 0.8777777777777778 0.4001736111111111 0.879320987654321 0.40243055555555557 0.879320987654321 0.4032986111111111 0.878395061728395 0.4036458333333333 0.875 0.4045138888888889 0.8734567901234568 0.4055555555555555 0.8765432098765432 0.4048611111111111 0.8796296296296297 0.4055555555555555 0.8814814814814815 0.40954861111111107 0.883641975308642 0.4154513888888889 0.8839506172839506 0.41684027777777777 0.8864197530864197 0.41788194444444443 0.9151234567901234 0.4166666666666667 0.9203703703703704 0.41510416666666666 0.9219135802469135 0.4149305555555556 0.9253086419753087 0.41388888888888886 0.9290123456790123 0.41388888888888886 0.9330246913580247 0.4149305555555556 0.9354938271604938 0.41788194444444443 0.9348765432098766 0.4184027777777778 0.9342592592592593 0.4185763888888889 0.9259259259259259 0.4190972222222222 0.9237654320987654 0.42170138888888886 0.9200617283950616 0.4225694444444444 0.9157407407407407 0.4227430555555556 0.9064814814814816 0.4220486111111111 0.899074074074074 0.4225694444444444 0.8802469135802469 0.4210069444444444 0.8589506172839506 0.4190972222222222 0.8521604938271605 0.4161458333333333 0.8493827160493828 0.4154513888888889 0.8462962962962963 0.4149305555555556 0.8382716049382716 0.4131944444444444 0.8351851851851853 0.4114583333333333 0.8339506172839506 0.40781249999999997 0.8364197530864197 0.40607638888888886 0.8416666666666667 0.4053819444444444 0.8493827160493828 0.40260416666666665 0.8555555555555556 0.4010416666666667 0.8697530864197531 0.39947916666666666 0.8737654320987653
2 0.6534722222222222 0.6558641975308641 0.6534722222222222 0.6586419753086419 0.6526041666666667 0.6608024691358024 0.6522569444444444 0.6648148148148147 0.6529513888888888 0.6675925925925925 0.6529513888888888 0.6780864197530865 0.6546875 0.7024691358024691 0.6534722222222222 0.7104938271604938 0.654861111111111 0.7117283950617284 0.6578125 0.7117283950617284 0.6598958333333333 0.7098765432098766 0.661111111111111 0.700925925925926 0.661111111111111 0.6854938271604938 0.6625 0.6765432098765432 0.6630208333333334 0.6645061728395062 0.6619791666666666 0.6580246913580247 0.6602430555555555 0.6540123456790122 0.6578125 0.6450617283950618 0.6538194444444444 0.6450617283950618 0.6519097222222222 0.6478395061728395 0.6513888888888888 0.6509259259259259 0.6534722222222222 0.6558641975308641
2 0.5501736111111111 0.5867283950617284 0.5574652777777778 0.5854938271604938 0.5586805555555555 0.5817901234567902 0.5562499999999999 0.5759259259259258 0.5538194444444444 0.5666666666666667 0.5520833333333334 0.567283950617284 0.5503472222222222 0.5694444444444444 0.5501736111111111 0.5728395061728395 0.5479166666666666 0.5777777777777777 0.5479166666666666 0.582716049382716 0.5501736111111111 0.5867283950617284
2 0.5831597222222222 0.9842592592592593 0.5850694444444444 0.9864197530864197 0.5873263888888889 0.9867283950617284 0.5887152777777778 0.9888888888888888 0.5899305555555555 0.9996913580246913 0.606423611111111 0.9996913580246913 0.606423611111111 0.9978395061728395 0.6076388888888888 0.9950617283950618 0.6076388888888888 0.9685185185185184 0.6060763888888888 0.9635802469135802 0.6038194444444444 0.9629629629629629 0.6013888888888889 0.9598765432098766 0.6010416666666666 0.9462962962962963 0.5989583333333334 0.942283950617284 0.5942708333333333 0.942283950617284 0.5925347222222223 0.9453703703703703 0.5909722222222222 0.9512345679012346 0.5868055555555556 0.9561728395061728 0.5852430555555556 0.9614197530864197 0.5850694444444444 0.967283950617284 0.5835069444444444 0.9740740740740741 0.5828125 0.9805555555555555 0.5831597222222222 0.9842592592592593
4 0.3454861111111111 0.6503086419753087 0.3467013888888889 0.6518518518518519 0.3494791666666667 0.653395061728395 0.35572916666666665 0.6509259259259259 0.3597222222222222 0.6518518518518519 0.3619791666666667 0.6496913580246914 0.3642361111111111 0.6496913580246914 0.37048611111111107 0.6521604938271606 0.3755208333333333 0.6561728395061728 0.3774305555555555 0.6561728395061728 0.3786458333333333 0.6549382716049382 0.38263888888888886 0.6441358024691358 0.3854166666666667 0.6385802469135803 0.38663194444444443 0.6373456790123456 0.39218749999999997 0.637037037037037 0.3949652777777778 0.6339506172839506 0.3956597222222222 0.6287037037037038 0.3979166666666667 0.6231481481481481 0.3986111111111111 0.6175925925925926 0.3993055555555556 0.608641975308642 0.3987847222222222 0.5950617283950618 0.3975694444444444 0.592283950617284 0.3899305555555555 0.591358024691358 0.3871527777777778 0.5885802469135802 0.3802083333333333 0.5864197530864198 0.3725694444444444 0.5864197530864198 0.36527777777777776 0.5885802469135802 0.3642361111111111 0.5901234567901235 0.3628472222222222 0.5904320987654321 0.3605902777777778 0.5944444444444444 0.35920138888888886 0.5950617283950618 0.3579861111111111 0.5978395061728394 0.35572916666666665 0.6003086419753086 0.3541666666666667 0.6049382716049382 0.3520833333333333 0.608641975308642 0.3515625 0.6132716049382716 0.34791666666666665 0.6194444444444445 0.34756944444444443 0.6212962962962962 0.3454861111111111 0.625 0.34479166666666666 0.6280864197530863 0.3446180555555556 0.6453703703703704 0.3454861111111111 0.6503086419753087
6 0.4477430555555555 0.6225308641975309 0.44861111111111107 0.6277777777777778 0.4487847222222222 0.637037037037037 0.44809027777777777 0.6404320987654322 0.4470486111111111 0.6608024691358024 0.4470486111111111 0.6820987654320988 0.44913194444444443 0.6858024691358025 0.44947916666666665 0.6885802469135802 0.4506944444444444 0.6913580246913581 0.4522569444444444 0.6935185185185185 0.4534722222222222 0.6938271604938272 0.45590277777777777 0.6907407407407407 0.4581597222222222 0.6898148148148148 0.4796875 0.6907407407407407 0.4875 0.6929012345679012 0.49201388888888886 0.7 0.49600694444444443 0.7 0.4982638888888889 0.696604938271605 0.4984375 0.692283950617284 0.4991319444444444 0.6901234567901234 0.5019097222222222 0.6854938271604938 0.5019097222222222 0.678395061728395 0.5026041666666666 0.675 0.5041666666666667 0.6725308641975308 0.5085069444444444 0.6691358024691358 0.5098958333333333 0.6654320987654321 0.5123263888888888 0.6617283950617284 0.5130208333333334 0.6524691358024691 0.5142361111111111 0.6450617283950618 0.5159722222222223 0.6425925925925926 0.5189236111111111 0.6422839506172839 0.5204861111111111 0.6410493827160494 0.5246527777777777 0.633641975308642 0.5248263888888889 0.6302469135802469 0.5260416666666666 0.6277777777777778 0.5270833333333333 0.6104938271604938 0.5258680555555555 0.5944444444444444 0.5262152777777778 0.5882716049382716 0.5282986111111111 0.578395061728395 0.5284722222222222 0.5679012345679012 0.5295138888888888 0.5641975308641975 0.5295138888888888 0.5499999999999999 0.5282986111111111 0.546604938271605 0.5241319444444444 0.5447530864197531 0.5144097222222223 0.5444444444444444 0.5019097222222222 0.5416666666666666 0.49635416666666665 0.5416666666666666 0.4909722222222222 0.5425925925925926 0.4855902777777778 0.5462962962962963 0.4836805555555555 0.546604938271605 0.4826388888888889 0.5484567901234568 0.48072916666666665 0.549074074074074 0.4784722222222222 0.5527777777777777 0.4736111111111111 0.5570987654320988 0.4588541666666667 0.5564814814814815 0.4578125 0.5574074074074074 0.45729166666666665 0.5601851851851852 0.45642361111111107 0.5737654320987654 0.4545138888888889 0.5867283950617284 0.453125 0.5916666666666667 0.4527777777777778 0.5962962962962963 0.4508680555555556 0.6 0.4487847222222222 0.6021604938271605 0.44861111111111107 0.6037037037037037 0.4467013888888889 0.6074074074074074 0.4427083333333333 0.6095679012345678 0.4427083333333333 0.6175925925925926 0.4477430555555555 0.6225308641975309
6 0.5178819444444445 0.43734567901234567 0.5189236111111111 0.4382716049382716 0.5236111111111111 0.43765432098765433 0.5260416666666666 0.43703703703703706 0.5270833333333333 0.4354938271604938 0.5270833333333333 0.42839506172839503 0.5255208333333333 0.4256172839506173 0.5246527777777777 0.41851851851851857 0.5229166666666667 0.4154320987654321 0.5220486111111111 0.4154320987654321 0.5190972222222222 0.41851851851851857 0.5171874999999999 0.425 0.5170138888888889 0.43425925925925923 0.5178819444444445 0.43734567901234567
6 0.5642361111111112 0.6595679012345679 0.5635416666666666 0.6688271604938272 0.5642361111111112 0.6712962962962963 0.5664930555555555 0.6737654320987654 0.5666666666666667 0.6765432098765432 0.5659722222222222 0.678395061728395 0.5652777777777778 0.6842592592592593 0.5652777777777778 0.6907407407407407 0.5642361111111112 0.6959876543209877 0.5642361111111112 0.7212962962962963 0.5677083333333334 0.7237654320987654 0.5743055555555555 0.7160493827160493 0.576736111111111 0.7169753086419753 0.5821180555555555 0.7160493827160493 0.5961805555555556 0.721604938271605 0.5984375 0.725 0.5998263888888888 0.7243827160493828 0.6012152777777777 0.7185185185185184 0.6027777777777777 0.7074074074074075 0.6027777777777777 0.6895061728395062 0.6036458333333333 0.686111111111111 0.6034722222222222 0.6820987654320988 0.6039930555555556 0.6799382716049384 0.6029513888888888 0.6734567901234568 0.603125 0.6589506172839507 0.6024305555555556 0.6552469135802469 0.6022569444444444 0.6438271604938272 0.6006944444444444 0.6376543209876543 0.5987847222222222 0.6345679012345679 0.5973958333333333 0.6342592592592593 0.5711805555555556 0.6317901234567901 0.5690972222222223 0.6333333333333334 0.5696180555555556 0.6379629629629631 0.5659722222222222 0.6416666666666666 0.5652777777777778 0.6438271604938272 0.5651041666666666 0.6570987654320988 0.5642361111111112 0.6595679012345679
6 0.5293402777777777 0.4274691358024691 0.5322916666666666 0.4287037037037037 0.5364583333333334 0.4274691358024691 0.5373263888888888 0.4253086419753086 0.537673611111111 0.4194444444444444 0.537673611111111 0.4141975308641975 0.5369791666666667 0.4117283950617284 0.5345486111111111 0.4108024691358025 0.5310763888888889 0.4111111111111111 0.5286458333333334 0.41450617283950614 0.5284722222222222 0.4256172839506173 0.5293402777777777 0.4274691358024691
3 0.5703125 0.5253086419753087 0.5711805555555556 0.5274691358024691 0.5729166666666666 0.5268518518518518 0.5746527777777778 0.5246913580246914 0.5753472222222222 0.5117283950617284 0.5718749999999999 0.5101851851851852 0.5696180555555556 0.5117283950617284 0.5694444444444444 0.5160493827160494 0.5703125 0.5253086419753087
3 0.396875 0.8873456790123456 0.396875 0.8910493827160494 0.3951388888888889 0.8962962962962963 0.3940972222222222 0.903395061728395 0.39461805555555557 0.9320987654320988 0.3970486111111111 0.9379629629629629 0.3984375 0.95679012345679 0.39947916666666666 0.9617283950617284 0.40121527777777777 0.9654320987654321 0.4032986111111111 0.9626543209876544 0.4065972222222222 0.9546296296296296 0.4114583333333333 0.9493827160493827 0.4131944444444444 0.942283950617284 0.4152777777777778 0.9382716049382716 0.4149305555555556 0.9302469135802469 0.4157986111111111 0.9280864197530865 0.4189236111111111 0.9246913580246913 0.4208333333333333 0.9188271604938272 0.4210069444444444 0.9151234567901234 0.4190972222222222 0.9117283950617284 0.4196180555555556 0.9027777777777778 0.41805555555555557 0.8981481481481481 0.41788194444444443 0.8851851851851852 0.41736111111111107 0.8833333333333334 0.4154513888888889 0.8824074074074074 0.4112847222222222 0.8830246913580246 0.4067708333333333 0.8820987654320988 0.4046875 0.8802469135802469 0.4006944444444444 0.8796296296296297 0.3980902777777778 0.8759259259259259 0.39444444444444443 0.8768518518518519 0.3940972222222222 0.8817901234567901 0.396875 0.8873456790123456
3 0.6059027777777778 0.46049382716049386 0.6071180555555555 0.45648148148148143 0.6072916666666666 0.45339506172839505 0.606423611111111 0.44845679012345674 0.6043402777777778 0.4493827160493827 0.6032986111111112 0.45185185185185184 0.6032986111111112 0.4595679012345679 0.6059027777777778 0.46049382716049386
3 0.5479166666666666 0.5993827160493828 0.5491319444444445 0.6095679012345678 0.5503472222222222 0.6132716049382716 0.5513888888888888 0.6132716049382716 0.5536458333333333 0.6123456790123456 0.5560763888888889 0.6030864197530863 0.5559027777777777 0.5848765432098765 0.5543402777777777 0.5830246913580247 0.5501736111111111 0.5830246913580247 0.5491319444444445 0.5848765432098765 0.5491319444444445 0.5891975308641976 0.5479166666666666 0.5993827160493828
3 0.5366319444444444 0.6574074074074074 0.5381944444444444 0.6638888888888889 0.5383680555555556 0.6688271604938272 0.5406249999999999 0.6777777777777778 0.5420138888888888 0.6811728395061728 0.5434027777777778 0.6820987654320988 0.545486111111111 0.674074074074074 0.5482638888888889 0.6688271604938272 0.5493055555555555 0.6638888888888889 0.5505208333333333 0.6561728395061728 0.5501736111111111 0.644753086419753 0.5493055555555555 0.6425925925925926 0.5477430555555556 0.6416666666666666 0.5399305555555556 0.6416666666666666 0.5378472222222223 0.6450617283950618 0.5364583333333334 0.6506172839506172 0.5366319444444444 0.6574074074074074