1 0.5085937500000001 0.5364583333333334 0.5046875000000001 0.5218750000000001 0.496875 0.5218750000000001 0.49453125000000003 0.525 0.49453125000000003 0.5385416666666667 0.5085937500000001 0.5364583333333334
4 0.16171875000000002 0.5572916666666666 0.17343750000000002 0.5416666666666666 0.17109375000000002 0.5385416666666667 0.16171875000000002 0.5385416666666667 0.15703125 0.5427083333333333 0.15703125 0.5572916666666666 0.16171875000000002 0.5572916666666666
1 0.7757812500000001 0.75 0.77890625 0.7541666666666667 0.7859375000000001 0.7520833333333334 0.7914062500000001 0.75625 0.8 0.775 0.8109375000000001 0.76875 0.83125 0.76875 0.84140625 0.7739583333333334 0.846875 0.771875 0.84921875 0.75 0.8445312500000001 0.7375 0.8210937500000001 0.70625 0.8031250000000001 0.6947916666666667 0.790625 0.6947916666666667 0.78046875 0.6979166666666666 0.7734375 0.7125 0.77265625 0.7354166666666666 0.7757812500000001 0.75
5 0.8093750000000001 0.6979166666666666 0.82578125 0.709375 0.83359375 0.7229166666666667 0.84296875 0.7322916666666667 0.8703125 0.7333333333333334 0.87265625 0.7302083333333333 0.87265625 0.7166666666666667 0.8679687500000001 0.70625 0.8484375000000001 0.6833333333333333 0.821875 0.6802083333333334 0.8078125 0.6885416666666666 0.8070312500000001 0.6947916666666667 0.8093750000000001 0.6979166666666666
1 0.6414062500000001 0.675 0.67109375 0.675 0.66953125 0.65 0.66328125 0.6395833333333334 0.6453125000000001 0.6364583333333333 0.63984375 0.6375000000000001 0.63671875 0.64375 0.6359375 0.6645833333333334 0.6414062500000001 0.675
4 0.07265625 0.6802083333333334 0.09375 0.675 0.1234375 0.6614583333333334 0.12187500000000001 0.646875 0.109375 0.6322916666666667 0.09531250000000001 0.63125 0.06640625000000001 0.6364583333333333 0.06640625000000001 0.6687500000000001 0.07265625 0.6802083333333334
1 0.40078125000000003 0.59375 0.42109375000000004 0.5906250000000001 0.42109375000000004 0.5791666666666667 0.41640625000000003 0.5708333333333333 0.40703125 0.5697916666666667 0.39921875 0.5770833333333334 0.3984375 0.5916666666666667 0.40078125000000003 0.59375
1 0.52265625 0.5270833333333333 0.52265625 0.5197916666666667 0.5203125000000001 0.5166666666666667 0.5125000000000001 0.5177083333333333 0.5125000000000001 0.5270833333333333 0.52265625 0.5270833333333333
1 0.6156250000000001 0.5645833333333333 0.6195312500000001 0.571875 0.6515625 0.571875 0.6515625 0.5593750000000001 0.640625 0.5510416666666667 0.62421875 0.5489583333333333 0.61875 0.5520833333333334 0.6156250000000001 0.55625 0.6156250000000001 0.5645833333333333
1 0.62421875 0.6 0.6335937500000001 0.6135416666666667 0.63671875 0.6135416666666667 0.63671875 0.5916666666666667 0.62890625 0.5864583333333333 0.61875 0.5864583333333333 0.61328125 0.5916666666666667 0.61328125 0.596875 0.62421875 0.6
1 0.7171875000000001 0.6822916666666666 0.7203125 0.6885416666666666 0.753125 0.6885416666666666 0.7515625 0.6677083333333333 0.73828125 0.6489583333333334 0.7250000000000001 0.6479166666666667 0.7156250000000001 0.65 0.7117187500000001 0.6541666666666667 0.71015625 0.678125 0.7171875000000001 0.6822916666666666
1 0.6101562500000001 0.6375000000000001 0.63671875 0.6364583333333333 0.63671875 0.6208333333333333 0.6265625 0.603125 0.6109375 0.5979166666666667 0.60546875 0.603125 0.603125 0.6125 0.6023437500000001 0.6302083333333334 0.6101562500000001 0.6375000000000001
6 0.6570312500000001 0.7489583333333334 0.6546875000000001 0.775 0.6570312500000001 0.790625 0.6742187500000001 0.81875 0.696875 0.8197916666666667 0.6960937500000001 0.8250000000000001 0.6882812500000001 0.828125 0.703125 0.8270833333333334 0.7125 0.83125 0.7132812500000001 0.8416666666666667 0.721875 0.8479166666666667 0.7156250000000001 0.8614583333333334 0.71640625 0.8947916666666667 0.73203125 0.9145833333333334 0.73984375 0.9322916666666666 0.7507812500000001 0.9375 0.7562500000000001 0.9447916666666667 0.765625 0.9791666666666666 0.7742187500000001 0.9802083333333333 0.7820312500000001 0.9958333333333333 0.79609375 0.9958333333333333 0.8 0.9989583333333334 0.81953125 0.9958333333333333 0.875 0.9958333333333333 0.8953125000000001 0.9989583333333334 0.89765625 0.9958333333333333 0.89609375 0.9677083333333334 0.890625 0.9552083333333334 0.8929687500000001 0.925 0.8875000000000001 0.896875 0.88828125 0.8791666666666667 0.8828125 0.8697916666666666 0.875 0.8447916666666666 0.86484375 0.8260416666666667 0.8546875 0.7927083333333333 0.8367187500000001 0.7895833333333334 0.765625 0.7958333333333334 0.7640625000000001 0.7854166666666667 0.74609375 0.784375 0.7203125 0.7572916666666667 0.7156250000000001 0.7510416666666666 0.71875 0.74375 0.71640625 0.7385416666666667 0.6546875000000001 0.7395833333333334 0.65390625 0.7447916666666666 0.6570312500000001 0.7489583333333334
6 0.08515625 0.615625 0.0921875 0.6125 0.10625000000000001 0.6145833333333334 0.11406250000000001 0.609375 0.1203125 0.609375 0.1203125 0.5958333333333334 0.1125 0.5843750000000001 0.1125 0.5697916666666667 0.109375 0.5666666666666667 0.0921875 0.5666666666666667 0.08125 0.5708333333333333 0.08125 0.6020833333333334 0.08515625 0.615625
6 0.018750000000000003 0.6062500000000001 0.049218750000000006 0.5958333333333334 0.06406250000000001 0.5947916666666666 0.06875 0.5885416666666666 0.06718750000000001 0.5635416666666667 0.060937500000000006 0.5552083333333333 0.03515625000000001 0.5552083333333333 0.00625 0.5635416666666667 0.00625 0.5958333333333334 0.018750000000000003 0.6062500000000001
6 0.45234375000000004 0.5489583333333333 0.453125 0.5343749999999999 0.44921875 0.525 0.4421875 0.5208333333333334 0.434375 0.5281250000000001 0.434375 0.5499999999999999 0.45234375000000004 0.5489583333333333
6 0.38906250000000003 0.5677083333333334 0.38984375000000004 0.5343749999999999 0.37578125 0.5333333333333333 0.37265625 0.540625 0.37265625 0.5666666666666667 0.38906250000000003 0.5677083333333334
6 0.08750000000000001 0.5645833333333333 0.10234375000000001 0.5625 0.1125 0.5656249999999999 0.11875000000000001 0.5614583333333334 0.13671875000000003 0.5583333333333333 0.13984375000000002 0.5531250000000001 0.13828125000000002 0.5322916666666667 0.1296875 0.5166666666666667 0.11015625000000001 0.5166666666666667 0.084375 0.525 0.08359375000000001 0.5510416666666667 0.08750000000000001 0.5645833333333333
6 0.16953125000000002 0.5770833333333334 0.19843750000000002 0.5739583333333333 0.20078125000000002 0.5635416666666667 0.19921875 0.5364583333333334 0.18515625000000002 0.5375000000000001 0.17500000000000002 0.5427083333333333 0.1640625 0.55625 0.16640625 0.5739583333333333 0.16953125000000002 0.5770833333333334
6 0.5414062500000001 0.5687500000000001 0.5429687500000001 0.5583333333333333 0.540625 0.540625 0.53671875 0.5375000000000001 0.5242187500000001 0.5375000000000001 0.5242187500000001 0.5666666666666667 0.5414062500000001 0.5687500000000001
6 0.41796875 0.5135416666666667 0.41953125 0.49583333333333335 0.41015625 0.49375 0.4078125 0.496875 0.4078125 0.5135416666666667 0.41796875 0.5135416666666667
6 0.4703125 0.49895833333333334 0.47109375000000003 0.4864583333333333 0.46796875000000004 0.48333333333333334 0.46328125000000003 0.4854166666666667 0.4625 0.4979166666666667 0.4703125 0.49895833333333334
6 0.6609375000000001 0.6020833333333334 0.6921875000000001 0.5989583333333334 0.6953125 0.5895833333333333 0.7125 0.5802083333333333 0.7156250000000001 0.5635416666666667 0.7109375 0.5583333333333333 0.6820312500000001 0.5593750000000001 0.6734375 0.5708333333333333 0.6703125000000001 0.5802083333333333 0.6546875000000001 0.5895833333333333 0.6546875000000001 0.5989583333333334 0.6609375000000001 0.6020833333333334