1 0.85 0.6157407407407407 0.85 0.6342592592592593 0.8520833333333334 0.637037037037037 0.8583333333333334 0.6342592592592593 0.8609375 0.625925925925926 0.8572916666666667 0.6055555555555556 0.8526041666666666 0.6027777777777779 0.8520833333333334 0.6120370370370372 0.85 0.6157407407407407
1 0.8239583333333333 0.6231481481481481 0.8421875 0.6379629629629631 0.8473958333333333 0.6361111111111112 0.8458333333333334 0.5981481481481482 0.834375 0.5972222222222222 0.8229166666666666 0.6101851851851853 0.8223958333333334 0.6194444444444445 0.8239583333333333 0.6231481481481481
1 0.8614583333333334 0.6194444444444445 0.8729166666666667 0.6287037037037038 0.8895833333333334 0.6296296296296297 0.8947916666666667 0.6268518518518519 0.8963541666666667 0.6231481481481481 0.8958333333333334 0.6157407407407407 0.8921875 0.6046296296296296 0.8838541666666666 0.5953703703703703 0.8677083333333334 0.5935185185185186 0.8588541666666667 0.6018518518518519 0.8583333333333334 0.6092592592592593 0.8614583333333334 0.6194444444444445
1 0.42864583333333334 0.6055555555555556 0.4322916666666667 0.5879629629629629 0.4328125 0.5675925925925926 0.421875 0.5694444444444444 0.41770833333333335 0.5768518518518518 0.4140625 0.5907407407407408 0.4145833333333333 0.6055555555555556 0.42864583333333334 0.6055555555555556
5 0.7125 0.7472222222222222 0.7328125 0.7490740740740741 0.7427083333333334 0.7444444444444445 0.74375 0.7222222222222222 0.7401041666666667 0.7037037037037037 0.7286458333333334 0.6814814814814816 0.7223958333333333 0.6768518518518519 0.7088541666666667 0.6768518518518519 0.6989583333333333 0.6805555555555556 0.6958333333333334 0.6870370370370371 0.6947916666666667 0.7129629629629629 0.7125 0.7472222222222222
7 0.7296875 0.6342592592592593 0.7359375 0.6537037037037038 0.7333333333333334 0.6666666666666666 0.7411458333333334 0.6833333333333333 0.7468750000000001 0.688888888888889 0.7552083333333334 0.688888888888889 0.7609375 0.6981481481481482 0.7640625 0.7129629629629629 0.771875 0.7212962962962963 0.8078125 0.7175925925925926 0.8135416666666666 0.7101851851851853 0.8161458333333333 0.688888888888889 0.8151041666666666 0.6462962962962963 0.8078125 0.6296296296296297 0.8046875 0.6111111111111112 0.8015625000000001 0.6046296296296296 0.7692708333333333 0.5787037037037037 0.7395833333333334 0.5796296296296296 0.7354166666666666 0.5805555555555556 0.7322916666666667 0.5851851851851853 0.7322916666666667 0.6083333333333334 0.7296875 0.6342592592592593
6 0.8671875 0.8175925925925926 0.8692708333333334 0.8240740740740741 0.86875 0.8351851851851853 0.8708333333333333 0.8416666666666667 0.8802083333333334 0.8546296296296297 0.8838541666666666 0.8546296296296297 0.890625 0.8490740740740741 0.9177083333333333 0.8824074074074075 0.9354166666666667 0.9101851851851853 0.940625 0.914814814814815 0.9427083333333334 0.9342592592592593 0.953125 0.9527777777777778 0.9583333333333334 0.9555555555555556 0.9765625 0.9527777777777778 0.9994791666666667 0.9314814814814816 0.9994791666666667 0.725925925925926 0.9088541666666666 0.6564814814814816 0.8947916666666667 0.6555555555555556 0.865625 0.6601851851851852 0.8625 0.6611111111111112 0.8609375 0.6666666666666666 0.8567708333333334 0.7407407407407407 0.8515625 0.7694444444444445 0.8520833333333334 0.7944444444444445 0.8671875 0.8175925925925926
6 0.24270833333333336 0.5287037037037037 0.25104166666666666 0.5361111111111112 0.2729166666666667 0.5277777777777778 0.2755208333333333 0.5240740740740741 0.2734375 0.5092592592592593 0.2703125 0.5037037037037038 0.26145833333333335 0.5055555555555555 0.25364583333333335 0.5166666666666667 0.24375 0.5185185185185185 0.2421875 0.5212962962962964 0.24270833333333336 0.5287037037037037
6 0.2651041666666667 0.6 0.2791666666666667 0.5972222222222222 0.29010416666666666 0.5907407407407408 0.29322916666666665 0.5861111111111111 0.29322916666666665 0.5777777777777778 0.28437500000000004 0.5648148148148148 0.28177083333333336 0.55 0.26875000000000004 0.5490740740740742 0.25937499999999997 0.5546296296296297 0.2598958333333333 0.5935185185185186 0.2651041666666667 0.6
6 0.4291666666666667 0.6666666666666666 0.4541666666666667 0.6685185185185185 0.4640625 0.6722222222222223 0.4713541666666667 0.6648148148148147 0.471875 0.6472222222222223 0.4734375 0.639814814814815 0.4765625 0.6361111111111112 0.4760416666666667 0.625925925925926 0.48125 0.6166666666666667 0.478125 0.6120370370370372 0.48281250000000003 0.6027777777777779 0.4927083333333333 0.5675925925925926 0.4927083333333333 0.5111111111111112 0.46770833333333334 0.5092592592592593 0.4375 0.5351851851851852 0.4354166666666667 0.5648148148148148 0.4291666666666667 0.6055555555555556 0.42812500000000003 0.6287037037037038 0.4270833333333333 0.6629629629629631 0.4291666666666667 0.6666666666666666
7 0.7005208333333334 0.6240740740740741 0.7072916666666667 0.6342592592592593 0.7130208333333334 0.6342592592592593 0.7197916666666666 0.6546296296296297 0.7244791666666667 0.6537037037037038 0.7307291666666667 0.639814814814815 0.7328125 0.5842592592592593 0.7380208333333333 0.5796296296296296 0.7567708333333334 0.5777777777777778 0.7552083333333334 0.5666666666666667 0.7291666666666666 0.5490740740740742 0.703125 0.5490740740740742 0.7005208333333334 0.5527777777777778 0.6994791666666667 0.5611111111111111 0.6989583333333333 0.5953703703703703 0.7005208333333334 0.6240740740740741