4 0.3881944444444444 0.2719135802469136 0.3894097222222222 0.27469135802469136 0.40434027777777776 0.2771604938271605 0.4057291666666667 0.27530864197530863 0.4069444444444444 0.26851851851851855 0.4069444444444444 0.2648148148148148 0.4027777777777778 0.24104938271604937 0.4020833333333333 0.23796296296296296 0.4008680555555555 0.2361111111111111 0.3963541666666667 0.23487654320987655 0.3923611111111111 0.23703703703703705 0.3899305555555555 0.24320987654320986 0.3878472222222222 0.25339506172839504 0.38697916666666665 0.25493827160493826 0.38697916666666665 0.2660493827160494 0.3881944444444444 0.2719135802469136
8 0.5074652777777777 0.26141975308641974 0.5078125 0.2740740740740741 0.5086805555555556 0.2774691358024691 0.5189236111111111 0.2774691358024691 0.5229166666666667 0.27839506172839507 0.5243055555555556 0.27685185185185185 0.5249999999999999 0.2728395061728395 0.5249999999999999 0.2524691358024691 0.5246527777777777 0.2472222222222222 0.5229166666666667 0.24135802469135803 0.5194444444444445 0.23796296296296296 0.5170138888888889 0.23703703703703705 0.5081597222222223 0.23672839506172838 0.5059027777777777 0.2391975308641975 0.5046875000000001 0.2441358024691358 0.5046875000000001 0.25277777777777777 0.5074652777777777 0.26141975308641974
1 0.4119791666666667 0.2064814814814815 0.4145833333333333 0.20771604938271604 0.4222222222222222 0.20771604938271604 0.4237847222222222 0.2064814814814815 0.4230902777777778 0.19691358024691358 0.4215277777777778 0.19228395061728396 0.4189236111111111 0.19104938271604938 0.4144097222222222 0.19104938271604938 0.4114583333333333 0.1962962962962963 0.4112847222222222 0.20339506172839505 0.4119791666666667 0.2064814814814815
1 0.4322916666666667 0.4737654320987654 0.4342013888888889 0.475 0.43559027777777776 0.4780864197530864 0.4347222222222222 0.49104938271604937 0.4347222222222222 0.5024691358024691 0.43385416666666665 0.5089506172839506 0.43385416666666665 0.532716049382716 0.4331597222222222 0.5361111111111111 0.43385416666666665 0.5419753086419753 0.4350694444444444 0.5444444444444444 0.4361111111111111 0.5450617283950617 0.4420138888888889 0.5429012345679012 0.4465277777777778 0.5432098765432098 0.44861111111111107 0.542283950617284 0.4616319444444444 0.5419753086419753 0.4689236111111111 0.5432098765432098 0.4737847222222222 0.546604938271605 0.4774305555555556 0.546604938271605 0.4810763888888889 0.5438271604938272 0.4821180555555556 0.5376543209876543 0.4814236111111111 0.5277777777777778 0.4822916666666667 0.5095679012345679 0.4814236111111111 0.4972222222222222 0.4784722222222222 0.4774691358024691 0.47934027777777777 0.4759259259259259 0.4821180555555556 0.4743827160493827 0.4826388888888889 0.47067901234567905 0.4822916666666667 0.4700617283950617 0.4779513888888889 0.46851851851851856 0.4732638888888889 0.4635802469135802 0.47031249999999997 0.46234567901234563 0.4576388888888889 0.4608024691358025 0.4444444444444444 0.46141975308641975 0.4421875 0.46234567901234563 0.4364583333333333 0.46728395061728395 0.43246527777777777 0.46882716049382717 0.4317708333333333 0.4700617283950617 0.4322916666666667 0.4737654320987654
1 0.428125 0.2938271604938272 0.4418402777777778 0.2941358024691358 0.4458333333333333 0.2959876543209876 0.4473958333333333 0.2938271604938272 0.4477430555555555 0.28487654320987654 0.4465277777777778 0.2762345679012346 0.44687499999999997 0.2719135802469136 0.4460069444444444 0.2691358024691358 0.44375 0.2669753086419753 0.4394097222222222 0.2648148148148148 0.43246527777777777 0.2648148148148148 0.4288194444444444 0.2679012345679012 0.4272569444444444 0.27098765432098765 0.4270833333333333 0.29012345679012347 0.428125 0.2938271604938272
1 0.3368055555555556 0.42006172839506173 0.3560763888888889 0.42160493827160495 0.3595486111111111 0.4246913580246914 0.3623263888888889 0.43179012345679013 0.3659722222222222 0.4361111111111111 0.3734375 0.4354938271604938 0.37482638888888886 0.4314814814814815 0.3762152777777778 0.42962962962962964 0.37829861111111107 0.4225308641975309 0.3836805555555556 0.4126543209876543 0.3842013888888889 0.3993827160493827 0.3840277777777778 0.3925925925925926 0.3831597222222222 0.3867283950617284 0.3840277777777778 0.38395061728395063 0.3840277777777778 0.37993827160493826 0.37916666666666665 0.37777777777777777 0.3763888888888889 0.3725308641975309 0.3734375 0.3694444444444444 0.35572916666666665 0.3691358024691358 0.34479166666666666 0.3728395061728395 0.34375 0.3756172839506173 0.3434027777777778 0.38395061728395063 0.34184027777777776 0.3888888888888889 0.3409722222222222 0.396604938271605 0.3381944444444444 0.403395061728395 0.3373263888888889 0.40987654320987654 0.33576388888888886 0.41450617283950614 0.3355902777777778 0.41820987654320985 0.3368055555555556 0.42006172839506173
1 0.5357638888888888 0.34012345679012346 0.5501736111111111 0.34012345679012346 0.5652777777777778 0.3419753086419753 0.5677083333333334 0.3410493827160494 0.5685763888888888 0.3391975308641975 0.5685763888888888 0.3308641975308642 0.5668402777777778 0.32037037037037036 0.5644097222222222 0.3160493827160494 0.5578124999999999 0.31080246913580245 0.545486111111111 0.3104938271604938 0.5420138888888888 0.3117283950617284 0.5399305555555556 0.3138888888888889 0.5387152777777777 0.31790123456790126 0.5364583333333334 0.32098765432098764 0.5357638888888888 0.32654320987654323 0.5340277777777778 0.3311728395061728 0.5333333333333333 0.3388888888888889 0.5357638888888888 0.34012345679012346
1 0.47204861111111107 0.1993827160493827 0.4739583333333333 0.20308641975308642 0.47812499999999997 0.2037037037037037 0.48055555555555557 0.20308641975308642 0.4810763888888889 0.20216049382716048 0.4822916666666667 0.19598765432098766 0.4809027777777778 0.18981481481481483 0.4774305555555556 0.1873456790123457 0.4732638888888889 0.1876543209876543 0.4717013888888889 0.18950617283950616 0.47152777777777777 0.19506172839506172 0.47204861111111107 0.1993827160493827
4 0.4427083333333333 0.20308641975308642 0.4484375 0.2037037037037037 0.4498263888888889 0.20339506172839505 0.4501736111111111 0.20246913580246914 0.4496527777777778 0.19506172839506172 0.4479166666666667 0.18580246913580248 0.4467013888888889 0.18425925925925923 0.4427083333333333 0.1845679012345679 0.4392361111111111 0.19197530864197532 0.4392361111111111 0.19814814814814813 0.4427083333333333 0.20308641975308642
1 0.3229166666666667 0.3101851851851852 0.3229166666666667 0.3145061728395062 0.32447916666666665 0.3175925925925926 0.3274305555555555 0.31574074074074077 0.3376736111111111 0.3148148148148148 0.346875 0.3148148148148148 0.34965277777777776 0.316358024691358 0.3539930555555555 0.316358024691358 0.3590277777777778 0.31265432098765433 0.36336805555555557 0.31203703703703706 0.3642361111111111 0.3101851851851852 0.3649305555555556 0.30493827160493825 0.3644097222222222 0.3 0.3612847222222222 0.295679012345679 0.35486111111111107 0.2916666666666667 0.3503472222222222 0.2910493827160494 0.34756944444444443 0.28950617283950614 0.3409722222222222 0.28888888888888886 0.3336805555555556 0.28672839506172837 0.32447916666666665 0.28672839506172837 0.32187499999999997 0.2879629629629629 0.3208333333333333 0.29228395061728396 0.3208333333333333 0.3006172839506173 0.3229166666666667 0.3101851851851852
1 0.48125 0.2169753086419753 0.4835069444444444 0.21820987654320986 0.4862847222222222 0.21820987654320986 0.4923611111111111 0.21327160493827158 0.4928819444444444 0.2111111111111111 0.4928819444444444 0.20617283950617282 0.4911458333333333 0.1993827160493827 0.48420138888888886 0.1962962962962963 0.4819444444444444 0.19753086419753085 0.48072916666666665 0.2012345679012346 0.4800347222222222 0.21049382716049383 0.48125 0.2169753086419753
1 0.4350694444444444 0.2521604938271605 0.4392361111111111 0.25123456790123455 0.4456597222222222 0.2524691358024691 0.4498263888888889 0.2521604938271605 0.4503472222222222 0.24907407407407406 0.4505208333333333 0.2339506172839506 0.4496527777777778 0.23055555555555554 0.4447916666666667 0.22746913580246914 0.43854166666666666 0.22716049382716047 0.4354166666666667 0.23024691358024693 0.43385416666666665 0.2361111111111111 0.43368055555555557 0.24845679012345678 0.4350694444444444 0.2521604938271605
5 0.4359375 0.358641975308642 0.4348958333333333 0.37654320987654316 0.4350694444444444 0.38796296296296295 0.4359375 0.39444444444444443 0.4430555555555556 0.39351851851851855 0.4453125 0.39444444444444443 0.4605902777777778 0.3947530864197531 0.4635416666666667 0.3969135802469136 0.4652777777777778 0.3947530864197531 0.4657986111111111 0.39166666666666666 0.4652777777777778 0.38209876543209875 0.4654513888888889 0.36790123456790125 0.4640625 0.35956790123456794 0.4654513888888889 0.3558641975308642 0.4652777777777778 0.3524691358024691 0.4614583333333333 0.35 0.4600694444444444 0.3472222222222222 0.4515625 0.3447530864197531 0.4472222222222222 0.34074074074074073 0.4440972222222222 0.3416666666666667 0.4387152777777778 0.3487654320987654 0.4348958333333333 0.35123456790123453 0.43385416666666665 0.3527777777777778 0.4359375 0.358641975308642
5 0.49809027777777776 0.36759259259259264 0.4987847222222222 0.37345679012345684 0.4996527777777778 0.375 0.5020833333333333 0.3848765432098765 0.5050347222222222 0.38641975308641974 0.5076388888888889 0.3851851851851852 0.5229166666666667 0.38580246913580246 0.5243055555555556 0.38364197530864197 0.5260416666666666 0.3728395061728395 0.5282986111111111 0.3688271604938272 0.5296875 0.3645061728395062 0.5296875 0.35987654320987655 0.5286458333333334 0.35617283950617284 0.5282986111111111 0.35185185185185186 0.5260416666666666 0.3447530864197531 0.5232638888888889 0.3416666666666667 0.5206597222222222 0.34074074074074073 0.5081597222222223 0.3395061728395061 0.5050347222222222 0.34074074074074073 0.4984375 0.3472222222222222 0.4975694444444444 0.3487654320987654 0.49809027777777776 0.36759259259259264
1 0.3199652777777778 0.4697530864197531 0.3199652777777778 0.4743827160493827 0.3211805555555556 0.4777777777777778 0.32430555555555557 0.48117283950617284 0.3282986111111111 0.4808641975308642 0.3303819444444444 0.4780864197530864 0.33194444444444443 0.4777777777777778 0.3352430555555555 0.475 0.340625 0.47345679012345676 0.34531249999999997 0.4737654320987654 0.3480902777777778 0.4759259259259259 0.3489583333333333 0.4799382716049383 0.3506944444444444 0.48271604938271606 0.3520833333333333 0.4867283950617284 0.35538194444444443 0.4916666666666667 0.3583333333333333 0.4916666666666667 0.3595486111111111 0.49074074074074076 0.3605902777777778 0.4882716049382716 0.36215277777777777 0.47530864197530864 0.36267361111111107 0.4743827160493827 0.36267361111111107 0.4700617283950617 0.3614583333333333 0.4660493827160494 0.3612847222222222 0.4589506172839506 0.3645833333333333 0.45185185185185184 0.3663194444444444 0.45 0.3666666666666667 0.4388888888888889 0.3645833333333333 0.4361111111111111 0.3600694444444444 0.4246913580246914 0.3572916666666667 0.42191358024691356 0.3539930555555555 0.420679012345679 0.3404513888888889 0.42037037037037034 0.33142361111111107 0.42160493827160495 0.3298611111111111 0.4228395061728395 0.328125 0.42623456790123454 0.3265625 0.43179012345679013 0.32361111111111107 0.4354938271604938 0.32447916666666665 0.4398148148148148 0.32135416666666666 0.45339506172839505 0.32187499999999997 0.45679012345679015 0.3206597222222222 0.45987654320987653 0.3206597222222222 0.4675925925925926 0.3199652777777778 0.4697530864197531
5 0.4913194444444444 0.23240740740740742 0.4944444444444444 0.2345679012345679 0.4994791666666667 0.2345679012345679 0.5013888888888889 0.2330246913580247 0.5015624999999999 0.229320987654321 0.5001736111111111 0.22160493827160493 0.4970486111111111 0.21574074074074076 0.4947916666666667 0.21419753086419752 0.4909722222222222 0.21419753086419752 0.48854166666666665 0.21728395061728392 0.4873263888888889 0.22098765432098766 0.4873263888888889 0.2277777777777778 0.4913194444444444 0.23240740740740742
1 0.43298611111111107 0.21851851851851853 0.43350694444444443 0.22037037037037038 0.4354166666666667 0.2212962962962963 0.4439236111111111 0.2212962962962963 0.44513888888888886 0.22037037037037038 0.4456597222222222 0.2175925925925926 0.4454861111111111 0.21203703703703702 0.4435763888888889 0.20401234567901233 0.44131944444444443 0.20185185185185187 0.4388888888888889 0.2012345679012346 0.43559027777777776 0.20277777777777775 0.43368055555555557 0.20617283950617282 0.4326388888888889 0.20987654320987656 0.43298611111111107 0.21851851851851853
2 0.2503472222222222 0.6472222222222223 0.2508680555555556 0.6549382716049382 0.2522569444444444 0.657716049382716 0.25295138888888885 0.6743827160493827 0.25381944444444443 0.678395061728395 0.25468749999999996 0.6885802469135802 0.25416666666666665 0.7046296296296296 0.25503472222222223 0.7151234567901235 0.25468749999999996 0.7212962962962963 0.2552083333333333 0.7237654320987654 0.2581597222222222 0.725 0.2598958333333333 0.7243827160493828 0.2604166666666667 0.7197530864197531 0.26493055555555556 0.7200617283950618 0.265625 0.721604938271605 0.2689236111111111 0.7225308641975309 0.2704861111111111 0.7197530864197531 0.2708333333333333 0.7169753086419753 0.26944444444444443 0.6981481481481482 0.26944444444444443 0.6712962962962963 0.2701388888888889 0.6657407407407407 0.26961805555555557 0.657716049382716 0.26961805555555557 0.641358024691358 0.2704861111111111 0.6268518518518519 0.26631944444444444 0.6185185185185185 0.2642361111111111 0.6166666666666666 0.2635416666666667 0.6132716049382716 0.2635416666666667 0.6095679012345678 0.2621527777777778 0.6046296296296296 0.2586805555555556 0.6033950617283951 0.25711805555555556 0.6061728395061728 0.25625000000000003 0.6132716049382716 0.25399305555555557 0.616358024691358 0.25381944444444443 0.6188271604938271 0.2517361111111111 0.6216049382716049 0.25156249999999997 0.6231481481481481 0.25 0.6259259259259259 0.2487847222222222 0.6311728395061729 0.2484375 0.6395061728395062 0.2503472222222222 0.6472222222222223
2 0.05347222222222222 0.5515432098765432 0.057291666666666664 0.5567901234567901 0.06440972222222222 0.557716049382716 0.06631944444444444 0.5546296296296296 0.06736111111111111 0.5509259259259259 0.06649305555555556 0.5472222222222223 0.06631944444444444 0.5425925925925926 0.06805555555555555 0.5388888888888889 0.06874999999999999 0.5345679012345679 0.0685763888888889 0.5308641975308642 0.06753472222222222 0.5268518518518518 0.0685763888888889 0.5228395061728395 0.06874999999999999 0.5191358024691358 0.06805555555555555 0.5166666666666666 0.06440972222222222 0.5123456790123457 0.06111111111111111 0.5126543209876543 0.058854166666666666 0.5148148148148148 0.056944444444444436 0.5188271604938272 0.057291666666666664 0.5225308641975308 0.05625 0.5268518518518518 0.05347222222222222 0.532716049382716 0.05329861111111111 0.5348765432098765 0.05277777777777778 0.5475308641975308 0.05347222222222222 0.5515432098765432
2 0.1892361111111111 0.508641975308642 0.1918402777777778 0.5064814814814814 0.19270833333333334 0.504320987654321 0.19375 0.5061728395061729 0.19618055555555555 0.5259259259259259 0.19913194444444443 0.5388888888888889 0.1987847222222222 0.5472222222222223 0.19930555555555554 0.5493827160493827 0.1998263888888889 0.5503086419753086 0.20277777777777775 0.5493827160493827 0.2032986111111111 0.5481481481481482 0.2029513888888889 0.5345679012345679 0.2034722222222222 0.5104938271604939 0.2046875 0.5052469135802469 0.20677083333333335 0.5015432098765432 0.20711805555555554 0.49876543209876545 0.2076388888888889 0.49845679012345684 0.2076388888888889 0.4944444444444444 0.20694444444444443 0.4916666666666667 0.20677083333333335 0.4759259259259259 0.20434027777777775 0.4719135802469136 0.20104166666666665 0.46882716049382717 0.1996527777777778 0.4645061728395061 0.1956597222222222 0.4645061728395061 0.1939236111111111 0.46543209876543207 0.19288194444444445 0.4666666666666667 0.19166666666666665 0.47067901234567905 0.19149305555555554 0.47469135802469137 0.19045138888888888 0.47685185185185186 0.1892361111111111 0.48271604938271606 0.18854166666666666 0.4975308641975309 0.18836805555555555 0.5055555555555555 0.1892361111111111 0.508641975308642
2 0.3118055555555555 0.3382716049382716 0.3142361111111111 0.34320987654320984 0.3161458333333333 0.34228395061728395 0.3168402777777778 0.34043209876543207 0.3168402777777778 0.33209876543209876 0.31631944444444443 0.32932098765432094 0.3168402777777778 0.31080246913580245 0.3161458333333333 0.30709876543209874 0.3144097222222222 0.3030864197530864 0.3128472222222222 0.30339506172839503 0.3111111111111111 0.3055555555555556 0.3097222222222222 0.3135802469135803 0.3097222222222222 0.3274691358024691 0.3118055555555555 0.3382716049382716
2 0.09791666666666667 0.6339506172839506 0.09895833333333333 0.6391975308641975 0.10225694444444444 0.6438271604938272 0.10364583333333333 0.6472222222222223 0.10572916666666667 0.6614197530864198 0.1095486111111111 0.6635802469135803 0.1107638888888889 0.6614197530864198 0.11024305555555555 0.6564814814814816 0.11024305555555555 0.6438271604938272 0.1107638888888889 0.6407407407407407 0.11302083333333332 0.6382716049382716 0.11597222222222223 0.6410493827160494 0.11996527777777777 0.6422839506172839 0.12100694444444444 0.6410493827160494 0.12083333333333332 0.6376543209876543 0.11875 0.6354938271604937 0.11284722222222222 0.6330246913580246 0.11059027777777777 0.629320987654321 0.1095486111111111 0.6246913580246913 0.1076388888888889 0.6200617283950618 0.10850694444444445 0.6055555555555556 0.1076388888888889 0.6024691358024691 0.10642361111111111 0.600925925925926 0.1015625 0.6003086419753086 0.09913194444444444 0.6033950617283951 0.09774305555555556 0.6089506172839506 0.09756944444444444 0.6277777777777778 0.09791666666666667 0.6339506172839506
2 0.06666666666666667 0.5561728395061728 0.06649305555555556 0.5632716049382717 0.0689236111111111 0.5734567901234567 0.07083333333333333 0.6114197530864197 0.0720486111111111 0.6166666666666666 0.07482638888888887 0.6179012345679012 0.07621527777777777 0.6148148148148148 0.07899305555555555 0.6114197530864197 0.08298611111111111 0.6027777777777777 0.08298611111111111 0.5987654320987654 0.08194444444444444 0.5962962962962963 0.08194444444444444 0.5938271604938271 0.08385416666666667 0.571604938271605 0.08333333333333333 0.5669753086419753 0.08489583333333332 0.5641975308641975 0.08489583333333332 0.5608024691358025 0.0861111111111111 0.5583333333333333 0.0861111111111111 0.5555555555555556 0.08506944444444445 0.549074074074074 0.0828125 0.5484567901234568 0.08090277777777777 0.5462962962962963 0.07795138888888888 0.5404320987654321 0.07465277777777778 0.5373456790123456 0.07083333333333333 0.5367283950617284 0.06840277777777777 0.5395061728395062 0.06701388888888889 0.5432098765432098 0.06770833333333333 0.5515432098765432 0.06666666666666667 0.5561728395061728
2 0.4600694444444444 0.32623456790123456 0.4631944444444444 0.3222222222222222 0.4640625 0.3222222222222222 0.4670138888888889 0.3253086419753086 0.4682291666666667 0.3169753086419753 0.4682291666666667 0.3104938271604938 0.4670138888888889 0.3061728395061728 0.4659722222222222 0.30462962962962964 0.4654513888888889 0.3 0.46371527777777777 0.2978395061728395 0.46249999999999997 0.29876543209876544 0.4614583333333333 0.30092592592592593 0.46076388888888886 0.30462962962962964 0.4597222222222222 0.3055555555555556 0.4583333333333333 0.30925925925925923 0.4585069444444444 0.32160493827160497 0.4600694444444444 0.32623456790123456
2 0.39947916666666666 0.4675925925925926 0.4006944444444444 0.4703703703703703 0.4015625 0.4697530864197531 0.4027777777777778 0.46574074074074073 0.4048611111111111 0.46296296296296297 0.4086805555555555 0.4638888888888889 0.4140625 0.47129629629629627 0.4152777777777778 0.47129629629629627 0.4164930555555555 0.466358024691358 0.4149305555555556 0.45648148148148143 0.4149305555555556 0.4462962962962963 0.4137152777777778 0.4422839506172839 0.409375 0.4361111111111111 0.41006944444444443 0.42901234567901236 0.4086805555555555 0.42592592592592593 0.4055555555555555 0.4256172839506173 0.40434027777777776 0.42685185185185187 0.4034722222222222 0.4361111111111111 0.4006944444444444 0.4422839506172839 0.39999999999999997 0.44598765432098764 0.4001736111111111 0.4574074074074074 0.39947916666666666 0.4675925925925926
2 0.052083333333333336 0.6061728395061728 0.056076388888888884 0.6299382716049382 0.05625 0.6401234567901234 0.05642361111111111 0.6410493827160494 0.057465277777777775 0.641358024691358 0.059375 0.6385802469135803 0.06076388888888889 0.6379629629629631 0.06354166666666666 0.6317901234567901 0.06562499999999999 0.6305555555555555 0.06822916666666666 0.6271604938271605 0.06979166666666667 0.6197530864197531 0.07048611111111111 0.5969135802469135 0.06979166666666667 0.5885802469135802 0.06874999999999999 0.5848765432098765 0.06805555555555555 0.5731481481481482 0.06631944444444444 0.567283950617284 0.06388888888888888 0.5626543209876543 0.06145833333333334 0.5608024691358025 0.056944444444444436 0.5608024691358025 0.05572916666666666 0.5629629629629629 0.0546875 0.567283950617284 0.05347222222222222 0.5805555555555555 0.05347222222222222 0.5904320987654321 0.052083333333333336 0.6061728395061728
2 0.3663194444444444 0.466358024691358 0.36701388888888886 0.46543209876543207 0.3732638888888889 0.4641975308641975 0.3746527777777778 0.4666666666666667 0.37482638888888886 0.48456790123456794 0.3758680555555556 0.4898148148148148 0.37656249999999997 0.4981481481481481 0.3776041666666667 0.5 0.37881944444444443 0.508641975308642 0.3800347222222222 0.5098765432098765 0.3817708333333333 0.5089506172839506 0.3819444444444444 0.5049382716049382 0.3807291666666667 0.49938271604938267 0.3802083333333333 0.49074074074074076 0.3802083333333333 0.45709876543209876 0.3786458333333333 0.4527777777777778 0.37656249999999997 0.4493827160493827 0.3758680555555556 0.4469135802469136 0.3753472222222222 0.4398148148148148 0.3734375 0.43734567901234567 0.3692708333333333 0.4388888888888889 0.36822916666666666 0.44290123456790126 0.3680555555555556 0.44814814814814813 0.3657986111111111 0.45401234567901233 0.365625 0.462037037037037 0.3663194444444444 0.466358024691358
2 0.3758680555555556 0.2623456790123457 0.3767361111111111 0.2759259259259259 0.3805555555555556 0.27685185185185185 0.3817708333333333 0.2737654320987654 0.3810763888888889 0.2552469135802469 0.3786458333333333 0.245679012345679 0.3770833333333333 0.24351851851851852 0.3755208333333333 0.245679012345679 0.375 0.24876543209876545 0.37482638888888886 0.2558641975308642 0.3758680555555556 0.2623456790123457
2 0.08871527777777777 0.7098765432098766 0.0920138888888889 0.7117283950617284 0.09479166666666666 0.7080246913580247 0.09583333333333333 0.7080246913580247 0.0970486111111111 0.7098765432098766 0.09756944444444444 0.7129629629629629 0.09583333333333333 0.7361111111111112 0.09583333333333333 0.7447530864197531 0.09652777777777777 0.7481481481481481 0.09947916666666667 0.7530864197530863 0.10086805555555554 0.7567901234567901 0.1029513888888889 0.7570987654320988 0.10555555555555556 0.7555555555555555 0.10833333333333332 0.7515432098765432 0.10833333333333332 0.7478395061728395 0.10711805555555555 0.7450617283950618 0.10659722222222222 0.7416666666666666 0.10729166666666667 0.7188271604938271 0.10850694444444445 0.7114197530864197 0.11059027777777777 0.7058641975308642 0.11180555555555555 0.6996913580246913 0.11319444444444444 0.6959876543209877 0.11371527777777778 0.6929012345679012 0.11371527777777778 0.6811728395061728 0.11302083333333332 0.6746913580246913 0.11145833333333333 0.6703703703703704 0.11059027777777777 0.6645061728395062 0.1095486111111111 0.6623456790123456 0.10694444444444444 0.6617283950617284 0.1048611111111111 0.6592592592592593 0.10399305555555555 0.6462962962962963 0.1029513888888889 0.6429012345679013 0.09895833333333333 0.6416666666666666 0.09652777777777777 0.6438271604938272 0.09479166666666666 0.6472222222222223 0.09288194444444445 0.6617283950617284 0.09010416666666667 0.667283950617284 0.08940972222222222 0.6712962962962963 0.0892361111111111 0.6839506172839506 0.08819444444444445 0.6916666666666667 0.08802083333333333 0.700925925925926 0.08871527777777777 0.7098765432098766
4 0.71875 0.7311728395061728 0.7204861111111112 0.7404320987654321 0.7217013888888888 0.7385802469135803 0.7255208333333334 0.7388888888888888 0.7269097222222222 0.742283950617284 0.7270833333333333 0.7450617283950618 0.7282986111111112 0.7490740740740741 0.73125 0.753395061728395 0.7348958333333333 0.7555555555555555 0.7458333333333333 0.7570987654320988 0.7550347222222222 0.7611111111111112 0.7786458333333334 0.7608024691358025 0.7838541666666666 0.758641975308642 0.7878472222222221 0.7537037037037038 0.7932291666666667 0.7496913580246913 0.7980902777777777 0.7484567901234568 0.8005208333333333 0.7459876543209876 0.8006944444444444 0.7447530864197531 0.8008680555555555 0.7280864197530863 0.8013888888888888 0.720679012345679 0.8026041666666666 0.7148148148148148 0.8020833333333334 0.703395061728395 0.8012152777777778 0.6990740740740741 0.7956597222222221 0.6919753086419753 0.7885416666666666 0.6793209876543209 0.7847222222222222 0.6759259259259259 0.7833333333333333 0.6734567901234568 0.7831597222222222 0.6719135802469135 0.7803819444444444 0.6688271604938272 0.7796875 0.6654320987654321 0.7777777777777778 0.6617283950617284 0.7777777777777778 0.6574074074074074 0.7758680555555556 0.6512345679012346 0.7743055555555556 0.6487654320987654 0.7692708333333333 0.6317901234567901 0.7657986111111111 0.6228395061728395 0.764236111111111 0.6212962962962962 0.7555555555555555 0.6064814814814815 0.7484375 0.5972222222222222 0.7458333333333333 0.5950617283950618 0.7374999999999999 0.5929012345679012 0.7305555555555555 0.592283950617284 0.7282986111111112 0.5947530864197531 0.7276041666666666 0.5972222222222222 0.7246527777777778 0.6299382716049382 0.7237847222222222 0.649074074074074 0.7229166666666667 0.653395061728395 0.7225694444444444 0.6799382716049384 0.7213541666666666 0.6898148148148148 0.7204861111111112 0.692283950617284 0.7192708333333333 0.7098765432098766 0.7196180555555556 0.716358024691358 0.71875 0.7311728395061728
6 0.5329861111111112 0.578395061728395 0.5343749999999999 0.5787037037037037 0.5369791666666667 0.5814814814814815 0.5385416666666666 0.5802469135802469 0.5394097222222222 0.5780864197530864 0.5394097222222222 0.5756172839506173 0.5402777777777777 0.5746913580246913 0.5395833333333333 0.5753086419753086 0.5357638888888888 0.5722222222222222 0.5329861111111112 0.5725308641975309 0.5329861111111112 0.578395061728395
6 0.5208333333333334 0.4188271604938272 0.5215277777777777 0.42191358024691356 0.5215277777777777 0.4327160493827161 0.5208333333333334 0.4354938271604938 0.5210069444444444 0.4469135802469136 0.5197916666666667 0.45123456790123456 0.5189236111111111 0.4583333333333333 0.5189236111111111 0.4638888888888889 0.5197916666666667 0.4666666666666667 0.5190972222222222 0.46882716049382717 0.5190972222222222 0.48117283950617284 0.5213541666666667 0.4978395061728395 0.5220486111111111 0.5089506172839506 0.5225694444444444 0.5108024691358024 0.5248263888888889 0.5138888888888888 0.5255208333333333 0.516358024691358 0.5263888888888889 0.5388888888888889 0.5293402777777777 0.5537037037037037 0.5315972222222223 0.5564814814814815 0.5326388888888889 0.5626543209876543 0.5329861111111112 0.5700617283950616 0.5368055555555555 0.570679012345679 0.5387152777777777 0.5688271604938271 0.5411458333333333 0.5685185185185185 0.5434027777777778 0.5697530864197531 0.5440972222222222 0.5712962962962963 0.5453125 0.5777777777777777 0.5447916666666667 0.5814814814814815 0.5460069444444444 0.5879629629629629 0.5460069444444444 0.6052469135802468 0.546875 0.6114197530864197 0.5494791666666666 0.6216049382716049 0.5510416666666667 0.6342592592592593 0.5550347222222222 0.6506172839506172 0.5557291666666666 0.6583333333333333 0.5585069444444444 0.6685185185185185 0.559375 0.6746913580246913 0.5605902777777777 0.6790123456790123 0.5645833333333333 0.6867283950617284 0.5654513888888888 0.7058641975308642 0.5654513888888888 0.7354938271604938 0.5690972222222223 0.7515432098765432 0.5711805555555556 0.7564814814814815 0.5722222222222222 0.7567901234567901 0.5737847222222222 0.7592592592592593 0.5748263888888888 0.7623456790123456 0.5755208333333334 0.766358024691358 0.5762152777777777 0.7842592592592593 0.5769097222222223 0.7901234567901234 0.5796874999999999 0.8003086419753087 0.5819444444444444 0.8046296296296297 0.5989583333333334 0.8049382716049384 0.6024305555555556 0.80679012345679 0.6036458333333333 0.8108024691358025 0.6036458333333333 0.8179012345679012 0.603125 0.821604938271605 0.6015625 0.8246913580246913 0.6015625 0.8287037037037037 0.6024305555555556 0.832716049382716 0.6057291666666667 0.8358024691358025 0.6130208333333333 0.8354938271604938 0.6130208333333333 0.8320987654320987 0.6121527777777778 0.8293209876543209 0.6118055555555556 0.825 0.6121527777777778 0.8222222222222222 0.6138888888888888 0.8169753086419753 0.6163194444444444 0.8157407407407407 0.6210069444444444 0.8157407407407407 0.6234375 0.8169753086419753 0.6255208333333333 0.8228395061728394 0.6277777777777778 0.8243827160493827 0.6824652777777778 0.8231481481481482 0.6835069444444444 0.8246913580246913 0.6842013888888888 0.8314814814814815 0.6850694444444444 0.8336419753086419 0.6859375 0.8345679012345678 0.6927083333333334 0.8348765432098766 0.69375 0.8324074074074075 0.693923611111111 0.817283950617284 0.6953125 0.8157407407407407 0.7010416666666666 0.8141975308641975 0.7032986111111111 0.8092592592592593 0.7052083333333333 0.7830246913580247 0.7072916666666667 0.7805555555555556 0.7111111111111111 0.7799382716049382 0.7142361111111112 0.7780864197530865 0.715798611111111 0.7746913580246914 0.717361111111111 0.741358024691358 0.7189236111111111 0.7345679012345678 0.7178819444444444 0.7320987654320987 0.717361111111111 0.7280864197530863 0.717361111111111 0.7231481481481481 0.7182291666666666 0.7182098765432099 0.7185763888888889 0.7037037037037037 0.7218749999999999 0.6688271604938272 0.7232638888888888 0.6342592592592593 0.7248263888888888 0.6212962962962962 0.725 0.6120370370370369 0.7260416666666666 0.6070987654320987 0.7262152777777777 0.5950617283950618 0.7277777777777777 0.5793209876543209 0.7277777777777777 0.5709876543209876 0.7305555555555555 0.5472222222222223 0.7309027777777778 0.5358024691358024 0.7296874999999999 0.5308641975308642 0.7248263888888888 0.5231481481481481 0.7131944444444444 0.5080246913580247 0.7111111111111111 0.5040123456790123 0.7048611111111112 0.49660493827160496 0.6961805555555556 0.48271604938271606 0.6928819444444444 0.47901234567901235 0.6857638888888888 0.4679012345679012 0.6699652777777778 0.4472222222222222 0.6581597222222222 0.42839506172839503 0.6501736111111112 0.41820987654320985 0.6496527777777777 0.4166666666666667 0.6460069444444444 0.412962962962963 0.6352430555555556 0.39629629629629626 0.6223958333333334 0.3787037037037037 0.6190972222222222 0.3728395061728395 0.6081597222222221 0.35833333333333334 0.6022569444444444 0.34814814814814815 0.5993055555555555 0.3450617283950617 0.5921875 0.34228395061728395 0.5821180555555555 0.341358024691358 0.5621527777777777 0.3429012345679012 0.5447916666666667 0.341358024691358 0.5335069444444445 0.3429012345679012 0.5317708333333333 0.3450617283950617 0.5315972222222223 0.34845679012345676 0.5305555555555556 0.35216049382716047 0.5303819444444444 0.36574074074074076 0.5291666666666667 0.37006172839506174 0.5284722222222222 0.3771604938271605 0.5262152777777778 0.3811728395061728 0.5244791666666666 0.39043209876543206 0.5243055555555556 0.3947530864197531 0.5230902777777777 0.39783950617283953 0.5230902777777777 0.4012345679012346 0.5215277777777777 0.4027777777777778 0.5203125000000001 0.40771604938271605 0.5213541666666667 0.4111111111111111 0.5208333333333334 0.4188271604938272
6 0.4600694444444444 0.22561728395061728 0.4645833333333333 0.22685185185185186 0.4713541666666667 0.22438271604938273 0.4723958333333333 0.2212962962962963 0.4723958333333333 0.20277777777777775 0.471875 0.2015432098765432 0.4706597222222222 0.1993827160493827 0.46076388888888886 0.1993827160493827 0.45902777777777776 0.20185185185185187 0.4588541666666667 0.22037037037037038 0.4600694444444444 0.22561728395061728
6 0.465625 0.2787037037037037 0.46684027777777776 0.2830246913580247 0.4666666666666667 0.2972222222222222 0.4690972222222222 0.3006172839506173 0.4690972222222222 0.30462962962962964 0.47204861111111107 0.31080246913580245 0.47291666666666665 0.31790123456790126 0.4739583333333333 0.320679012345679 0.4847222222222222 0.32376543209876546 0.4939236111111111 0.32407407407407407 0.5038194444444445 0.32376543209876546 0.5085069444444444 0.3228395061728395 0.5093749999999999 0.32160493827160497 0.5090277777777777 0.3052469135802469 0.5074652777777777 0.30092592592592593 0.5074652777777777 0.29475308641975306 0.5085069444444444 0.29012345679012347 0.5085069444444444 0.28672839506172837 0.5069444444444444 0.27530864197530863 0.5060763888888888 0.2611111111111111 0.5048611111111111 0.2574074074074074 0.5041666666666667 0.25709876543209875 0.5012152777777777 0.2509259259259259 0.4935763888888889 0.24166666666666664 0.4918402777777778 0.2339506172839506 0.4897569444444444 0.23333333333333334 0.48819444444444443 0.23055555555555554 0.4848958333333333 0.23024691358024693 0.4789930555555555 0.22746913580246914 0.4769097222222222 0.22746913580246914 0.4744791666666667 0.22901234567901235 0.46979166666666666 0.22746913580246914 0.46684027777777776 0.229320987654321 0.4661458333333333 0.23055555555555554 0.4666666666666667 0.2404320987654321 0.4659722222222222 0.25555555555555554 0.4654513888888889 0.2589506172839506 0.46371527777777777 0.2623456790123457 0.46423611111111107 0.2762345679012346 0.465625 0.2787037037037037
3 0.40121527777777777 0.4867283950617284 0.40434027777777776 0.49537037037037035 0.4081597222222222 0.49907407407407406 0.4111111111111111 0.4947530864197531 0.4126736111111111 0.48919753086419754 0.4152777777777778 0.483641975308642 0.4159722222222222 0.47685185185185186 0.4159722222222222 0.46882716049382717 0.4149305555555556 0.4589506172839506 0.4144097222222222 0.458641975308642 0.4149305555555556 0.45679012345679015 0.4123263888888889 0.4611111111111111 0.4076388888888889 0.4611111111111111 0.4010416666666667 0.45771604938271604 0.39999999999999997 0.46234567901234563 0.3998263888888889 0.47685185185185186 0.40121527777777777 0.4867283950617284
3 0.4149305555555556 0.4462962962962963 0.4149305555555556 0.4493827160493827 0.4152777777777778 0.4444444444444444 0.4161458333333333 0.4425925925925926 0.4159722222222222 0.4395061728395062 0.4149305555555556 0.4385802469135803 0.41388888888888886 0.4395061728395062 0.4133680555555555 0.44290123456790126 0.4149305555555556 0.4462962962962963
3 0.40260416666666665 0.49104938271604937 0.4053819444444444 0.49691358024691357 0.40729166666666666 0.49845679012345684 0.4088541666666667 0.4981481481481481 0.4107638888888889 0.49506172839506174 0.4137152777777778 0.4861111111111111 0.4149305555555556 0.48456790123456794 0.41562499999999997 0.47685185185185186 0.4152777777777778 0.4694444444444445 0.4118055555555556 0.4635802469135802 0.4076388888888889 0.46141975308641975 0.4041666666666667 0.4611111111111111 0.4019097222222222 0.4635802469135802 0.4001736111111111 0.4697530864197531 0.4001736111111111 0.4802469135802469 0.40260416666666665 0.49104938271604937
3 0.3041666666666667 0.6478395061728395 0.3038194444444444 0.6469135802469135 0.3032986111111111 0.6475308641975309 0.3041666666666667 0.6478395061728395
3 0.26944444444444443 0.6299382716049382 0.26840277777777777 0.6373456790123456 0.26840277777777777 0.654320987654321 0.26944444444444443 0.6567901234567901 0.2701388888888889 0.6611111111111112 0.2690972222222222 0.6712962962962963 0.2690972222222222 0.6777777777777778 0.27031249999999996 0.6870370370370371 0.2713541666666667 0.6891975308641975 0.28020833333333334 0.6950617283950616 0.28281249999999997 0.6990740740740741 0.28680555555555554 0.7 0.28975694444444444 0.6959876543209877 0.29027777777777775 0.6929012345679012 0.2899305555555556 0.6858024691358025 0.29062499999999997 0.6790123456790123 0.29184027777777777 0.6746913580246913 0.2934027777777778 0.6731481481481482 0.29409722222222223 0.6691358024691358 0.29409722222222223 0.6675925925925925 0.29305555555555557 0.6654320987654321 0.2866319444444444 0.6617283950617284 0.2857638888888889 0.6586419753086419 0.2864583333333333 0.6524691358024691 0.28802083333333334 0.6469135802469135 0.28802083333333334 0.6330246913580246 0.2875 0.6308641975308641 0.28402777777777777 0.6237654320987653 0.2791666666666667 0.6179012345679012 0.27586805555555555 0.6111111111111112 0.2736111111111111 0.6089506172839506 0.27152777777777776 0.608641975308642 0.2673611111111111 0.6141975308641975 0.2661458333333333 0.6169753086419753 0.265625 0.6197530864197531 0.26944444444444443 0.6299382716049382
3 0.26961805555555557 0.6046296296296296 0.26979166666666665 0.6064814814814815 0.2689236111111111 0.6064814814814815 0.26961805555555557 0.6070987654320987 0.2701388888888889 0.6055555555555556 0.2690972222222222 0.6033950617283951 0.2689236111111111 0.6046296296296296 0.26961805555555557 0.6046296296296296
3 0.20833333333333334 0.7570987654320988 0.2076388888888889 0.774074074074074 0.20694444444444443 0.7771604938271606 0.20277777777777775 0.782716049382716 0.2019097222222222 0.7848765432098765 0.2017361111111111 0.79320987654321 0.203125 0.7972222222222222 0.20694444444444443 0.7984567901234568 0.20850694444444445 0.8003086419753087 0.21215277777777775 0.8018518518518518 0.21319444444444444 0.8037037037037037 0.21996527777777775 0.8092592592592593 0.22274305555555554 0.8135802469135802 0.22291666666666665 0.821604938271605 0.22430555555555554 0.821604938271605 0.22586805555555556 0.8166666666666667 0.22777777777777775 0.8157407407407407 0.23246527777777778 0.825 0.23732638888888888 0.8280864197530865 0.24600694444444443 0.8287037037037037 0.24791666666666665 0.8296296296296296 0.2522569444444444 0.8354938271604938 0.25503472222222223 0.8370370370370371 0.2560763888888889 0.8367283950617284 0.2586805555555556 0.832716049382716 0.2604166666666667 0.825925925925926 0.2604166666666667 0.8209876543209877 0.25850694444444444 0.8046296296296297 0.25902777777777775 0.7975308641975308 0.2586805555555556 0.7913580246913581 0.25763888888888886 0.7895061728395062 0.25399305555555557 0.7870370370370371 0.25243055555555555 0.7842592592592593 0.2484375 0.7731481481481481 0.24479166666666666 0.766358024691358 0.24114583333333334 0.7638888888888888 0.23541666666666666 0.7632716049382716 0.23246527777777778 0.7614197530864197 0.2309027777777778 0.758641975308642 0.22847222222222222 0.7509259259259259 0.2253472222222222 0.7472222222222222 0.2203125 0.7370370370370369 0.21840277777777775 0.7351851851851853 0.21822916666666664 0.7302469135802468 0.2190972222222222 0.7253086419753086 0.21996527777777775 0.7237654320987654 0.22013888888888888 0.720679012345679 0.21961805555555555 0.7166666666666667 0.21840277777777775 0.7145061728395062 0.2173611111111111 0.7135802469135802 0.21614583333333334 0.7145061728395062 0.21562499999999998 0.717283950617284 0.21666666666666665 0.7200617283950618 0.21666666666666665 0.725 0.21006944444444445 0.7361111111111112 0.209375 0.7404320987654321 0.20694444444444443 0.7478395061728395 0.20711805555555554 0.7524691358024691 0.20833333333333334 0.7570987654320988
3 0.3072916666666667 0.4854938271604938 0.3098958333333333 0.48796296296296293 0.3098958333333333 0.4916666666666667 0.30746527777777777 0.4975308641975309 0.3064236111111111 0.5027777777777778 0.3067708333333333 0.508641975308642 0.30885416666666665 0.5108024691358024 0.3119791666666667 0.5108024691358024 0.3149305555555555 0.508641975308642 0.3178819444444444 0.5046296296296297 0.3288194444444444 0.504320987654321 0.3317708333333333 0.5064814814814814 0.3333333333333333 0.5033950617283951 0.3345486111111111 0.5024691358024691 0.3378472222222222 0.5037037037037037 0.3421875 0.508641975308642 0.3461805555555555 0.5089506172839506 0.3501736111111111 0.5055555555555555 0.3524305555555556 0.49938271604938267 0.3524305555555556 0.491358024691358 0.3494791666666667 0.48209876543209873 0.3486111111111111 0.47685185185185186 0.346875 0.4740740740740741 0.3440972222222222 0.47314814814814815 0.3381944444444444 0.4737654320987654 0.3302083333333333 0.4774691358024691 0.3282986111111111 0.4802469135802469 0.3248263888888889 0.48055555555555557 0.3175347222222222 0.47314814814814815 0.31406249999999997 0.4719135802469136 0.30885416666666665 0.4740740740740741 0.30746527777777777 0.47530864197530864 0.3064236111111111 0.478395061728395 0.3064236111111111 0.4833333333333333 0.3072916666666667 0.4854938271604938
3 0.3043402777777778 0.6475308641975309 0.3034722222222222 0.6469135802469135 0.3032986111111111 0.6478395061728395 0.3043402777777778 0.6475308641975309
3 0.26857638888888885 0.6240740740740741 0.2708333333333333 0.6296296296296297 0.26944444444444443 0.6429012345679013 0.26961805555555557 0.6540123456790122 0.27065972222222223 0.6595679012345679 0.27065972222222223 0.6638888888888889 0.2690972222222222 0.6734567901234568 0.27031249999999996 0.6854938271604938 0.2720486111111111 0.6895061728395062 0.2736111111111111 0.6898148148148148 0.27743055555555557 0.6935185185185185 0.2791666666666667 0.6941358024691359 0.28281249999999997 0.6990740740740741 0.28680555555555554 0.7 0.28975694444444444 0.695679012345679 0.29027777777777775 0.6929012345679012 0.2899305555555556 0.6845679012345679 0.2904513888888889 0.6799382716049384 0.2911458333333333 0.6762345679012346 0.2934027777777778 0.6725308641975308 0.29409722222222223 0.6688271604938272 0.2934027777777778 0.6660493827160494 0.2921875 0.6645061728395062 0.2878472222222222 0.6629629629629629 0.2866319444444444 0.6617283950617284 0.2857638888888889 0.6592592592592593 0.2857638888888889 0.6564814814814816 0.2876736111111111 0.6478395061728395 0.2873263888888889 0.6308641975308641 0.28368055555555555 0.6237654320987653 0.27812499999999996 0.6179012345679012 0.2760416666666667 0.612962962962963 0.27465277777777775 0.6117283950617284 0.2720486111111111 0.6111111111111112 0.2699652777777778 0.6148148148148148 0.2682291666666667 0.616358024691358 0.2678819444444444 0.6203703703703703 0.26857638888888885 0.6240740740740741
3 0.265625 0.5941358024691359 0.26805555555555555 0.5969135802469135 0.26857638888888885 0.5987654320987654 0.26840277777777777 0.6015432098765432 0.2664930555555556 0.6083333333333334 0.265625 0.6095679012345678 0.26718749999999997 0.6123456790123456 0.26944444444444443 0.6132716049382716 0.2713541666666667 0.6108024691358025 0.27291666666666664 0.6104938271604938 0.2760416666666667 0.6126543209876544 0.27847222222222223 0.6160493827160494 0.2800347222222222 0.6200617283950618 0.2861111111111111 0.6277777777777778 0.2881944444444444 0.632716049382716 0.29461805555555554 0.6385802469135803 0.2998263888888889 0.6475308641975309 0.3034722222222222 0.65 0.3072916666666667 0.6478395061728395 0.30850694444444443 0.6444444444444444 0.3090277777777778 0.6404320987654322 0.3098958333333333 0.625 0.30798611111111107 0.6185185185185185 0.30624999999999997 0.6160493827160494 0.3041666666666667 0.6046296296296296 0.3013888888888889 0.6024691358024691 0.28593749999999996 0.5996913580246913 0.2833333333333333 0.592283950617284 0.2831597222222222 0.5830246913580247 0.2838541666666667 0.5762345679012346 0.2831597222222222 0.5731481481481482 0.2815972222222222 0.5753086419753086 0.2798611111111111 0.5762345679012346 0.2720486111111111 0.5734567901234567 0.2689236111111111 0.5777777777777777 0.2682291666666667 0.5805555555555555 0.26545138888888886 0.5851851851851851 0.26493055555555556 0.5873456790123457 0.26493055555555556 0.5910493827160495 0.265625 0.5941358024691359
3 0.3651041666666667 0.491358024691358 0.365625 0.495679012345679 0.3663194444444444 0.516358024691358 0.36822916666666666 0.5182098765432099 0.3697916666666667 0.5185185185185185 0.3717013888888889 0.5104938271604939 0.3763888888888889 0.5012345679012346 0.3769097222222222 0.49907407407407406 0.37656249999999997 0.48919753086419754 0.3756944444444444 0.48456790123456794 0.3758680555555556 0.4774691358024691 0.37656249999999997 0.4743827160493827 0.3762152777777778 0.46512345679012346 0.3756944444444444 0.4632716049382716 0.3736111111111111 0.46141975308641975 0.3671875 0.46141975308641975 0.3663194444444444 0.46234567901234563 0.3640625 0.46882716049382717 0.3628472222222222 0.475 0.36267361111111107 0.48209876543209873 0.3651041666666667 0.491358024691358
3 0.46197916666666666 0.3345679012345679 0.4631944444444444 0.3367283950617284 0.46475694444444443 0.3367283950617284 0.4661458333333333 0.33549382716049386 0.4677083333333333 0.32592592592592595 0.4671875 0.3172839506172839 0.4609375 0.3172839506172839 0.45902777777777776 0.3194444444444444 0.4588541666666667 0.325 0.46197916666666666 0.3345679012345679