8 0.587 0.5119999999999999 0.599 0.5116666666666666 0.59975 0.5083333333333333 0.59925 0.4983333333333333 0.597 0.49466666666666664 0.5885 0.49466666666666664 0.58725 0.49699999999999994 0.5862499999999999 0.5023333333333333 0.586 0.5093333333333333 0.587 0.5119999999999999
4 0.058499999999999996 0.5306666666666666 0.059750000000000004 0.5329999999999999 0.06075 0.5329999999999999 0.0605 0.5339999999999999 0.062 0.531 0.06475 0.5283333333333333 0.08825000000000001 0.5233333333333333 0.09000000000000001 0.522 0.09125 0.5189999999999999 0.08875 0.517 0.07700000000000001 0.5166666666666666 0.064 0.5186666666666666 0.059500000000000004 0.5223333333333333 0.058499999999999996 0.5253333333333333 0.058499999999999996 0.5306666666666666
4 0.4425 0.5317293333333334 0.45575 0.5327293333333333 0.46025 0.526396 0.46099999999999997 0.5227293333333334 0.46075000000000005 0.5157293333333334 0.46 0.513396 0.45675 0.511396 0.44625 0.5130626666666667 0.44275 0.519396 0.44175 0.523396 0.4415 0.5290626666666667 0.4425 0.5317293333333334
5 0.68425 0.7183333333333333 0.68775 0.725 0.6915 0.7333333333333333 0.6932499999999999 0.7409999999999999 0.6962499999999999 0.746 0.7340000000000001 0.75 0.7377499999999999 0.7496666666666667 0.7384999999999999 0.7483333333333333 0.7395 0.7326666666666667 0.7377499999999999 0.7223333333333334 0.735 0.7136666666666666 0.735 0.7063333333333333 0.731 0.7043333333333334 0.7284999999999999 0.7016666666666667 0.723 0.689 0.71775 0.6819999999999999 0.71325 0.6796666666666666 0.7034999999999999 0.6783333333333332 0.69275 0.6779999999999999 0.6855000000000001 0.6796666666666666 0.6822499999999999 0.6816666666666665 0.6785000000000001 0.697 0.6785000000000001 0.7103333333333333 0.68425 0.7183333333333333
1 0.5675 0.4826666666666666 0.5745 0.4826666666666666 0.5745 0.47733333333333333 0.5722499999999999 0.472 0.56775 0.4703333333333333 0.566 0.4746666666666666 0.56625 0.48166666666666663 0.5675 0.4826666666666666
1 0.44625 0.5113333333333333 0.4555 0.5106666666666666 0.457 0.51 0.45799999999999996 0.508 0.45799999999999996 0.501 0.45625 0.4973333333333333 0.453 0.49633333333333335 0.44925 0.4966666666666666 0.44575 0.4983333333333333 0.444 0.501 0.44425 0.5083333333333333 0.44625 0.5113333333333333
5 0.62325 0.5703333333333332 0.62475 0.572 0.62975 0.574 0.6439999999999999 0.5746666666666665 0.64525 0.5683333333333332 0.6439999999999999 0.5579999999999999 0.63875 0.5503333333333332 0.6347499999999999 0.5486666666666666 0.6265000000000001 0.5489999999999999 0.62275 0.5529999999999999 0.6215 0.5566666666666666 0.62175 0.5663333333333332 0.62325 0.5703333333333332
1 0.3605 0.5143333333333333 0.37375 0.5123333333333333 0.3765 0.5086666666666666 0.3755 0.5016666666666666 0.37325 0.4986666666666666 0.36275 0.5006666666666666 0.35925 0.5056666666666666 0.35874999999999996 0.5123333333333333 0.3605 0.5143333333333333
1 0.011749999999999998 0.5466666666666666 0.015 0.5489999999999999 0.026 0.5496666666666666 0.03525 0.5466666666666666 0.042249999999999996 0.5463333333333333 0.05 0.5439999999999999 0.051 0.5406666666666666 0.050499999999999996 0.5369999999999999 0.048999999999999995 0.5349999999999999 0.040249999999999994 0.5283333333333333 0.036500000000000005 0.527 0.032 0.5266666666666666 0.01525 0.5286666666666666 0.01275 0.5326666666666666 0.0115 0.5393333333333333 0.011749999999999998 0.5466666666666666
4 0.5874999999999999 0.624 0.5885 0.6303333333333333 0.58975 0.6323333333333333 0.592 0.6336666666666666 0.59775 0.6323333333333333 0.604 0.6323333333333333 0.6155 0.6353333333333333 0.61775 0.635 0.6195 0.6333333333333333 0.62 0.6229999999999999 0.619 0.6056666666666666 0.61725 0.603 0.6160000000000001 0.5943333333333333 0.6127499999999999 0.5863333333333333 0.61125 0.5893333333333333 0.6082500000000001 0.5906666666666666 0.5942500000000001 0.5903333333333333 0.5905 0.589 0.5885 0.5863333333333333 0.58725 0.5956666666666666 0.58675 0.6063333333333333 0.5874999999999999 0.624
1 0.6045 0.5409999999999999 0.62 0.5416666666666666 0.6204999999999999 0.5389999999999999 0.6197499999999999 0.5306666666666666 0.618 0.5263333333333333 0.61625 0.5243333333333333 0.6115 0.5229999999999999 0.6064999999999999 0.5236666666666666 0.605 0.5253333333333333 0.6034999999999999 0.5293333333333332 0.6034999999999999 0.5393333333333333 0.6045 0.5409999999999999
6 0.57325 0.45599999999999996 0.57825 0.4566666666666666 0.5792499999999999 0.4536666666666666 0.5785 0.446 0.5745 0.4443333333333333 0.5725 0.44699999999999995 0.5722499999999999 0.451 0.57325 0.45599999999999996
6 0.5165 0.484 0.5265 0.4843333333333333 0.52925 0.4736666666666667 0.52925 0.46599999999999997 0.5275 0.46166666666666667 0.5225 0.4573333333333333 0.519 0.45833333333333326 0.517 0.4626666666666666 0.516 0.4696666666666666 0.51575 0.4809999999999999 0.5165 0.484
6 0.46325 0.496 0.47375 0.496 0.47474999999999995 0.49366666666666664 0.4765 0.47733333333333333 0.47324999999999995 0.475 0.46675 0.47533333333333333 0.46475 0.47733333333333333 0.4635 0.48066666666666663 0.4625 0.487 0.46225 0.4933333333333333 0.46325 0.496
7 0 0.5632836666666666 0 0.621617 0.0125 0.6219503333333334 0.0185 0.6202836666666666 0.02225 0.617617 0.02725 0.6179503333333334 0.0315 0.6169503333333333 0.036 0.6132836666666667 0.038500000000000006 0.6082836666666667 0.0435 0.6049503333333334 0.04675000000000001 0.6002836666666667 0.050249999999999996 0.5982836666666667 0.05375 0.6059503333333333 0.057249999999999995 0.6059503333333333 0.061 0.6029503333333333 0.06225 0.592617 0.0625 0.5806169999999999 0.062 0.556617 0.06175 0.5539503333333333 0.06025 0.5509503333333333 0.055249999999999994 0.5492836666666667 0.05375 0.5472836666666667 0.04675000000000001 0.5472836666666667 0.0435 0.549617 0.029 0.5509503333333333 0.022500000000000003 0.553617 0.01875 0.553617 0.014 0.555617 0.011250000000000001 0.5579503333333333 0.005 0.5599503333333333 0.002 0.5629503333333333 0 0.5632836666666666
6 0.62125 0.822 0.621 0.8286666666666667 0.6230000000000001 0.8406666666666666 0.62875 0.8566666666666666 0.632 0.8689999999999999 0.6337499999999999 0.9046666666666666 0.63625 0.9133333333333332 0.6369999999999999 0.9146666666666666 0.64425 0.9146666666666666 0.654 0.9193333333333333 0.6705 0.9233333333333333 0.6964999999999999 0.9253333333333332 0.7027500000000001 0.9243333333333332 0.70525 0.9223333333333333 0.70675 0.9203333333333332 0.7085 0.9146666666666666 0.70925 0.8973333333333332 0.7085 0.8866666666666666 0.70675 0.8799999999999999 0.7064999999999999 0.8723333333333332 0.70125 0.8513333333333333 0.7025 0.8483333333333333 0.7064999999999999 0.847 0.7075 0.8456666666666666 0.7075 0.8386666666666666 0.7064999999999999 0.8369999999999999 0.704 0.8363333333333333 0.6994999999999999 0.8373333333333333 0.69675 0.8313333333333333 0.694 0.8216666666666667 0.69375 0.814 0.6950000000000001 0.8006666666666666 0.6972499999999999 0.7509999999999999 0.69175 0.7413333333333333 0.6890000000000001 0.7323333333333333 0.68275 0.7183333333333333 0.67875 0.7136666666666666 0.67575 0.7126666666666666 0.62575 0.7073333333333333 0.62425 0.7096666666666666 0.62175 0.7373333333333333 0.62125 0.7536666666666667 0.6197499999999999 0.764 0.6197499999999999 0.8083333333333333 0.62125 0.822
6 0.3725 0.4896666666666666 0.37225 0.4983333333333333 0.37325 0.49966666666666665 0.37625 0.5013333333333333 0.38375 0.501 0.38649999999999995 0.49999999999999994 0.38825 0.498 0.38875 0.49466666666666664 0.38775000000000004 0.49066666666666664 0.384 0.48033333333333333 0.38075000000000003 0.47533333333333333 0.37625 0.4739999999999999 0.3715 0.479 0.371 0.4809999999999999 0.3725 0.4896666666666666
6 0.8734999999999999 0.6579999999999999 0.872 0.6576666666666666 0.8730000000000001 0.66 0.8734999999999999 0.6579999999999999
6 0.80125 0.6543333333333332 0.8002499999999999 0.6533333333333332 0.8002499999999999 0.6556666666666666 0.80125 0.6543333333333332
6 0.799 0.6956666666666665 0.8002499999999999 0.6986666666666665 0.8067500000000001 0.7013333333333334 0.80875 0.7046666666666667 0.81025 0.7133333333333333 0.8095 0.7166666666666666 0.81025 0.721 0.8142499999999999 0.7246666666666667 0.82675 0.7303333333333333 0.83125 0.7393333333333333 0.835 0.7443333333333333 0.8384999999999999 0.7466666666666667 0.8454999999999999 0.7476666666666666 0.8545 0.7399999999999999 0.8594999999999999 0.7399999999999999 0.8767499999999999 0.7453333333333333 0.88625 0.7463333333333333 0.9115 0.7536666666666667 0.91575 0.7539999999999999 0.92125 0.7563333333333333 0.9289999999999999 0.7616666666666666 0.9345 0.7633333333333333 0.939 0.7623333333333333 0.94125 0.7593333333333333 0.9502499999999999 0.7519999999999999 0.95175 0.7483333333333333 0.9520000000000001 0.7399999999999999 0.95125 0.7339999999999999 0.95 0.7303333333333333 0.9475 0.7266666666666666 0.93575 0.7186666666666667 0.9195 0.7116666666666667 0.9115 0.704 0.9075000000000001 0.7016666666666667 0.903 0.696 0.9017499999999999 0.6923333333333332 0.9009999999999999 0.6856666666666666 0.8975 0.6776666666666665 0.8955 0.6749999999999999 0.8909999999999999 0.6716666666666666 0.88225 0.67 0.87975 0.6659999999999999 0.8767499999999999 0.6643333333333332 0.8765 0.6613333333333332 0.86625 0.6613333333333332 0.865 0.6593333333333333 0.861 0.6576666666666666 0.84475 0.656 0.8384999999999999 0.6496666666666667 0.832 0.6543333333333332 0.828 0.663 0.8195 0.6636666666666665 0.814 0.6623333333333333 0.81025 0.6646666666666666 0.802 0.6716666666666666 0.802 0.6749999999999999 0.7995 0.6799999999999999 0.7979999999999999 0.6853333333333332 0.799 0.6956666666666665
7 0.031 0.842 0.033 0.846 0.04 0.8493333333333333 0.05 0.8503333333333333 0.05425 0.8519999999999999 0.07275 0.8523333333333333 0.082 0.854 0.10225 0.8536666666666667 0.107 0.8523333333333333 0.116 0.8476666666666666 0.12275 0.854 0.12875 0.8523333333333333 0.13275 0.8486666666666666 0.13725 0.8413333333333333 0.1415 0.8293333333333334 0.14325 0.8283333333333333 0.15125 0.829 0.15425 0.8276666666666666 0.15525 0.8236666666666665 0.156 0.8113333333333332 0.15725 0.809 0.17525 0.7966666666666666 0.17900000000000002 0.7916666666666666 0.185 0.7876666666666666 0.186 0.7876666666666666 0.19025 0.7933333333333332 0.19625 0.7933333333333332 0.20024999999999998 0.7889999999999999 0.20675000000000002 0.7729999999999999 0.21025000000000002 0.7723333333333332 0.21425 0.7736666666666666 0.21725 0.7723333333333332 0.222 0.7656666666666666 0.22675 0.7513333333333333 0.22724999999999998 0.7343333333333333 0.232 0.7306666666666666 0.23550000000000001 0.7256666666666667 0.24125 0.7243333333333333 0.247 0.731 0.25075 0.7326666666666667 0.25525 0.7323333333333333 0.25875 0.7296666666666666 0.2635 0.7186666666666667 0.26525 0.7173333333333333 0.26925 0.718 0.2725 0.7156666666666666 0.27625 0.71 0.278 0.7056666666666666 0.28275 0.7013333333333334 0.28275 0.692 0.28125 0.6856666666666666 0.27825 0.6793333333333332 0.278 0.674 0.27849999999999997 0.6676666666666665 0.27975 0.6646666666666666 0.283 0.6609999999999999 0.2845 0.6556666666666666 0.28525 0.6323333333333333 0.28425 0.6153333333333332 0.2825 0.613 0.27749999999999997 0.6119999999999999 0.23900000000000002 0.6093333333333333 0.2265 0.6096666666666666 0.2205 0.611 0.20825 0.6183333333333333 0.20375 0.6196666666666666 0.2015 0.6216666666666667 0.17275 0.6336666666666666 0.12425 0.66 0.1225 0.6626666666666666 0.12175 0.6673333333333332 0.12225 0.6716666666666666 0.12025 0.6736666666666666 0.08025 0.6736666666666666 0.07700000000000001 0.6746666666666665 0.0745 0.6793333333333332 0.07325 0.6863333333333332 0.06824999999999999 0.7 0.06475 0.7053333333333333 0.059500000000000004 0.7093333333333333 0.04725 0.725 0.04425 0.7269999999999999 0.039 0.7386666666666666 0.03575 0.7479999999999999 0.033249999999999995 0.7696666666666666 0.0295 0.7906666666666666 0.029249999999999998 0.8323333333333333 0.031 0.842
6 0.576 0.5499999999999999 0.5770000000000001 0.5566666666666666 0.578 0.5583333333333333 0.5954999999999999 0.5593333333333332 0.5964999999999999 0.5573333333333332 0.596 0.5396666666666666 0.59725 0.5193333333333333 0.59675 0.517 0.5954999999999999 0.515 0.5935 0.5139999999999999 0.5882499999999999 0.5133333333333333 0.578 0.5139999999999999 0.5770000000000001 0.5176666666666666 0.57575 0.5369999999999999 0.576 0.5499999999999999
6 0.4925 0.5083333333333333 0.4945 0.51 0.5015 0.5096666666666666 0.50475 0.5106666666666666 0.5085 0.5103333333333333 0.51075 0.5086666666666666 0.51275 0.5053333333333333 0.514 0.49566666666666664 0.5145000000000001 0.482 0.51375 0.47733333333333333 0.511 0.4759999999999999 0.49774999999999997 0.47733333333333333 0.4945 0.48033333333333333 0.494 0.4833333333333333 0.49224999999999997 0.5013333333333333 0.4925 0.5083333333333333
6 0.5625 0.46166666666666667 0.56375 0.4633333333333333 0.5680000000000001 0.4633333333333333 0.5700000000000001 0.46 0.5702499999999999 0.4566666666666666 0.5700000000000001 0.4523333333333333 0.569 0.4496666666666666 0.56775 0.4486666666666666 0.56375 0.4486666666666666 0.5619999999999999 0.45066666666666666 0.5615 0.45499999999999996 0.5625 0.46166666666666667
7 0.064 0.5996666666666667 0.0675 0.604 0.0715 0.603 0.078 0.6076666666666667 0.08525 0.6063333333333333 0.09175000000000001 0.6083333333333333 0.099 0.608 0.10575 0.6089999999999999 0.1125 0.6036666666666667 0.11624999999999999 0.6033333333333333 0.12300000000000001 0.5986666666666666 0.13 0.5983333333333333 0.132 0.5953333333333333 0.134 0.5873333333333333 0.13675 0.584 0.1495 0.5796666666666666 0.15849999999999997 0.5786666666666667 0.164 0.5766666666666667 0.18225 0.5776666666666667 0.1845 0.576 0.1895 0.5746666666666665 0.193 0.568 0.19574999999999998 0.5653333333333334 0.20299999999999999 0.5653333333333334 0.20675000000000002 0.5693333333333332 0.21 0.5666666666666667 0.2135 0.5579999999999999 0.21325 0.5366666666666666 0.21025000000000002 0.529 0.20675000000000002 0.5229999999999999 0.20299999999999999 0.5183333333333333 0.199 0.517 0.19725 0.5196666666666666 0.19975 0.5256666666666666 0.1925 0.5259999999999999 0.19049999999999997 0.5223333333333333 0.19075 0.5186666666666666 0.189 0.5116666666666666 0.18700000000000003 0.5086666666666666 0.18375 0.5073333333333333 0.15525 0.5076666666666666 0.13924999999999998 0.513 0.093 0.5209999999999999 0.08499999999999999 0.524 0.0735 0.5256666666666666 0.06525 0.529 0.06225 0.5329999999999999 0.0625 0.5693333333333332 0.064 0.5996666666666667
6 0.6295000000000001 0.5273333333333333 0.63 0.5283333333333333 0.642 0.5279999999999999 0.6435000000000001 0.5259999999999999 0.64375 0.5206666666666666 0.643 0.5163333333333333 0.643 0.5053333333333333 0.6415 0.5003333333333333 0.6405 0.49899999999999994 0.633 0.4973333333333333 0.63025 0.4983333333333333 0.62875 0.5006666666666666 0.6285 0.5226666666666666 0.6295000000000001 0.5273333333333333
3 0.91475 0.781 0.91625 0.7829999999999999 0.9322499999999999 0.7933333333333332 0.9455 0.7999999999999999 0.9464999999999999 0.8033333333333332 0.9464999999999999 0.8076666666666666 0.95125 0.8143333333333332 0.9564999999999999 0.817 0.9595 0.8166666666666665 0.9642499999999999 0.814 0.967 0.8106666666666666 0.9682499999999999 0.8073333333333332 0.9704999999999999 0.7936666666666666 0.9704999999999999 0.7779999999999999 0.9685 0.7723333333333332 0.967 0.7713333333333332 0.9597500000000001 0.7713333333333332 0.95575 0.7673333333333333 0.9525 0.7619999999999999 0.9494999999999999 0.7603333333333333 0.946 0.7606666666666665 0.94 0.7636666666666666 0.93525 0.7646666666666666 0.9235 0.7596666666666666 0.9182499999999999 0.756 0.9149999999999999 0.7589999999999999 0.9135 0.7653333333333333 0.9135 0.7763333333333333 0.91475 0.781
3 0.8410000000000001 0.9043333333333332 0.844 0.9069999999999999 0.8487499999999999 0.9176666666666665 0.85225 0.9216666666666666 0.85475 0.9229999999999999 0.8604999999999999 0.9306666666666665 0.8627499999999999 0.9363333333333332 0.8655 0.9383333333333332 0.8674999999999999 0.9376666666666665 0.86875 0.9359999999999999 0.8697499999999999 0.9319999999999999 0.8695 0.9136666666666665 0.86825 0.8986666666666666 0.86825 0.8766666666666666 0.86575 0.8756666666666666 0.85925 0.8689999999999999 0.84975 0.8726666666666666 0.8475 0.8766666666666666 0.8445 0.8766666666666666 0.8435 0.8743333333333333 0.84125 0.8736666666666666 0.8384999999999999 0.8756666666666666 0.8375 0.8819999999999999 0.83775 0.8963333333333332 0.8410000000000001 0.9043333333333332
3 0.8697499999999999 0.8683333333333332 0.872 0.8659999999999999 0.872 0.8643333333333333 0.8704999999999999 0.863 0.8695 0.8633333333333333 0.8685 0.8663333333333333 0.8697499999999999 0.8683333333333332
3 0.951 0.8143333333333332 0.9560000000000001 0.8173333333333332 0.96 0.8173333333333332 0.9674999999999999 0.8133333333333332 0.96875 0.8099999999999999 0.971 0.7933333333333332 0.9704999999999999 0.7759999999999999 0.96875 0.7719999999999999 0.967 0.771 0.96 0.7716666666666666 0.9564999999999999 0.7683333333333332 0.9545 0.7676666666666665 0.953 0.7649999999999999 0.95225 0.7653333333333333 0.9525 0.7793333333333332 0.9485 0.7896666666666666 0.947 0.8066666666666665 0.951 0.8143333333333332
3 0.6127499999999999 0.5076666666666666 0.6160000000000001 0.51 0.6164999999999999 0.49999999999999994 0.6160000000000001 0.4983333333333333 0.6145 0.4983333333333333 0.6127499999999999 0.4986666666666666 0.6127499999999999 0.5076666666666666
3 0.91475 0.7813333333333333 0.9159999999999999 0.7829999999999999 0.92025 0.7863333333333332 0.94175 0.7979999999999999 0.9462499999999999 0.7986666666666666 0.94775 0.7969999999999999 0.9490000000000001 0.7889999999999999 0.953 0.7789999999999999 0.95375 0.7713333333333332 0.953 0.7656666666666666 0.9502499999999999 0.7616666666666666 0.9450000000000001 0.7609999999999999 0.9394999999999999 0.7636666666666666 0.93525 0.7643333333333332 0.92625 0.7606666666666665 0.9177500000000001 0.7549999999999999 0.91475 0.7586666666666666 0.9135 0.7646666666666666 0.9135 0.7766666666666666 0.91475 0.7813333333333333