8 0.33984375 0.3995370370370371 0.3419270833333333 0.4069444444444445 0.3455729166666667 0.40601851851851856 0.3497395833333333 0.40092592592592596 0.3510416666666667 0.3958333333333333 0.3510416666666667 0.39027777777777783 0.346875 0.37638888888888894 0.3455729166666667 0.375 0.34140625 0.375462962962963 0.33671875 0.37870370370370376 0.33489583333333334 0.3824074074074075 0.33489583333333334 0.39212962962962966 0.33984375 0.3995370370370371
1 0.41171875 0.38287037037037036 0.41302083333333334 0.3810185185185186 0.41328125 0.37083333333333335 0.41171875 0.36620370370370375 0.4078125 0.36574074074074076 0.4044270833333333 0.3717592592592593 0.4044270833333333 0.38287037037037036 0.41171875 0.38287037037037036
1 0.3315104166666667 0.45509259259259266 0.3455729166666667 0.4532407407407408 0.3489583333333333 0.450462962962963 0.3510416666666667 0.44675925925925924 0.3518229166666667 0.4430555555555556 0.3518229166666667 0.43472222222222223 0.35052083333333334 0.4291666666666667 0.3481770833333333 0.42500000000000004 0.34348958333333335 0.4222222222222222 0.3380208333333333 0.4226851851851852 0.3338541666666667 0.42500000000000004 0.33125 0.4291666666666667 0.3299479166666667 0.437962962962963 0.3294270833333333 0.450462962962963 0.3315104166666667 0.45509259259259266
1 0.23463541666666665 0.5509259259259259 0.23723958333333334 0.5532407407407407 0.24114583333333334 0.5546296296296297 0.25885416666666666 0.5537037037037037 0.2651041666666667 0.5430555555555556 0.2690104166666667 0.5388888888888889 0.27057291666666666 0.5314814814814816 0.27109374999999997 0.5189814814814815 0.2690104166666667 0.5148148148148148 0.26276041666666666 0.5115740740740741 0.2552083333333333 0.5101851851851852 0.24635416666666665 0.5111111111111112 0.24401041666666667 0.5125000000000001 0.24088541666666666 0.5171296296296296 0.23411458333333335 0.5337962962962963 0.23385416666666667 0.5486111111111112 0.23463541666666665 0.5509259259259259
1 0.3674479166666667 0.4365740740740741 0.36875 0.4393518518518519 0.3802083333333333 0.43888888888888894 0.38359375 0.43703703703703706 0.3841145833333333 0.4351851851851852 0.38359375 0.4199074074074074 0.38203125 0.41481481481481486 0.3802083333333333 0.412962962962963 0.3713541666666667 0.413425925925926 0.3697916666666667 0.4152777777777778 0.3674479166666667 0.4226851851851852 0.3671875 0.43333333333333335 0.3674479166666667 0.4365740740740741
1 0.40078125000000003 0.4152777777777778 0.4111979166666667 0.41481481481481486 0.4119791666666667 0.412962962962963 0.4122395833333333 0.39861111111111114 0.4096354166666667 0.39351851851851855 0.4018229166666667 0.39444444444444443 0.4005208333333333 0.3962962962962963 0.39921875 0.4032407407407408 0.3989583333333333 0.41203703703703703 0.40078125000000003 0.4152777777777778
1 0.4330729166666667 0.38842592592592595 0.44140625 0.38842592592592595 0.44296875 0.3875 0.44427083333333334 0.3837962962962963 0.4432291666666667 0.3768518518518519 0.4390625 0.3712962962962963 0.4354166666666667 0.3712962962962963 0.43203125000000003 0.37592592592592594 0.4317708333333333 0.3851851851851852 0.4330729166666667 0.38842592592592595
1 0.5018229166666667 0.45462962962962966 0.5091145833333334 0.4541666666666667 0.5158854166666667 0.4555555555555556 0.5187499999999999 0.45509259259259266 0.5200520833333333 0.45277777777777783 0.5205729166666667 0.44537037037037036 0.5197916666666667 0.4402777777777778 0.5164062500000001 0.4291666666666667 0.5125000000000001 0.425462962962963 0.5072916666666667 0.4240740740740741 0.5015625 0.42638888888888893 0.4981770833333333 0.4310185185185186 0.4973958333333333 0.43703703703703706 0.4971354166666667 0.44583333333333336 0.5018229166666667 0.45462962962962966
1 0.3854166666666667 0.48750000000000004 0.38671875 0.48935185185185187 0.390625 0.4865740740740741 0.3984375 0.4865740740740741 0.40468750000000003 0.48842592592592593 0.4078125 0.4824074074074074 0.4088541666666667 0.46296296296296297 0.4078125 0.45648148148148154 0.4041666666666667 0.4476851851851852 0.39609375 0.44675925925925924 0.39036458333333335 0.4481481481481482 0.3885416666666667 0.45 0.3869791666666667 0.4555555555555556 0.3848958333333333 0.4708333333333333 0.3848958333333333 0.4837962962962963 0.3854166666666667 0.48750000000000004
1 0.3549479166666667 0.6597222222222222 0.3515625 0.6777777777777778 0.35000000000000003 0.6958333333333334 0.35052083333333334 0.7060185185185185 0.35234375 0.7143518518518519 0.35520833333333335 0.7157407407407409 0.35911458333333335 0.713888888888889 0.3822916666666667 0.713888888888889 0.3875 0.7152777777777778 0.39036458333333335 0.7129629629629629 0.39348958333333334 0.6787037037037037 0.39296875000000003 0.6671296296296296 0.3947916666666667 0.6509259259259259 0.39427083333333335 0.6467592592592594 0.3833333333333333 0.6402777777777778 0.3677083333333333 0.639814814814815 0.3596354166666667 0.6425925925925926 0.35390625000000003 0.6472222222222223 0.353125 0.65 0.3549479166666667 0.6550925925925926 0.3549479166666667 0.6597222222222222
1 0.06510416666666667 0.8351851851851853 0.06927083333333334 0.8481481481481482 0.07421875 0.8546296296296297 0.07708333333333334 0.8564814814814815 0.09296875 0.8597222222222223 0.09765625 0.8592592592592594 0.10234375 0.8564814814814815 0.10703125000000001 0.8569444444444445 0.10989583333333333 0.8527777777777779 0.11145833333333333 0.838425925925926 0.11796875 0.8277777777777778 0.12526041666666668 0.8115740740740741 0.12994791666666666 0.8046296296296297 0.13411458333333334 0.8023148148148148 0.13697916666666668 0.7962962962962963 0.13749999999999998 0.7791666666666667 0.13541666666666666 0.7657407407407407 0.13307291666666668 0.7615740740740741 0.12213541666666668 0.7569444444444444 0.10755208333333333 0.7560185185185185 0.10234375 0.7583333333333334 0.09166666666666667 0.7578703703703704 0.08776041666666667 0.7601851851851853 0.08333333333333333 0.7652777777777778 0.07630208333333333 0.7791666666666667 0.07109375000000001 0.7949074074074075 0.06901041666666667 0.8046296296296297 0.06406250000000001 0.8148148148148148 0.06380208333333333 0.8240740740740741 0.06510416666666667 0.8351851851851853
1 0.2830729166666667 0.48333333333333334 0.2981770833333333 0.4837962962962963 0.3 0.48287037037037045 0.30442708333333335 0.4740740740740741 0.30546875 0.46851851851851856 0.3052083333333333 0.4601851851851852 0.3041666666666667 0.45648148148148154 0.30052083333333335 0.4518518518518519 0.29296875 0.4513888888888889 0.2885416666666667 0.45277777777777783 0.28671874999999997 0.4541666666666667 0.2838541666666667 0.4601851851851852 0.28151041666666665 0.4708333333333333 0.28125 0.4791666666666667 0.2830729166666667 0.48333333333333334
1 0.20364583333333336 0.6097222222222223 0.20546875 0.6125 0.22109375 0.6125 0.22760416666666666 0.6157407407407407 0.23072916666666665 0.6134259259259259 0.23255208333333335 0.6060185185185185 0.24270833333333336 0.5916666666666667 0.24375 0.5851851851851853 0.24322916666666666 0.5736111111111112 0.24166666666666667 0.5671296296296297 0.23697916666666666 0.5634259259259259 0.22760416666666666 0.5615740740740741 0.21770833333333334 0.5625 0.21041666666666667 0.5671296296296297 0.20651041666666667 0.5740740740740741 0.20260416666666667 0.5875 0.20208333333333334 0.6037037037037037 0.20364583333333336 0.6097222222222223
1 0.49609375 0.9995370370370371 0.56796875 0.9995370370370371 0.5682291666666667 0.9967592592592593 0.5682291666666667 0.9939814814814816 0.56640625 0.9893518518518519 0.5643229166666667 0.9777777777777779 0.5575520833333334 0.9541666666666667 0.55078125 0.9449074074074075 0.5401041666666667 0.9421296296296297 0.5187499999999999 0.9453703703703704 0.5130208333333334 0.9495370370370372 0.5098958333333333 0.9555555555555556 0.5026041666666666 0.9597222222222223 0.5015625 0.9625 0.49973958333333335 0.9763888888888889 0.4963541666666667 0.9884259259259259 0.4955729166666667 0.9939814814814816 0.49609375 0.9995370370370371
1 0.32786458333333335 0.42037037037037045 0.3338541666666667 0.42037037037037045 0.3385416666666667 0.41851851851851857 0.3403645833333333 0.41435185185185186 0.3416666666666667 0.4055555555555556 0.33958333333333335 0.3976851851851852 0.3359375 0.39444444444444443 0.32786458333333335 0.39722222222222225 0.32578125 0.4046296296296297 0.3252604166666667 0.4115740740740741 0.32786458333333335 0.42037037037037045
1 0.4651041666666667 0.45277777777777783 0.47734375 0.4532407407407408 0.48020833333333335 0.45462962962962966 0.4825520833333333 0.45277777777777783 0.4838541666666667 0.4449074074074075 0.4838541666666667 0.4356481481481482 0.48203125 0.42500000000000004 0.48020833333333335 0.4212962962962963 0.47500000000000003 0.4180555555555556 0.4674479166666667 0.41851851851851857 0.465625 0.42083333333333334 0.46328125000000003 0.4291666666666667 0.4630208333333333 0.4435185185185186 0.4651041666666667 0.45277777777777783
8 0.30755208333333334 0.4449074074074075 0.32109375 0.4449074074074075 0.32421875 0.44212962962962965 0.3263020833333333 0.4296296296296297 0.3260416666666667 0.42037037037037045 0.3244791666666667 0.4115740740740741 0.321875 0.413425925925926 0.3143229166666667 0.41435185185185186 0.3096354166666667 0.4166666666666667 0.3080729166666667 0.41851851851851857 0.30703125000000003 0.4226851851851852 0.3065104166666667 0.4402777777777778 0.30755208333333334 0.4449074074074075
1 0.4505208333333333 0.3810185185185186 0.45677083333333335 0.3819444444444444 0.45989583333333334 0.3791666666666667 0.45989583333333334 0.37222222222222223 0.4565104166666667 0.36481481481481487 0.45286458333333335 0.36481481481481487 0.44921875 0.37083333333333335 0.44895833333333335 0.3768518518518519 0.4505208333333333 0.3810185185185186
5 0.5106770833333334 0.6189814814814816 0.5119791666666667 0.6273148148148148 0.5166666666666667 0.6402777777777778 0.5184895833333334 0.6509259259259259 0.5203125000000001 0.6546296296296297 0.5257812500000001 0.6574074074074074 0.5333333333333333 0.6574074074074074 0.5497395833333334 0.6564814814814816 0.5541666666666667 0.6541666666666667 0.5546875 0.6407407407407407 0.5536458333333334 0.6277777777777778 0.5515625000000001 0.6194444444444445 0.55234375 0.6125 0.5473958333333333 0.6027777777777779 0.5401041666666667 0.5842592592592593 0.5317708333333333 0.5810185185185185 0.5182291666666666 0.5810185185185185 0.5138020833333333 0.5842592592592593 0.5119791666666667 0.5879629629629629 0.5114583333333333 0.5921296296296297 0.5101562500000001 0.6078703703703704 0.5106770833333334 0.6189814814814816
1 0.13359374999999998 0.7083333333333334 0.13697916666666668 0.713888888888889 0.140625 0.7166666666666667 0.146875 0.713425925925926 0.16171875 0.713425925925926 0.16484375 0.7152777777777778 0.16822916666666665 0.7152777777777778 0.17135416666666667 0.7097222222222223 0.17213541666666665 0.6990740740740741 0.1734375 0.6944444444444444 0.18046875 0.6842592592592593 0.1890625 0.6773148148148148 0.18984375 0.6699074074074075 0.1890625 0.6564814814814816 0.18776041666666665 0.6504629629629629 0.1859375 0.6467592592592594 0.17786458333333335 0.6439814814814815 0.16197916666666667 0.6430555555555556 0.15598958333333335 0.6435185185185185 0.15078125 0.6458333333333334 0.14401041666666667 0.6541666666666667 0.140625 0.6615740740740741 0.1390625 0.6689814814814815 0.13359374999999998 0.6833333333333333 0.13255208333333335 0.6916666666666667 0.13229166666666667 0.6986111111111112 0.13359374999999998 0.7083333333333334
1 0.4877604166666667 0.41898148148148145 0.4934895833333333 0.4212962962962963 0.49973958333333335 0.4212962962962963 0.5020833333333333 0.41898148148148145 0.5018229166666667 0.4074074074074074 0.5013020833333334 0.4046296296296297 0.49843750000000003 0.3995370370370371 0.49114583333333334 0.3962962962962963 0.48828125 0.4 0.4869791666666667 0.40416666666666673 0.48671875000000003 0.41250000000000003 0.4877604166666667 0.41898148148148145
1 0.06432291666666667 0.9842592592592594 0.06744791666666666 0.9875 0.06770833333333333 0.9944444444444445 0.07265624999999999 0.9976851851851852 0.07291666666666667 0.9995370370370371 0.11223958333333334 0.9995370370370371 0.1125 0.9976851851851852 0.11432291666666668 0.9972222222222222 0.13255208333333335 0.9972222222222222 0.13697916666666668 0.9958333333333335 0.13828125000000002 0.9939814814814816 0.14218750000000002 0.9805555555555556 0.15182291666666667 0.9537037037037037 0.15390625 0.950925925925926 0.1578125 0.9490740740740741 0.16067708333333336 0.9421296296296297 0.16145833333333334 0.9310185185185186 0.15885416666666666 0.9027777777777778 0.15572916666666667 0.8939814814814816 0.15104166666666666 0.8879629629629631 0.13828125000000002 0.8851851851851853 0.13333333333333333 0.8861111111111112 0.12083333333333333 0.8810185185185185 0.11614583333333334 0.8810185185185185 0.1140625 0.8842592592592593 0.10625 0.8912037037037037 0.10104166666666667 0.8935185185185185 0.09765625 0.8972222222222223 0.09401041666666668 0.9074074074074074 0.08802083333333333 0.9175925925925926 0.08489583333333334 0.925 0.08307291666666668 0.9314814814814816 0.08125 0.9342592592592593 0.07682291666666667 0.9462962962962963 0.07187500000000001 0.963425925925926 0.06822916666666667 0.9717592592592593 0.06718750000000001 0.9796296296296297 0.06432291666666667 0.9842592592592594
0 0.4388020833333333 0.5254629629629629 0.4388020833333333 0.5402777777777777 0.4390625 0.55 0.440625 0.5532407407407407 0.44140625 0.5611111111111111 0.4421875 0.5976851851851852 0.44427083333333334 0.6111111111111112 0.4484375 0.6199074074074075 0.45078125 0.6212962962962963 0.45677083333333335 0.6212962962962963 0.45989583333333334 0.6189814814814816 0.4739583333333333 0.6185185185185185 0.4817708333333333 0.6203703703703703 0.4901041666666667 0.6194444444444445 0.4916666666666667 0.6162037037037037 0.4927083333333333 0.6064814814814815 0.49192708333333335 0.5962962962962963 0.4921875 0.5837962962962964 0.4940104166666667 0.562962962962963 0.4890625 0.5282407407407408 0.4752604166666667 0.4740740740740741 0.47161458333333334 0.4680555555555556 0.4640625 0.46481481481481485 0.4447916666666667 0.4657407407407408 0.4419270833333333 0.4675925925925926 0.440625 0.47314814814814815 0.4408854166666667 0.5166666666666667 0.4388020833333333 0.5254629629629629
6 0.5489583333333333 0.5694444444444444 0.5502604166666667 0.5791666666666667 0.5677083333333334 0.6101851851851853 0.5705729166666667 0.6143518518518519 0.57421875 0.6162037037037037 0.5747395833333333 0.6212962962962963 0.5734374999999999 0.6300925925925925 0.5755208333333334 0.6439814814814815 0.5848958333333334 0.6638888888888889 0.5924479166666666 0.6703703703703704 0.60078125 0.6851851851851852 0.6023437500000001 0.699537037037037 0.60390625 0.7032407407407407 0.6049479166666667 0.7115740740740741 0.6075520833333334 0.7162037037037038 0.6096354166666667 0.7175925925925926 0.6125 0.7152777777777778 0.6158854166666666 0.7148148148148148 0.6252604166666667 0.7157407407407409 0.6552083333333334 0.713425925925926 0.6638020833333333 0.7097222222222223 0.6674479166666667 0.7060185185185185 0.6684895833333334 0.675 0.6703125 0.6592592592592593 0.6703125 0.6226851851851852 0.6648437500000001 0.5935185185185186 0.6611979166666666 0.5851851851851853 0.6580729166666667 0.5833333333333334 0.6559895833333333 0.5847222222222223 0.62265625 0.5851851851851853 0.6213541666666667 0.5810185185185185 0.6229166666666667 0.5777777777777778 0.6244791666666667 0.5620370370370371 0.6229166666666667 0.55 0.61953125 0.5365740740740741 0.61484375 0.5310185185185186 0.6091145833333333 0.5208333333333334 0.5947916666666666 0.5009259259259259 0.5890624999999999 0.48981481481481487 0.5846354166666666 0.4847222222222222 0.5776041666666667 0.48101851851851857 0.5682291666666667 0.4805555555555556 0.5632812500000001 0.4842592592592593 0.5593750000000001 0.4981481481481482 0.5591145833333333 0.5064814814814815 0.5604166666666667 0.5287037037037037 0.5598958333333334 0.5375000000000001 0.5575520833333334 0.5416666666666666 0.5492187500000001 0.5416666666666666 0.546875 0.5435185185185185 0.5466145833333333 0.5620370370370371 0.5489583333333333 0.5694444444444444
6 0.4328125 0.42731481481481487 0.4354166666666667 0.4296296296296297 0.4466145833333333 0.4291666666666667 0.4479166666666667 0.42592592592592593 0.44765625000000003 0.40092592592592596 0.4466145833333333 0.39351851851851855 0.4421875 0.38981481481481484 0.4361979166666667 0.39027777777777783 0.43333333333333335 0.39351851851851855 0.43255208333333334 0.3990740740740741 0.43203125000000003 0.41898148148148145 0.4328125 0.42731481481481487
6 0.2942708333333333 0.5875 0.29401041666666666 0.5925925925925926 0.2950520833333333 0.600925925925926 0.296875 0.6046296296296296 0.3 0.6074074074074075 0.309375 0.6097222222222223 0.3166666666666667 0.6074074074074075 0.3247395833333333 0.6078703703703704 0.32656250000000003 0.6050925925925926 0.328125 0.6004629629629631 0.3291666666666667 0.5912037037037037 0.33489583333333334 0.5745370370370371 0.33515625 0.5689814814814815 0.33489583333333334 0.5587962962962963 0.3294270833333333 0.55 0.32708333333333334 0.5398148148148149 0.3197916666666667 0.537962962962963 0.3026041666666667 0.5393518518518519 0.2981770833333333 0.5430555555555556 0.29322916666666665 0.5560185185185186 0.29296875 0.5773148148148148 0.2942708333333333 0.5875
6 0.3645833333333333 0.39351851851851855 0.36562500000000003 0.3949074074074075 0.3765625 0.39398148148148154 0.3776041666666667 0.39027777777777783 0.37786458333333334 0.38333333333333336 0.37578125 0.36481481481481487 0.3729166666666667 0.36250000000000004 0.3671875 0.36250000000000004 0.36484375 0.36388888888888893 0.3638020833333333 0.36620370370370375 0.3635416666666667 0.38425925925925924 0.3645833333333333 0.39351851851851855