4 0.5418836805555556 0.27922453703703703 0.5425347222222222 0.28761574074074076 0.5421006944444444 0.29716435185185186 0.5466579861111112 0.31047453703703703 0.5501302083333334 0.30931712962962965 0.5538194444444444 0.30613425925925924 0.5681423611111112 0.3058449074074074 0.5746527777777778 0.30671296296296297 0.5763888888888888 0.3041087962962963 0.5763888888888888 0.2913773148148148 0.5744357638888888 0.28096064814814814 0.5711805555555556 0.2722800925925926 0.5607638888888888 0.265625 0.5564236111111112 0.265625 0.5466579861111112 0.2682291666666667 0.5451388888888888 0.27025462962962965 0.5416666666666666 0.2725694444444444 0.541015625 0.27662037037037035 0.5418836805555556 0.27922453703703703
1 0.857421875 0.4930555555555556 0.859375 0.5002893518518519 0.8630642361111112 0.5081018518518519 0.8663194444444444 0.5098379629629629 0.8697916666666666 0.5098379629629629 0.8776041666666666 0.5147569444444444 0.8962673611111112 0.5341435185185185 0.9032118055555556 0.5387731481481481 0.9051649305555556 0.5410879629629629 0.91015625 0.5538194444444444 0.9140625 0.5575810185185185 0.9188368055555556 0.5587384259259259 0.921875 0.5567129629629629 0.9259982638888888 0.5561342592592593 0.9292534722222222 0.5581597222222222 0.9364149305555556 0.5604745370370371 0.9539930555555556 0.5610532407407407 0.96484375 0.5627893518518519 0.9889322916666666 0.5627893518518519 0.9997829861111112 0.5610532407407407 0.9997829861111112 0.5228587962962963 0.9978298611111112 0.5225694444444444 0.9965277777777778 0.5167824074074074 0.9908854166666666 0.5107060185185185 0.9850260416666666 0.49971064814814814 0.9737413194444444 0.48408564814814814 0.9574652777777778 0.4704861111111111 0.9498697916666666 0.4661458333333333 0.9418402777777778 0.4635416666666667 0.9314236111111112 0.46238425925925924 0.9171006944444444 0.4620949074074074 0.8962673611111112 0.4635416666666667 0.8765190972222222 0.46296296296296297 0.8717447916666666 0.4635416666666667 0.8650173611111112 0.4661458333333333 0.861328125 0.47077546296296297 0.8591579861111112 0.4774305555555556 0.857421875 0.48900462962962965 0.857421875 0.4930555555555556
5 0.7936197916666666 0.35908564814814814 0.7979600694444444 0.37008101851851855 0.8016493055555556 0.375 0.8062065972222222 0.38599537037037035 0.8116319444444444 0.3888888888888889 0.8174913194444444 0.3990162037037037 0.8216145833333334 0.3993055555555556 0.8246527777777778 0.3975694444444444 0.8413628472222222 0.39814814814814814 0.8530815972222222 0.39988425925925924 0.8578559027777778 0.40219907407407407 0.8591579861111112 0.4039351851851852 0.861328125 0.40046296296296297 0.8663194444444444 0.39641203703703703 0.8684895833333334 0.3810763888888889 0.8684895833333334 0.37644675925925924 0.8678385416666666 0.375 0.8641493055555556 0.3695023148148148 0.8608940972222222 0.3663194444444444 0.8569878472222222 0.36429398148148145 0.8489583333333334 0.35648148148148145 0.8448350694444444 0.3550347222222222 0.8372395833333334 0.3489583333333333 0.8318142361111112 0.34693287037037035 0.8272569444444444 0.34375 0.8235677083333334 0.3428819444444444 0.8103298611111112 0.34577546296296297 0.8092447916666666 0.34693287037037035 0.7966579861111112 0.3521412037037037 0.794921875 0.3541666666666667 0.7936197916666666 0.3559027777777778 0.7936197916666666 0.35908564814814814
1 0.4995659722222222 0.3833912037037037 0.4986979166666667 0.4045138888888889 0.4989149305555556 0.42042824074074076 0.4995659722222222 0.42563657407407407 0.5017361111111112 0.42997685185185186 0.5060763888888888 0.4288194444444444 0.5086805555555556 0.42679398148148145 0.5199652777777778 0.42505787037037035 0.5368923611111112 0.4253472222222222 0.5436197916666666 0.42679398148148145 0.5466579861111112 0.42939814814814814 0.5490451388888888 0.4273726851851852 0.5494791666666666 0.4163773148148148 0.5477430555555556 0.3940972222222222 0.5479600694444444 0.3900462962962963 0.5470920138888888 0.38657407407407407 0.5455729166666666 0.3839699074074074 0.5457899305555556 0.3802083333333333 0.5470920138888888 0.37905092592592593 0.5479600694444444 0.37644675925925924 0.5470920138888888 0.37471064814814814 0.54296875 0.37355324074074076 0.5399305555555556 0.3666087962962963 0.5362413194444444 0.3645833333333333 0.513671875 0.3645833333333333 0.5078125 0.3663194444444444 0.5052083333333334 0.3683449074074074 0.5021701388888888 0.37297453703703703 0.4978298611111111 0.375 0.4967447916666667 0.3773148148148148 0.4995659722222222 0.3833912037037037
1 0.5464409722222222 0.36516203703703703 0.5479600694444444 0.3671875 0.548828125 0.37008101851851855 0.5536024305555556 0.37528935185185186 0.5577256944444444 0.3732638888888889 0.5620659722222222 0.3732638888888889 0.56640625 0.3741319444444444 0.5813802083333334 0.3744212962962963 0.5855034722222222 0.3761574074074074 0.5887586805555556 0.37644675925925924 0.5900607638888888 0.3738425925925926 0.5907118055555556 0.36082175925925924 0.5885416666666666 0.34780092592592593 0.5870225694444444 0.3446180555555556 0.5846354166666666 0.3353587962962963 0.5802951388888888 0.32783564814814814 0.5750868055555556 0.3255208333333333 0.5603298611111112 0.32523148148148145 0.5538194444444444 0.32667824074074076 0.5503472222222222 0.3315972222222222 0.546875 0.33304398148148145 0.5434027777777778 0.3385416666666667 0.54296875 0.34230324074074076 0.5464409722222222 0.36516203703703703
5 0.517578125 0.6148726851851852 0.5208333333333334 0.6195023148148148 0.521484375 0.6261574074074074 0.5212673611111112 0.6319444444444444 0.5221354166666666 0.6397569444444444 0.5219184027777778 0.6487268518518519 0.5212673611111112 0.6513310185185185 0.5225694444444444 0.6675347222222222 0.5238715277777778 0.6715856481481481 0.5238715277777778 0.6889467592592593 0.525390625 0.7210648148148148 0.5260416666666666 0.7245370370370371 0.5262586805555556 0.7520254629629629 0.5290798611111112 0.7621527777777778 0.5329861111111112 0.7696759259259259 0.5364583333333334 0.7737268518518519 0.5460069444444444 0.7766203703703703 0.5772569444444444 0.7792245370370371 0.5924479166666666 0.7795138888888888 0.6243489583333334 0.7774884259259259 0.6293402777777778 0.7763310185185185 0.6330295138888888 0.7743055555555556 0.6349826388888888 0.7693865740740741 0.6354166666666666 0.7662037037037037 0.6358506944444444 0.7413194444444444 0.6358506944444444 0.7228009259259259 0.6336805555555556 0.6993634259259259 0.6299913194444444 0.6788194444444444 0.6247829861111112 0.6643518518518519 0.6176215277777778 0.6374421296296297 0.6137152777777778 0.6264467592592593 0.6128472222222222 0.6206597222222222 0.6128472222222222 0.6195023148148148 0.6150173611111112 0.6177662037037037 0.6234809027777778 0.6174768518518519 0.6243489583333334 0.6157407407407407 0.6243489583333334 0.6119791666666666 0.6234809027777778 0.6108217592592593 0.6182725694444444 0.609375 0.6126302083333334 0.6087962962962963 0.6091579861111112 0.6047453703703703 0.6078559027777778 0.6015625 0.6056857638888888 0.5989583333333334 0.5985243055555556 0.5951967592592593 0.5826822916666666 0.5905671296296297 0.5677083333333334 0.5891203703703703 0.5481770833333334 0.5899884259259259 0.5266927083333334 0.5951967592592593 0.5251736111111112 0.5960648148148148 0.5234375 0.5986689814814815 0.5221354166666666 0.6050347222222222 0.517578125 0.6090856481481481 0.5171440972222222 0.6111111111111112 0.5169270833333334 0.6131365740740741 0.517578125 0.6148726851851852
1 0.4921875 0.20457175925925927 0.4986979166666667 0.20630787037037038 0.5013020833333334 0.20341435185185186 0.5013020833333334 0.19502314814814814 0.5008680555555556 0.1918402777777778 0.4995659722222222 0.1892361111111111 0.4982638888888889 0.18836805555555555 0.4947916666666667 0.18836805555555555 0.4913194444444444 0.1958912037037037 0.4913194444444444 0.2037037037037037 0.4921875 0.20457175925925927
1 0.525390625 0.2300347222222222 0.5262586805555556 0.23119212962962962 0.5405815972222222 0.23032407407407407 0.5436197916666666 0.2282986111111111 0.5431857638888888 0.21354166666666666 0.5399305555555556 0.2048611111111111 0.5366753472222222 0.20283564814814814 0.5297309027777778 0.203125 0.5262586805555556 0.20572916666666666 0.5245225694444444 0.21064814814814814 0.5243055555555556 0.22511574074074073 0.525390625 0.2300347222222222
1 0.4880642361111111 0.2248263888888889 0.4947916666666667 0.2259837962962963 0.4969618055555556 0.22511574074074073 0.4984809027777778 0.22193287037037038 0.4993489583333333 0.2144097222222222 0.4993489583333333 0.21006944444444445 0.4984809027777778 0.2074652777777778 0.4950086805555556 0.20515046296296297 0.4915364583333333 0.20543981481481483 0.4891493055555556 0.2103587962962963 0.4880642361111111 0.2170138888888889 0.4874131944444444 0.22337962962962962 0.4880642361111111 0.2248263888888889
1 0.669921875 0.3136574074074074 0.6716579861111112 0.31568287037037035 0.6749131944444444 0.31712962962962965 0.6783854166666666 0.32175925925925924 0.6820746527777778 0.32320601851851855 0.6903211805555556 0.3226273148148148 0.6927083333333334 0.32349537037037035 0.6948784722222222 0.3211805555555556 0.6961805555555556 0.31655092592592593 0.6970486111111112 0.29484953703703703 0.6970486111111112 0.2890625 0.6961805555555556 0.28616898148148145 0.6861979166666666 0.28587962962962965 0.6788194444444444 0.2881944444444444 0.6705729166666666 0.2962962962962963 0.6684027777777778 0.3003472222222222 0.6684027777777778 0.3081597222222222 0.669921875 0.3136574074074074
8 0.6286892361111112 0.5766782407407407 0.6302083333333334 0.5801504629629629 0.6354166666666666 0.5847800925925926 0.63671875 0.5891203703703703 0.6391059027777778 0.5934606481481481 0.640625 0.6006944444444444 0.6490885416666666 0.6171875 0.6529947916666666 0.6325231481481481 0.65625 0.6646412037037037 0.6577690972222222 0.6681134259259259 0.6610243055555556 0.6721643518518519 0.6662326388888888 0.6741898148148148 0.671875 0.6808449074074074 0.6751302083333334 0.6817129629629629 0.6833767361111112 0.6799768518518519 0.7096354166666666 0.6811342592592593 0.7289496527777778 0.6799768518518519 0.736328125 0.6811342592592593 0.7547743055555556 0.6811342592592593 0.7615017361111112 0.6805555555555556 0.7641059027777778 0.6788194444444444 0.7658420138888888 0.6747685185185185 0.7684461805555556 0.6519097222222222 0.7693142361111112 0.6302083333333334 0.7699652777777778 0.6270254629629629 0.7699652777777778 0.6131365740740741 0.7690972222222222 0.6096643518518519 0.7677951388888888 0.5911458333333334 0.7645399305555556 0.5784143518518519 0.7638888888888888 0.5708912037037037 0.7621527777777778 0.5659722222222222 0.7532552083333334 0.5526620370370371 0.7482638888888888 0.5416666666666666 0.7398003472222222 0.5289351851851852 0.7384982638888888 0.5257523148148148 0.7361111111111112 0.5237268518518519 0.7287326388888888 0.5104166666666666 0.7237413194444444 0.5043402777777778 0.7211371527777778 0.5020254629629629 0.7172309027777778 0.5005787037037037 0.7096354166666666 0.5005787037037037 0.7072482638888888 0.4994212962962963 0.6996527777777778 0.4982638888888889 0.6898871527777778 0.4991319444444444 0.6801215277777778 0.4982638888888889 0.6638454861111112 0.4991319444444444 0.650390625 0.5017361111111112 0.646484375 0.5046296296296297 0.6410590277777778 0.5118634259259259 0.6328125 0.515625 0.6315104166666666 0.5190972222222222 0.6315104166666666 0.5257523148148148 0.62890625 0.5376157407407407 0.6280381944444444 0.5491898148148148 0.6278211805555556 0.5656828703703703 0.6286892361111112 0.5766782407407407
1 0.5692274305555556 0.20601851851851852 0.5707465277777778 0.20717592592592593 0.5785590277777778 0.20601851851851852 0.5802951388888888 0.20341435185185186 0.5815972222222222 0.19907407407407407 0.5818142361111112 0.1892361111111111 0.5802951388888888 0.18489583333333334 0.5766059027777778 0.18229166666666666 0.5716145833333334 0.18229166666666666 0.5692274305555556 0.18489583333333334 0.5679253472222222 0.1892361111111111 0.5677083333333334 0.20081018518518517 0.5692274305555556 0.20601851851851852
1 0.4984809027777778 0.2378472222222222 0.5034722222222222 0.23640046296296297 0.5141059027777778 0.23640046296296297 0.5162760416666666 0.2349537037037037 0.5158420138888888 0.2230902777777778 0.5121527777777778 0.21354166666666666 0.5104166666666666 0.21238425925925927 0.5052083333333334 0.2109375 0.5010850694444444 0.2120949074074074 0.5 0.21325231481481483 0.4973958333333333 0.2248263888888889 0.4973958333333333 0.2349537037037037 0.4984809027777778 0.2378472222222222
1 0.7634548611111112 0.3897569444444444 0.763671875 0.39814814814814814 0.7654079861111112 0.4007523148148148 0.7730034722222222 0.40248842592592593 0.7875434027777778 0.40335648148148145 0.7936197916666666 0.4053819444444444 0.7970920138888888 0.40422453703703703 0.8038194444444444 0.3961226851851852 0.8044704861111112 0.3929398148148148 0.8038194444444444 0.37991898148148145 0.7981770833333334 0.37094907407407407 0.7931857638888888 0.359375 0.7903645833333334 0.35619212962962965 0.7769097222222222 0.3489583333333333 0.7693142361111112 0.34837962962962965 0.767578125 0.35127314814814814 0.7654079861111112 0.3599537037037037 0.7651909722222222 0.3726851851851852 0.7634548611111112 0.3897569444444444
2 0.5759548611111112 0.4224537037037037 0.5783420138888888 0.43605324074074076 0.5850694444444444 0.42679398148148145 0.5870225694444444 0.4253472222222222 0.5813802083333334 0.4195601851851852 0.5818142361111112 0.4152199074074074 0.5833333333333334 0.4134837962962963 0.5887586805555556 0.41203703703703703 0.5904947916666666 0.4105902777777778 0.5930989583333334 0.40480324074074076 0.5939670138888888 0.40162037037037035 0.5939670138888888 0.3932291666666667 0.5920138888888888 0.38744212962962965 0.5876736111111112 0.38773148148148145 0.5859375 0.3929398148148148 0.5855034722222222 0.40133101851851855 0.5811631944444444 0.4045138888888889 0.5779079861111112 0.4114583333333333 0.5759548611111112 0.4184027777777778 0.5759548611111112 0.4224537037037037
2 0.008897569444444444 0.5138888888888888 0.010850694444444444 0.5162037037037037 0.016059027777777776 0.5176504629629629 0.018446180555555556 0.5228587962962963 0.018880208333333332 0.5283564814814815 0.017144097222222224 0.5384837962962963 0.017144097222222224 0.5503472222222222 0.019314236111111112 0.5555555555555556 0.022135416666666668 0.5570023148148148 0.025824652777777776 0.5561342592592593 0.026692708333333332 0.5532407407407407 0.024522569444444444 0.5480324074074074 0.024739583333333332 0.5402199074074074 0.025173611111111112 0.5364583333333334 0.027560763888888888 0.5298032407407407 0.027994791666666668 0.5219907407407407 0.03146701388888889 0.5162037037037037 0.029730902777777776 0.5060763888888888 0.03146701388888889 0.5017361111111112 0.030598958333333332 0.5008680555555556 0.029947916666666668 0.4973958333333333 0.028645833333333332 0.49508101851851855 0.026041666666666668 0.4852430555555556 0.024305555555555556 0.4820601851851852 0.022786458333333332 0.47337962962962965 0.019965277777777776 0.46875 0.015625 0.4681712962962963 0.011501736111111112 0.4704861111111111 0.010633680555555556 0.47337962962962965 0.010850694444444444 0.48466435185185186 0.008680555555555556 0.49016203703703703 0.007161458333333333 0.4994212962962963 0.006944444444444444 0.5060763888888888 0.008897569444444444 0.5138888888888888
2 0.12217881944444445 0.46412037037037035 0.123046875 0.4678819444444444 0.12434895833333333 0.4696180555555556 0.12565104166666666 0.47366898148148145 0.125 0.47800925925925924 0.1284722222222222 0.49855324074074076 0.13020833333333334 0.5020254629629629 0.1351996527777778 0.5037615740740741 0.1388888888888889 0.5075231481481481 0.1401909722222222 0.5107060185185185 0.14171006944444445 0.5115740740740741 0.1430121527777778 0.5141782407407407 0.1430121527777778 0.5300925925925926 0.14127604166666666 0.5402199074074074 0.14192708333333334 0.5434027777777778 0.14322916666666666 0.5448495370370371 0.14756944444444445 0.5454282407407407 0.1486545138888889 0.5434027777777778 0.14778645833333334 0.5405092592592593 0.1480034722222222 0.5355902777777778 0.14930555555555555 0.5309606481481481 0.15147569444444445 0.5266203703703703 0.15321180555555555 0.5193865740740741 0.1538628472222222 0.5031828703703703 0.15711805555555555 0.49537037037037035 0.15559895833333334 0.4916087962962963 0.1558159722222222 0.4878472222222222 0.1577690972222222 0.48640046296296297 0.16861979166666666 0.4878472222222222 0.16883680555555555 0.484375 0.1616753472222222 0.48234953703703703 0.15321180555555555 0.4771412037037037 0.15104166666666666 0.4739583333333333 0.14561631944444445 0.46903935185185186 0.14366319444444445 0.4632523148148148 0.1404079861111111 0.4583333333333333 0.1332465277777778 0.4583333333333333 0.1284722222222222 0.4557291666666667 0.12630208333333334 0.4557291666666667 0.12261284722222222 0.4583333333333333 0.12196180555555555 0.4600694444444444 0.12217881944444445 0.46412037037037035
2 0.08355034722222222 0.40914351851851855 0.08637152777777778 0.41261574074074076 0.087890625 0.41782407407407407 0.08940972222222222 0.41984953703703703 0.0915798611111111 0.4207175925925926 0.09657118055555555 0.41984953703703703 0.0974392361111111 0.4184027777777778 0.09722222222222222 0.41087962962962965 0.09136284722222222 0.38686342592592593 0.09136284722222222 0.3793402777777778 0.09071180555555555 0.3776041666666667 0.08832465277777778 0.37644675925925924 0.0857204861111111 0.37818287037037035 0.08159722222222222 0.3888888888888889 0.08138020833333333 0.40162037037037035 0.08355034722222222 0.40914351851851855
2 0.4654947916666667 0.37210648148148145 0.4657118055555556 0.3767361111111111 0.466796875 0.37962962962962965 0.4709201388888889 0.37991898148148145 0.4739583333333333 0.3819444444444444 0.4774305555555556 0.3816550925925926 0.4774305555555556 0.37123842592592593 0.4793836805555556 0.3663194444444444 0.4793836805555556 0.36255787037037035 0.4741753472222222 0.35619212962962965 0.4730902777777778 0.34837962962962965 0.4711371527777778 0.3463541666666667 0.46875 0.3472222222222222 0.4674479166666667 0.3489583333333333 0.4659288194444444 0.3559027777777778 0.4635416666666667 0.35908564814814814 0.4635416666666667 0.3683449074074074 0.4654947916666667 0.37210648148148145
6 0.4663628472222222 0.22366898148148148 0.4663628472222222 0.23148148148148148 0.4683159722222222 0.23726851851851852 0.4700520833333333 0.23842592592592593 0.4791666666666667 0.23755787037037038 0.4845920138888889 0.23842592592592593 0.4856770833333333 0.2349537037037037 0.4850260416666667 0.2248263888888889 0.4854600694444444 0.22019675925925927 0.4835069444444444 0.21730324074074073 0.4830729166666667 0.2065972222222222 0.4813368055555556 0.19994212962962962 0.4776475694444444 0.1987847222222222 0.4735243055555556 0.19907407407407407 0.4700520833333333 0.203125 0.46875 0.20833333333333334 0.4683159722222222 0.21730324074074073 0.4663628472222222 0.22366898148148148
6 0.4989149305555556 0.2980324074074074 0.4997829861111111 0.30266203703703703 0.5006510416666666 0.3263888888888889 0.5015190972222222 0.33015046296296297 0.5327690972222222 0.3289930555555556 0.5349392361111112 0.3246527777777778 0.5347222222222222 0.29282407407407407 0.5325520833333334 0.265625 0.5314670138888888 0.2630208333333333 0.5299479166666666 0.26157407407407407 0.5071614583333334 0.2630208333333333 0.5013020833333334 0.2638888888888889 0.4993489583333333 0.265625 0.4991319444444444 0.26707175925925924 0.4997829861111111 0.29398148148148145 0.4989149305555556 0.2980324074074074
3 0.5779079861111112 0.4079861111111111 0.5774739583333334 0.43894675925925924 0.578125 0.4435763888888889 0.580078125 0.44907407407407407 0.5844184027777778 0.45457175925925924 0.5850694444444444 0.4565972222222222 0.5889756944444444 0.4592013888888889 0.5924479166666666 0.4565972222222222 0.5959201388888888 0.44849537037037035 0.5959201388888888 0.43344907407407407 0.5965711805555556 0.42939814814814814 0.5989583333333334 0.42563657407407407 0.5998263888888888 0.4207175925925926 0.6002604166666666 0.4045138888888889 0.5987413194444444 0.40306712962962965 0.59375 0.40335648148148145 0.5883246527777778 0.4079861111111111 0.5813802083333334 0.4074074074074074 0.5805121527777778 0.4045138888888889 0.5785590277777778 0.40219907407407407 0.5759548611111112 0.4036458333333333 0.5757378472222222 0.4045138888888889 0.5779079861111112 0.4079861111111111
3 0 0.5075231481481481 0 0.5350115740740741 0.0015190972222222222 0.5350115740740741 0.00390625 0.5419560185185185 0.009331597222222222 0.5471643518518519 0.01171875 0.5483217592592593 0.015842013888888888 0.5477430555555556 0.019097222222222224 0.5277777777777778 0.018012152777777776 0.5208333333333334 0.016276041666666668 0.5176504629629629 0.013020833333333334 0.5167824074074074 0.010633680555555556 0.5150462962962963 0.007161458333333333 0.5078125 0.004557291666666667 0.5052083333333334 0.002170138888888889 0.5072337962962963 0 0.5075231481481481
3 0.025824652777777776 0.5361689814814815 0.026258680555555556 0.5407986111111112 0.038628472222222224 0.5413773148148148 0.04709201388888889 0.5399305555555556 0.050347222222222224 0.5410879629629629 0.057291666666666664 0.5483217592592593 0.062065972222222224 0.5500578703703703 0.06749131944444445 0.5486111111111112 0.06922743055555555 0.5471643518518519 0.07139756944444445 0.5431134259259259 0.07183159722222222 0.5350115740740741 0.07118055555555555 0.5306712962962963 0.0685763888888889 0.5257523148148148 0.059895833333333336 0.5193865740740741 0.05837673611111111 0.5162037037037037 0.059027777777777776 0.5133101851851852 0.05881076388888889 0.5098379629629629 0.056206597222222224 0.5023148148148148 0.056206597222222224 0.4973958333333333 0.057291666666666664 0.49623842592592593 0.057291666666666664 0.49016203703703703 0.054036458333333336 0.4913194444444444 0.05381944444444445 0.49508101851851855 0.052083333333333336 0.49681712962962965 0.044270833333333336 0.49710648148148145 0.041449652777777776 0.5005787037037037 0.03515625 0.5040509259259259 0.03428819444444445 0.5052083333333334 0.033854166666666664 0.5086805555555556 0.03125 0.5118634259259259 0.031032986111111112 0.5167824074074074 0.027126736111111112 0.5225694444444444 0.02734375 0.5295138888888888 0.025824652777777776 0.5361689814814815
3 0.12825520833333334 0.5295138888888888 0.13020833333333334 0.5329861111111112 0.13368055555555555 0.5358796296296297 0.1371527777777778 0.5370370370370371 0.1401909722222222 0.5367476851851852 0.14192708333333334 0.5347222222222222 0.14322916666666666 0.5298032407407407 0.14322916666666666 0.5188078703703703 0.1440972222222222 0.5159143518518519 0.1440972222222222 0.5115740740740741 0.140625 0.5098379629629629 0.1388888888888889 0.5075231481481481 0.1349826388888889 0.5049189814814815 0.13194444444444445 0.5049189814814815 0.13020833333333334 0.5060763888888888 0.12890625 0.5089699074074074 0.126953125 0.5199652777777778 0.126953125 0.5248842592592593 0.12825520833333334 0.5295138888888888
3 0.1501736111111111 0.5283564814814815 0.15104166666666666 0.5318287037037037 0.1644965277777778 0.5271990740740741 0.16883680555555555 0.5240162037037037 0.17057291666666666 0.5260416666666666 0.17513020833333334 0.5350115740740741 0.177734375 0.5373263888888888 0.18250868055555555 0.5379050925925926 0.18619791666666666 0.5370370370370371 0.1896701388888889 0.5329861111111112 0.19075520833333334 0.5263310185185185 0.1896701388888889 0.5205439814814815 0.1857638888888889 0.515625 0.1796875 0.5124421296296297 0.1775173611111111 0.5092592592592593 0.17686631944444445 0.49681712962962965 0.1762152777777778 0.4945023148148148 0.1720920138888889 0.48842592592592593 0.1684027777777778 0.4869791666666667 0.16341145833333334 0.4930555555555556 0.15559895833333334 0.4947916666666667 0.1538628472222222 0.49710648148148145 0.15321180555555555 0.5005787037037037 0.15299479166666666 0.5196759259259259 0.1501736111111111 0.5283564814814815
3 0.466796875 0.3978587962962963 0.4691840277777778 0.4010416666666667 0.4702690972222222 0.4039351851851852 0.4735243055555556 0.40335648148148145 0.4754774305555556 0.4007523148148148 0.4772135416666667 0.3917824074074074 0.4767795138888889 0.3802083333333333 0.4730902777777778 0.3741319444444444 0.4672309027777778 0.37297453703703703 0.4659288194444444 0.3767361111111111 0.4657118055555556 0.39438657407407407 0.466796875 0.3978587962962963