8 0.5579861111111111 0.6611111111111112 0.5576388888888888 0.6688271604938272 0.5585069444444444 0.6734567901234568 0.5576388888888888 0.6851851851851852 0.5579861111111111 0.6904320987654321 0.5572916666666666 0.692283950617284 0.5562499999999999 0.7132716049382716 0.5572916666666666 0.725 0.5572916666666666 0.7358024691358025 0.5597222222222222 0.7496913580246913 0.5597222222222222 0.7555555555555555 0.5604166666666667 0.7583333333333334 0.5612847222222223 0.7694444444444444 0.5633680555555556 0.7796296296296297 0.5633680555555556 0.7867283950617284 0.5623263888888889 0.7895061728395062 0.5623263888888889 0.792283950617284 0.5638888888888889 0.8 0.5642361111111112 0.8163580246913581 0.5651041666666666 0.8188271604938272 0.5678819444444444 0.8345679012345678 0.5703125 0.8391975308641975 0.5755208333333334 0.8441358024691359 0.5791666666666666 0.8453703703703703 0.5939236111111111 0.8469135802469135 0.6036458333333333 0.8493827160493828 0.6439236111111112 0.8493827160493828 0.6463541666666666 0.8469135802469135 0.6480902777777777 0.8462962962962963 0.6496527777777777 0.8432098765432099 0.6510416666666666 0.8361111111111111 0.6520833333333333 0.8179012345679012 0.6515624999999999 0.7935185185185185 0.6524305555555555 0.7870370370370371 0.6524305555555555 0.7753086419753087 0.6512152777777778 0.7672839506172839 0.6512152777777778 0.7601851851851852 0.6524305555555555 0.7564814814814815 0.6539930555555555 0.7555555555555555 0.6581597222222222 0.7503086419753087 0.6586805555555556 0.7484567901234568 0.6586805555555556 0.7444444444444445 0.6576388888888888 0.7410493827160494 0.6510416666666666 0.7391975308641975 0.6487847222222222 0.7351851851851853 0.647048611111111 0.7277777777777777 0.6467013888888888 0.721604938271605 0.6446180555555555 0.7104938271604938 0.6442708333333333 0.7024691358024691 0.6430555555555556 0.6962962962962963 0.6197916666666666 0.6111111111111112 0.6163194444444444 0.6055555555555556 0.6076388888888888 0.6033950617283951 0.5899305555555555 0.6012345679012346 0.5677083333333334 0.6024691358024691 0.5642361111111112 0.604320987654321 0.5618055555555556 0.6095679012345678 0.5600694444444444 0.617283950617284 0.5597222222222222 0.6234567901234568 0.5581597222222222 0.6302469135802469 0.5572916666666666 0.6385802469135803 0.5572916666666666 0.657716049382716 0.5579861111111111 0.6611111111111112
8 0.5032986111111111 0.4012345679012346 0.5034722222222222 0.42006172839506173 0.5045138888888888 0.4287037037037037 0.5074652777777777 0.4324074074074074 0.5086805555555556 0.4391975308641975 0.5116319444444445 0.4425925925925926 0.5196180555555555 0.441358024691358 0.5296875 0.4419753086419753 0.5347222222222222 0.4435185185185185 0.5399305555555556 0.44290123456790126 0.5409722222222222 0.4395061728395062 0.5416666666666666 0.43179012345679013 0.5402777777777777 0.40030864197530863 0.5373263888888888 0.3867283950617284 0.5348958333333333 0.37993827160493826 0.5315972222222223 0.37376543209876545 0.5277777777777778 0.36851851851851847 0.5232638888888889 0.366358024691358 0.5118055555555555 0.36574074074074076 0.5071180555555556 0.3694444444444444 0.5041666666666667 0.3768518518518519 0.5039930555555555 0.39783950617283953 0.5032986111111111 0.4012345679012346
8 0.1909722222222222 0.5351851851851852 0.1902777777777778 0.546604938271605 0.19218749999999998 0.5493827160493827 0.19583333333333333 0.5518518518518518 0.20260416666666664 0.5530864197530865 0.20607638888888888 0.5552469135802469 0.22795138888888888 0.5552469135802469 0.2342013888888889 0.5561728395061728 0.23576388888888888 0.5549382716049382 0.23680555555555555 0.5515432098765432 0.23680555555555555 0.5487654320987654 0.23524305555555555 0.5407407407407407 0.23524305555555555 0.5339506172839505 0.23645833333333333 0.5265432098765432 0.23958333333333334 0.5185185185185185 0.2407986111111111 0.5175925925925926 0.24479166666666666 0.5175925925925926 0.24583333333333335 0.5188271604938272 0.24756944444444445 0.5290123456790123 0.25156249999999997 0.5342592592592592 0.2552083333333333 0.5342592592592592 0.26197916666666665 0.5262345679012346 0.26944444444444443 0.5225308641975308 0.27118055555555554 0.5108024691358024 0.2717013888888889 0.5027777777777778 0.2717013888888889 0.4824074074074074 0.2704861111111111 0.4759259259259259 0.2677083333333333 0.47129629629629627 0.26510416666666664 0.4608024691358025 0.2626736111111111 0.4561728395061728 0.2612847222222222 0.4555555555555556 0.25902777777777775 0.4524691358024691 0.2565972222222222 0.45123456790123456 0.25555555555555554 0.4493827160493827 0.24947916666666664 0.4469135802469136 0.23368055555555556 0.4472222222222222 0.22413194444444445 0.4493827160493827 0.221875 0.45123456790123456 0.2175347222222222 0.4527777777777778 0.21458333333333335 0.4555555555555556 0.2095486111111111 0.4583333333333333 0.2034722222222222 0.46512345679012346 0.1998263888888889 0.4679012345679012 0.1951388888888889 0.4740740740740741 0.19288194444444445 0.4839506172839506 0.18975694444444444 0.5135802469135803 0.1892361111111111 0.5228395061728395 0.1909722222222222 0.5351851851851852
1 0.6722222222222222 0.7796296296296297 0.6723958333333333 0.7901234567901234 0.6753472222222222 0.7981481481481482 0.6784722222222221 0.8027777777777778 0.6847222222222222 0.8052469135802469 0.686111111111111 0.8074074074074075 0.6892361111111112 0.8154320987654321 0.6914930555555555 0.8194444444444444 0.6928819444444444 0.825 0.6944444444444444 0.8274691358024691 0.6953125 0.83179012345679 0.6979166666666666 0.8379629629629629 0.7012152777777778 0.8493827160493828 0.7052083333333333 0.8574074074074074 0.7057291666666666 0.8589506172839506 0.7060763888888888 0.8660493827160494 0.7069444444444444 0.8691358024691357 0.7065972222222222 0.8879629629629631 0.7097222222222221 0.9009259259259259 0.7111111111111111 0.9024691358024691 0.7126736111111112 0.9061728395061728 0.7161458333333334 0.9092592592592593 0.7180555555555556 0.9098765432098765 0.7248263888888888 0.9095679012345679 0.7317708333333334 0.9070987654320988 0.7350694444444444 0.907716049382716 0.7378472222222222 0.9095679012345679 0.7496527777777777 0.9104938271604938 0.7574652777777777 0.9126543209876543 0.779861111111111 0.9135802469135803 0.7828125 0.9126543209876543 0.7958333333333334 0.9126543209876543 0.8005208333333333 0.9083333333333333 0.8041666666666666 0.9030864197530865 0.8072916666666666 0.8879629629629631 0.8086805555555555 0.8709876543209876 0.8086805555555555 0.8589506172839506 0.8038194444444444 0.8382716049382716 0.8019097222222222 0.8354938271604938 0.7980902777777777 0.8246913580246913 0.7947916666666666 0.8188271604938272 0.7909722222222222 0.803395061728395 0.7869791666666666 0.7919753086419753 0.7869791666666666 0.7861111111111112 0.7902777777777777 0.7833333333333333 0.7916666666666666 0.7799382716049382 0.7914930555555556 0.7731481481481481 0.7902777777777777 0.7709876543209876 0.7864583333333334 0.770679012345679 0.7845486111111112 0.7722222222222223 0.7833333333333333 0.775 0.7822916666666666 0.7743827160493827 0.7791666666666666 0.7682098765432099 0.7736111111111111 0.7496913580246913 0.7708333333333334 0.7438271604938271 0.7692708333333333 0.737962962962963 0.762673611111111 0.7209876543209875 0.7550347222222222 0.7080246913580247 0.7529513888888888 0.7055555555555556 0.7447916666666666 0.6901234567901234 0.7397569444444444 0.6830246913580247 0.7380208333333333 0.678395061728395 0.7279513888888888 0.6666666666666666 0.7218749999999999 0.6632716049382715 0.7034722222222222 0.6601851851851852 0.6862847222222221 0.6611111111111112 0.6850694444444444 0.6623456790123456 0.6829861111111112 0.6688271604938272 0.6807291666666666 0.6719135802469135 0.6800347222222222 0.6746913580246913 0.6736111111111112 0.6876543209876543 0.6711805555555556 0.7006172839506173 0.670486111111111 0.7135802469135802 0.6711805555555556 0.7694444444444444 0.6722222222222222 0.7796296296296297
1 0.3355902777777778 0.4450617283950617 0.3355902777777778 0.4537037037037037 0.3359375 0.45679012345679015 0.33749999999999997 0.46049382716049386 0.3407986111111111 0.46049382716049386 0.3430555555555555 0.4555555555555556 0.3454861111111111 0.4537037037037037 0.3595486111111111 0.45339506172839505 0.3630208333333333 0.45462962962962966 0.3651041666666667 0.4595679012345679 0.3663194444444444 0.4608024691358025 0.3678819444444444 0.45987654320987653 0.3690972222222222 0.4574074074074074 0.36996527777777777 0.45123456790123456 0.3732638888888889 0.44382716049382714 0.3751736111111111 0.42592592592592593 0.3753472222222222 0.4175925925925926 0.3732638888888889 0.41018518518518515 0.3668402777777778 0.40030864197530863 0.3637152777777778 0.39845679012345675 0.3520833333333333 0.3990740740740741 0.3489583333333333 0.40154320987654324 0.34479166666666666 0.4027777777777778 0.34184027777777776 0.4055555555555555 0.3411458333333333 0.4083333333333333 0.3376736111111111 0.41450617283950614 0.3368055555555556 0.4225308641975309 0.3352430555555555 0.4271604938271605 0.3350694444444444 0.4425925925925926 0.3355902777777778 0.4450617283950617
1 0.2805555555555555 0.4246913580246914 0.28125 0.4327160493827161 0.2829861111111111 0.4361111111111111 0.2899305555555556 0.4385802469135803 0.2935763888888889 0.4469135802469136 0.29670138888888886 0.4478395061728395 0.30746527777777777 0.44290123456790126 0.3097222222222222 0.4447530864197531 0.31232638888888886 0.45 0.3149305555555555 0.45092592592592595 0.3168402777777778 0.44907407407407407 0.3180555555555556 0.44660493827160497 0.3190972222222222 0.43765432098765433 0.3208333333333333 0.4354938271604938 0.3246527777777778 0.43487654320987656 0.3265625 0.43209876543209874 0.3270833333333333 0.42685185185185187 0.3267361111111111 0.4212962962962963 0.3277777777777778 0.41604938271604935 0.3272569444444444 0.41203703703703703 0.3246527777777778 0.40771604938271605 0.31666666666666665 0.3990740740740741 0.3119791666666667 0.39197530864197533 0.3090277777777778 0.38981481481481484 0.29965277777777777 0.38827160493827156 0.2935763888888889 0.3888888888888889 0.2907986111111111 0.39043209876543206 0.2890625 0.39197530864197533 0.28593749999999996 0.39783950617283953 0.2845486111111111 0.4070987654320988 0.2829861111111111 0.4111111111111111 0.2826388888888889 0.41820987654320985 0.2805555555555555 0.4246913580246914
4 0.6732638888888888 0.5712962962962963 0.6741319444444444 0.5839506172839506 0.6753472222222222 0.5901234567901235 0.6784722222222221 0.5944444444444444 0.6824652777777778 0.5941358024691359 0.6866319444444444 0.5969135802469135 0.6875 0.5993827160493828 0.6911458333333333 0.604320987654321 0.6958333333333333 0.6132716049382716 0.6979166666666666 0.6151234567901235 0.6991319444444444 0.6212962962962962 0.6994791666666667 0.6308641975308641 0.7006944444444444 0.6382716049382716 0.7019097222222221 0.641358024691358 0.7029513888888889 0.6422839506172839 0.7069444444444444 0.6422839506172839 0.7104166666666666 0.6373456790123456 0.717361111111111 0.6385802469135803 0.7201388888888888 0.6401234567901234 0.7321180555555555 0.6416666666666666 0.7357638888888888 0.6432098765432099 0.7524305555555556 0.6435185185185185 0.7560763888888888 0.6410493827160494 0.7585069444444444 0.6361111111111112 0.7597222222222222 0.6262345679012346 0.7597222222222222 0.6179012345679012 0.7585069444444444 0.6061728395061728 0.7574652777777777 0.6021604938271605 0.7539930555555555 0.5947530864197531 0.7519097222222222 0.5882716049382716 0.748611111111111 0.5824074074074074 0.7434027777777777 0.5648148148148148 0.739236111111111 0.5540123456790124 0.7326388888888888 0.5425925925925926 0.728125 0.5373456790123456 0.7225694444444444 0.5330246913580247 0.7190972222222222 0.5317901234567901 0.7088541666666666 0.5305555555555556 0.6958333333333333 0.5305555555555556 0.6888888888888888 0.5330246913580247 0.6748263888888888 0.5339506172839505 0.6729166666666666 0.5348765432098765 0.6717013888888889 0.5361111111111111 0.670486111111111 0.5453703703703704 0.670486111111111 0.5635802469135802 0.6732638888888888 0.5712962962962963
1 0.2982638888888889 0.5148148148148148 0.2986111111111111 0.5274691358024691 0.2998263888888889 0.5320987654320988 0.30086805555555557 0.5333333333333333 0.3284722222222222 0.5333333333333333 0.33142361111111107 0.5320987654320988 0.3420138888888889 0.5320987654320988 0.3440972222222222 0.5231481481481481 0.3524305555555556 0.5055555555555555 0.3524305555555556 0.48456790123456794 0.3510416666666667 0.47901234567901235 0.35 0.47716049382716047 0.34774305555555557 0.4759259259259259 0.3458333333333333 0.47314814814814815 0.3421875 0.4700617283950617 0.3336805555555556 0.4679012345679012 0.3272569444444444 0.4675925925925926 0.31631944444444443 0.46882716049382717 0.3142361111111111 0.4697530864197531 0.3100694444444444 0.4740740740740741 0.30868055555555557 0.47901234567901235 0.3034722222222222 0.49104938271604937 0.3032986111111111 0.4925925925925925 0.3019097222222222 0.4959876543209876 0.3003472222222222 0.4978395061728395 0.2982638888888889 0.504320987654321 0.2973958333333333 0.5052469135802469 0.2972222222222222 0.508641975308642 0.2982638888888889 0.5148148148148148
5 0.31840277777777776 0.7660493827160494 0.32187499999999997 0.7725308641975309 0.3267361111111111 0.7762345679012346 0.3315972222222222 0.7780864197530865 0.3404513888888889 0.7774691358024691 0.3430555555555555 0.7799382716049382 0.3449652777777778 0.7805555555555556 0.34652777777777777 0.7833333333333333 0.3506944444444444 0.7864197530864198 0.3578125 0.7870370370370371 0.3625 0.7842592592592593 0.3659722222222222 0.7799382716049382 0.3675347222222222 0.7762345679012346 0.37118055555555557 0.7725308641975309 0.3779513888888889 0.7725308641975309 0.3807291666666667 0.7709876543209876 0.3890625 0.769753086419753 0.4112847222222222 0.7635802469135803 0.4418402777777778 0.7589506172839506 0.4444444444444444 0.7564814814814815 0.4470486111111111 0.7608024691358025 0.4522569444444444 0.7641975308641975 0.4588541666666667 0.7645061728395062 0.4628472222222222 0.7629629629629631 0.4657986111111111 0.7598765432098765 0.4689236111111111 0.7549382716049382 0.4713541666666667 0.7484567901234568 0.4730902777777778 0.7462962962962962 0.4786458333333333 0.7432098765432099 0.4822916666666667 0.7425925925925926 0.4880208333333333 0.7385802469135803 0.4897569444444444 0.7342592592592593 0.4904513888888889 0.7194444444444444 0.4897569444444444 0.7114197530864197 0.4875 0.7 0.4868055555555555 0.6768518518518518 0.4826388888888889 0.6675925925925925 0.4743055555555556 0.6611111111111112 0.4640625 0.6623456790123456 0.4588541666666667 0.6617283950617284 0.4534722222222222 0.6595679012345679 0.4473958333333333 0.6546296296296297 0.4383680555555556 0.6503086419753087 0.4345486111111111 0.6493827160493827 0.4222222222222222 0.6493827160493827 0.41562499999999997 0.6506172839506172 0.4131944444444444 0.6481481481481481 0.4097222222222222 0.6478395061728395 0.4086805555555555 0.65 0.4059027777777778 0.6524691358024691 0.4001736111111111 0.6527777777777778 0.3890625 0.6567901234567901 0.3864583333333333 0.6595679012345679 0.38437499999999997 0.6601851851851852 0.3803819444444444 0.6638888888888889 0.3743055555555555 0.6675925925925925 0.3722222222222222 0.6703703703703704 0.35486111111111107 0.6851851851851852 0.3463541666666667 0.6879629629629629 0.3364583333333333 0.6950617283950616 0.3335069444444444 0.6981481481481482 0.33211805555555557 0.6984567901234568 0.3260416666666667 0.7049382716049382 0.3229166666666667 0.7111111111111111 0.3159722222222222 0.7348765432098765 0.3159722222222222 0.7558641975308641 0.31840277777777776 0.7660493827160494
1 0.5196180555555555 0.5228395061728395 0.5189236111111111 0.5333333333333333 0.5206597222222222 0.549074074074074 0.5210069444444444 0.5589506172839506 0.521875 0.5629629629629629 0.5220486111111111 0.5675925925925925 0.5237847222222223 0.571604938271605 0.5260416666666666 0.5737654320987654 0.5288194444444444 0.5740740740740741 0.537673611111111 0.5728395061728395 0.5534722222222223 0.5743827160493827 0.5644097222222222 0.5743827160493827 0.5663194444444444 0.571604938271605 0.5664930555555555 0.545679012345679 0.5638888888888889 0.528395061728395 0.5644097222222222 0.5256172839506172 0.5663194444444444 0.5228395061728395 0.5664930555555555 0.5191358024691358 0.5619791666666666 0.5154320987654321 0.5609375 0.5117283950617284 0.5592013888888888 0.5089506172839506 0.5578124999999999 0.5030864197530864 0.5505208333333333 0.48703703703703705 0.5442708333333334 0.48487654320987655 0.5348958333333333 0.48456790123456794 0.5305555555555556 0.48487654320987655 0.5269097222222222 0.48703703703703705 0.5244791666666666 0.491358024691358 0.5234375 0.49506172839506174 0.5225694444444444 0.5021604938271605 0.5215277777777777 0.5052469135802469 0.5206597222222222 0.5123456790123457 0.5190972222222222 0.5138888888888888 0.5184027777777778 0.516358024691358 0.5182291666666666 0.5194444444444445 0.5196180555555555 0.5228395061728395
1 0.3746527777777778 0.38580246913580246 0.3770833333333333 0.38641975308641974 0.3802083333333333 0.3848765432098765 0.3892361111111111 0.3848765432098765 0.3975694444444444 0.3873456790123457 0.3998263888888889 0.38364197530864197 0.4010416666666667 0.37777777777777777 0.4015625 0.37006172839506174 0.4010416666666667 0.3617283950617284 0.3973958333333333 0.3552469135802469 0.3942708333333333 0.35123456790123453 0.38559027777777777 0.35123456790123453 0.37916666666666665 0.353395061728395 0.37604166666666666 0.3567901234567901 0.3743055555555555 0.362962962962963 0.37309027777777776 0.38364197530864197 0.3746527777777778 0.38580246913580246
1 0.3286458333333333 0.3771604938271605 0.3326388888888889 0.38425925925925924 0.3350694444444444 0.39783950617283953 0.33697916666666666 0.39598765432098765 0.3413194444444444 0.39444444444444443 0.34479166666666666 0.39537037037037037 0.3493055555555556 0.39537037037037037 0.3498263888888889 0.39444444444444443 0.3501736111111111 0.3787037037037037 0.3506944444444444 0.37592592592592594 0.3522569444444444 0.3728395061728395 0.3505208333333333 0.3694444444444444 0.3491319444444444 0.36851851851851847 0.34704861111111107 0.36419753086419754 0.34531249999999997 0.36358024691358026 0.3420138888888889 0.35956790123456794 0.33697916666666666 0.3611111111111111 0.3315972222222222 0.36419753086419754 0.32916666666666666 0.37006172839506174 0.3284722222222222 0.3728395061728395 0.3286458333333333 0.3771604938271605
5 0.25555555555555554 0.44814814814814813 0.26284722222222223 0.4555555555555556 0.2670138888888889 0.4635802469135802 0.2678819444444444 0.46820987654320984 0.27065972222222223 0.47314814814814815 0.2722222222222222 0.48734567901234566 0.2739583333333333 0.4916666666666667 0.2755208333333333 0.4925925925925925 0.2796875 0.4916666666666667 0.28194444444444444 0.48487654320987655 0.28420138888888885 0.4802469135802469 0.28680555555555554 0.4787037037037037 0.2887152777777778 0.4759259259259259 0.29305555555555557 0.4725308641975308 0.2942708333333333 0.4703703703703703 0.2951388888888889 0.4601851851851852 0.2939236111111111 0.4493827160493827 0.2873263888888889 0.44012345679012344 0.2848958333333333 0.43796296296296294 0.2786458333333333 0.4354938271604938 0.26944444444444443 0.43425925925925923 0.26319444444444445 0.43456790123456784 0.2583333333333333 0.43580246913580245 0.25729166666666664 0.43734567901234567 0.2552083333333333 0.43796296296296294 0.2513888888888889 0.44290123456790126 0.2513888888888889 0.44660493827160497 0.25555555555555554 0.44814814814814813
1 0.3034722222222222 0.38796296296296295 0.30798611111111107 0.3885802469135803 0.3126736111111111 0.39166666666666666 0.3142361111111111 0.3947530864197531 0.3161458333333333 0.39598765432098765 0.3177083333333333 0.3990740740740741 0.3234375 0.4055555555555555 0.32795138888888886 0.4141975308641975 0.33194444444444443 0.4126543209876543 0.3338541666666667 0.4083333333333333 0.3350694444444444 0.39567901234567904 0.3326388888888889 0.3845679012345679 0.3317708333333333 0.38209876543209875 0.32795138888888886 0.37962962962962965 0.3248263888888889 0.37592592592592594 0.3208333333333333 0.37376543209876545 0.3104166666666667 0.3768518518518519 0.3050347222222222 0.38024691358024687 0.3034722222222222 0.38240740740740736 0.30277777777777776 0.3851851851851852 0.3026041666666667 0.387037037037037 0.3034722222222222 0.38796296296296295
5 0.1111111111111111 0.6169753086419753 0.11041666666666666 0.6234567901234568 0.11163194444444445 0.6342592592592593 0.11284722222222222 0.6391975308641975 0.11701388888888888 0.6401234567901234 0.11979166666666667 0.6382716049382716 0.12638888888888888 0.6379629629629631 0.13246527777777778 0.6361111111111112 0.14809027777777775 0.6351851851851852 0.15243055555555554 0.6379629629629631 0.165625 0.6373456790123456 0.1722222222222222 0.6404320987654322 0.1751736111111111 0.6391975308641975 0.1767361111111111 0.637037037037037 0.17916666666666664 0.629320987654321 0.1800347222222222 0.6222222222222222 0.18125 0.6191358024691357 0.1857638888888889 0.6145061728395061 0.18802083333333333 0.6104938271604938 0.1925347222222222 0.6061728395061728 0.19461805555555556 0.6030864197530863 0.20399305555555555 0.5962962962962963 0.20677083333333335 0.5910493827160495 0.2092013888888889 0.582716049382716 0.2095486111111111 0.5740740740740741 0.20677083333333335 0.558641975308642 0.20451388888888888 0.5555555555555556 0.19930555555555554 0.5549382716049382 0.19166666666666665 0.5518518518518518 0.18836805555555555 0.549074074074074 0.18541666666666665 0.5478395061728395 0.17326388888888888 0.5447530864197531 0.14704861111111112 0.5447530864197531 0.1440972222222222 0.5478395061728395 0.14305555555555555 0.5509259259259259 0.13697916666666665 0.5555555555555556 0.13333333333333333 0.5608024691358025 0.13246527777777778 0.5632716049382717 0.12968749999999998 0.567283950617284 0.1282986111111111 0.571604938271605 0.12586805555555555 0.5746913580246913 0.12170138888888887 0.5854938271604938 0.11354166666666667 0.5981481481481481 0.11232638888888889 0.6021604938271605 0.11197916666666667 0.6138888888888888 0.1111111111111111 0.6169753086419753
1 0.14756944444444445 0.9919753086419753 0.14809027777777775 0.991358024691358 0.14756944444444445 0.9910493827160494 0.14756944444444445 0.9919753086419753
1 0.5413194444444445 0.4074074074074074 0.5413194444444445 0.4108024691358025 0.5432291666666667 0.4148148148148148 0.5461805555555556 0.412962962962963 0.5571180555555555 0.4138888888888889 0.5605902777777777 0.41604938271604935 0.5640624999999999 0.4148148148148148 0.5644097222222222 0.3990740740740741 0.5631944444444444 0.38827160493827156 0.5621527777777777 0.38425925925925924 0.561111111111111 0.3827160493827161 0.5595486111111111 0.37592592592592594 0.5572916666666666 0.3712962962962963 0.5548611111111111 0.36851851851851847 0.5506944444444444 0.366358024691358 0.5444444444444444 0.36851851851851847 0.5425347222222222 0.370679012345679 0.5411458333333333 0.3771604938271605 0.5390625 0.3811728395061728 0.5387152777777777 0.3873456790123457 0.5413194444444445 0.4074074074074074
1 0.5269097222222222 0.36604938271604937 0.5302083333333333 0.37037037037037035 0.5317708333333333 0.37438271604938267 0.5364583333333334 0.38148148148148153 0.5399305555555556 0.379320987654321 0.5411458333333333 0.3728395061728395 0.5423611111111111 0.37037037037037035 0.5442708333333334 0.36820987654320986 0.5482638888888889 0.36604938271604937 0.5496527777777778 0.3632716049382716 0.5475694444444444 0.3487654320987654 0.5446180555555555 0.3416666666666667 0.5434027777777778 0.34074074074074073 0.5368055555555555 0.3382716049382716 0.5340277777777778 0.3395061728395061 0.5288194444444444 0.34660493827160493 0.5272569444444445 0.35216049382716047 0.5276041666666667 0.35617283950617284 0.5269097222222222 0.36604938271604937
1 0.340625 0.3608024691358025 0.3416666666666667 0.36234567901234566 0.3456597222222222 0.3638888888888889 0.3480902777777778 0.36604938271604937 0.3508680555555555 0.37037037037037035 0.3524305555555556 0.37654320987654316 0.3527777777777778 0.37376543209876545 0.3545138888888889 0.37222222222222223 0.3597222222222222 0.37345679012345684 0.3628472222222222 0.37654320987654316 0.3663194444444444 0.37407407407407406 0.3666666666666667 0.3617283950617284 0.3644097222222222 0.3524691358024691 0.3630208333333333 0.35030864197530864 0.3560763888888889 0.3472222222222222 0.3458333333333333 0.3478395061728395 0.3423611111111111 0.35030864197530864 0.340625 0.35555555555555557 0.34010416666666665 0.3589506172839506 0.340625 0.3608024691358025
1 0.20607638888888888 0.6712962962962963 0.2059027777777778 0.6756172839506173 0.20694444444444443 0.6790123456790123 0.20711805555555554 0.6864197530864197 0.20833333333333334 0.6929012345679012 0.2097222222222222 0.696604938271605 0.2126736111111111 0.7 0.21475694444444443 0.7 0.2175347222222222 0.6959876543209877 0.21979166666666666 0.6947530864197531 0.24184027777777775 0.6941358024691359 0.25069444444444444 0.6950617283950616 0.25468749999999996 0.6972222222222222 0.2578125 0.6959876543209877 0.2623263888888889 0.6959876543209877 0.26458333333333334 0.6972222222222222 0.2664930555555556 0.7 0.2689236111111111 0.7012345679012346 0.2730902777777778 0.7021604938271605 0.27586805555555555 0.700925925925926 0.2779513888888889 0.696604938271605 0.2786458333333333 0.6916666666666667 0.2795138888888889 0.6895061728395062 0.28020833333333334 0.6851851851851852 0.28072916666666664 0.6719135802469135 0.28281249999999997 0.6654320987654321 0.2873263888888889 0.6614197530864198 0.2875 0.6601851851851852 0.2890625 0.6574074074074074 0.2899305555555556 0.6570987654320988 0.2947916666666667 0.6481481481481481 0.296875 0.6459876543209876 0.30069444444444443 0.6466049382716049 0.303125 0.6453703703703704 0.3041666666666667 0.6444444444444444 0.3053819444444444 0.6410493827160494 0.3072916666666667 0.6209876543209876 0.3072916666666667 0.6126543209876544 0.30624999999999997 0.6052469135802468 0.3059027777777778 0.595679012345679 0.3048611111111111 0.5916666666666667 0.3017361111111111 0.5882716049382716 0.29670138888888886 0.5851851851851851 0.2909722222222222 0.5833333333333334 0.2760416666666667 0.5830246913580247 0.2689236111111111 0.5811728395061728 0.2565972222222222 0.5808641975308642 0.2472222222222222 0.5820987654320988 0.23663194444444444 0.5864197530864198 0.2315972222222222 0.5935185185185184 0.23072916666666665 0.5938271604938271 0.2296875 0.596604938271605 0.2265625 0.6003086419753086 0.2248263888888889 0.604320987654321 0.2190972222222222 0.612962962962963 0.21510416666666665 0.6234567901234568 0.21232638888888888 0.6348765432098765 0.20729166666666665 0.6459876543209876 0.2064236111111111 0.6506172839506172 0.20711805555555554 0.6663580246913581 0.20607638888888888 0.6712962962962963
2 0.5050347222222222 0.4925925925925925 0.5092013888888889 0.4919753086419753 0.5126736111111111 0.49537037037037035 0.5140625 0.4996913580246914 0.5144097222222223 0.5098765432098765 0.5154513888888889 0.5123456790123457 0.5168402777777777 0.5114197530864197 0.5177083333333333 0.5064814814814814 0.5177083333333333 0.49845679012345684 0.5170138888888889 0.49506172839506174 0.5170138888888889 0.49074074074074076 0.5177083333333333 0.4882716049382716 0.5175347222222222 0.483641975308642 0.5157986111111111 0.47685185185185186 0.5142361111111111 0.4743827160493827 0.5121527777777778 0.4635802469135802 0.5088541666666666 0.4645061728395061 0.5074652777777777 0.47345679012345676 0.5052083333333334 0.47716049382716047 0.5039930555555555 0.48271604938271606 0.5039930555555555 0.48858024691358026 0.5050347222222222 0.4925925925925925
2 0.9348958333333334 0.6759259259259259 0.9368055555555556 0.6879629629629629 0.9368055555555556 0.6938271604938272 0.9362847222222221 0.6950617283950616 0.9368055555555556 0.6990740740740741 0.9385416666666666 0.700925925925926 0.9420138888888888 0.7021604938271605 0.9432291666666666 0.7021604938271605 0.9461805555555556 0.6990740740740741 0.9538194444444444 0.6993827160493827 0.9543402777777777 0.6962962962962963 0.9505208333333334 0.6941358024691359 0.9486111111111112 0.6904320987654321 0.9486111111111112 0.6885802469135802 0.9496527777777778 0.6864197530864197 0.9505208333333334 0.6756172839506173 0.9520833333333334 0.6688271604938272 0.9515625 0.6617283950617284 0.9515625 0.65 0.9522569444444444 0.645679012345679 0.9520833333333334 0.6367283950617284 0.9505208333333334 0.6314814814814815 0.9503472222222222 0.6256172839506172 0.9505208333333334 0.6212962962962962 0.951736111111111 0.6169753086419753 0.9513888888888888 0.6120370370370369 0.9491319444444444 0.6089506172839506 0.9461805555555556 0.6089506172839506 0.943923611111111 0.6117283950617284 0.9421875 0.6157407407407407 0.9413194444444444 0.6219135802469137 0.9368055555555556 0.6302469135802469 0.936111111111111 0.6342592592592593 0.9362847222222221 0.6555555555555556 0.9348958333333334 0.6759259259259259
2 0.9727430555555555 0.7138888888888888 0.9744791666666666 0.7151234567901235 0.9777777777777777 0.7132716049382716 0.9795138888888888 0.7197530864197531 0.9807291666666667 0.721604938271605 0.9847222222222222 0.7219135802469135 0.9874999999999999 0.7203703703703703 0.9876736111111112 0.7166666666666667 0.9868055555555556 0.7141975308641975 0.9871527777777778 0.7080246913580247 0.9899305555555555 0.6993827160493827 0.990625 0.6932098765432099 0.9934027777777777 0.6885802469135802 0.99375 0.6858024691358025 0.9953124999999999 0.6842592592592593 0.9961805555555555 0.6820987654320988 0.9960069444444444 0.6706790123456791 0.9977430555555555 0.6506172839506172 0.9960069444444444 0.6395061728395062 0.9960069444444444 0.6364197530864197 0.997048611111111 0.6320987654320988 0.997048611111111 0.6277777777777778 0.9953124999999999 0.6228395061728395 0.9925347222222222 0.6216049382716049 0.9888888888888888 0.6228395061728395 0.9866319444444444 0.6268518518518519 0.9859375 0.6348765432098765 0.9805555555555555 0.6407407407407407 0.9803819444444444 0.6478395061728395 0.9788194444444444 0.6546296296296297 0.9793402777777778 0.6651234567901234 0.9779513888888888 0.6771604938271604 0.9782986111111112 0.682716049382716 0.975173611111111 0.6947530864197531 0.9739583333333334 0.6972222222222222 0.9722222222222222 0.7061728395061728 0.9720486111111112 0.7104938271604938 0.9727430555555555 0.7138888888888888
2 0.63125 0.48456790123456794 0.6315972222222221 0.4882716049382716 0.6302083333333334 0.4898148148148148 0.6296875 0.5006172839506172 0.6302083333333334 0.5027777777777778 0.6336805555555556 0.5021604938271605 0.6329861111111111 0.4978395061728395 0.6336805555555556 0.4959876543209876 0.634375 0.48703703703703705 0.6369791666666667 0.4842592592592592 0.6414930555555556 0.4842592592592592 0.6425347222222222 0.4833333333333333 0.6432291666666666 0.48117283950617284 0.6430555555555556 0.47314814814814815 0.6404513888888889 0.46512345679012346 0.6395833333333334 0.4601851851851852 0.6383680555555555 0.45925925925925926 0.6357638888888888 0.4601851851851852 0.6303819444444444 0.47623456790123453 0.6303819444444444 0.48209876543209873 0.63125 0.48456790123456794
2 0.23697916666666666 0.5447530864197531 0.23732638888888888 0.5549382716049382 0.23854166666666665 0.5604938271604938 0.240625 0.562037037037037 0.2484375 0.5626543209876543 0.24965277777777775 0.5648148148148148 0.2505208333333333 0.5780864197530864 0.2513888888888889 0.5793209876543209 0.2552083333333333 0.5780864197530864 0.2557291666666667 0.5709876543209876 0.25729166666666664 0.562037037037037 0.25729166666666664 0.5564814814814815 0.2548611111111111 0.5506172839506173 0.2560763888888889 0.5475308641975308 0.25625000000000003 0.5432098765432098 0.25416666666666665 0.5413580246913581 0.2526041666666667 0.5385802469135802 0.25190972222222224 0.5358024691358024 0.24739583333333334 0.5299382716049382 0.2465277777777778 0.5222222222222223 0.24461805555555555 0.5179012345679012 0.2407986111111111 0.5179012345679012 0.23958333333333334 0.5191358024691358 0.23854166666666665 0.5212962962962963 0.2376736111111111 0.5302469135802469 0.2359375 0.5358024691358024 0.23576388888888888 0.5401234567901235 0.23697916666666666 0.5447530864197531
2 0.4010416666666667 0.558641975308642 0.40121527777777777 0.5666666666666667 0.4071180555555556 0.5666666666666667 0.40954861111111107 0.5679012345679012 0.4107638888888889 0.5700617283950616 0.41041666666666665 0.5854938271604938 0.4109375 0.5876543209876544 0.4114583333333333 0.5888888888888889 0.4149305555555556 0.5882716049382716 0.4154513888888889 0.5854938271604938 0.4154513888888889 0.5777777777777777 0.4166666666666667 0.5719135802469135 0.4166666666666667 0.5679012345679012 0.4159722222222222 0.5654320987654321 0.4159722222222222 0.5570987654320988 0.4171875 0.5524691358024691 0.4171875 0.546604938271605 0.4154513888888889 0.5435185185185185 0.41215277777777776 0.5410493827160493 0.4114583333333333 0.5391975308641975 0.4112847222222222 0.529320987654321 0.4105902777777778 0.5256172839506172 0.4083333333333333 0.5234567901234568 0.4046875 0.5234567901234568 0.403125 0.5262345679012346 0.4029513888888889 0.5320987654320988 0.4034722222222222 0.5364197530864198 0.3993055555555556 0.5435185185185185 0.39826388888888886 0.546604938271605 0.3977430555555555 0.5506172839506173 0.4010416666666667 0.558641975308642
2 0.6991319444444444 0.44969135802469135 0.7 0.45987654320987653 0.7 0.4719135802469136 0.7006944444444444 0.4743827160493827 0.7032986111111111 0.4756172839506173 0.7043402777777777 0.4719135802469136 0.7046875 0.466358024691358 0.7062499999999999 0.46049382716049386 0.7071180555555555 0.44907407407407407 0.7083333333333334 0.44290123456790126 0.707986111111111 0.43580246913580245 0.7071180555555555 0.43425925925925923 0.7067708333333333 0.43179012345679013 0.7067708333333333 0.41851851851851857 0.703125 0.4212962962962963 0.7019097222222221 0.42376543209876544 0.6987847222222222 0.43765432098765433 0.6982638888888888 0.44660493827160497 0.6991319444444444 0.44969135802469135
2 0.4001736111111111 0.4228395061728395 0.39999999999999997 0.4308641975308642 0.40173611111111107 0.4314814814814815 0.4015625 0.4333333333333333 0.4001736111111111 0.4339506172839506 0.4005208333333333 0.4351851851851852 0.40121527777777777 0.4351851851851852 0.40225694444444443 0.4302469135802469 0.40434027777777776 0.42654320987654315 0.4067708333333333 0.4305555555555556 0.40729166666666666 0.4327160493827161 0.4086805555555555 0.4327160493827161 0.4098958333333333 0.4225308641975309 0.41024305555555557 0.41234567901234565 0.4065972222222222 0.4006172839506173 0.4046875 0.3972222222222222 0.4019097222222222 0.39845679012345675 0.4006944444444444 0.4012345679012346 0.3998263888888889 0.40648148148148144 0.3984375 0.41018518518518515 0.39826388888888886 0.41512345679012347 0.4001736111111111 0.4228395061728395
2 0.6123263888888888 0.46481481481481485 0.614236111111111 0.46543209876543207 0.6163194444444444 0.46851851851851856 0.6182291666666666 0.4691358024691358 0.6199652777777778 0.4694444444444445 0.6206597222222222 0.46851851851851856 0.6232638888888888 0.46820987654320984 0.6253472222222222 0.4608024691358025 0.6244791666666666 0.4537037037037037 0.6197916666666666 0.44074074074074077 0.6163194444444444 0.44074074074074077 0.6152777777777778 0.44320987654320987 0.6144097222222222 0.44814814814814813 0.6128472222222222 0.4506172839506173 0.6126736111111112 0.45432098765432094 0.6116319444444444 0.45679012345679015 0.6111111111111112 0.4632716049382716 0.6123263888888888 0.46481481481481485
2 0.9366319444444444 0.6160493827160494 0.9390625 0.6203703703703703 0.9414930555555555 0.6197530864197531 0.9427083333333334 0.6175925925925926 0.94375 0.6120370370370369 0.9461805555555556 0.6095679012345678 0.950173611111111 0.6101851851851853 0.9515625 0.6120370370370369 0.951736111111111 0.6169753086419753 0.9506944444444444 0.6194444444444445 0.9505208333333334 0.6308641975308641 0.9529513888888889 0.641358024691358 0.957986111111111 0.6339506172839506 0.9569444444444444 0.6240740740740741 0.9571180555555555 0.6151234567901235 0.957986111111111 0.6108024691358025 0.957986111111111 0.6064814814814815 0.9559027777777778 0.5969135802469135 0.9555555555555556 0.5901234567901235 0.9538194444444444 0.5842592592592593 0.9493055555555555 0.5833333333333334 0.9475694444444444 0.587037037037037 0.9461805555555556 0.5962962962962963 0.9444444444444444 0.5978395061728394 0.9425347222222222 0.5981481481481481 0.9368055555555556 0.6064814814814815 0.936111111111111 0.6089506172839506 0.9366319444444444 0.6160493827160494
2 0.4861111111111111 0.6108024691358025 0.4852430555555556 0.6256172839506172 0.4861111111111111 0.633641975308642 0.48836805555555557 0.6373456790123456 0.4878472222222222 0.6395061728395062 0.4878472222222222 0.6444444444444444 0.4894097222222222 0.6506172839506172 0.4909722222222222 0.6611111111111112 0.490625 0.6709876543209877 0.4895833333333333 0.671604938271605 0.4916666666666667 0.671604938271605 0.4927083333333333 0.6700617283950616 0.4972222222222222 0.6688271604938272 0.4994791666666667 0.6651234567901234 0.4994791666666667 0.6552469135802469 0.4972222222222222 0.6438271604938272 0.4994791666666667 0.6382716049382716 0.49982638888888886 0.6320987654320988 0.5015624999999999 0.6271604938271605 0.5019097222222222 0.6216049382716049 0.5001736111111111 0.6111111111111112 0.4967013888888889 0.6 0.4967013888888889 0.592283950617284 0.49600694444444443 0.5904320987654321 0.4947916666666667 0.5882716049382716 0.4909722222222222 0.587037037037037 0.4888888888888889 0.5885802469135802 0.4873263888888889 0.5916666666666667 0.48767361111111107 0.6058641975308642 0.4861111111111111 0.6108024691358025
2 0.6447916666666667 0.4117283950617284 0.6446180555555555 0.4256172839506173 0.6458333333333334 0.4277777777777778 0.6475694444444444 0.4287037037037037 0.6515624999999999 0.4194444444444444 0.6527777777777778 0.39629629629629626 0.6510416666666666 0.3888888888888889 0.6487847222222222 0.3867283950617284 0.646875 0.3873456790123457 0.6440972222222222 0.39567901234567904 0.6440972222222222 0.40771604938271605 0.6447916666666667 0.4117283950617284
2 0.7262152777777777 0.48703703703703705 0.7265625 0.49104938271604937 0.7258680555555556 0.5021604938271605 0.7270833333333333 0.5064814814814814 0.7302083333333333 0.5070987654320988 0.7310763888888888 0.508641975308642 0.732986111111111 0.5055555555555555 0.7326388888888888 0.5030864197530864 0.731423611111111 0.5024691358024691 0.7322916666666666 0.5003086419753087 0.7342013888888889 0.5006172839506172 0.7350694444444444 0.49506172839506174 0.7347222222222222 0.4839506172839506 0.7357638888888888 0.47716049382716047 0.7357638888888888 0.4632716049382716 0.7355902777777777 0.4589506172839506 0.7345486111111111 0.45401234567901233 0.7317708333333334 0.4524691358024691 0.7307291666666667 0.4524691358024691 0.7300347222222222 0.4537037037037037 0.7253472222222221 0.4740740740740741 0.7253472222222221 0.4842592592592592 0.7262152777777777 0.48703703703703705
4 0.9597222222222221 0.40771604938271605 0.9614583333333333 0.40925925925925927 0.9810763888888888 0.41203703703703703 0.9840277777777777 0.4141975308641975 0.9871527777777778 0.4188271604938272 0.9913194444444444 0.42037037037037034 0.9942708333333333 0.4188271604938272 0.9954861111111112 0.4154320987654321 0.9972222222222222 0.412962962962963 0.9998263888888889 0.4126543209876543 0.9998263888888889 0.3768518518518519 0.9845486111111111 0.37438271604938267 0.9769097222222222 0.37592592592592594 0.9694444444444444 0.38179012345679014 0.9659722222222222 0.38240740740740736 0.9626736111111112 0.38425925925925924 0.9607638888888889 0.3867283950617284 0.959548611111111 0.3907407407407408 0.9590277777777778 0.40432098765432095 0.9597222222222221 0.40771604938271605
4 0.5756944444444444 0.520679012345679 0.5762152777777777 0.5228395061728395 0.5779513888888889 0.5249999999999999 0.5809027777777778 0.5246913580246914 0.5815972222222222 0.5228395061728395 0.5819444444444444 0.5231481481481481 0.5821180555555555 0.5262345679012346 0.584375 0.533641975308642 0.5850694444444444 0.5388888888888889 0.5850694444444444 0.5496913580246914 0.5859375 0.5524691358024691 0.5874999999999999 0.5546296296296296 0.5909722222222222 0.5546296296296296 0.5947916666666666 0.5496913580246914 0.5984375 0.5487654320987654 0.6185763888888888 0.5487654320987654 0.6208333333333333 0.5506172839506173 0.6237847222222221 0.5570987654320988 0.6274305555555556 0.557716049382716 0.6300347222222222 0.5549382716049382 0.631423611111111 0.5345679012345679 0.6310763888888888 0.5188271604938272 0.6302083333333334 0.5126543209876543 0.6289930555555555 0.5108024691358024 0.6253472222222222 0.5003086419753087 0.6232638888888888 0.48919753086419754 0.6210069444444444 0.48148148148148145 0.61875 0.4777777777777778 0.6184027777777777 0.47530864197530864 0.6166666666666666 0.47098765432098766 0.614236111111111 0.4675925925925926 0.6092013888888889 0.4645061728395061 0.5965277777777778 0.4632716049382716 0.5876736111111112 0.4635802469135802 0.5791666666666666 0.4666666666666667 0.5769097222222223 0.46851851851851856 0.5756944444444444 0.4719135802469136 0.5753472222222222 0.4833333333333333 0.5744791666666667 0.4901234567901234 0.5744791666666667 0.512037037037037 0.5756944444444444 0.520679012345679
5 0.5486111111111112 0.35401234567901235 0.5498263888888888 0.358641975308642 0.5522569444444444 0.3632716049382716 0.5680555555555555 0.3645061728395062 0.5704861111111111 0.36234567901234566 0.5711805555555556 0.358641975308642 0.5697916666666666 0.34351851851851856 0.5680555555555555 0.3382716049382716 0.5656249999999999 0.3351851851851852 0.5626736111111111 0.3333333333333333 0.5538194444444444 0.33179012345679015 0.5486111111111112 0.3351851851851852 0.5477430555555556 0.3385802469135802 0.5473958333333333 0.3469135802469136 0.5486111111111112 0.35401234567901235
5 0.025173611111111112 0.6953703703703703 0.017013888888888887 0.7117283950617284 0.015451388888888888 0.7135802469135802 0.009895833333333333 0.7287037037037037 0.006770833333333333 0.7333333333333334 0.004166666666666667 0.7354938271604938 0.0019097222222222222 0.7398148148148148 0 0.7401234567901235 0 0.8009259259259259 0.026215277777777775 0.8015432098765432 0.04305555555555555 0.8003086419753087 0.059722222222222225 0.7981481481481482 0.06388888888888888 0.7959876543209877 0.06822916666666666 0.792283950617284 0.07413194444444444 0.7898148148148147 0.07760416666666667 0.7913580246913581 0.08038194444444445 0.7938271604938272 0.08211805555555556 0.7938271604938272 0.0845486111111111 0.7919753086419753 0.08628472222222222 0.7901234567901234 0.0875 0.7870370370370371 0.08854166666666667 0.7864197530864198 0.09027777777777778 0.7802469135802469 0.0923611111111111 0.7669753086419753 0.09375 0.7632716049382716 0.09999999999999999 0.7567901234567901 0.1095486111111111 0.7425925925925926 0.1111111111111111 0.7388888888888888 0.12291666666666667 0.7228395061728394 0.12552083333333333 0.721604938271605 0.1300347222222222 0.7212962962962963 0.13402777777777777 0.7169753086419753 0.1371527777777778 0.7064814814814815 0.13732638888888887 0.7012345679012346 0.13958333333333334 0.686111111111111 0.13975694444444445 0.6802469135802469 0.1388888888888889 0.6719135802469135 0.13732638888888887 0.6679012345679012 0.1371527777777778 0.6651234567901234 0.13402777777777777 0.6611111111111112 0.1236111111111111 0.6580246913580247 0.1079861111111111 0.6574074074074074 0.09635416666666667 0.6595679012345679 0.07413194444444444 0.6595679012345679 0.05329861111111111 0.6617283950617284 0.04861111111111111 0.6641975308641975 0.04548611111111111 0.6691358024691358 0.04010416666666666 0.6737654320987654 0.03333333333333333 0.6830246913580247 0.03125 0.6845679012345679 0.028645833333333332 0.6904320987654321 0.025173611111111112 0.6953703703703703
5 0.5703125 0.39382716049382716 0.5743055555555555 0.4009259259259259 0.5765625 0.40185185185185185 0.5920138888888888 0.4012345679012346 0.5953125 0.403395061728395 0.5970486111111112 0.4009259259259259 0.5977430555555555 0.39228395061728394 0.5973958333333333 0.38425925925925924 0.5932291666666666 0.37160493827160496 0.5880208333333333 0.36419753086419754 0.5842013888888888 0.362962962962963 0.5777777777777777 0.362962962962963 0.5732638888888888 0.3651234567901234 0.5708333333333333 0.36851851851851847 0.5690972222222223 0.37654320987654316 0.5690972222222223 0.39043209876543206 0.5703125 0.39382716049382716
3 0.4005208333333333 0.5808641975308642 0.39947916666666666 0.5851851851851851 0.39947916666666666 0.5888888888888889 0.4010416666666667 0.5947530864197531 0.40243055555555557 0.6058641975308642 0.403125 0.6070987654320987 0.4046875 0.6074074074074074 0.4065972222222222 0.6 0.4083333333333333 0.5969135802469135 0.4111111111111111 0.5953703703703703 0.4130208333333333 0.5888888888888889 0.4125 0.5824074074074074 0.4126736111111111 0.5679012345679012 0.4114583333333333 0.5638888888888889 0.409375 0.5657407407407408 0.40260416666666665 0.5648148148148148 0.4013888888888889 0.5660493827160494 0.4010416666666667 0.5679012345679012 0.4010416666666667 0.5750000000000001 0.4005208333333333 0.5808641975308642
3 0.4131944444444444 0.5540123456790124 0.4149305555555556 0.5567901234567901 0.41684027777777777 0.5537037037037037 0.4171875 0.5487654320987654 0.41684027777777777 0.5469135802469135 0.4152777777777778 0.5447530864197531 0.41388888888888886 0.5453703703703704 0.4131944444444444 0.546604938271605 0.4131944444444444 0.5540123456790124
3 0.4708333333333333 0.6598765432098765 0.4791666666666667 0.6608024691358024 0.48038194444444443 0.6623456790123456 0.48072916666666665 0.6648148148148147 0.4829861111111111 0.6663580246913581 0.48420138888888886 0.6712962962962963 0.4857638888888889 0.6731481481481482 0.4880208333333333 0.6737654320987654 0.4904513888888889 0.671604938271605 0.4904513888888889 0.6580246913580247 0.4880208333333333 0.6487654320987654 0.4880208333333333 0.6345679012345679 0.48593749999999997 0.6317901234567901 0.4855902777777778 0.6277777777777778 0.4845486111111111 0.625 0.48072916666666665 0.625 0.47760416666666666 0.6302469135802469 0.475 0.6481481481481481 0.4730902777777778 0.6521604938271606 0.4692708333333333 0.6567901234567901 0.4690972222222222 0.6583333333333333 0.4708333333333333 0.6598765432098765
3 0.4991319444444444 0.6574074074074074 0.4991319444444444 0.6617283950617284 0.4984375 0.6641975308641975 0.4956597222222222 0.6688271604938272 0.5017361111111112 0.671604938271605 0.5057291666666667 0.6712962962962963 0.5079861111111111 0.6688271604938272 0.5092013888888889 0.6657407407407407 0.5097222222222222 0.6614197530864198 0.5098958333333333 0.6435185185185185 0.5081597222222223 0.628395061728395 0.5081597222222223 0.6228395061728395 0.5074652777777777 0.6212962962962962 0.5050347222222222 0.6200617283950618 0.5034722222222222 0.620679012345679 0.5020833333333333 0.6225308641975309 0.5008680555555556 0.6274691358024691 0.4993055555555555 0.6302469135802469 0.4993055555555555 0.6358024691358025 0.49635416666666665 0.6438271604938272 0.4975694444444444 0.6521604938271606 0.4991319444444444 0.6574074074074074
3 0.3984375 0.4361111111111111 0.3993055555555556 0.4391975308641975 0.4005208333333333 0.4398148148148148 0.40173611111111107 0.4422839506172839 0.40243055555555557 0.445679012345679 0.4046875 0.4478395061728395 0.4081597222222222 0.44043209876543205 0.40954861111111107 0.4354938271604938 0.4088541666666667 0.42407407407407405 0.40781249999999997 0.42160493827160495 0.4006944444444444 0.4197530864197531 0.39947916666666666 0.425 0.3993055555555556 0.4311728395061728 0.3984375 0.4361111111111111
3 0.6147569444444444 0.4669753086419753 0.615625 0.4679012345679012 0.6189236111111112 0.4777777777777778 0.6211805555555555 0.4817901234567901 0.6234375 0.4882716049382716 0.6244791666666666 0.4864197530864197 0.6251736111111111 0.48302469135802467 0.6244791666666666 0.46234567901234563 0.6232638888888888 0.45987654320987653 0.6208333333333333 0.4583333333333333 0.6164930555555556 0.45925925925925926 0.6147569444444444 0.46141975308641975 0.6140625 0.4635802469135802 0.6147569444444444 0.4669753086419753
3 0.23541666666666666 0.5824074074074074 0.2361111111111111 0.5836419753086419 0.23993055555555554 0.5836419753086419 0.2484375 0.5796296296296296 0.2513888888888889 0.5793209876543209 0.25243055555555555 0.5780864197530864 0.2508680555555556 0.5728395061728395 0.25069444444444444 0.5638888888888889 0.24895833333333334 0.5617283950617283 0.240625 0.5617283950617283 0.2378472222222222 0.5608024691358025 0.23541666666666666 0.567283950617284 0.23489583333333333 0.578395061728395 0.23541666666666666 0.5824074074074074
3 0.4895833333333333 0.4083333333333333 0.4909722222222222 0.4172839506172839 0.4916666666666667 0.4188271604938272 0.4947916666666667 0.41512345679012347 0.49496527777777777 0.4108024691358025 0.4970486111111111 0.40185185185185185 0.4972222222222222 0.39382716049382716 0.4953125 0.3907407407407408 0.4925347222222222 0.3907407407407408 0.49027777777777776 0.39197530864197533 0.4894097222222222 0.39413580246913577 0.4890625 0.4012345679012346 0.4895833333333333 0.4083333333333333
3 0.6321180555555556 0.512962962962963 0.6333333333333333 0.5160493827160494 0.6371527777777778 0.5188271604938272 0.6387152777777778 0.5228395061728395 0.6407986111111111 0.5237654320987654 0.6418402777777777 0.5216049382716049 0.6427083333333333 0.5117283950617284 0.6439236111111112 0.5089506172839506 0.6444444444444444 0.5055555555555555 0.6446180555555555 0.49074074074074076 0.6437499999999999 0.4858024691358025 0.6430555555555556 0.483641975308642 0.6413194444444444 0.4824074074074074 0.6333333333333333 0.483641975308642 0.6321180555555556 0.4858024691358025 0.6315972222222221 0.48919753086419754 0.631423611111111 0.5037037037037037 0.6321180555555556 0.512962962962963
3 0.5053819444444444 0.5151234567901235 0.5074652777777777 0.5209876543209876 0.5086805555555556 0.5280864197530865 0.5121527777777778 0.5274691358024691 0.5142361111111111 0.5175925925925926 0.5157986111111111 0.5141975308641975 0.5159722222222223 0.5083333333333333 0.5164930555555556 0.5064814814814814 0.5157986111111111 0.49104938271604937 0.5135416666666667 0.48919753086419754 0.5052083333333334 0.4867283950617284 0.5041666666666667 0.491358024691358 0.5041666666666667 0.5058641975308642 0.5053819444444444 0.5151234567901235
3 0.3520833333333333 0.3975308641975308 0.3585069444444444 0.3987654320987654 0.3618055555555555 0.3975308641975308 0.36215277777777777 0.3873456790123457 0.3607638888888889 0.3845679012345679 0.3545138888888889 0.38395061728395063 0.35260416666666666 0.3851851851851852 0.3519097222222222 0.38765432098765434 0.3515625 0.39537037037037037 0.3520833333333333 0.3975308641975308
3 0.6465277777777778 0.4904320987654321 0.6510416666666666 0.49907407407407406 0.6524305555555555 0.49691358024691357 0.6536458333333334 0.49104938271604937 0.6536458333333334 0.48703703703703705 0.6546875 0.4842592592592592 0.6557291666666666 0.475 0.6557291666666666 0.4645061728395061 0.6539930555555555 0.46234567901234563 0.6472222222222221 0.46234567901234563 0.6460069444444444 0.4645061728395061 0.6447916666666667 0.4737654320987654 0.6447916666666667 0.48209876543209873 0.6465277777777778 0.4904320987654321