6 0.4614583333333333 0.362962962962963 0.4630208333333333 0.3652777777777778 0.4669270833333333 0.36481481481481487 0.46770833333333334 0.36250000000000004 0.4669270833333333 0.3486111111111111 0.4630208333333333 0.34629629629629627 0.4609375 0.3476851851851852 0.46015625 0.35000000000000003 0.45989583333333334 0.35833333333333334 0.4614583333333333 0.362962962962963
8 0.34348958333333335 0.5606481481481482 0.3690104166666667 0.5606481481481482 0.375 0.5393518518518519 0.37473958333333335 0.5175925925925926 0.3729166666666667 0.5055555555555555 0.36953125000000003 0.49722222222222223 0.36614583333333334 0.49583333333333335 0.3572916666666667 0.49583333333333335 0.3515625 0.4981481481481482 0.34921875 0.500462962962963 0.3450520833333333 0.5083333333333334 0.34296875 0.5189814814814815 0.34218750000000003 0.5300925925925926 0.3424479166666667 0.5541666666666667 0.34348958333333335 0.5606481481481482
8 0.39687500000000003 0.5092592592592593 0.41770833333333335 0.5078703703703704 0.4190104166666667 0.47361111111111115 0.41692708333333334 0.4615740740740741 0.41171875 0.4587962962962963 0.4005208333333333 0.45972222222222225 0.39739583333333334 0.4657407407407408 0.3953125 0.4805555555555556 0.3950520833333333 0.5046296296296297 0.39687500000000003 0.5092592592592593
8 0.26171875 0.7657407407407407 0.26328124999999997 0.7833333333333334 0.26536458333333335 0.7902777777777779 0.28619791666666666 0.7939814814814815 0.30312500000000003 0.7953703703703704 0.3088541666666667 0.7944444444444445 0.3106770833333333 0.7925925925925926 0.31328125 0.7861111111111112 0.31614583333333335 0.7694444444444445 0.32734375 0.7300925925925926 0.3286458333333333 0.7120370370370371 0.328125 0.6782407407407407 0.3208333333333333 0.663425925925926 0.3171875 0.6597222222222222 0.3067708333333333 0.6574074074074074 0.2916666666666667 0.6574074074074074 0.28567708333333336 0.6587962962962963 0.2825520833333333 0.6625 0.26848958333333334 0.6962962962962963 0.26406250000000003 0.7106481481481481 0.26197916666666665 0.7287037037037037 0.2611979166666667 0.7439814814814816 0.26171875 0.7657407407407407
4 0.3296875 0.49537037037037035 0.33125 0.4990740740740741 0.33958333333333335 0.4967592592592593 0.3489583333333333 0.4976851851851852 0.35234375 0.48935185185185187 0.353125 0.48287037037037045 0.35234375 0.4722222222222222 0.3484375 0.4625 0.3453125 0.46111111111111114 0.3354166666666667 0.4625 0.33359375 0.4652777777777778 0.3315104166666667 0.4722222222222222 0.3296875 0.48333333333333334 0.3296875 0.49537037037037035
1 0.44375000000000003 0.41203703703703703 0.45286458333333335 0.4138888888888889 0.4544270833333333 0.4115740740740741 0.4541666666666667 0.39814814814814814 0.45078125 0.39259259259259266 0.44609375 0.3916666666666667 0.44427083333333334 0.3930555555555556 0.4421875 0.40046296296296297 0.4421875 0.4083333333333333 0.44375000000000003 0.41203703703703703
1 0.6661458333333334 0.7995370370370372 0.6671875 0.8231481481481482 0.6682291666666667 0.8287037037037037 0.6713541666666667 0.8314814814814816 0.67578125 0.8319444444444445 0.6924479166666666 0.8694444444444445 0.6955729166666667 0.8726851851851852 0.6966145833333334 0.8768518518518519 0.6973958333333334 0.8907407407407407 0.6989583333333333 0.8967592592592594 0.7015625 0.9004629629629629 0.7046875 0.901388888888889 0.7098958333333334 0.8990740740740741 0.721875 0.9 0.7419270833333333 0.8949074074074075 0.74921875 0.8907407407407407 0.75625 0.8842592592592593 0.7585937500000001 0.8800925925925926 0.759375 0.875925925925926 0.759375 0.8620370370370372 0.7565104166666666 0.8421296296296297 0.7463541666666667 0.8166666666666667 0.7458333333333333 0.8023148148148148 0.740625 0.7972222222222223 0.7356770833333334 0.7819444444444444 0.7307291666666667 0.7703703703703704 0.7200520833333334 0.750925925925926 0.7135416666666666 0.7407407407407407 0.7052083333333334 0.7310185185185185 0.7033854166666667 0.7296296296296297 0.6893229166666667 0.7300925925925926 0.68203125 0.7324074074074075 0.6786458333333334 0.7356481481481482 0.6684895833333334 0.7666666666666667 0.6653645833333334 0.7861111111111112 0.6651041666666666 0.7930555555555556 0.6661458333333334 0.7995370370370372
1 0.4588541666666667 0.39351851851851855 0.46380208333333334 0.39444444444444443 0.46718750000000003 0.39259259259259266 0.4674479166666667 0.38657407407407407 0.46458333333333335 0.38009259259259265 0.45989583333333334 0.37962962962962965 0.4578125 0.38333333333333336 0.4575520833333333 0.39027777777777783 0.4588541666666667 0.39351851851851855
1 0.3765625 0.3958333333333333 0.38359375 0.3958333333333333 0.38567708333333334 0.39398148148148154 0.3854166666666667 0.3861111111111111 0.38359375 0.38287037037037036 0.3776041666666667 0.38333333333333336 0.3755208333333333 0.3888888888888889 0.3752604166666667 0.39398148148148154 0.3765625 0.3958333333333333
1 0.4651041666666667 0.4157407407407408 0.4739583333333333 0.4166666666666667 0.4765625 0.41435185185185186 0.4760416666666667 0.4050925925925926 0.4736979166666667 0.39861111111111114 0.4708333333333333 0.3962962962962963 0.4669270833333333 0.3958333333333333 0.46458333333333335 0.4027777777777778 0.4643229166666667 0.413425925925926 0.4651041666666667 0.4157407407407408
1 0.5028645833333334 0.46064814814814814 0.5052083333333334 0.4620370370370371 0.5158854166666667 0.4620370370370371 0.5179687500000001 0.45972222222222225 0.5182291666666666 0.44953703703703707 0.5161458333333333 0.44212962962962965 0.5127604166666667 0.4365740740740741 0.5091145833333334 0.43472222222222223 0.5049479166666667 0.4356481481481482 0.5015625 0.4435185185185186 0.5013020833333334 0.4555555555555556 0.5028645833333334 0.46064814814814814
1 0.4424479166666667 0.3916666666666667 0.4497395833333333 0.3916666666666667 0.45156250000000003 0.39027777777777783 0.45156250000000003 0.3851851851851852 0.44895833333333335 0.37962962962962965 0.4432291666666667 0.37962962962962965 0.44140625 0.3824074074074075 0.44114583333333335 0.3875 0.4424479166666667 0.3916666666666667
5 0.47890625000000003 0.6847222222222222 0.47890625000000003 0.6893518518518519 0.48046875 0.6944444444444444 0.48333333333333334 0.7305555555555556 0.484375 0.7356481481481482 0.4861979166666667 0.738888888888889 0.4901041666666667 0.7412037037037038 0.5169270833333334 0.7412037037037038 0.5226562499999999 0.7402777777777778 0.5252604166666667 0.7370370370370372 0.5260416666666666 0.7333333333333334 0.5260416666666666 0.7166666666666667 0.5234375 0.6925925925925925 0.5263020833333334 0.6847222222222222 0.5257812500000001 0.6828703703703703 0.5223958333333334 0.6805555555555556 0.5192708333333333 0.6759259259259259 0.5114583333333333 0.6509259259259259 0.5080729166666667 0.6490740740740741 0.49973958333333335 0.6481481481481481 0.4875 0.6490740740740741 0.484375 0.6509259259259259 0.4822916666666667 0.6546296296296297 0.4807291666666667 0.6615740740740741 0.48046875 0.6763888888888888 0.47890625000000003 0.6847222222222222
1 0.4809895833333333 0.41203703703703703 0.48984375 0.41203703703703703 0.4916666666666667 0.41111111111111115 0.4927083333333333 0.4083333333333333 0.49114583333333334 0.39814814814814814 0.48802083333333335 0.39398148148148154 0.48333333333333334 0.39537037037037037 0.48020833333333335 0.4013888888888889 0.4796875 0.4087962962962963 0.4809895833333333 0.41203703703703703
0 0.3885416666666667 0.425462962962963 0.4015625 0.42685185185185187 0.4044270833333333 0.42453703703703705 0.4067708333333333 0.40601851851851856 0.40598958333333335 0.39212962962962966 0.4044270833333333 0.38657407407407407 0.3958333333333333 0.38657407407407407 0.3893229166666667 0.3916666666666667 0.3869791666666667 0.39722222222222225 0.3869791666666667 0.4180555555555556 0.3885416666666667 0.425462962962963