8 0.3187934027777778 0.9594907407407407 0.3172743055555556 0.9626736111111112 0.3168402777777778 0.9655671296296297 0.3172743055555556 0.9942129629629629 0.3179253472222222 0.9959490740740741 0.3211805555555556 0.9968171296296297 0.322265625 0.9982638888888888 0.322265625 0.9997106481481481 0.3502604166666667 0.9997106481481481 0.3506944444444444 0.9979745370370371 0.3684895833333333 0.9959490740740741 0.3773871527777778 0.9965277777777778 0.3799913194444444 0.9976851851851852 0.3969184027777778 0.9971064814814815 0.3999565972222222 0.9979745370370371 0.4034288194444444 0.9971064814814815 0.4079861111111111 0.9979745370370371 0.4138454861111111 0.9962384259259259 0.4188368055555556 0.9962384259259259 0.4210069444444444 0.9971064814814815 0.4364149305555556 0.9965277777777778 0.4418402777777778 0.9979745370370371 0.4422743055555556 0.9997106481481481 0.4431423611111111 0.9997106481481481 0.443359375 0.9982638888888888 0.4448784722222222 0.9976851851851852 0.4490017361111111 0.9979745370370371 0.44921875 0.9997106481481481 0.4498697916666667 0.9997106481481481 0.4503038194444444 0.9979745370370371 0.4526909722222222 0.9965277777777778 0.4565972222222222 0.9976851851851852 0.4576822916666667 0.9950810185185185 0.4578993055555556 0.9840856481481481 0.4600694444444444 0.9797453703703703 0.4622395833333333 0.9713541666666666 0.4635416666666667 0.9690393518518519 0.4798177083333333 0.9140625 0.482421875 0.9100115740740741 0.4884982638888889 0.9065393518518519 0.4908854166666667 0.9007523148148148 0.4917534722222222 0.8903356481481481 0.4917534722222222 0.8590856481481481 0.4932725694444444 0.8532986111111112 0.4937065972222222 0.8417245370370371 0.4928385416666667 0.8243634259259259 0.4913194444444444 0.8208912037037037 0.4898003472222222 0.8142361111111112 0.4919704861111111 0.8113425925925926 0.4989149305555556 0.8084490740740741 0.4997829861111111 0.8038194444444444 0.4991319444444444 0.8020833333333334 0.4984809027777778 0.8009259259259259 0.4950086805555556 0.7991898148148148 0.4913194444444444 0.8003472222222222 0.4878472222222222 0.8000578703703703 0.4815538194444444 0.7890625 0.4772135416666667 0.7835648148148148 0.4672309027777778 0.7774884259259259 0.4483506944444444 0.7748842592592593 0.421875 0.7748842592592593 0.4032118055555556 0.7760416666666666 0.3962673611111111 0.7786458333333334 0.3897569444444444 0.7855902777777778 0.3851996527777778 0.7945601851851852 0.3828125 0.796875 0.3812934027777778 0.8006365740740741 0.3728298611111111 0.8107638888888888 0.3706597222222222 0.8162615740740741 0.3589409722222222 0.8333333333333334 0.3561197916666667 0.8388310185185185 0.3487413194444444 0.8489583333333334 0.3463541666666667 0.8544560185185185 0.328125 0.8836805555555556 0.3216145833333333 0.9111689814814815 0.3209635416666667 0.9256365740740741 0.3196614583333333 0.9288194444444444 0.3198784722222222 0.9519675925925926 0.3187934027777778 0.9594907407407407
8 0.6078559027777778 0.5127314814814815 0.6078559027777778 0.5170717592592593 0.6069878472222222 0.5217013888888888 0.6069878472222222 0.5295138888888888 0.6085069444444444 0.5344328703703703 0.6100260416666666 0.5350115740740741 0.615234375 0.5332754629629629 0.6204427083333334 0.5332754629629629 0.6280381944444444 0.5318287037037037 0.6302083333333334 0.5318287037037037 0.6334635416666666 0.5335648148148148 0.6371527777777778 0.5329861111111112 0.6373697916666666 0.5219907407407407 0.6358506944444444 0.5020254629629629 0.6345486111111112 0.4976851851851852 0.6330295138888888 0.48755787037037035 0.6312934027777778 0.48408564814814814 0.6234809027777778 0.48061342592592593 0.6169704861111112 0.4809027777777778 0.6128472222222222 0.4835069444444444 0.609375 0.4913194444444444 0.6072048611111112 0.5014467592592593 0.6065538194444444 0.5089699074074074 0.6078559027777778 0.5127314814814815
1 0.6176215277777778 0.47945601851851855 0.6195746527777778 0.48032407407407407 0.6273871527777778 0.48032407407407407 0.6310763888888888 0.4835069444444444 0.6336805555555556 0.48842592592592593 0.6343315972222222 0.4878472222222222 0.6354166666666666 0.4849537037037037 0.6351996527777778 0.4713541666666667 0.6341145833333334 0.4670138888888889 0.6310763888888888 0.4632523148148148 0.6276041666666666 0.4618055555555556 0.623046875 0.4618055555555556 0.6182725694444444 0.46730324074074076 0.6169704861111112 0.47077546296296297 0.6167534722222222 0.4777199074074074 0.6176215277777778 0.47945601851851855
1 0.7065972222222222 0.8495370370370371 0.7068142361111112 0.8596643518518519 0.7074652777777778 0.8608217592592593 0.7081163194444444 0.8677662037037037 0.708984375 0.8917824074074074 0.7100694444444444 0.8978587962962963 0.7115885416666666 0.9007523148148148 0.7139756944444444 0.9111689814814815 0.71484375 0.9189814814814815 0.7198350694444444 0.9444444444444444 0.7204861111111112 0.9513888888888888 0.7233072916666666 0.9632523148148148 0.7237413194444444 0.9751157407407407 0.7259114583333334 0.9835069444444444 0.7265625 0.9959490740740741 0.7282986111111112 0.9976851851851852 0.7300347222222222 0.9979745370370371 0.73046875 0.9997106481481481 0.7369791666666666 0.9997106481481481 0.7376302083333334 0.9979745370370371 0.7387152777777778 0.9982638888888888 0.7389322916666666 0.9997106481481481 0.7712673611111112 0.9997106481481481 0.7719184027777778 0.9979745370370371 0.7782118055555556 0.9971064814814815 0.7907986111111112 0.9976851851851852 0.7934027777777778 0.9968171296296297 0.8025173611111112 0.9979745370370371 0.8148871527777778 0.9976851851851852 0.8161892361111112 0.9985532407407407 0.8161892361111112 0.9997106481481481 0.8426649305555556 0.9997106481481481 0.8430989583333334 0.9979745370370371 0.8506944444444444 0.9950810185185185 0.8517795138888888 0.9913194444444444 0.8517795138888888 0.984375 0.8478732638888888 0.9649884259259259 0.8461371527777778 0.9603587962962963 0.8396267361111112 0.9482060185185185 0.8361545138888888 0.9314236111111112 0.8335503472222222 0.9253472222222222 0.8331163194444444 0.9212962962962963 0.8298611111111112 0.9143518518518519 0.8283420138888888 0.9091435185185185 0.8287760416666666 0.9027777777777778 0.8352864583333334 0.8975694444444444 0.8355034722222222 0.8929398148148148 0.8331163194444444 0.8903356481481481 0.8253038194444444 0.8891782407407407 0.8240017361111112 0.8877314814814815 0.8211805555555556 0.8796296296296297 0.8161892361111112 0.8709490740740741 0.8146701388888888 0.8654513888888888 0.8122829861111112 0.8616898148148148 0.8068576388888888 0.84375 0.8009982638888888 0.8307291666666666 0.7983940972222222 0.8269675925925926 0.7912326388888888 0.8125 0.7853732638888888 0.8072916666666666 0.7723524305555556 0.8020833333333334 0.7567274305555556 0.8000578703703703 0.744140625 0.8003472222222222 0.7315538194444444 0.8020833333333334 0.7174479166666666 0.8072916666666666 0.712890625 0.8098958333333334 0.7107204861111112 0.8125 0.7098524305555556 0.8139467592592593 0.708984375 0.8200231481481481 0.7081163194444444 0.8425925925925926 0.7065972222222222 0.8495370370370371
4 0.78515625 0.5399305555555556 0.7866753472222222 0.5503472222222222 0.7884114583333334 0.5558449074074074 0.7899305555555556 0.5581597222222222 0.7951388888888888 0.5619212962962963 0.8001302083333334 0.5685763888888888 0.8044704861111112 0.5679976851851852 0.806640625 0.5662615740740741 0.8276909722222222 0.5682870370370371 0.8313802083333334 0.5700231481481481 0.8344184027777778 0.5679976851851852 0.8357204861111112 0.5578703703703703 0.8350694444444444 0.5512152777777778 0.8335503472222222 0.5480324074074074 0.8322482638888888 0.5416666666666666 0.8259548611111112 0.5318287037037037 0.8246527777777778 0.5280671296296297 0.8229166666666666 0.5263310185185185 0.8229166666666666 0.5190972222222222 0.8209635416666666 0.515625 0.8179253472222222 0.5138888888888888 0.8135850694444444 0.5144675925925926 0.8109809027777778 0.5118634259259259 0.8064236111111112 0.5118634259259259 0.8038194444444444 0.5104166666666666 0.7942708333333334 0.5092592592592593 0.7903645833333334 0.5095486111111112 0.7894965277777778 0.5112847222222222 0.7864583333333334 0.5127314814814815 0.7862413194444444 0.5144675925925926 0.78515625 0.5234375 0.78515625 0.5399305555555556
1 0.6664496527777778 0.6652199074074074 0.6677517361111112 0.6695601851851852 0.6703559027777778 0.6730324074074074 0.6710069444444444 0.6762152777777778 0.6712239583333334 0.7008101851851852 0.6725260416666666 0.7065972222222222 0.6725260416666666 0.7173032407407407 0.673828125 0.7222222222222222 0.677734375 0.7245370370370371 0.6866319444444444 0.7233796296296297 0.6927083333333334 0.7245370370370371 0.7161458333333334 0.7245370370370371 0.7191840277777778 0.7236689814814815 0.7276475694444444 0.7242476851851852 0.7315538194444444 0.7225115740740741 0.7326388888888888 0.7204861111111112 0.7330729166666666 0.7173032407407407 0.7330729166666666 0.6927083333333334 0.7315538194444444 0.6848958333333334 0.7296006944444444 0.6791087962962963 0.7291666666666666 0.6715856481481481 0.7315538194444444 0.6681134259259259 0.7326388888888888 0.6649305555555556 0.7309027777777778 0.6623263888888888 0.7274305555555556 0.6620370370370371 0.7250434027777778 0.6597222222222222 0.7185329861111112 0.6449652777777778 0.7172309027777778 0.6403356481481481 0.7141927083333334 0.6365740740740741 0.7076822916666666 0.6313657407407407 0.7007378472222222 0.6302083333333334 0.6792534722222222 0.6319444444444444 0.677734375 0.6328125 0.6746961805555556 0.6391782407407407 0.669921875 0.6458333333333334 0.6684027777777778 0.6510416666666666 0.6684027777777778 0.6582754629629629 0.6664496527777778 0.6652199074074074
1 0.5887586805555556 0.6342592592592593 0.587890625 0.6478587962962963 0.5891927083333334 0.6548032407407407 0.5922309027777778 0.6579861111111112 0.6182725694444444 0.6591435185185185 0.6338975694444444 0.6556712962962963 0.6358506944444444 0.6542245370370371 0.6395399305555556 0.6429398148148148 0.6440972222222222 0.6371527777777778 0.6456163194444444 0.6336805555555556 0.6458333333333334 0.6212384259259259 0.6447482638888888 0.6024305555555556 0.6388888888888888 0.5911458333333334 0.6336805555555556 0.5879629629629629 0.6208767361111112 0.5879629629629629 0.6108940972222222 0.5911458333333334 0.6072048611111112 0.5931712962962963 0.6015625 0.5989583333333334 0.5954861111111112 0.6125578703703703 0.5902777777777778 0.6163194444444444 0.5922309027777778 0.6235532407407407 0.5887586805555556 0.6342592592592593
1 0.5622829861111112 0.5355902777777778 0.5640190972222222 0.5384837962962963 0.57421875 0.5361689814814815 0.5792100694444444 0.5367476851851852 0.5811631944444444 0.5358796296296297 0.5887586805555556 0.5381944444444444 0.5907118055555556 0.5367476851851852 0.5924479166666666 0.5326967592592593 0.5930989583333334 0.5164930555555556 0.5922309027777778 0.5127314814814815 0.5850694444444444 0.5066550925925926 0.5711805555555556 0.5072337962962963 0.5679253472222222 0.5086805555555556 0.5642361111111112 0.5130208333333334 0.5616319444444444 0.5217013888888888 0.5614149305555556 0.5269097222222222 0.5622829861111112 0.5355902777777778
1 0.5169270833333334 0.6102430555555556 0.517578125 0.6160300925925926 0.5190972222222222 0.6203703703703703 0.5227864583333334 0.6203703703703703 0.5262586805555556 0.6177662037037037 0.5295138888888888 0.6177662037037037 0.5325520833333334 0.6166087962962963 0.5412326388888888 0.6168981481481481 0.5460069444444444 0.6151620370370371 0.5503472222222222 0.6157407407407407 0.5538194444444444 0.6206597222222222 0.5572916666666666 0.6203703703703703 0.5588107638888888 0.6137152777777778 0.5590277777777778 0.6079282407407407 0.5629340277777778 0.6027199074074074 0.5635850694444444 0.5960648148148148 0.5631510416666666 0.5827546296296297 0.5640190972222222 0.5778356481481481 0.560546875 0.5760995370370371 0.5570746527777778 0.5720486111111112 0.5531684027777778 0.5700231481481481 0.5416666666666666 0.5688657407407407 0.5290798611111112 0.5700231481481481 0.521484375 0.5787037037037037 0.5206163194444444 0.5853587962962963 0.5190972222222222 0.5882523148148148 0.517578125 0.5954861111111112 0.5169270833333334 0.5989583333333334 0.5169270833333334 0.6102430555555556
1 0.6534288194444444 0.515625 0.6540798611111112 0.5240162037037037 0.65625 0.5271990740740741 0.6688368055555556 0.5280671296296297 0.6723090277777778 0.5269097222222222 0.6786024305555556 0.5266203703703703 0.6803385416666666 0.5251736111111112 0.6812065972222222 0.5185185185185185 0.6812065972222222 0.5095486111111112 0.6786024305555556 0.49855324074074076 0.6753472222222222 0.4945023148148148 0.6725260416666666 0.49363425925925924 0.6612413194444444 0.4945023148148148 0.6573350694444444 0.49623842592592593 0.6549479166666666 0.4982638888888889 0.65234375 0.5066550925925926 0.6521267361111112 0.5112847222222222 0.6534288194444444 0.515625
1 0.6618923611111112 0.5431134259259259 0.662109375 0.5465856481481481 0.6631944444444444 0.5491898148148148 0.6631944444444444 0.5645254629629629 0.6640625 0.5682870370370371 0.66796875 0.5760995370370371 0.6710069444444444 0.5763888888888888 0.67578125 0.5752314814814815 0.6979166666666666 0.5752314814814815 0.7005208333333334 0.5746527777777778 0.7016059027777778 0.5734953703703703 0.7024739583333334 0.5711805555555556 0.7024739583333334 0.5607638888888888 0.7003038194444444 0.5509259259259259 0.7003038194444444 0.5434027777777778 0.6983506944444444 0.5425347222222222 0.6968315972222222 0.5405092592592593 0.6955295138888888 0.5364583333333334 0.6924913194444444 0.5309606481481481 0.6892361111111112 0.5283564814814815 0.6838107638888888 0.5274884259259259 0.6692708333333334 0.5283564814814815 0.6677517361111112 0.5295138888888888 0.6664496527777778 0.5353009259259259 0.6638454861111112 0.5384837962962963 0.6627604166666666 0.5422453703703703 0.6618923611111112 0.5431134259259259
1 0.8098958333333334 0.5095486111111112 0.8142361111111112 0.5118634259259259 0.8185763888888888 0.5127314814814815 0.8231336805555556 0.5179398148148148 0.82421875 0.5263310185185185 0.8253038194444444 0.5292245370370371 0.8268229166666666 0.53125 0.8279079861111112 0.5347222222222222 0.8315972222222222 0.5399305555555556 0.8383246527777778 0.5381944444444444 0.8454861111111112 0.5387731481481481 0.84765625 0.5402199074074074 0.8498263888888888 0.5399305555555556 0.8509114583333334 0.5326967592592593 0.8502604166666666 0.5260416666666666 0.8459201388888888 0.515625 0.8381076388888888 0.5049189814814815 0.8255208333333334 0.5023148148148148 0.8161892361111112 0.5023148148148148 0.8142361111111112 0.5026041666666666 0.810546875 0.5060763888888888 0.8092447916666666 0.5086805555555556 0.8098958333333334 0.5095486111111112
5 0.5924479166666666 0.5674189814814815 0.5946180555555556 0.5729166666666666 0.5928819444444444 0.5842013888888888 0.5930989583333334 0.5914351851851852 0.5946180555555556 0.5995370370370371 0.5989583333333334 0.5998263888888888 0.6089409722222222 0.5908564814814815 0.6167534722222222 0.5879629629629629 0.6336805555555556 0.5868055555555556 0.6345486111111112 0.5749421296296297 0.6341145833333334 0.5668402777777778 0.6310763888888888 0.5572916666666666 0.6280381944444444 0.5515046296296297 0.6234809027777778 0.5486111111111112 0.6091579861111112 0.5483217592592593 0.6050347222222222 0.5489004629629629 0.6022135416666666 0.5517939814814815 0.5980902777777778 0.5630787037037037 0.5924479166666666 0.5674189814814815
1 0.6649305555555556 0.6417824074074074 0.666015625 0.6440972222222222 0.6688368055555556 0.6452546296296297 0.6714409722222222 0.6438078703703703 0.6775173611111112 0.6342592592592593 0.6803385416666666 0.6322337962962963 0.6909722222222222 0.6304976851851852 0.7048611111111112 0.6304976851851852 0.7083333333333334 0.6284722222222222 0.7087673611111112 0.6221064814814815 0.7072482638888888 0.6114004629629629 0.7074652777777778 0.609375 0.7111545138888888 0.6059027777777778 0.7105034722222222 0.6024305555555556 0.7063802083333334 0.6021412037037037 0.7048611111111112 0.6004050925925926 0.6994357638888888 0.5850694444444444 0.6961805555555556 0.5807291666666666 0.6903211805555556 0.578125 0.6840277777777778 0.5775462962962963 0.6697048611111112 0.5795717592592593 0.6675347222222222 0.5830439814814815 0.6638454861111112 0.5934606481481481 0.6640625 0.6357060185185185 0.6649305555555556 0.6417824074074074
5 0.625 0.45891203703703703 0.62890625 0.46122685185185186 0.6323784722222222 0.4620949074074074 0.6336805555555556 0.46383101851851855 0.6371527777777778 0.46383101851851855 0.6382378472222222 0.4603587962962963 0.6382378472222222 0.45109953703703703 0.6369357638888888 0.4461805555555556 0.6338975694444444 0.4447337962962963 0.6302083333333334 0.4447337962962963 0.626953125 0.4461805555555556 0.6245659722222222 0.4496527777777778 0.6239149305555556 0.4565972222222222 0.625 0.45891203703703703
1 0.6501736111111112 0.48755787037037035 0.6510416666666666 0.4898726851851852 0.6516927083333334 0.4898726851851852 0.654296875 0.48582175925925924 0.6577690972222222 0.48408564814814814 0.6627604166666666 0.4835069444444444 0.6662326388888888 0.48408564814814814 0.6701388888888888 0.4861111111111111 0.6707899305555556 0.48755787037037035 0.6705729166666666 0.4913194444444444 0.6720920138888888 0.49189814814814814 0.6753472222222222 0.4910300925925926 0.6751302083333334 0.4878472222222222 0.6723090277777778 0.48466435185185186 0.6744791666666666 0.4809027777777778 0.6740451388888888 0.4754050925925926 0.6723090277777778 0.4704861111111111 0.6684027777777778 0.4661458333333333 0.6651475694444444 0.4652777777777778 0.6510416666666666 0.46556712962962965 0.6490885416666666 0.4699074074074074 0.6490885416666666 0.47800925925925924 0.6501736111111112 0.48755787037037035
1 0.650390625 0.4927662037037037 0.6519097222222222 0.49508101851851855 0.6551649305555556 0.49623842592592593 0.6675347222222222 0.4930555555555556 0.6751302083333334 0.49421296296296297 0.6764322916666666 0.4927662037037037 0.6766493055555556 0.48755787037037035 0.6742621527777778 0.4765625 0.6723090277777778 0.4713541666666667 0.6684027777777778 0.46730324074074076 0.6536458333333334 0.4661458333333333 0.6510416666666666 0.4670138888888889 0.6497395833333334 0.47019675925925924 0.6495225694444444 0.4887152777777778 0.650390625 0.4927662037037037
1 0.65234375 0.4574652777777778 0.6549479166666666 0.45804398148148145 0.6575520833333334 0.45688657407407407 0.6649305555555556 0.4565972222222222 0.6649305555555556 0.44849537037037035 0.6612413194444444 0.4427083333333333 0.6588541666666666 0.4418402777777778 0.654296875 0.4427083333333333 0.6521267361111112 0.4453125 0.6512586805555556 0.4479166666666667 0.6510416666666666 0.45023148148148145 0.65234375 0.4574652777777778
2 0.5746527777777778 0.5017361111111112 0.5776909722222222 0.5040509259259259 0.5815972222222222 0.5040509259259259 0.5826822916666666 0.5014467592592593 0.5831163194444444 0.4913194444444444 0.5828993055555556 0.4878472222222222 0.5807291666666666 0.48148148148148145 0.5779079861111112 0.48061342592592593 0.5759548611111112 0.484375 0.57421875 0.4913194444444444 0.5740017361111112 0.4988425925925926 0.5746527777777778 0.5017361111111112
2 0.2899305555555556 0.7806712962962963 0.2901475694444444 0.7717013888888888 0.2925347222222222 0.7578125 0.2936197916666667 0.7560763888888888 0.2977430555555556 0.7572337962962963 0.2986111111111111 0.7583912037037037 0.2983940972222222 0.7592592592592593 0.296875 0.7595486111111112 0.2962239583333333 0.7612847222222222 0.2960069444444444 0.7690972222222222 0.2966579861111111 0.7705439814814815 0.3003472222222222 0.7699652777777778 0.3009982638888889 0.7679398148148148 0.3003472222222222 0.7569444444444444 0.3012152777777778 0.7549189814814815 0.2983940972222222 0.7537615740740741 0.2975260416666667 0.7523148148148148 0.2983940972222222 0.7482638888888888 0.3001302083333333 0.7447916666666666 0.3023003472222222 0.7439236111111112 0.3029513888888889 0.7416087962962963 0.3003472222222222 0.7262731481481481 0.296875 0.7265625 0.2951388888888889 0.7300347222222222 0.2899305555555556 0.7337962962962963 0.2864583333333333 0.7392939814814815 0.2864583333333333 0.7795138888888888 0.2899305555555556 0.7806712962962963
2 0.4468315972222222 0.5584490740740741 0.4535590277777778 0.5584490740740741 0.4572482638888889 0.5596064814814815 0.4585503472222222 0.5587384259259259 0.4600694444444444 0.5558449074074074 0.4605034722222222 0.5500578703703703 0.4596354166666667 0.546875 0.4568142361111111 0.5445601851851852 0.4552951388888889 0.5402199074074074 0.4533420138888889 0.5381944444444444 0.4507378472222222 0.5387731481481481 0.4498697916666667 0.5399305555555556 0.4496527777777778 0.5436921296296297 0.4483506944444444 0.5471643518518519 0.4459635416666667 0.5503472222222222 0.4453125 0.5538194444444444 0.4468315972222222 0.5584490740740741
2 0.6436631944444444 0.5254629629629629 0.6449652777777778 0.5260416666666666 0.6438802083333334 0.5271990740740741 0.6440972222222222 0.5280671296296297 0.6462673611111112 0.5245949074074074 0.6519097222222222 0.5245949074074074 0.6527777777777778 0.5237268518518519 0.6534288194444444 0.5205439814814815 0.6527777777777778 0.5144675925925926 0.6486545138888888 0.5060763888888888 0.6475694444444444 0.5049189814814815 0.6458333333333334 0.5060763888888888 0.64453125 0.5095486111111112 0.642578125 0.5167824074074074 0.6436631944444444 0.5254629629629629
2 0.654296875 0.5818865740740741 0.654296875 0.5850694444444444 0.6612413194444444 0.5870949074074074 0.6649305555555556 0.5870949074074074 0.6684027777777778 0.5815972222222222 0.6684027777777778 0.5778356481481481 0.6657986111111112 0.5740740740740741 0.6649305555555556 0.5694444444444444 0.6627604166666666 0.5662615740740741 0.6614583333333334 0.5651041666666666 0.6577690972222222 0.5677083333333334 0.6569010416666666 0.5737847222222222 0.654296875 0.5818865740740741
3 0.5779079861111112 0.5057870370370371 0.5815972222222222 0.5057870370370371 0.5826822916666666 0.5037615740740741 0.5831163194444444 0.49681712962962965 0.5828993055555556 0.49016203703703703 0.5818142361111112 0.4869791666666667 0.5807291666666666 0.4861111111111111 0.5772569444444444 0.48640046296296297 0.5755208333333334 0.48813657407407407 0.5740017361111112 0.4939236111111111 0.57421875 0.5034722222222222 0.5779079861111112 0.5057870370370371
3 0.4490017361111111 0.5810185185185185 0.4518229166666667 0.5824652777777778 0.4563802083333333 0.5815972222222222 0.4581163194444444 0.5787037037037037 0.4594184027777778 0.5732060185185185 0.4598524305555556 0.5656828703703703 0.4592013888888889 0.5598958333333334 0.4572482638888889 0.5567129629629629 0.4552951388888889 0.5561342592592593 0.4524739583333333 0.5558449074074074 0.4466145833333333 0.5572916666666666 0.4463975694444444 0.5711805555555556 0.4490017361111111 0.5810185185185185
3 0.6438802083333334 0.5370370370370371 0.6475694444444444 0.5431134259259259 0.6510416666666666 0.5425347222222222 0.6525607638888888 0.5396412037037037 0.6536458333333334 0.5344328703703703 0.6536458333333334 0.5280671296296297 0.6525607638888888 0.5225694444444444 0.6512586805555556 0.5205439814814815 0.6451822916666666 0.5208333333333334 0.6438802083333334 0.5217013888888888 0.6434461805555556 0.5243055555555556 0.6432291666666666 0.5318287037037037 0.6438802083333334 0.5370370370370371
3 0.650390625 0.6163194444444444 0.65234375 0.6183449074074074 0.6549479166666666 0.6189236111111112 0.6566840277777778 0.6177662037037037 0.6625434027777778 0.6096643518518519 0.6634114583333334 0.6038773148148148 0.6634114583333334 0.5920138888888888 0.6647135416666666 0.5888310185185185 0.6649305555555556 0.5844907407407407 0.654296875 0.5824652777777778 0.6519097222222222 0.5853587962962963 0.6512586805555556 0.5873842592592593 0.6497395833333334 0.5986689814814815 0.6495225694444444 0.6096643518518519 0.650390625 0.6163194444444444