8 0.5703125000000001 0.6458333333333334 0.5734375 0.6708333333333334 0.5765625000000001 0.6749999999999999 0.58125 0.6736111111111112 0.5882812500000001 0.6833333333333333 0.6109375 0.7291666666666666 0.6156250000000001 0.7555555555555555 0.63984375 0.775 0.6898437500000001 0.7666666666666666 0.6953125 0.7597222222222222 0.6953125 0.6749999999999999 0.6875 0.6666666666666666 0.671875 0.6194444444444444 0.6312500000000001 0.5569444444444445 0.6125 0.5375 0.5796875 0.5416666666666666 0.5710937500000001 0.561111111111111 0.5664062500000001 0.5972222222222222 0.565625 0.6361111111111112 0.5703125000000001 0.6458333333333334
8 0.446875 0.3347222222222222 0.4546875 0.3430555555555555 0.47890625000000003 0.3402777777777778 0.47734375 0.3069444444444444 0.47109375000000003 0.29305555555555557 0.46328125000000003 0.2847222222222222 0.44375000000000003 0.2861111111111111 0.44296875 0.3208333333333333 0.446875 0.3347222222222222
5 0.26994765625 0.26249999999999996 0.26994765625 0.24583333333333335 0.26604140625 0.2375 0.25588515625 0.2361111111111111 0.25276015625000003 0.24027777777777778 0.25354140625000005 0.2638888888888889 0.26994765625 0.26249999999999996
1 0.22968750000000002 0.2152777777777778 0.22734375 0.1986111111111111 0.215625 0.19999999999999998 0.21484375 0.21666666666666665 0.22968750000000002 0.2152777777777778
1 0.3375 0.20694444444444443 0.34921875 0.20416666666666666 0.3453125 0.1875 0.3375 0.1861111111111111 0.33437500000000003 0.19166666666666665 0.33359375 0.1986111111111111 0.3375 0.20694444444444443
1 0.34921875 0.1763888888888889 0.3453125 0.1611111111111111 0.33828125000000003 0.16805555555555554 0.33984375 0.17777777777777778 0.34921875 0.1763888888888889
1 0.3796875 0.2875 0.3984375 0.2847222222222222 0.39765625000000004 0.26944444444444443 0.39140625 0.25555555555555554 0.3828125 0.25277777777777777 0.3765625 0.2583333333333333 0.37578125 0.27638888888888885 0.3796875 0.2875
1 0.8078125 0.8361111111111111 0.8132812500000001 0.8611111111111112 0.8203125 0.8708333333333333 0.83203125 0.8722222222222222 0.9 0.9666666666666666 0.9070312500000001 0.9958333333333333 0.9890625000000001 0.9958333333333333 0.9953125 0.9944444444444444 0.99921875 0.9833333333333334 0.99921875 0.9375 0.9625 0.8833333333333333 0.9546875 0.8680555555555556 0.95234375 0.8541666666666666 0.9437500000000001 0.8472222222222222 0.92578125 0.8166666666666667 0.8968750000000001 0.7819444444444444 0.8796875000000001 0.7694444444444444 0.8578125000000001 0.7652777777777777 0.84765625 0.7569444444444444 0.82421875 0.7555555555555555 0.8109375000000001 0.7652777777777777 0.8015625000000001 0.7805555555555556 0.7992187500000001 0.7902777777777777 0.7992187500000001 0.8152777777777778 0.8078125 0.8361111111111111
1 0.565625 0.5180555555555555 0.5742187500000001 0.5194444444444445 0.5898437500000001 0.5361111111111111 0.60859375 0.5333333333333333 0.6312500000000001 0.5513888888888888 0.6375000000000001 0.5458333333333333 0.6390625000000001 0.5305555555555556 0.6359375 0.5152777777777777 0.62421875 0.4944444444444444 0.625 0.4875 0.60546875 0.4583333333333333 0.5945312500000001 0.4527777777777778 0.5742187500000001 0.45416666666666666 0.5671875000000001 0.46249999999999997 0.5625000000000001 0.47638888888888886 0.56171875 0.5041666666666667 0.565625 0.5180555555555555
1 0.321875 0.2236111111111111 0.32656250000000003 0.225 0.33437500000000003 0.21666666666666665 0.33437500000000003 0.20694444444444443 0.328125 0.19722222222222222 0.31953125000000004 0.2013888888888889 0.31875000000000003 0.2152777777777778 0.321875 0.2236111111111111
1 0.35000000000000003 0.7027777777777777 0.36250000000000004 0.7097222222222221 0.40234375 0.7027777777777777 0.41171875 0.6930555555555555 0.4109375 0.6541666666666666 0.40390625 0.6222222222222222 0.4078125 0.6124999999999999 0.40078125000000003 0.6055555555555555 0.3953125 0.5805555555555555 0.3875 0.5625 0.3765625 0.5583333333333333 0.35546875 0.561111111111111 0.3453125 0.5666666666666667 0.34218750000000003 0.575 0.340625 0.6166666666666666 0.35000000000000003 0.7027777777777777
1 0.403125 0.2736111111111111 0.421875 0.2708333333333333 0.421875 0.2611111111111111 0.41484375 0.24166666666666664 0.40390625 0.24027777777777778 0.3984375 0.24583333333333335 0.39765625000000004 0.2611111111111111 0.403125 0.2736111111111111
1 0.3171875 0.2569444444444444 0.3171875 0.24027777777777778 0.31328125 0.23055555555555554 0.30000000000000004 0.23194444444444445 0.30000000000000004 0.2569444444444444 0.3171875 0.2569444444444444
1 0.3453125 0.30277777777777776 0.3671875 0.30277777777777776 0.36562500000000003 0.2777777777777778 0.36250000000000004 0.2722222222222222 0.3484375 0.26944444444444443 0.34375 0.2791666666666667 0.34296875000000004 0.2916666666666667 0.3453125 0.30277777777777776
1 0.34921875 0.23055555555555554 0.36250000000000004 0.23333333333333334 0.36328125 0.21666666666666665 0.35703125 0.20833333333333334 0.35078125000000004 0.2097222222222222 0.3484375 0.21388888888888888 0.34921875 0.23055555555555554
1 0.41171875 0.3486111111111111 0.43515625 0.3472222222222222 0.43593750000000003 0.33194444444444443 0.43203125000000003 0.31666666666666665 0.42578125 0.3055555555555556 0.4140625 0.30277777777777776 0.40468750000000003 0.3125 0.40468750000000003 0.33749999999999997 0.41171875 0.3486111111111111
1 0.25312500000000004 0.18333333333333335 0.259375 0.18333333333333335 0.26171875000000006 0.17916666666666664 0.25859375 0.16944444444444445 0.25078125 0.1722222222222222 0.25 0.17916666666666664 0.25312500000000004 0.18333333333333335
1 0.13359375 0.3625 0.1390625 0.3583333333333333 0.15781250000000002 0.3597222222222222 0.16875 0.3416666666666667 0.16718750000000002 0.3263888888888889 0.15859375 0.31666666666666665 0.1375 0.3194444444444444 0.13125 0.3333333333333333 0.1296875 0.3527777777777778 0.13359375 0.3625
1 0.30703125000000003 0.2013888888888889 0.30546875 0.1875 0.29609375000000004 0.1875 0.296875 0.20416666666666666 0.30703125000000003 0.2013888888888889
1 0.23046875 0.1861111111111111 0.240625 0.18333333333333335 0.23671875 0.16944444444444445 0.23203125000000002 0.16944444444444445 0.22890625 0.175 0.22812500000000002 0.18194444444444444 0.23046875 0.1861111111111111
5 0.37343750000000003 0.4777777777777778 0.40859375000000003 0.4736111111111111 0.40937500000000004 0.45694444444444443 0.40468750000000003 0.4388888888888889 0.40546875000000004 0.4319444444444444 0.39140625 0.4069444444444444 0.37265625 0.4055555555555555 0.36015625 0.4152777777777778 0.359375 0.4458333333333333 0.37343750000000003 0.4777777777777778
1 0.43828125 0.5625 0.4421875 0.5847222222222223 0.45156250000000003 0.575 0.48828125 0.575 0.4890625 0.5444444444444444 0.48203125 0.5194444444444445 0.484375 0.5083333333333333 0.47578125000000004 0.4972222222222222 0.45937500000000003 0.4597222222222222 0.4546875 0.4555555555555555 0.43125 0.4583333333333333 0.4234375 0.4833333333333333 0.42421875000000003 0.5277777777777778 0.43828125 0.5625
1 0.17109375000000002 0.4097222222222222 0.1875 0.4013888888888889 0.20390625 0.4069444444444444 0.20859375000000002 0.3875 0.20703125 0.3541666666666667 0.19921875 0.3472222222222222 0.1765625 0.3486111111111111 0.1703125 0.3597222222222222 0.16718750000000002 0.39444444444444443 0.17109375000000002 0.4097222222222222
1 0.33046875000000003 0.3097222222222222 0.33125000000000004 0.28888888888888886 0.32578125 0.2708333333333333 0.31640625 0.26805555555555555 0.30781250000000004 0.2736111111111111 0.30859375 0.3111111111111111 0.33046875000000003 0.3097222222222222
1 0.25546875 0.1986111111111111 0.25234375000000003 0.18333333333333335 0.24296875 0.1875 0.24375000000000002 0.19999999999999998 0.25546875 0.1986111111111111
1 0.51484375 0.8583333333333334 0.525 0.8708333333333333 0.5390625000000001 0.9152777777777777 0.5492187500000001 0.9527777777777777 0.55234375 0.9847222222222222 0.56015625 0.9958333333333333 0.628125 0.998611111111111 0.6335937500000001 0.9944444444444444 0.6375000000000001 0.975 0.63828125 0.9430555555555555 0.63046875 0.9069444444444444 0.6179687500000001 0.8694444444444444 0.6234375000000001 0.8541666666666666 0.61875 0.8513888888888889 0.6156250000000001 0.8555555555555555 0.6109375 0.848611111111111 0.58515625 0.7805555555555556 0.5640625 0.7527777777777778 0.55 0.748611111111111 0.5218750000000001 0.7569444444444444 0.5117187500000001 0.7736111111111111 0.5109375 0.8125 0.51484375 0.8583333333333334
1 0.3140625 0.20277777777777775 0.31875000000000003 0.20416666666666666 0.32734375000000004 0.1986111111111111 0.328125 0.19444444444444445 0.32421875 0.1861111111111111 0.31640625 0.1847222222222222 0.31328125 0.18888888888888888 0.3140625 0.20277777777777775
1 0.31015625 0.3805555555555556 0.33984375 0.3833333333333333 0.340625 0.3486111111111111 0.33437500000000003 0.3305555555555555 0.33125000000000004 0.325 0.31562500000000004 0.325 0.3125 0.32916666666666666 0.30781250000000004 0.3472222222222222 0.31015625 0.3805555555555556
1 0.24296875 0.2388888888888889 0.24296875 0.2263888888888889 0.23984375000000002 0.21944444444444444 0.23046875 0.21666666666666665 0.22734375 0.2222222222222222 0.22734375 0.24166666666666664 0.24296875 0.2388888888888889
1 0.18906250000000002 0.26666666666666666 0.209375 0.2638888888888889 0.209375 0.2513888888888889 0.20546875 0.24166666666666664 0.19062500000000002 0.24166666666666664 0.18828125 0.24583333333333335 0.18906250000000002 0.26666666666666666
5 0 0.7902777777777777 0 0.9388888888888888 0.0023437500000000003 0.9402777777777778 0 0.9444444444444444 0 0.9805555555555555 0.041406250000000006 0.9652777777777778 0.059375000000000004 0.9444444444444444 0.065625 0.9416666666666667 0.06875 0.9333333333333333 0.06953125 0.9041666666666666 0.0765625 0.8833333333333333 0.07890625000000001 0.8666666666666666 0.0890625 0.8361111111111111 0.09765625 0.8194444444444444 0.096875 0.7791666666666666 0.09140625000000001 0.7597222222222222 0.0625 0.7569444444444444 0.01953125 0.7736111111111111 0.009375000000000001 0.7875 0 0.7902777777777777
1 0.33437500000000003 0.26944444444444443 0.3515625 0.26666666666666666 0.3515625 0.25416666666666665 0.34765625 0.24305555555555555 0.33984375 0.2388888888888889 0.33359375 0.24444444444444444 0.33203125 0.2569444444444444 0.33437500000000003 0.26944444444444443
1 0.30781250000000004 0.1847222222222222 0.31328125 0.18888888888888888 0.3171875 0.1847222222222222 0.31796875 0.17777777777777778 0.31015625 0.16805555555555554 0.30703125000000003 0.1736111111111111 0.30781250000000004 0.1847222222222222
1 0.33203125 0.24583333333333335 0.34218750000000003 0.2388888888888889 0.3375 0.21944444444444444 0.33203125 0.21805555555555556 0.32734375000000004 0.2236111111111111 0.328125 0.24444444444444444 0.33203125 0.24583333333333335
4 0.36953125000000003 0.3666666666666667 0.39453125 0.36527777777777776 0.39375000000000004 0.3333333333333333 0.3828125 0.3111111111111111 0.36796875 0.3111111111111111 0.3640625 0.3222222222222222 0.3640625 0.3444444444444444 0.36953125000000003 0.3666666666666667
1 0.35781250000000003 0.20694444444444443 0.36640625000000004 0.20694444444444443 0.36953125000000003 0.20277777777777775 0.36953125000000003 0.19444444444444445 0.36640625000000004 0.1875 0.35625 0.18888888888888888 0.35546875 0.20277777777777775 0.35781250000000003 0.20694444444444443
5 0.45 0.4361111111111111 0.48046875 0.4347222222222222 0.48125 0.4152777777777778 0.478125 0.39444444444444443 0.46718750000000003 0.37777777777777777 0.44921875 0.3722222222222222 0.44453125000000004 0.375 0.4390625 0.38611111111111107 0.4390625 0.41388888888888886 0.45 0.4361111111111111
1 0.3828125 0.22083333333333333 0.3796875 0.20555555555555555 0.36875 0.20555555555555555 0.36953125000000003 0.2222222222222222 0.3828125 0.22083333333333333
1 0.22890625 0.41805555555555557 0.24140625000000002 0.4111111111111111 0.2625 0.41388888888888886 0.26406250000000003 0.3888888888888889 0.26171875000000006 0.3680555555555556 0.25312500000000004 0.3597222222222222 0.2421875 0.3597222222222222 0.23359375000000002 0.3625 0.22812500000000002 0.3722222222222222 0.2265625 0.4125 0.22890625 0.41805555555555557
1 0.44843750000000004 0.998611111111111 0.45625000000000004 0.9930555555555556 0.496875 0.998611111111111 0.49921875000000004 0.9944444444444444 0.49453125000000003 0.9694444444444444 0.48046875 0.9249999999999999 0.47187500000000004 0.9069444444444444 0.465625 0.9027777777777778 0.43515625 0.9055555555555556 0.40625 0.9180555555555555 0.3984375 0.9291666666666666 0.39453125 0.9527777777777777 0.39296875000000003 0.998611111111111 0.44843750000000004 0.998611111111111
1 0.30000000000000004 0.22916666666666666 0.3140625 0.2263888888888889 0.31328125 0.21388888888888888 0.31015625 0.20694444444444443 0.2984375 0.20694444444444443 0.29765625 0.22083333333333333 0.30000000000000004 0.22916666666666666
5 0.3828125 0.22083333333333333 0.38203125000000004 0.2111111111111111 0.3765625 0.20277777777777775 0.371875 0.20277777777777775 0.36796875 0.20833333333333334 0.36875 0.2222222222222222 0.3828125 0.22083333333333333
3 0.90390625 0.39444444444444443 0.9109375000000001 0.3902777777777778 0.9226562500000001 0.39999999999999997 0.9281250000000001 0.3972222222222222 0.9265625000000001 0.3666666666666667 0.91796875 0.3527777777777778 0.9148437500000001 0.35555555555555557 0.9140625 0.3638888888888889 0.9015625 0.375 0.9007812500000001 0.3875 0.90390625 0.39444444444444443