8 0.006172839506172839 0.8175154320987653 0.007201646090534979 0.8244598765432097 0.006687242798353909 0.8479938271604938 0.00874485596707819 0.8560956790123456 0.012602880658436212 0.8580246913580246 0.03575102880658436 0.8614969135802468 0.061985596707818925 0.8626543209876543 0.0779320987654321 0.8618827160493827 0.08847736625514403 0.8568672839506172 0.09490740740740741 0.8626543209876543 0.09902263374485597 0.8622685185185185 0.10236625514403291 0.8599537037037037 0.10545267489711933 0.8541666666666666 0.10776748971193414 0.8391203703703703 0.1111111111111111 0.833719135802469 0.11496913580246913 0.8314043209876543 0.12602880658436214 0.8198302469135802 0.147119341563786 0.80054012345679 0.15097736625514402 0.7993827160493827 0.15432098765432098 0.8032407407407407 0.15792181069958847 0.8032407407407407 0.16152263374485595 0.7989969135802468 0.16358024691358022 0.7932098765432097 0.16589506172839505 0.7804783950617283 0.17181069958847736 0.7723765432098765 0.1728395061728395 0.7689043209876543 0.17309670781893002 0.7608024691358024 0.16949588477366254 0.7314814814814815 0.17001028806584362 0.7276234567901234 0.17181069958847736 0.7249228395061728 0.17181069958847736 0.7218364197530863 0.1712962962962963 0.7202932098765431 0.16923868312757198 0.7191358024691357 0.1646090534979424 0.71875 0.15766460905349794 0.7083333333333334 0.15174897119341565 0.7048611111111112 0.14531893004115226 0.6979166666666666 0.1383744855967078 0.6940586419753086 0.1301440329218107 0.6929012345679012 0.12705761316872427 0.691358024691358 0.09259259259259259 0.6917438271604938 0.08822016460905349 0.6936728395061728 0.0853909465020576 0.697145061728395 0.07407407407407407 0.7017746913580246 0.06584362139917695 0.7079475308641975 0.055812757201646086 0.7133487654320987 0.03806584362139917 0.7260802469135802 0.03189300411522634 0.7287808641975309 0.018261316872427984 0.7391975308641975 0.014660493827160493 0.7449845679012346 0.011574074074074073 0.7530864197530863 0.010545267489711933 0.7584876543209875 0.010802469135802469 0.7619598765432097 0.007201646090534979 0.7827932098765431 0.005658436213991769 0.8013117283950616 0.006172839506172839 0.8175154320987653
1 0.5334362139917695 0.4185956790123456 0.5372942386831275 0.42091049382716045 0.540380658436214 0.42592592592592593 0.5424382716049382 0.4270833333333333 0.5473251028806584 0.42592592592592593 0.5478395061728395 0.4212962962962963 0.5468106995884773 0.4116512345679012 0.5457818930041152 0.40702160493827155 0.5444958847736625 0.4054783950617284 0.540380658436214 0.4039351851851852 0.5362654320987654 0.40470679012345673 0.5342078189300411 0.4074074074074074 0.5326646090534979 0.4116512345679012 0.5324074074074074 0.4151234567901234 0.5334362139917695 0.4185956790123456
1 0.5048868312757201 0.40316358024691357 0.5123456790123456 0.4027777777777778 0.5141460905349794 0.40084876543209874 0.51440329218107 0.3939043209876543 0.5118312757201645 0.38966049382716045 0.5079732510288065 0.38927469135802467 0.5051440329218106 0.39043209876543206 0.5036008230452674 0.3950617283950617 0.5033436213991769 0.4012345679012345 0.5048868312757201 0.40316358024691357
1 0.32536008230452673 0.4564043209876543 0.32793209876543206 0.46489197530864196 0.34002057613168724 0.46334876543209874 0.3428497942386831 0.45987654320987653 0.34542181069958844 0.4544753086419753 0.34516460905349794 0.4506172839506173 0.3415637860082304 0.44521604938271603 0.3402777777777778 0.439429012345679 0.33744855967078186 0.4367283950617284 0.3245884773662552 0.43827160493827155 0.3215020576131687 0.44675925925925924 0.3212448559670782 0.44945987654320985 0.32536008230452673 0.4564043209876543
1 0.8968621399176954 0.9957561728395061 0.8994341563786008 0.9945987654320987 0.8955761316872427 0.9942129629629629 0.8945473251028806 0.9945987654320987 0.8968621399176954 0.9957561728395061
1 0.9146090534979423 0.9957561728395061 0.9164094650205761 0.9945987654320987 0.9153806584362139 0.9938271604938271 0.9151234567901234 0.9953703703703703 0.9143518518518519 0.9953703703703703 0.9133230452674896 0.9938271604938271 0.9120370370370371 0.9942129629629629 0.911522633744856 0.9945987654320987 0.9146090534979423 0.9957561728395061
1 0.7170781893004116 0.6493055555555556 0.7186213991769547 0.6689814814814815 0.7201646090534979 0.6724537037037037 0.728395061728395 0.6751543209876543 0.7286522633744856 0.6786265432098765 0.7304526748971193 0.6813271604938271 0.731738683127572 0.6986882716049382 0.7337962962962963 0.7033179012345678 0.7376543209876543 0.7040895061728394 0.7409979423868313 0.7029320987654321 0.7481995884773662 0.6959876543209875 0.7515432098765431 0.6983024691358024 0.7533436213991769 0.6975308641975309 0.7566872427983539 0.6921296296296297 0.7595164609053497 0.6909722222222222 0.7620884773662552 0.6859567901234568 0.7626028806584361 0.6925154320987653 0.7723765432098765 0.6917438271604938 0.7749485596707819 0.6936728395061728 0.776491769547325 0.6967592592592593 0.7770061728395061 0.7029320987654321 0.7785493827160493 0.7060185185185185 0.7829218106995884 0.70679012345679 0.7862654320987653 0.7040895061728394 0.7888374485596708 0.6867283950617283 0.7890946502057612 0.6674382716049382 0.7829218106995884 0.6473765432098765 0.786522633744856 0.6423611111111112 0.7867798353909464 0.6369598765432097 0.7816358024691357 0.6358024691358024 0.7782921810699589 0.6385030864197531 0.7785493827160493 0.6369598765432097 0.7757201646090535 0.6334876543209875 0.776491769547325 0.6311728395061728 0.775977366255144 0.6261574074074074 0.7723765432098765 0.6165123456790123 0.7680041152263374 0.6091820987654321 0.7654320987654321 0.6068672839506172 0.7600308641975309 0.6053240740740741 0.7445987654320987 0.6041666666666666 0.7345679012345678 0.6049382716049382 0.7327674897119342 0.6057098765432097 0.727366255144033 0.6122685185185185 0.7250514403292181 0.6111111111111112 0.7204218106995884 0.6114969135802468 0.7183641975308641 0.6195987654320987 0.7183641975308641 0.6373456790123456 0.7170781893004116 0.6493055555555556
1 0.43209876543209874 0.48418209876543206 0.4393004115226337 0.48225308641975306 0.4454732510288065 0.48225308641975306 0.4498456790123456 0.48418209876543206 0.4531893004115226 0.4826388888888889 0.45653292181069954 0.4741512345679012 0.45601851851851855 0.46682098765432095 0.4539609053497942 0.45987654320987653 0.4462448559670782 0.4567901234567901 0.4400720164609054 0.45717592592592593 0.43569958847736623 0.45910493827160487 0.43209876543209874 0.46720679012345673 0.43158436213991763 0.470679012345679 0.43132716049382713 0.478395061728395 0.43209876543209874 0.48418209876543206
1 0.44238683127572015 0.43595679012345673 0.4542181069958847 0.43557098765432095 0.4567901234567901 0.43209876543209874 0.45601851851851855 0.4232253086419753 0.45267489711934156 0.41705246913580246 0.4441872427983539 0.41705246913580246 0.44238683127572015 0.4185956790123456 0.4411008230452675 0.4224537037037037 0.4403292181069958 0.43287037037037035 0.44238683127572015 0.43595679012345673
1 0.42309670781893005 0.6782407407407407 0.4251543209876543 0.6809413580246912 0.42875514403292175 0.6813271604938271 0.4367283950617284 0.6770833333333334 0.4449588477366255 0.6763117283950616 0.45781893004115226 0.677469135802469 0.46682098765432095 0.6801697530864197 0.4681069958847736 0.6786265432098765 0.4691358024691358 0.6732253086419753 0.47299382716049376 0.6616512345679012 0.47556584362139914 0.6574074074074074 0.4771090534979423 0.6516203703703703 0.47736625514403286 0.6230709876543209 0.4737654320987654 0.6219135802469135 0.46733539094650206 0.614969135802469 0.46347736625514396 0.6126543209876543 0.45164609053497945 0.6118827160493827 0.44315843621399176 0.6126543209876543 0.4349279835390946 0.614969135802469 0.43132716049382713 0.6192129629629629 0.42875514403292175 0.6257716049382716 0.42181069958847733 0.6512345679012346 0.42181069958847733 0.6724537037037037 0.42309670781893005 0.6782407407407407
1 0.47736625514403286 0.4714506172839506 0.48842592592592593 0.4710648148148148 0.4930555555555556 0.4722222222222222 0.4948559670781893 0.4718364197530864 0.49562757201646085 0.47029320987654316 0.49639917695473246 0.4602623456790123 0.49537037037037035 0.45293209876543206 0.492798353909465 0.4463734567901234 0.4904835390946502 0.4440586419753086 0.4832818930041152 0.4440586419753086 0.47788065843621397 0.44598765432098764 0.47633744855967075 0.44830246913580246 0.4732510288065843 0.45949074074074076 0.4732510288065843 0.4679783950617284 0.47736625514403286 0.4714506172839506
1 0.51440329218107 0.42168209876543206 0.525977366255144 0.42091049382716045 0.5280349794238682 0.41820987654320985 0.5270061728395061 0.4027777777777778 0.5249485596707819 0.3993055555555556 0.5159465020576132 0.40046296296296297 0.5136316872427984 0.40432098765432095 0.5128600823045267 0.4128086419753086 0.5126028806584362 0.41820987654320985 0.51440329218107 0.42168209876543206
1 0.07124485596707818 0.7037037037037037 0.08024691358024691 0.697145061728395 0.09027777777777778 0.6917438271604938 0.09542181069958848 0.6902006172839505 0.12345679012345678 0.6909722222222222 0.12680041152263374 0.6898148148148148 0.13914609053497942 0.6936728395061728 0.14814814814814814 0.6983024691358024 0.1527777777777778 0.7040895061728394 0.15483539094650206 0.7052469135802468 0.15766460905349794 0.7029320987654321 0.15869341563786007 0.6936728395061728 0.15766460905349794 0.6817129629629629 0.15432098765432098 0.6743827160493827 0.1440329218106996 0.6709104938271605 0.13348765432098764 0.6635802469135802 0.12062757201646089 0.6612654320987653 0.10776748971193414 0.6616512345679012 0.09567901234567901 0.663966049382716 0.08564814814814815 0.6712962962962963 0.07896090534979423 0.6790123456790123 0.06893004115226337 0.6994598765432097 0.06815843621399177 0.7029320987654321 0.07124485596707818 0.7037037037037037
1 0.08153292181069959 0.5119598765432098 0.08101851851851852 0.5111882716049382 0.07818930041152264 0.5119598765432098 0.08153292181069959 0.5119598765432098
5 0.39403292181069954 0.5979938271604938 0.39737654320987653 0.5972222222222222 0.4007201646090535 0.5933641975308641 0.4063786008230452 0.5929783950617283 0.42206790123456783 0.59375 0.42875514403292175 0.5979938271604938 0.430298353909465 0.5952932098765431 0.43132716049382713 0.5895061728395061 0.4375 0.5810185185185185 0.4385288065843621 0.5736882716049382 0.438014403292181 0.5582561728395061 0.4367283950617284 0.5555555555555556 0.4290123456790123 0.5489969135802469 0.42181069958847733 0.5451388888888888 0.40792181069958844 0.5455246913580246 0.40432098765432095 0.5486111111111112 0.4007201646090535 0.5540123456790123 0.39531893004115226 0.5671296296296297 0.393261316872428 0.570216049382716 0.3919753086419753 0.5775462962962963 0.3919753086419753 0.591820987654321 0.39403292181069954 0.5979938271604938
1 0.4570473251028806 0.5748456790123456 0.4583333333333333 0.58179012345679 0.45987654320987653 0.5848765432098765 0.46347736625514396 0.5852623456790123 0.46682098765432095 0.5787037037037037 0.4699074074074074 0.5763888888888888 0.4724794238683127 0.5760030864197531 0.4837962962962963 0.5763888888888888 0.4881687242798354 0.5787037037037037 0.49125514403292175 0.5829475308641975 0.4948559670781893 0.5829475308641975 0.4958847736625514 0.5814043209876543 0.4994855967078189 0.5709876543209876 0.49974279835390945 0.5640432098765432 0.49845679012345673 0.5385802469135802 0.49511316872427985 0.5289351851851852 0.4879115226337448 0.5250771604938271 0.4691358024691358 0.5258487654320988 0.4647633744855967 0.5297067901234568 0.45987654320987653 0.538966049382716 0.45910493827160487 0.5428240740740741 0.4570473251028806 0.5570987654320988 0.4570473251028806 0.5748456790123456
1 0.4899691358024691 0.5258487654320988 0.4935699588477366 0.5281635802469136 0.49819958847736623 0.5358796296296297 0.5087448559670782 0.5339506172839505 0.5154320987654321 0.5366512345679012 0.518775720164609 0.5320216049382716 0.5203189300411523 0.5216049382716049 0.5198045267489712 0.5131172839506173 0.518775720164609 0.5084876543209876 0.5123456790123456 0.5023148148148148 0.5095164609053497 0.5011574074074074 0.5012860082304527 0.5011574074074074 0.4948559670781893 0.5030864197530863 0.49074074074074076 0.5104166666666666 0.48945473251028804 0.5154320987654321 0.48894032921810693 0.5239197530864197 0.4899691358024691 0.5258487654320988
1 0.45653292181069954 0.45910493827160487 0.470679012345679 0.45910493827160487 0.4737654320987654 0.45563271604938266 0.4758230452674897 0.44598765432098764 0.4758230452674897 0.4425154320987654 0.4737654320987654 0.4367283950617284 0.4709362139917695 0.43287037037037035 0.4647633744855967 0.4324845679012345 0.46347736625514396 0.42862654320987653 0.46244855967078186 0.43132716049382713 0.4601337448559671 0.43171296296296297 0.45781893004115226 0.43595679012345673 0.4552469135802469 0.44830246913580246 0.4552469135802469 0.4567901234567901 0.45653292181069954 0.45910493827160487
1 0.40097736625514396 0.5162037037037037 0.4071502057613169 0.5123456790123456 0.42001028806584356 0.5123456790123456 0.4251543209876543 0.5142746913580246 0.4308127572016461 0.5084876543209876 0.43261316872427985 0.503858024691358 0.43209876543209874 0.49035493827160487 0.4305555555555556 0.4857253086419753 0.42952674897119336 0.48418209876543206 0.4251543209876543 0.48225308641975306 0.4146090534979424 0.4810956790123456 0.4071502057613169 0.48341049382716045 0.40432098765432095 0.4857253086419753 0.40097736625514396 0.4915123456790123 0.39994855967078186 0.49729938271604934 0.39994855967078186 0.5123456790123456 0.40097736625514396 0.5162037037037037
5 0.3647119341563786 0.5601851851851852 0.36625514403292175 0.5632716049382716 0.3685699588477366 0.5632716049382716 0.3737139917695473 0.560570987654321 0.39094650205761317 0.560570987654321 0.39403292181069954 0.5628858024691358 0.397119341563786 0.5590277777777778 0.3994341563786008 0.5532407407407407 0.4050925925925926 0.5462962962962963 0.4061213991769547 0.5416666666666666 0.4061213991769547 0.5358796296296297 0.4056069958847736 0.5320216049382716 0.4040637860082304 0.5285493827160493 0.3919753086419753 0.5189043209876543 0.3786008230452675 0.5185185185185185 0.3760288065843621 0.5196759259259259 0.36959876543209874 0.5281635802469136 0.3636831275720165 0.5432098765432098 0.36342592592592593 0.5528549382716049 0.3647119341563786 0.5601851851851852
5 0.28960905349794236 0.4922839506172839 0.2926954732510288 0.49035493827160487 0.3011831275720165 0.4895833333333333 0.3143004115226337 0.4915123456790123 0.31815843621399176 0.49421296296296297 0.31995884773662553 0.49961419753086417 0.3220164609053498 0.5011574074074074 0.33101851851851855 0.5007716049382716 0.3353909465020576 0.49845679012345673 0.33719135802469136 0.49459876543209874 0.3369341563786008 0.4899691358024691 0.33487654320987653 0.4857253086419753 0.330761316872428 0.48341049382716045 0.32227366255144035 0.4810956790123456 0.3130144032921811 0.4753086419753086 0.3001543209876543 0.47453703703703703 0.29398148148148145 0.47608024691358025 0.28960905349794236 0.4787808641975308 0.2880658436213992 0.4818672839506173 0.28780864197530864 0.48726851851851855 0.28960905349794236 0.4922839506172839
1 0.1612654320987654 0.5115740740740741 0.165380658436214 0.5135030864197531 0.1712962962962963 0.51929012345679 0.17566872427983538 0.51929012345679 0.18209876543209874 0.5135030864197531 0.18724279835390945 0.5138888888888888 0.20704732510288065 0.5111882716049382 0.21322016460905346 0.5146604938271605 0.2170781893004115 0.5142746913580246 0.2199074074074074 0.5119598765432098 0.22479423868312753 0.5050154320987654 0.22402263374485595 0.49729938271604934 0.22042181069958847 0.4930555555555556 0.2075617283950617 0.4895833333333333 0.19907407407407407 0.48341049382716045 0.1875 0.4810956790123456 0.17181069958847736 0.48148148148148145 0.16615226337448558 0.4837962962962963 0.16383744855967078 0.48726851851851855 0.1597222222222222 0.5015432098765432 0.15920781893004113 0.5050154320987654 0.1612654320987654 0.5115740740740741
1 0.5468106995884773 0.4251543209876543 0.5473251028806584 0.42168209876543206 0.5468106995884773 0.4193672839506173 0.5462962962962963 0.41975308641975306 0.5457818930041152 0.4251543209876543 0.5468106995884773 0.4251543209876543
1 0.5272633744855967 0.4305555555555556 0.5318930041152263 0.4367283950617284 0.5352366255144032 0.439429012345679 0.5380658436213991 0.439429012345679 0.5396090534979423 0.43904320987654316 0.5416666666666666 0.43557098765432095 0.5429526748971193 0.42785493827160487 0.5424382716049382 0.4251543209876543 0.5393518518518519 0.42052469135802467 0.5329218106995884 0.41782407407407407 0.5280349794238682 0.42168209876543206 0.526491769547325 0.4251543209876543 0.5272633744855967 0.4305555555555556
4 0.4922839506172839 0.44212962962962965 0.4948559670781893 0.4479166666666667 0.5012860082304527 0.44675925925925924 0.5056584362139918 0.4475308641975308 0.5074588477366254 0.44598765432098764 0.507201646090535 0.43557098765432095 0.5084876543209876 0.43209876543209874 0.5084876543209876 0.42862654320987653 0.5064300411522633 0.42476851851851855 0.5048868312757201 0.4232253086419753 0.4979423868312757 0.4228395061728395 0.4935699588477366 0.4251543209876543 0.4930555555555556 0.4274691358024691 0.49202674897119336 0.439429012345679 0.4922839506172839 0.44212962962962965
1 0.525977366255144 0.4587191358024691 0.5280349794238682 0.45177469135802467 0.5285493827160493 0.44212962962962965 0.525977366255144 0.4386574074074074 0.5180041152263374 0.4398148148148148 0.5156893004115226 0.44174382716049376 0.5123456790123456 0.45331790123456783 0.5120884773662551 0.45987654320987653 0.525977366255144 0.4587191358024691
4 0.5246913580246914 0.4009425154320987 0.525977366255144 0.40287152777777774 0.529320987654321 0.4044147376543209 0.5329218106995884 0.4048005401234568 0.536522633744856 0.3974702932098765 0.5362654320987654 0.3912974537037037 0.533179012345679 0.38705362654320985 0.525977366255144 0.38589621913580247 0.5241769547325102 0.39361226851851855 0.5239197530864197 0.3978560956790123 0.5246913580246914 0.4009425154320987
1 0.5162037037037037 0.38310185185185186 0.5190329218106995 0.3850308641975308 0.5236625514403291 0.38425925925925924 0.525977366255144 0.3800154320987654 0.5262345679012346 0.3773148148148148 0.525977366255144 0.37577160493827155 0.5231481481481481 0.3726851851851852 0.518775720164609 0.3742283950617284 0.5167181069958847 0.376929012345679 0.5156893004115226 0.3800154320987654 0.5162037037037037 0.38310185185185186
1 0.2728909465020576 0.5200617283950617 0.27546296296296297 0.5216049382716049 0.2790637860082304 0.5216049382716049 0.28343621399176955 0.5189043209876543 0.28369341563786005 0.5142746913580246 0.2821502057613169 0.507716049382716 0.28266460905349794 0.5015432098765432 0.2795781893004115 0.49961419753086417 0.275977366255144 0.5007716049382716 0.27237654320987653 0.5050154320987654 0.2718621399176955 0.5081018518518519 0.27134773662551437 0.5154320987654321 0.2728909465020576 0.5200617283950617
1 0.2867798353909465 0.5138888888888888 0.2875514403292181 0.5169753086419753 0.28935185185185186 0.5189043209876543 0.3006687242798354 0.5135030864197531 0.3040123456790123 0.5181327160493827 0.30426954732510286 0.5223765432098765 0.30658436213991763 0.5243055555555556 0.3106995884773663 0.5231481481481481 0.3179012345679012 0.5239197530864197 0.32098765432098764 0.5231481481481481 0.3238168724279835 0.5154320987654321 0.32407407407407407 0.5119598765432098 0.3230452674897119 0.5084876543209876 0.3186728395061728 0.4957561728395061 0.3168724279835391 0.4930555555555556 0.29989711934156377 0.49035493827160487 0.29398148148148145 0.49189814814814814 0.28960905349794236 0.4915123456790123 0.28780864197530864 0.4949845679012345 0.2865226337448559 0.5027006172839505 0.2867798353909465 0.5138888888888888
4 0.49382716049382713 0.3919753086419753 0.5051440329218106 0.39081790123456783 0.5090020576131687 0.38927469135802467 0.5105452674897119 0.38695987654320985 0.5084876543209876 0.3811728395061728 0.5028292181069959 0.3784722222222222 0.49537037037037035 0.37962962962962965 0.4904835390946502 0.3850308641975308 0.49022633744855965 0.39043209876543206 0.49382716049382713 0.3919753086419753
1 0.345679012345679 0.8233024691358024 0.3487654320987654 0.8252314814814815 0.3554526748971193 0.8236882716049382 0.3744855967078189 0.8244598765432097 0.3906893004115226 0.8233024691358024 0.39403292181069954 0.8263888888888888 0.39737654320987653 0.8275462962962963 0.40432098765432095 0.822145061728395 0.4151234567901234 0.8244598765432097 0.4166666666666667 0.8225308641975309 0.41820987654320985 0.8179012345679012 0.41898148148148145 0.7986111111111112 0.42001028806584356 0.7939814814814815 0.4223251028806584 0.7905092592592593 0.4251543209876543 0.7827932098765431 0.43158436213991763 0.7758487654320987 0.43287037037037035 0.7723765432098765 0.4333847736625514 0.7442129629629629 0.43209876543209874 0.7353395061728394 0.42875514403292175 0.7291666666666666 0.4140946502057613 0.7218364197530863 0.3863168724279835 0.7202932098765431 0.36882716049382713 0.7237654320987653 0.36445473251028804 0.7291666666666666 0.35931069958847733 0.7318672839506172 0.35725308641975306 0.7341820987654321 0.35751028806584356 0.7449845679012346 0.3497942386831276 0.7669753086419753 0.3446502057613169 0.7762345679012346 0.34336419753086417 0.7827932098765431 0.3425925925925926 0.7962962962962963 0.3428497942386831 0.8175154320987653 0.345679012345679 0.8233024691358024
4 0.7188786008230452 0.6685956790123456 0.7201646090534979 0.6716820987654321 0.7260802469135802 0.6732253086419753 0.7294238683127572 0.677469135802469 0.7307098765432097 0.6817129629629629 0.7319958847736626 0.6986882716049382 0.7340534979423867 0.7029320987654321 0.7376543209876543 0.7037037037037037 0.7412551440329218 0.7021604938271605 0.7435699588477367 0.6994598765432097 0.7461419753086419 0.6921296296296297 0.7554012345679012 0.6917438271604938 0.7592592592592593 0.6890432098765431 0.7623456790123456 0.6813271604938271 0.7633744855967078 0.6824845679012346 0.7631172839506172 0.6898148148148148 0.76440329218107 0.6925154320987653 0.7728909465020576 0.6925154320987653 0.7746913580246912 0.6936728395061728 0.776491769547325 0.6967592592592593 0.7770061728395061 0.7029320987654321 0.7790637860082305 0.7056327160493827 0.7834362139917694 0.7060185185185185 0.7862654320987653 0.7040895061728394 0.7878086419753086 0.6959876543209875 0.7885802469135802 0.6716820987654321 0.7872942386831275 0.6631944444444444 0.7829218106995884 0.6477623456790123 0.7836934156378601 0.64429012345679 0.786522633744856 0.6404320987654321 0.7862654320987653 0.6388888888888888 0.7852366255144033 0.6369598765432097 0.7813786008230452 0.6369598765432097 0.7795781893004116 0.6419753086419753 0.7749485596707819 0.646219135802469 0.7728909465020576 0.6574074074074074 0.7703189300411523 0.6543209876543209 0.7705761316872427 0.6481481481481481 0.7744341563786008 0.6385030864197531 0.775977366255144 0.6307870370370371 0.775977366255144 0.6265432098765431 0.7703189300411523 0.61304012345679 0.7669753086419753 0.6084104938271605 0.7620884773662552 0.6057098765432097 0.7345679012345678 0.6049382716049382 0.7327674897119342 0.6057098765432097 0.727366255144033 0.6118827160493827 0.7204218106995884 0.6114969135802468 0.7183641975308641 0.6257716049382716 0.7175925925925926 0.6516203703703703 0.7188786008230452 0.6685956790123456
4 0.45627572016460904 0.4583333333333333 0.46553497942386823 0.45910493827160487 0.4709362139917695 0.45910493827160487 0.4724794238683127 0.4579475308641975 0.4758230452674897 0.44598765432098764 0.47505144032921803 0.441358024691358 0.470679012345679 0.4351851851851852 0.46064814814814814 0.4324845679012345 0.45987654320987653 0.4324845679012345 0.4580761316872428 0.43595679012345673 0.45550411522633744 0.44560185185185186 0.4549897119341563 0.4540895061728395 0.45627572016460904 0.4583333333333333
4 0.31712962962962965 0.44945987654320985 0.3220164609053498 0.45100308641975306 0.3251028806584362 0.45717592592592593 0.32716049382716045 0.46412037037037035 0.3281893004115226 0.46489197530864196 0.3387345679012345 0.4637345679012345 0.3431069958847736 0.45949074074074076 0.34439300411522633 0.45563271604938266 0.34439300411522633 0.44907407407407407 0.3397633744855967 0.4386574074074074 0.3333333333333333 0.43711419753086417 0.32407407407407407 0.43904320987654316 0.32098765432098764 0.44945987654320985 0.31712962962962965 0.44945987654320985
4 0.5120884773662551 0.4853395061728395 0.518775720164609 0.48341049382716045 0.525977366255144 0.48341049382716045 0.529320987654321 0.48456790123456783 0.5329218106995884 0.4818672839506173 0.5339506172839505 0.4741512345679012 0.5334362139917695 0.470679012345679 0.5280349794238682 0.4645061728395061 0.5257201646090535 0.4564043209876543 0.5216049382716049 0.4567901234567901 0.5154320987654321 0.4552469135802469 0.5115740740740741 0.4614197530864197 0.5095164609053497 0.46952160493827155 0.5097736625514403 0.4810956790123456 0.5120884773662551 0.4853395061728395
5 0.4567901234567901 0.5011574074074074 0.4580761316872428 0.501929012345679 0.4737654320987654 0.5003858024691358 0.47736625514403286 0.5023148148148148 0.4809670781893004 0.4992283950617284 0.48225308641975306 0.49421296296296297 0.48251028806584356 0.4891975308641975 0.4809670781893004 0.47993827160493824 0.47736625514403286 0.47299382716049376 0.47453703703703703 0.4714506172839506 0.4652777777777778 0.4714506172839506 0.4603909465020576 0.4737654320987654 0.4583333333333333 0.47723765432098764 0.45627572016460904 0.4857253086419753 0.45627572016460904 0.49845679012345673 0.4567901234567901 0.5011574074074074
5 0.48688271604938266 0.4239969135802469 0.49511316872427985 0.4228395061728395 0.4974279835390946 0.42168209876543206 0.4987139917695473 0.4185956790123456 0.4979423868312757 0.4085648148148148 0.49459876543209874 0.40432098765432095 0.49125514403292175 0.4039351851851852 0.4876543209876543 0.4066358024691358 0.48585390946502055 0.4097222222222222 0.48456790123456783 0.41473765432098764 0.48431069958847733 0.42168209876543206 0.48688271604938266 0.4239969135802469
6 0.3245884773662552 0.45563271604938266 0.3263888888888889 0.46296296296296297 0.32767489711934156 0.46489197530864196 0.3397633744855967 0.46334876543209874 0.345679012345679 0.4564043209876543 0.34670781893004116 0.44945987654320985 0.34619341563786005 0.4475308641975308 0.3415637860082304 0.4425154320987654 0.3407921810699588 0.43904320987654316 0.33564814814814814 0.4367283950617284 0.3243312757201646 0.4386574074074074 0.3225308641975308 0.4425154320987654 0.32175925925925924 0.44675925925925924 0.3215020576131687 0.4498456790123456 0.3245884773662552 0.45563271604938266
6 0.713477366255144 0.4810956790123456 0.7170781893004116 0.4810956790123456 0.7204218106995884 0.48456790123456783 0.7276234567901234 0.4837962962962963 0.7335390946502057 0.4849537037037037 0.7371399176954732 0.4876543209876543 0.7386831275720164 0.4864969135802469 0.7402263374485597 0.47723765432098764 0.7397119341563786 0.46682098765432095 0.7361111111111112 0.4564043209876543 0.7358539094650205 0.44598765432098764 0.7348251028806584 0.4425154320987654 0.7322530864197531 0.43904320987654316 0.7253086419753086 0.43711419753086417 0.7168209876543209 0.43904320987654316 0.713477366255144 0.44521604938271603 0.7127057613168724 0.4544753086419753 0.7124485596707819 0.478395061728395 0.713477366255144 0.4810956790123456
3 0.47350823045267487 0.4266975308641975 0.47453703703703703 0.4266975308641975 0.47633744855967075 0.42476851851851855 0.4771090534979423 0.42168209876543206 0.4765946502057613 0.41473765432098764 0.4737654320987654 0.4124228395061728 0.47170781893004116 0.41550925925925924 0.47170781893004116 0.4228395061728395 0.47350823045267487 0.4266975308641975