8 0.3802083333333333 0.5067901234567901 0.38125 0.5092592592592593 0.3814236111111111 0.5188271604938272 0.3828125 0.5225308641975308 0.3854166666666667 0.5237654320987654 0.3909722222222222 0.5237654320987654 0.4076388888888889 0.5225308641975308 0.4144097222222222 0.5203703703703704 0.41736111111111107 0.5203703703703704 0.4255208333333333 0.5237654320987654 0.4267361111111111 0.5228395061728395 0.4274305555555556 0.520679012345679 0.4288194444444444 0.5123456790123457 0.43246527777777777 0.4978395061728395 0.43385416666666665 0.4959876543209876 0.4357638888888889 0.49537037037037035 0.4369791666666667 0.4916666666666667 0.4387152777777778 0.4737654320987654 0.4387152777777778 0.4675925925925926 0.4381944444444444 0.4589506172839506 0.43732638888888886 0.4555555555555556 0.4369791666666667 0.4506172839506173 0.4348958333333333 0.445679012345679 0.4333333333333333 0.43580246913580245 0.4303819444444444 0.425 0.42465277777777777 0.420679012345679 0.41805555555555557 0.4197530864197531 0.4067708333333333 0.42160493827160495 0.4036458333333333 0.42345679012345677 0.4001736111111111 0.42407407407407405 0.3972222222222222 0.42592592592592593 0.3928819444444444 0.4314814814814815 0.3897569444444444 0.43734567901234567 0.38559027777777777 0.4422839506172839 0.3828125 0.4475308641975309 0.3815972222222222 0.4561728395061728 0.3814236111111111 0.46265432098765435 0.3796875 0.4740740740740741 0.3796875 0.5027777777777778 0.3802083333333333 0.5067901234567901
8 0.4840277777777778 0.3725308641975309 0.48420138888888886 0.3774691358024691 0.4847222222222222 0.37839506172839504 0.48819444444444443 0.37962962962962965 0.4914930555555555 0.37777777777777777 0.4986111111111111 0.37654320987654316 0.5048611111111111 0.37777777777777777 0.5086805555555556 0.3830246913580247 0.5090277777777777 0.38209876543209875 0.5098958333333333 0.3666666666666667 0.5097222222222222 0.3567901234567901 0.5090277777777777 0.34969135802469137 0.5072916666666667 0.3425925925925926 0.5055555555555555 0.3385802469135802 0.5026041666666666 0.33734567901234563 0.4967013888888889 0.33734567901234563 0.48819444444444443 0.34074074074074073 0.4861111111111111 0.34351851851851856 0.4836805555555555 0.3487654320987654 0.4828125 0.35833333333333334 0.48246527777777776 0.3666666666666667 0.4840277777777778 0.3725308641975309
1 0.3489583333333333 0.6080246913580247 0.3508680555555555 0.6101851851851853 0.3668402777777778 0.6101851851851853 0.3725694444444444 0.608641975308642 0.375 0.6095679012345678 0.38437499999999997 0.6095679012345678 0.3930555555555555 0.6108024691358025 0.3993055555555556 0.6166666666666666 0.4052083333333333 0.6166666666666666 0.4076388888888889 0.6132716049382716 0.4081597222222222 0.6114197530864197 0.40902777777777777 0.5959876543209875 0.41024305555555557 0.5904320987654321 0.4142361111111111 0.5836419753086419 0.4170138888888889 0.5765432098765432 0.4185763888888889 0.5759259259259258 0.4215277777777778 0.570679012345679 0.4220486111111111 0.5552469135802469 0.4215277777777778 0.546604938271605 0.4203125 0.5391975308641975 0.4189236111111111 0.5348765432098765 0.41736111111111107 0.5330246913580247 0.4015625 0.5256172839506172 0.3831597222222222 0.5262345679012346 0.3736111111111111 0.5287037037037037 0.3689236111111111 0.5308641975308642 0.3671875 0.532716049382716 0.3645833333333333 0.5388888888888889 0.3598958333333333 0.546604938271605 0.3597222222222222 0.5506172839506173 0.3586805555555555 0.5521604938271605 0.35572916666666665 0.5626543209876543 0.35538194444444443 0.5666666666666667 0.34965277777777776 0.5811728395061728 0.3484375 0.5882716049382716 0.3484375 0.6049382716049382 0.3489583333333333 0.6080246913580247
1 0.6657986111111112 0.2972222222222222 0.6675347222222222 0.30462962962962964 0.6703125 0.3058641975308642 0.6751736111111112 0.3061728395061728 0.6793402777777777 0.3058641975308642 0.6817708333333333 0.3037037037037037 0.6824652777777778 0.2993827160493827 0.6822916666666666 0.2941358024691358 0.68125 0.2919753086419753 0.6809027777777777 0.28950617283950614 0.6791666666666666 0.28703703703703703 0.6769097222222222 0.2851851851851852 0.6732638888888888 0.2839506172839506 0.6706597222222221 0.2839506172839506 0.6670138888888888 0.2861111111111111 0.6657986111111112 0.28950617283950614 0.6657986111111112 0.2972222222222222
1 0.3064236111111111 0.5348765432098765 0.3076388888888889 0.5367283950617284 0.3121527777777778 0.537962962962963 0.32187499999999997 0.5450617283950617 0.3253472222222222 0.5453703703703704 0.32795138888888886 0.5481481481481482 0.3378472222222222 0.5472222222222223 0.3493055555555556 0.5484567901234568 0.3524305555555556 0.5462962962962963 0.3534722222222222 0.5438271604938272 0.3536458333333333 0.5395061728395062 0.35434027777777777 0.5373456790123456 0.3586805555555555 0.5274691358024691 0.3623263888888889 0.5231481481481481 0.3663194444444444 0.5203703703703704 0.3673611111111111 0.5182098765432099 0.3685763888888889 0.5141975308641975 0.3692708333333333 0.5009259259259259 0.3684027777777778 0.49506172839506174 0.3673611111111111 0.49104938271604937 0.3661458333333333 0.4888888888888889 0.36527777777777776 0.48858024691358026 0.3625 0.4839506172839506 0.3586805555555555 0.48117283950617284 0.3578125 0.47962962962962963 0.3524305555555556 0.47623456790123453 0.3460069444444444 0.47623456790123453 0.3362847222222222 0.47901234567901235 0.3277777777777778 0.47962962962962963 0.32447916666666665 0.48117283950617284 0.3229166666666667 0.483641975308642 0.32187499999999997 0.4839506172839506 0.3199652777777778 0.48796296296296293 0.3170138888888889 0.491358024691358 0.31631944444444443 0.4941358024691358 0.31354166666666666 0.49845679012345684 0.31232638888888886 0.5055555555555555 0.3069444444444444 0.5157407407407407 0.3064236111111111 0.519753086419753 0.3060763888888889 0.532716049382716 0.3064236111111111 0.5348765432098765
1 0.3769097222222222 0.4743827160493827 0.3770833333333333 0.4697530864197531 0.3769097222222222 0.46882716049382717 0.37604166666666666 0.4694444444444445 0.3758680555555556 0.47345679012345676 0.3769097222222222 0.4743827160493827
1 0.35920138888888886 0.4330246913580247 0.36093749999999997 0.43209876543209874 0.35920138888888886 0.43209876543209874 0.35920138888888886 0.4330246913580247
1 0.3618055555555555 0.43209876543209874 0.36093749999999997 0.43209876543209874 0.3610532986111111 0.4330246913580247 0.3618055555555555 0.43209876543209874
1 0.3645833333333333 0.43209876543209874 0.3618055555555555 0.43209876543209874 0.3619791666666667 0.4330246913580247 0.3645833333333333 0.43209876543209874
1 0.7088541666666666 0.3382716049382716 0.7100694444444444 0.34043209876543207 0.7100694444444444 0.3419753086419753 0.7119791666666666 0.3447530864197531 0.7138888888888888 0.3527777777777778 0.7147569444444444 0.353395061728395 0.7159722222222222 0.3567901234567901 0.7168402777777778 0.36358024691358026 0.7184027777777777 0.3645061728395062 0.7284722222222222 0.3638888888888889 0.7340277777777777 0.36604938271604937 0.7374999999999999 0.3654320987654321 0.7381944444444444 0.3645061728395062 0.7387152777777778 0.3626543209876543 0.7388888888888888 0.3552469135802469 0.7380208333333333 0.35 0.7345486111111111 0.34074074074074073 0.7322916666666666 0.33641975308641975 0.7279513888888888 0.3333333333333333 0.7239583333333334 0.33209876543209876 0.7171875 0.3330246913580247 0.7135416666666666 0.33209876543209876 0.7119791666666666 0.3333333333333333 0.7098958333333334 0.3382716049382716 0.7088541666666666 0.3382716049382716
1 0.7637152777777778 0.3827160493827161 0.7694444444444444 0.3895061728395061 0.7722222222222221 0.396604938271605 0.7729166666666666 0.3969135802469136 0.7743055555555556 0.3993827160493827 0.7744791666666666 0.4009259259259259 0.7786458333333334 0.40771604938271605 0.7788194444444444 0.40925925925925927 0.78125 0.4126543209876543 0.7829861111111112 0.4138888888888889 0.7899305555555556 0.41358024691358025 0.7932291666666667 0.41574074074074074 0.7970486111111111 0.41574074074074074 0.7993055555555556 0.40401234567901234 0.7993055555555556 0.4 0.7980902777777777 0.39197530864197533 0.7946180555555555 0.38240740740740736 0.7930555555555555 0.3811728395061728 0.7899305555555556 0.37592592592592594 0.7878472222222221 0.37438271604938267 0.7862847222222222 0.37160493827160496 0.7809027777777777 0.36851851851851847 0.7697916666666667 0.36851851851851847 0.7649305555555556 0.3728395061728395 0.7631944444444444 0.37777777777777777 0.7630208333333334 0.3808641975308642 0.7637152777777778 0.3827160493827161
1 0.4034722222222222 0.33734567901234563 0.40434027777777776 0.341358024691358 0.4076388888888889 0.3478395061728395 0.4079861111111111 0.35370370370370374 0.4092013888888889 0.35802469135802467 0.41024305555555557 0.3592592592592592 0.4118055555555556 0.3592592592592592 0.4152777777777778 0.35370370370370374 0.4161458333333333 0.34814814814814815 0.41875 0.34351851851851856 0.4220486111111111 0.3419753086419753 0.42343749999999997 0.3388888888888889 0.4230902777777778 0.3308641975308642 0.4222222222222222 0.32469135802469135 0.42170138888888886 0.32407407407407407 0.4142361111111111 0.3222222222222222 0.40781249999999997 0.3219135802469136 0.4038194444444444 0.32345679012345674 0.40121527777777777 0.3287037037037037 0.4013888888888889 0.333641975308642 0.4034722222222222 0.33734567901234563
1 0.6616319444444444 0.3410493827160494 0.6644097222222222 0.34320987654320984 0.6685763888888888 0.34320987654320984 0.6717013888888889 0.34012345679012346 0.676736111111111 0.34043209876543207 0.684548611111111 0.3388888888888889 0.6859375 0.33549382716049386 0.6815972222222222 0.3212962962962963 0.6803819444444444 0.3194444444444444 0.6755208333333333 0.3169753086419753 0.6668402777777778 0.3172839506172839 0.6644097222222222 0.3194444444444444 0.6625 0.32376543209876546 0.6614583333333334 0.32469135802469135 0.6604166666666667 0.32993827160493827 0.6604166666666667 0.3382716049382716 0.6616319444444444 0.3410493827160494
1 0.37100694444444443 0.4172839506172839 0.3753472222222222 0.4169753086419753 0.38559027777777777 0.4172839506172839 0.3895833333333333 0.4194444444444444 0.3911458333333333 0.42314814814814816 0.3935763888888889 0.42592592592592593 0.3975694444444444 0.4243827160493827 0.4006944444444444 0.42098765432098767 0.4083333333333333 0.42006172839506173 0.4098958333333333 0.4188271604938272 0.4105902777777778 0.41358024691358025 0.41024305555555557 0.40771604938271605 0.4086805555555555 0.403395061728395 0.4055555555555555 0.4 0.4015625 0.3929012345679012 0.3975694444444444 0.391358024691358 0.3909722222222222 0.391358024691358 0.3878472222222222 0.39382716049382716 0.3772569444444444 0.3972222222222222 0.3741319444444444 0.4006172839506173 0.3701388888888889 0.40987654320987654 0.3697916666666667 0.41820987654320985 0.37100694444444443 0.4172839506172839
1 0.16006944444444443 0.6308641975308641 0.16145833333333334 0.6382716049382716 0.16493055555555555 0.6379629629629631 0.16701388888888888 0.6351851851851852 0.1703125 0.633641975308642 0.17118055555555556 0.6320987654320988 0.17656249999999998 0.6277777777777778 0.18524305555555554 0.6253086419753087 0.19131944444444443 0.6212962962962962 0.20364583333333333 0.6200617283950618 0.2171875 0.6212962962962962 0.2296875 0.6197530864197531 0.2347222222222222 0.6166666666666666 0.23975694444444445 0.6074074074074074 0.24166666666666664 0.6061728395061728 0.2439236111111111 0.6021604938271605 0.2472222222222222 0.5984567901234568 0.2498263888888889 0.5882716049382716 0.2526041666666667 0.5836419753086419 0.25399305555555557 0.5777777777777777 0.25555555555555554 0.5740740740740741 0.25677083333333334 0.5669753086419753 0.2560763888888889 0.5635802469135802 0.25121527777777775 0.5564814814814815 0.24583333333333335 0.5549382716049382 0.24131944444444445 0.5549382716049382 0.2394097222222222 0.553395061728395 0.2329861111111111 0.5518518518518518 0.22447916666666665 0.5478395061728395 0.20520833333333333 0.546604938271605 0.19670138888888888 0.549074074074074 0.19149305555555554 0.5521604938271605 0.18836805555555555 0.5555555555555556 0.1779513888888889 0.5719135802469135 0.1753472222222222 0.5746913580246913 0.1706597222222222 0.5839506172839506 0.1704861111111111 0.5854938271604938 0.16666666666666666 0.5941358024691359 0.16145833333333334 0.6003086419753086 0.16024305555555554 0.6052469135802468 0.1597222222222222 0.6095679012345678 0.16006944444444443 0.6308641975308641
1 0.7859375 0.42654320987654315 0.7869791666666666 0.4256172839506173 0.7864583333333334 0.42407407407407405 0.7850694444444444 0.4246913580246914 0.7847222222222222 0.4253086419753086 0.7859375 0.42654320987654315
1 0.7385416666666667 0.4253086419753086 0.7413194444444444 0.4280864197530864 0.7444444444444444 0.42654320987654315 0.7460069444444444 0.42685185185185187 0.7473958333333334 0.42839506172839503 0.7484375 0.43209876543209874 0.75 0.4302469135802469 0.7519097222222222 0.42962962962962964 0.7539930555555555 0.42376543209876544 0.7586805555555556 0.42006172839506173 0.7628472222222222 0.4194444444444444 0.7725694444444444 0.4243827160493827 0.7760416666666666 0.4212962962962963 0.7795138888888888 0.4212962962962963 0.7826388888888888 0.42314814814814816 0.7836805555555556 0.4225308641975309 0.7831597222222222 0.420679012345679 0.7815972222222222 0.4194444444444444 0.778298611111111 0.40771604938271605 0.7748263888888888 0.40216049382716046 0.7729166666666666 0.3972222222222222 0.7713541666666666 0.39537037037037037 0.7692708333333333 0.3888888888888889 0.7657986111111111 0.3854938271604938 0.7628472222222222 0.3845679012345679 0.7487847222222221 0.3854938271604938 0.7449652777777778 0.3885802469135803 0.7409722222222221 0.39598765432098765 0.7381944444444444 0.4111111111111111 0.7378472222222222 0.4225308641975309 0.7385416666666667 0.4253086419753086
1 0.3796875 0.35185185185185186 0.3873263888888889 0.3509259259259259 0.3920138888888889 0.35401234567901235 0.39461805555555557 0.3592592592592592 0.3993055555555556 0.36574074074074076 0.4010416666666667 0.3712962962962963 0.403125 0.3669753086419753 0.4081597222222222 0.3632716049382716 0.409375 0.3574074074074074 0.4086805555555555 0.35030864197530864 0.4076388888888889 0.34598765432098766 0.40607638888888886 0.34351851851851856 0.4057291666666667 0.3416666666666667 0.4010416666666667 0.33425925925925926 0.3987847222222222 0.3333333333333333 0.3907986111111111 0.3330246913580247 0.38437499999999997 0.33425925925925926 0.3828125 0.3351851851851852 0.38090277777777776 0.3382716049382716 0.3796875 0.3444444444444445 0.37916666666666665 0.3487654320987654 0.3796875 0.35185185185185186
1 0.008680555555555556 0.7660493827160494 0.0071180555555555546 0.770679012345679 0.006597222222222222 0.7771604938271606 0.0078125 0.7833333333333333 0.011805555555555555 0.7870370370370371 0.013368055555555555 0.7864197530864198 0.015451388888888888 0.7796296296296297 0.018402777777777775 0.774074074074074 0.020659722222222218 0.7737654320987654 0.02534722222222222 0.7753086419753087 0.02829861111111111 0.778395061728395 0.0296875 0.7817901234567901 0.03125 0.7907407407407407 0.03628472222222222 0.7941358024691358 0.050520833333333334 0.7953703703703704 0.057465277777777775 0.79320987654321 0.059895833333333336 0.7950617283950616 0.06458333333333333 0.7953703703703704 0.06649305555555556 0.79320987654321 0.07152777777777777 0.7919753086419753 0.078125 0.7879629629629629 0.08489583333333332 0.7891975308641975 0.08576388888888888 0.7907407407407407 0.09097222222222222 0.7938271604938272 0.09583333333333333 0.7938271604938272 0.09739583333333332 0.7929012345679012 0.09999999999999999 0.7907407407407407 0.10277777777777777 0.7845679012345679 0.10434027777777777 0.7771604938271606 0.10642361111111111 0.7716049382716049 0.10677083333333333 0.7669753086419753 0.1079861111111111 0.7623456790123456 0.11440972222222222 0.7549382716049382 0.11666666666666667 0.753395061728395 0.1232638888888889 0.7447530864197531 0.12447916666666667 0.7388888888888888 0.12482638888888888 0.7339506172839506 0.12291666666666667 0.7280864197530863 0.12291666666666667 0.7246913580246913 0.12447916666666667 0.7175925925925926 0.12534722222222222 0.7089506172839506 0.12812500000000002 0.7030864197530865 0.12899305555555557 0.6984567901234568 0.1300347222222222 0.696604938271605 0.13246527777777778 0.6836419753086419 0.13420138888888888 0.678395061728395 0.1376736111111111 0.6731481481481482 0.14149305555555555 0.6623456790123456 0.14427083333333332 0.6604938271604938 0.14583333333333334 0.657716049382716 0.14444444444444443 0.6558641975308641 0.1407986111111111 0.6567901234567901 0.13368055555555555 0.6558641975308641 0.13142361111111112 0.6567901234567901 0.12291666666666667 0.6567901234567901 0.11701388888888888 0.6546296296296297 0.09878472222222222 0.653395061728395 0.07430555555555556 0.6558641975308641 0.0703125 0.6580246913580247 0.06527777777777778 0.6629629629629629 0.06232638888888889 0.6645061728395062 0.06145833333333334 0.6660493827160494 0.05642361111111111 0.6697530864197531 0.04565972222222222 0.6814814814814815 0.043402777777777776 0.6864197530864197 0.040625 0.6907407407407407 0.0390625 0.6919753086419753 0.03576388888888889 0.6975308641975309 0.034548611111111106 0.700925925925926 0.028819444444444443 0.7101851851851853 0.027256944444444445 0.7151234567901235 0.024131944444444442 0.721604938271605 0.01927083333333333 0.7290123456790124 0.011805555555555555 0.7361111111111112 0.010763888888888887 0.737962962962963 0.0078125 0.7496913580246913 0.0078125 0.7567901234567901 0.008680555555555556 0.7660493827160494
1 0.8779513888888888 0.5376543209876543 0.8802083333333334 0.5398148148148147 0.8848958333333333 0.5410493827160493 0.8873263888888888 0.5429012345679012 0.8888888888888888 0.5401234567901235 0.8888888888888888 0.532716049382716 0.8871527777777778 0.529320987654321 0.8871527777777778 0.5262345679012346 0.8807291666666666 0.5169753086419754 0.8789930555555555 0.5179012345679012 0.8779513888888888 0.5200617283950617 0.8772569444444444 0.5249999999999999 0.8779513888888888 0.5376543209876543
1 0.8852430555555556 0.4611111111111111 0.8871527777777778 0.46481481481481485 0.8885416666666666 0.4561728395061728 0.8869791666666667 0.45401234567901233 0.8848958333333333 0.45709876543209876 0.8838541666666666 0.46049382716049386 0.8852430555555556 0.4611111111111111
1 0.8845486111111112 0.42160493827160495 0.8838541666666666 0.42993827160493825 0.8850694444444444 0.4385802469135803 0.8878472222222222 0.4382716049382716 0.8895833333333334 0.4361111111111111 0.8897569444444444 0.43425925925925923 0.8895833333333334 0.42839506172839503 0.8883680555555555 0.4253086419753086 0.8883680555555555 0.4212962962962963 0.8864583333333333 0.4175925925925926 0.8831597222222222 0.4175925925925926 0.8826388888888889 0.4188271604938272 0.8845486111111112 0.42160493827160495
1 0.8236111111111112 0.49351851851851847 0.8244791666666667 0.504320987654321 0.8256944444444444 0.5080246913580247 0.828125 0.5108024691358024 0.8319444444444444 0.5108024691358024 0.834548611111111 0.5058641975308642 0.8354166666666666 0.5055555555555555 0.8395833333333333 0.5070987654320988 0.8447916666666666 0.5132716049382716 0.8468749999999999 0.5145061728395062 0.8506944444444444 0.5212962962962963 0.8513888888888889 0.5234567901234568 0.8524305555555556 0.5333333333333333 0.8545138888888888 0.5385802469135802 0.8560763888888888 0.5407407407407407 0.8609375 0.5407407407407407 0.864236111111111 0.5354938271604939 0.8661458333333334 0.5302469135802469 0.8668402777777777 0.5262345679012346 0.8663194444444444 0.5240740740740741 0.8670138888888889 0.5188271604938272 0.8666666666666666 0.5117283950617284 0.8680555555555556 0.5024691358024691 0.8680555555555556 0.49074074074074076 0.8692708333333333 0.4882716049382716 0.8692708333333333 0.483641975308642 0.8708333333333333 0.47716049382716047 0.8710069444444444 0.4737654320987654 0.8730902777777778 0.47129629629629627 0.8744791666666666 0.47160493827160493 0.8753472222222222 0.47314814814814815 0.8755208333333333 0.4777777777777778 0.8765625 0.48055555555555557 0.8767361111111112 0.4842592592592592 0.8755208333333333 0.4861111111111111 0.8753472222222222 0.4876543209876543 0.8776041666666666 0.48919753086419754 0.8788194444444444 0.4941358024691358 0.8779513888888888 0.4978395061728395 0.8782986111111112 0.5021604938271605 0.8777777777777778 0.5055555555555555 0.8807291666666666 0.5098765432098765 0.8826388888888889 0.5101851851851852 0.8885416666666666 0.5145061728395062 0.8897569444444444 0.5172839506172839 0.8914930555555556 0.5191358024691358 0.8921875 0.5225308641975308 0.8942708333333333 0.5228395061728395 0.895486111111111 0.5246913580246914 0.8980902777777777 0.5302469135802469 0.8984375 0.5401234567901235 0.9 0.5438271604938272 0.9022569444444444 0.5432098765432098 0.9046875 0.5388888888888889 0.9064236111111111 0.5333333333333333 0.9081597222222222 0.5228395061728395 0.9081597222222222 0.5123456790123457 0.9045138888888888 0.5049382716049382 0.9026041666666667 0.5030864197530864 0.8982638888888889 0.49506172839506174 0.8991319444444444 0.4876543209876543 0.8979166666666666 0.4858024691358025 0.8963541666666666 0.4854938271604938 0.8934027777777778 0.48271604938271606 0.8873263888888888 0.4679012345679012 0.8836805555555556 0.4666666666666667 0.8796875 0.47098765432098766 0.8779513888888888 0.4697530864197531 0.8774305555555556 0.4666666666666667 0.8769097222222222 0.466358024691358 0.8753472222222222 0.4666666666666667 0.873611111111111 0.4694444444444445 0.8710069444444444 0.4669753086419753 0.8710069444444444 0.4589506172839506 0.8715277777777778 0.4561728395061728 0.8699652777777778 0.4530864197530864 0.8699652777777778 0.45185185185185184 0.8715277777777778 0.44660493827160497 0.8715277777777778 0.44290123456790126 0.8739583333333334 0.42901234567901236 0.8762152777777777 0.4253086419753086 0.8753472222222222 0.42160493827160495 0.8751736111111111 0.41234567901234565 0.8717013888888888 0.4067901234567901 0.8624999999999999 0.4006172839506173 0.856423611111111 0.39845679012345675 0.8491319444444444 0.39783950617283953 0.8463541666666666 0.39629629629629626 0.834548611111111 0.39629629629629626 0.8303819444444444 0.39845679012345675 0.8291666666666666 0.40030864197530863 0.8279513888888889 0.4067901234567901 0.8284722222222222 0.4117283950617284 0.8274305555555556 0.4172839506172839 0.8269097222222221 0.4327160493827161 0.8244791666666667 0.4367283950617284 0.8232638888888888 0.44537037037037036 0.8229166666666666 0.45648148148148143 0.8203125 0.4641975308641975 0.8203125 0.4824074074074074 0.8236111111111112 0.49351851851851847
1 0.453125 0.5067901234567901 0.4567708333333333 0.5058641975308642 0.4583333333333333 0.5 0.4598958333333333 0.4981481481481481 0.4611111111111111 0.4947530864197531 0.4612847222222222 0.491358024691358 0.4631944444444444 0.48858024691358026 0.4739583333333333 0.4854938271604938 0.4862847222222222 0.4854938271604938 0.4913194444444444 0.48734567901234566 0.4935763888888889 0.4854938271604938 0.4947916666666667 0.48302469135802467 0.4953125 0.4780864197530864 0.4947916666666667 0.4601851851851852 0.4916666666666667 0.4506172839506173 0.4892361111111111 0.4462962962962963 0.4850694444444444 0.44320987654320987 0.4737847222222222 0.4416666666666667 0.4675347222222222 0.4422839506172839 0.4657986111111111 0.44382716049382714 0.4630208333333333 0.4444444444444444 0.4597222222222222 0.4475308641975309 0.4576388888888889 0.4537037037037037 0.4553819444444444 0.45771604938271604 0.4545138888888889 0.46481481481481485 0.4536458333333333 0.4666666666666667 0.4524305555555555 0.47314814814814815 0.45121527777777776 0.4854938271604938 0.4510416666666667 0.49506172839506174 0.453125 0.5067901234567901
5 0.3753472222222222 0.36358024691358026 0.3819444444444444 0.370679012345679 0.38263888888888886 0.3731481481481481 0.3848958333333333 0.37654320987654316 0.38697916666666665 0.38580246913580246 0.3892361111111111 0.39012345679012345 0.3909722222222222 0.39043209876543206 0.3942708333333333 0.3891975308641975 0.3951388888888889 0.3867283950617284 0.3986111111111111 0.38148148148148153 0.3996527777777778 0.3771604938271605 0.3996527777777778 0.3669753086419753 0.3979166666666667 0.3611111111111111 0.39652777777777776 0.35987654320987655 0.39461805555555557 0.3552469135802469 0.3942708333333333 0.35216049382716047 0.3800347222222222 0.35185185185185186 0.3767361111111111 0.35462962962962963 0.37604166666666666 0.35617283950617284 0.375 0.3589506172839506 0.3753472222222222 0.36358024691358026
1 0.4461805555555556 0.33765432098765435 0.4470486111111111 0.33981481481481485 0.4487847222222222 0.34043209876543207 0.4545138888888889 0.3391975308641975 0.4600694444444444 0.33981481481481485 0.4623263888888889 0.3388888888888889 0.4645833333333333 0.3358024691358025 0.4659722222222222 0.32839506172839505 0.4652777777777778 0.32345679012345674 0.4621527777777778 0.31512345679012344 0.4586805555555556 0.3135802469135803 0.4553819444444444 0.3135802469135803 0.4522569444444444 0.31512345679012344 0.4487847222222222 0.3194444444444444 0.4458333333333333 0.3256172839506173 0.4456597222222222 0.3324074074074074 0.4461805555555556 0.33765432098765435
1 0.3142361111111111 0.4287037037037037 0.31666666666666665 0.4327160493827161 0.3215277777777778 0.4327160493827161 0.3260416666666667 0.43425925925925923 0.3326388888888889 0.4385802469135803 0.3352430555555555 0.441358024691358 0.3373263888888889 0.4419753086419753 0.3385416666666667 0.4441358024691358 0.33975694444444443 0.4441358024691358 0.3456597222222222 0.4435185185185185 0.3467013888888889 0.4419753086419753 0.3489583333333333 0.441358024691358 0.3506944444444444 0.4354938271604938 0.35486111111111107 0.4302469135802469 0.3571180555555556 0.4287037037037037 0.3605902777777778 0.4222222222222222 0.36093749999999997 0.4197530864197531 0.3618055555555555 0.41820987654320985 0.3605902777777778 0.4108024691358025 0.3576388888888889 0.40370370370370373 0.3501736111111111 0.39629629629629626 0.34184027777777776 0.3947530864197531 0.3378472222222222 0.39629629629629626 0.3284722222222222 0.39567901234567904 0.3256944444444444 0.3972222222222222 0.3203125 0.40370370370370373 0.3147569444444444 0.4194444444444444 0.3142361111111111 0.42191358024691356 0.3142361111111111 0.4287037037037037
1 0.12482638888888888 0.7308641975308642 0.12604166666666666 0.7339506172839506 0.12586805555555555 0.7459876543209876 0.12725694444444444 0.7623456790123456 0.1282986111111111 0.7682098765432099 0.13020833333333334 0.7728395061728395 0.13732638888888887 0.774074074074074 0.14027777777777775 0.7768518518518519 0.15243055555555554 0.7780864197530865 0.15729166666666666 0.7762345679012346 0.1847222222222222 0.7737654320987654 0.19149305555555554 0.7725308641975309 0.19583333333333333 0.770679012345679 0.2003472222222222 0.7703703703703704 0.2032986111111111 0.7731481481481481 0.2065972222222222 0.7790123456790122 0.2097222222222222 0.7820987654320988 0.2137152777777778 0.7820987654320988 0.2170138888888889 0.7799382716049382 0.22083333333333333 0.7725308641975309 0.2236111111111111 0.7524691358024691 0.22395833333333334 0.7407407407407407 0.2251736111111111 0.7385802469135803 0.22725694444444444 0.7373456790123456 0.23506944444444444 0.7287037037037037 0.23802083333333335 0.7243827160493828 0.2394097222222222 0.7200617283950618 0.24184027777777775 0.7169753086419753 0.2420138888888889 0.7154320987654321 0.24444444444444444 0.7108024691358025 0.2498263888888889 0.7037037037037037 0.25156249999999997 0.7021604938271605 0.2586805555555556 0.7030864197530865 0.2600694444444444 0.7015432098765432 0.2621527777777778 0.700925925925926 0.26458333333333334 0.696604938271605 0.26579861111111114 0.6925925925925925 0.2664930555555556 0.6833333333333333 0.2664930555555556 0.6712962962962963 0.2682291666666667 0.6614197530864198 0.26805555555555555 0.653395061728395 0.26631944444444444 0.6395061728395062 0.26336805555555554 0.6296296296296297 0.26163194444444443 0.6268518518518519 0.2586805555555556 0.6246913580246913 0.2517361111111111 0.6246913580246913 0.24947916666666664 0.6228395061728395 0.24149305555555556 0.6228395061728395 0.24010416666666665 0.6243827160493828 0.23732638888888888 0.6246913580246913 0.2347222222222222 0.6228395061728395 0.23229166666666665 0.6225308641975309 0.21684027777777778 0.6228395061728395 0.209375 0.6216049382716049 0.19791666666666666 0.6216049382716049 0.19131944444444443 0.6228395061728395 0.1829861111111111 0.6287037037037038 0.1784722222222222 0.6290123456790124 0.17586805555555554 0.6302469135802469 0.1701388888888889 0.6354938271604937 0.1675347222222222 0.6367283950617284 0.16493055555555555 0.6404320987654322 0.1638888888888889 0.6407407407407407 0.15989583333333335 0.6459876543209876 0.1550347222222222 0.6506172839506172 0.1532986111111111 0.653395061728395 0.15138888888888888 0.6546296296296297 0.14913194444444444 0.6586419753086419 0.14704861111111112 0.6601851851851852 0.1456597222222222 0.6629629629629629 0.14357638888888888 0.6641975308641975 0.14184027777777777 0.66820987654321 0.14097222222222222 0.6685185185185185 0.13385416666666666 0.6824074074074075 0.13124999999999998 0.6947530864197531 0.12968749999999998 0.6984567901234568 0.12881944444444443 0.7043209876543209 0.12760416666666666 0.7086419753086419 0.1265625 0.7101851851851853 0.125 0.7179012345679012 0.12413194444444445 0.725 0.12482638888888888 0.7308641975308642
1 0.6986111111111112 0.36203703703703705 0.6994791666666667 0.37006172839506174 0.7029513888888889 0.3725308641975309 0.7123263888888888 0.37345679012345684 0.7145833333333333 0.37222222222222223 0.7159722222222222 0.3697530864197531 0.7164930555555555 0.36419753086419754 0.7149305555555555 0.35802469135802467 0.7145833333333333 0.35432098765432096 0.7118055555555556 0.34845679012345676 0.7100694444444444 0.3425925925925926 0.707986111111111 0.34043209876543207 0.7027777777777777 0.33796296296296297 0.6967013888888888 0.3382716049382716 0.6928819444444444 0.34074074074074073 0.6920138888888888 0.3425925925925926 0.6986111111111112 0.36203703703703705
1 0.2796875 0.4632716049382716 0.2796875 0.4669753086419753 0.2826388888888889 0.4691358024691358 0.28524305555555557 0.4697530864197531 0.2895833333333333 0.47685185185185186 0.29322916666666665 0.4808641975308642 0.2982638888888889 0.48148148148148145 0.30017361111111107 0.4839506172839506 0.3003472222222222 0.4854938271604938 0.3038194444444444 0.4858024691358025 0.3069444444444444 0.483641975308642 0.3107638888888889 0.48456790123456794 0.3138888888888889 0.4867283950617284 0.3177083333333333 0.4854938271604938 0.3225694444444444 0.47901234567901235 0.3251736111111111 0.4777777777777778 0.3269097222222222 0.4756172839506173 0.33211805555555557 0.4719135802469136 0.3361111111111111 0.4703703703703703 0.3371527777777778 0.46851851851851856 0.3385416666666667 0.4632716049382716 0.33871527777777777 0.44907407407407407 0.3378472222222222 0.44537037037037036 0.3362847222222222 0.4422839506172839 0.33229166666666665 0.4395061728395062 0.3317708333333333 0.43796296296296294 0.3286458333333333 0.43734567901234567 0.3248263888888889 0.433641975308642 0.3003472222222222 0.4333333333333333 0.29670138888888886 0.43456790123456784 0.2923611111111111 0.4388888888888889 0.2864583333333333 0.44845679012345674 0.28506944444444443 0.45432098765432094 0.2796875 0.4632716049382716
1 0.2487847222222222 0.6101851851851853 0.2498263888888889 0.6175925925925926 0.2505208333333333 0.6197530864197531 0.2517361111111111 0.6209876543209876 0.2623263888888889 0.6246913580246913 0.2904513888888889 0.6243827160493828 0.2972222222222222 0.6234567901234568 0.2994791666666667 0.6246913580246913 0.30104166666666665 0.6271604938271605 0.3043402777777778 0.6277777777777778 0.3072916666666667 0.6240740740740741 0.3095486111111111 0.6132716049382716 0.3098958333333333 0.6089506172839506 0.31059027777777776 0.6074074074074074 0.3144097222222222 0.6049382716049382 0.31666666666666665 0.6 0.3180555555555556 0.5987654320987654 0.32013888888888886 0.5932098765432099 0.3223958333333333 0.5904320987654321 0.3246527777777778 0.5898148148148148 0.3282986111111111 0.5854938271604938 0.3300347222222222 0.571604938271605 0.3300347222222222 0.5564814814814815 0.3293402777777778 0.5518518518518518 0.3284722222222222 0.5487654320987654 0.3258680555555556 0.5447530864197531 0.3199652777777778 0.5432098765432098 0.3170138888888889 0.5404320987654321 0.3147569444444444 0.5401234567901235 0.3104166666666667 0.5373456790123456 0.2947916666666667 0.5361111111111111 0.27621527777777777 0.5395061728395062 0.27152777777777776 0.5425925925925926 0.265625 0.5509259259259259 0.26406250000000003 0.5546296296296296 0.26197916666666665 0.5574074074074074 0.25937499999999997 0.566358024691358 0.2583333333333333 0.5679012345679012 0.25625000000000003 0.5793209876543209 0.2545138888888889 0.5811728395061728 0.25295138888888885 0.5854938271604938 0.25104166666666666 0.5885802469135802 0.24930555555555556 0.595679012345679 0.2486111111111111 0.6024691358024691 0.2487847222222222 0.6101851851851853
1 0.41215277777777776 0.3731481481481481 0.4215277777777778 0.3746913580246914 0.4230902777777778 0.3756172839506173 0.4248263888888889 0.37839506172839504 0.42777777777777776 0.37962962962962965 0.4291666666666667 0.379320987654321 0.43124999999999997 0.3728395061728395 0.4348958333333333 0.36604938271604937 0.4321180555555555 0.35771604938271606 0.4282986111111111 0.35555555555555557 0.4248263888888889 0.3552469135802469 0.42170138888888886 0.35648148148148145 0.4149305555555556 0.3567901234567901 0.4114583333333333 0.36203703703703705 0.4109375 0.37037037037037035 0.41215277777777776 0.3731481481481481
1 0.4020833333333333 0.39351851851851855 0.40434027777777776 0.3987654320987654 0.4052083333333333 0.3990740740740741 0.4088541666666667 0.4046296296296297 0.4114583333333333 0.41358024691358025 0.4171875 0.4141975308641975 0.41805555555555557 0.41512345679012347 0.4215277777777778 0.4148148148148148 0.4255208333333333 0.40925925925925927 0.4291666666666667 0.40216049382716046 0.4291666666666667 0.3867283950617284 0.4267361111111111 0.37808641975308643 0.4239583333333333 0.375 0.4210069444444444 0.37438271604938267 0.4190972222222222 0.3728395061728395 0.4112847222222222 0.3725308641975309 0.4036458333333333 0.3768518518518519 0.40121527777777777 0.38024691358024687 0.4001736111111111 0.3833333333333333 0.39947916666666666 0.39012345679012345 0.4020833333333333 0.39351851851851855
1 0.3550347222222222 0.3873456790123457 0.3536458333333333 0.3907407407407408 0.3536458333333333 0.39567901234567904 0.3524305555555556 0.39814814814814814 0.3538194444444444 0.4012345679012346 0.3559027777777778 0.4024691358024692 0.3590277777777778 0.4074074074074074 0.3598958333333333 0.4108024691358025 0.3581597222222222 0.41512345679012347 0.3572916666666667 0.4222222222222222 0.35486111111111107 0.425 0.35434027777777777 0.42839506172839503 0.35486111111111107 0.42901234567901236 0.3564236111111111 0.4287037037037037 0.35746527777777776 0.4256172839506173 0.3595486111111111 0.42376543209876544 0.3623263888888889 0.4141975308641975 0.36527777777777776 0.41604938271604935 0.3668402777777778 0.41574074074074074 0.3680555555555556 0.4111111111111111 0.3697916666666667 0.40925925925925927 0.3717013888888889 0.40370370370370373 0.3753472222222222 0.39814814814814814 0.3802083333333333 0.3947530864197531 0.3871527777777778 0.3925925925925926 0.3890625 0.39012345679012345 0.3892361111111111 0.3867283950617284 0.3878472222222222 0.38395061728395063 0.3852430555555555 0.375 0.3805555555555556 0.3672839506172839 0.37777777777777777 0.3651234567901234 0.36527777777777776 0.36604938271604937 0.3623263888888889 0.3672839506172839 0.3595486111111111 0.37006172839506174 0.3545138888888889 0.3728395061728395 0.3532986111111111 0.37654320987654316 0.35486111111111107 0.3830246913580247 0.3550347222222222 0.3873456790123457
1 0.4125 0.36790123456790125 0.4112847222222222 0.36820987654320986 0.4112847222222222 0.37006172839506174 0.4123263888888889 0.37037037037037035 0.4130208333333333 0.3688271604938272 0.4135416666666667 0.37006172839506174 0.4114583333333333 0.36419753086419754 0.4112847222222222 0.366358024691358 0.4125 0.36790123456790125
1 0.4149305555555556 0.3632716049382716 0.4149305555555556 0.35956790123456794 0.4140625 0.3632716049382716 0.4149305555555556 0.3632716049382716
1 0 0.5638888888888889 0 0.6743827160493827 0.0015624999999999999 0.6743827160493827 0.002951388888888889 0.6765432098765432 0.0046875 0.6774691358024691 0.010416666666666666 0.6777777777777778 0.01597222222222222 0.6765432098765432 0.02048611111111111 0.6725308641975308 0.02673611111111111 0.6620370370370371 0.03159722222222222 0.6598765432098765 0.042708333333333334 0.6592592592592593 0.046875 0.657716049382716 0.05677083333333333 0.6561728395061728 0.06493055555555556 0.6570987654320988 0.0671875 0.6555555555555556 0.07170138888888888 0.6549382716049382 0.07604166666666667 0.6524691358024691 0.08802083333333333 0.6518518518518519 0.09340277777777778 0.6503086419753087 0.10711805555555555 0.649074074074074 0.10920138888888888 0.6478395061728395 0.1111111111111111 0.6509259259259259 0.1173611111111111 0.6524691358024691 0.11979166666666667 0.6540123456790122 0.12621527777777777 0.6530864197530865 0.13472222222222222 0.6478395061728395 0.1362847222222222 0.6435185185185185 0.1394097222222222 0.6395061728395062 0.14184027777777777 0.6379629629629631 0.14427083333333332 0.6339506172839506 0.14739583333333334 0.6256172839506172 0.14739583333333334 0.6200617283950618 0.1421875 0.5996913580246913 0.14184027777777777 0.5935185185185184 0.14010416666666667 0.5885802469135802 0.13489583333333333 0.5833333333333334 0.13020833333333334 0.5811728395061728 0.11232638888888889 0.5811728395061728 0.10243055555555555 0.5787037037037037 0.09930555555555555 0.5746913580246913 0.09791666666666667 0.5740740740740741 0.09565972222222222 0.5703703703703704 0.08645833333333333 0.5614197530864198 0.08263888888888887 0.553395061728395 0.08090277777777777 0.5521604938271605 0.07447916666666667 0.5518518518518518 0.07152777777777777 0.5499999999999999 0.05868055555555555 0.549074074074074 0.05260416666666666 0.549074074074074 0.034895833333333334 0.5518518518518518 0.029340277777777774 0.5512345679012346 0.0265625 0.5527777777777777 0.021006944444444443 0.553395061728395 0.018055555555555554 0.5549382716049382 0.010590277777777778 0.5564814814814815 0.004166666666666667 0.5604938271604938 0.0019097222222222222 0.5638888888888889 0 0.5638888888888889
1 0.6904513888888888 0.3367283950617284 0.6927083333333334 0.3388888888888889 0.6956597222222222 0.337037037037037 0.700173611111111 0.3367283950617284 0.7092013888888888 0.3391975308641975 0.7097222222222221 0.34012345679012346 0.7116319444444444 0.3391975308641975 0.7125 0.3339506172839506 0.7133680555555556 0.3324074074074074 0.7128472222222222 0.32839506172839505 0.7100694444444444 0.3212962962962963 0.7057291666666666 0.3172839506172839 0.6996527777777778 0.31574074074074077 0.6951388888888889 0.3172839506172839 0.6928819444444444 0.3200617283950617 0.6897569444444444 0.3308641975308642 0.6897569444444444 0.3339506172839506 0.6904513888888888 0.3367283950617284
1 0 0.8774691358024691 0.0019097222222222222 0.8774691358024691 0.002951388888888889 0.8746913580246913 0.005555555555555556 0.8719135802469137 0.0078125 0.8675925925925926 0.012326388888888888 0.8623456790123456 0.013888888888888888 0.858641975308642 0.015277777777777777 0.8521604938271605 0.015277777777777777 0.8490740740740741 0.0140625 0.8444444444444444 0.012152777777777778 0.83179012345679 0.010416666666666666 0.8290123456790123 0.005729166666666667 0.8262345679012346 0.0019097222222222222 0.8225308641975309 0 0.8225308641975309 0 0.8774691358024691
5 0.43559027777777776 0.4382716049382716 0.4371527777777778 0.44660493827160497 0.43906249999999997 0.45123456790123456 0.4397569444444444 0.4574074074074074 0.4409722222222222 0.462037037037037 0.44861111111111107 0.4617283950617284 0.4534722222222222 0.46049382716049386 0.4567708333333333 0.4574074074074074 0.4586805555555556 0.45432098765432094 0.46249999999999997 0.4435185185185185 0.4630208333333333 0.4311728395061728 0.4621527777777778 0.4271604938271605 0.4605902777777778 0.4243827160493827 0.4597222222222222 0.4191358024691358 0.45694444444444443 0.41234567901234565 0.4550347222222222 0.40987654320987654 0.4444444444444444 0.40956790123456793 0.4428819444444444 0.4117283950617284 0.4348958333333333 0.41450617283950614 0.4342013888888889 0.4166666666666667 0.434375 0.42685185185185187 0.43559027777777776 0.4382716049382716
1 0.4175347222222222 0.35802469135802467 0.4288194444444444 0.35617283950617284 0.4315972222222222 0.35833333333333334 0.43246527777777777 0.35987654320987655 0.43298611111111107 0.3632716049382716 0.4350694444444444 0.36604938271604937 0.4394097222222222 0.3632716049382716 0.4376736111111111 0.35216049382716047 0.4361111111111111 0.34598765432098766 0.43124999999999997 0.3416666666666667 0.42586805555555557 0.3416666666666667 0.41875 0.3450617283950617 0.41805555555555557 0.34598765432098766 0.41684027777777777 0.35216049382716047 0.4166666666666667 0.35648148148148145 0.4175347222222222 0.35802469135802467
1 0.7888888888888889 0.3753086419753086 0.795486111111111 0.3845679012345679 0.7989583333333333 0.39629629629629626 0.7998263888888888 0.40185185185185185 0.8008680555555555 0.4030864197530864 0.8046875 0.4049382716049383 0.8156249999999999 0.4055555555555555 0.817361111111111 0.4049382716049383 0.8197916666666666 0.4009259259259259 0.8215277777777777 0.3947530864197531 0.8211805555555556 0.3907407407407408 0.8201388888888889 0.3891975308641975 0.8180555555555555 0.3811728395061728 0.8164930555555555 0.3787037037037037 0.8149305555555556 0.37345679012345684 0.8119791666666666 0.36851851851851847 0.809548611111111 0.36604938271604937 0.8055555555555556 0.3648148148148148 0.7925347222222222 0.3651234567901234 0.7890625 0.36790123456790125 0.7878472222222221 0.3694444444444444 0.7888888888888889 0.3753086419753086
5 0.7487847222222221 0.4666666666666667 0.7487847222222221 0.4743827160493827 0.75 0.4777777777777778 0.7513888888888888 0.47901234567901235 0.7536458333333333 0.4787037037037037 0.7552083333333334 0.47716049382716047 0.7592013888888888 0.47716049382716047 0.7635416666666666 0.483641975308642 0.7654513888888889 0.4959876543209876 0.7673611111111112 0.49845679012345684 0.7706597222222222 0.49938271604938267 0.7762152777777778 0.4972222222222222 0.7862847222222222 0.4972222222222222 0.7911458333333333 0.49907407407407406 0.7967013888888889 0.4996913580246914 0.8010416666666667 0.5033950617283951 0.8041666666666666 0.5037037037037037 0.8083333333333333 0.4981481481481481 0.8092013888888888 0.4916666666666667 0.8092013888888888 0.4774691358024691 0.8083333333333333 0.4728395061728395 0.80625 0.46851851851851856 0.8050347222222222 0.4641975308641975 0.8045138888888889 0.4608024691358025 0.8048611111111111 0.45462962962962966 0.8043402777777777 0.4527777777777778 0.8022569444444444 0.45154320987654323 0.8005208333333333 0.44876543209876546 0.7980902777777777 0.4422839506172839 0.7946180555555555 0.43580246913580245 0.7925347222222222 0.43425925925925923 0.7899305555555556 0.4305555555555556 0.7845486111111112 0.42993827160493825 0.7774305555555555 0.4271604938271605 0.7725694444444444 0.4271604938271605 0.765625 0.42345679012345677 0.7638888888888888 0.42160493827160495 0.7578125 0.4212962962962963 0.7545138888888888 0.42407407407407405 0.7524305555555556 0.4277777777777778 0.7505208333333333 0.429320987654321 0.7484375 0.43580246913580245 0.7480902777777778 0.4608024691358025 0.7487847222222221 0.4666666666666667
1 0.2972222222222222 0.7231481481481481 0.2973958333333333 0.7280864197530863 0.29791666666666666 0.7308641975308642 0.3003472222222222 0.7351851851851853 0.3032986111111111 0.7364197530864197 0.3083333333333333 0.7358024691358025 0.3177083333333333 0.7367283950617284 0.3265625 0.7398148148148148 0.3498263888888889 0.7382716049382716 0.3583333333333333 0.7351851851851853 0.3663194444444444 0.729320987654321 0.3692708333333333 0.7308641975308642 0.3739583333333333 0.7299382716049382 0.37656249999999997 0.7243827160493828 0.37656249999999997 0.7055555555555556 0.3770833333333333 0.6990740740740741 0.37829861111111107 0.6929012345679012 0.3817708333333333 0.6882716049382716 0.3824652777777778 0.6854938271604938 0.3824652777777778 0.6824074074074075 0.3840277777777778 0.6796296296296297 0.38559027777777777 0.6728395061728395 0.3892361111111111 0.667283950617284 0.3930555555555555 0.6648148148148147 0.3949652777777778 0.6617283950617284 0.3954861111111111 0.6595679012345679 0.3961805555555556 0.6512345679012346 0.3961805555555556 0.6364197530864197 0.39375 0.616358024691358 0.3909722222222222 0.6126543209876544 0.3508680555555555 0.6111111111111112 0.3461805555555555 0.6126543209876544 0.3411458333333333 0.6126543209876544 0.3315972222222222 0.6148148148148148 0.3274305555555555 0.617283950617284 0.3208333333333333 0.6280864197530863 0.31875 0.6348765432098765 0.3171875 0.6373456790123456 0.31631944444444443 0.6422839506172839 0.3142361111111111 0.6472222222222223 0.3138888888888889 0.65 0.3109375 0.6592592592592593 0.309375 0.6623456790123456 0.30850694444444443 0.667283950617284 0.3064236111111111 0.6719135802469135 0.3060763888888889 0.6756172839506173 0.3038194444444444 0.6790123456790123 0.3022569444444444 0.6824074074074075 0.3013888888888889 0.6864197530864197 0.3003472222222222 0.6879629629629629 0.30017361111111107 0.6916666666666667 0.2986111111111111 0.6972222222222222 0.29791666666666666 0.7046296296296296 0.2982638888888889 0.7148148148148148 0.2972222222222222 0.7231481481481481
1 0.4829861111111111 0.4391975308641975 0.4836805555555555 0.441358024691358 0.484375 0.4425925925925926 0.4880208333333333 0.44382716049382714 0.49027777777777776 0.4475308641975309 0.4909722222222222 0.4503086419753086 0.4944444444444444 0.4552469135802469 0.4975694444444444 0.4574074074074074 0.5055555555555555 0.4580246913580247 0.5086805555555556 0.46296296296296297 0.5126736111111111 0.46265432098765435 0.5152777777777777 0.46049382716049386 0.5157986111111111 0.4580246913580247 0.5157986111111111 0.4416666666666667 0.5145833333333333 0.4302469135802469 0.5126736111111111 0.4256172839506173 0.5128472222222222 0.4197530864197531 0.5135416666666667 0.41820987654320985 0.5105902777777778 0.41358024691358025 0.5086805555555556 0.4089506172839506 0.5057291666666667 0.40802469135802466 0.5026041666666666 0.4089506172839506 0.4979166666666667 0.408641975308642 0.4914930555555555 0.40987654320987654 0.4873263888888889 0.41234567901234565 0.4852430555555556 0.41512345679012347 0.4852430555555556 0.4191358024691358 0.4831597222222222 0.42839506172839503 0.4835069444444444 0.4330246913580247 0.4829861111111111 0.4391975308641975
1 0.44930555555555557 0.5709876543209876 0.4498263888888889 0.5719135802469135 0.45468749999999997 0.5728395061728395 0.4626736111111111 0.570679012345679 0.47256944444444443 0.5700617283950616 0.4862847222222222 0.5722222222222222 0.49322916666666666 0.5759259259259258 0.49982638888888886 0.5759259259259258 0.5008680555555556 0.5750000000000001 0.5019097222222222 0.5722222222222222 0.5019097222222222 0.5564814814814815 0.5050347222222222 0.5410493827160493 0.5048611111111111 0.5138888888888888 0.5057291666666667 0.5033950617283951 0.5055555555555555 0.49845679012345684 0.5 0.4962962962962963 0.4946180555555555 0.4867283950617284 0.4913194444444444 0.4867283950617284 0.48819444444444443 0.4854938271604938 0.4769097222222222 0.4858024691358025 0.46875 0.48703703703703705 0.4631944444444444 0.48919753086419754 0.4614583333333333 0.4922839506172839 0.45729166666666665 0.5049382716049382 0.45694444444444443 0.5077160493827161 0.4552083333333333 0.5117283950617284 0.4539930555555556 0.5194444444444445 0.453125 0.520679012345679 0.4517361111111111 0.5256172839506172 0.4498263888888889 0.5388888888888889 0.4498263888888889 0.5675925925925925 0.44930555555555557 0.5709876543209876
1 0.7357638888888888 0.3425925925925926 0.7390625 0.3558641975308642 0.740625 0.3592592592592592 0.7453124999999999 0.35802469135802467 0.7550347222222222 0.3608024691358025 0.7590277777777777 0.36018518518518516 0.7598958333333333 0.35401234567901235 0.7590277777777777 0.3447530864197531 0.7557291666666666 0.3388888888888889 0.7538194444444444 0.33179012345679015 0.7520833333333333 0.32993827160493827 0.7482638888888888 0.3274691358024691 0.7414930555555556 0.32685185185185184 0.7348958333333333 0.3311728395061728 0.732986111111111 0.3339506172839506 0.7324652777777778 0.33549382716049386 0.7357638888888888 0.3425925925925926
1 0.6675347222222222 0.37345679012345684 0.6682291666666667 0.3756172839506173 0.6697916666666666 0.3771604938271605 0.6831597222222222 0.38364197530864197 0.6895833333333333 0.38425925925925924 0.6932291666666666 0.38796296296296295 0.6967013888888888 0.38796296296296295 0.6984374999999999 0.38364197530864197 0.6998263888888888 0.36574074074074076 0.6972222222222222 0.35555555555555557 0.6951388888888889 0.3509259259259259 0.6935763888888888 0.3450617283950617 0.6911458333333333 0.3416666666666667 0.6859375 0.3395061728395061 0.6800347222222222 0.34074074074074073 0.6791666666666666 0.3416666666666667 0.6717013888888889 0.34074074074074073 0.6706597222222221 0.3416666666666667 0.6694444444444444 0.3447530864197531 0.6692708333333334 0.3527777777777778 0.6682291666666667 0.35432098765432096 0.6673611111111112 0.35956790123456794 0.6670138888888888 0.3666666666666667 0.6675347222222222 0.37345679012345684
1 0.18368055555555554 0.925 0.18437499999999998 0.9413580246913581 0.18559027777777778 0.9469135802469135 0.1875 0.95 0.19045138888888888 0.9521604938271605 0.19618055555555555 0.9552469135802469 0.19947916666666665 0.9558641975308642 0.23177083333333334 0.9555555555555556 0.2409722222222222 0.9537037037037037 0.2520833333333333 0.953395061728395 0.26406250000000003 0.9472222222222222 0.27291666666666664 0.9459876543209877 0.27812499999999996 0.9521604938271605 0.28125 0.9543209876543209 0.2855902777777778 0.9543209876543209 0.2876736111111111 0.9530864197530865 0.29149305555555555 0.9478395061728394 0.2951388888888889 0.9354938271604938 0.2965277777777778 0.9234567901234568 0.2954861111111111 0.9120370370370371 0.2954861111111111 0.9003086419753087 0.29670138888888886 0.8929012345679013 0.2993055555555555 0.8904320987654322 0.3017361111111111 0.8858024691358025 0.3020833333333333 0.8802469135802469 0.303125 0.8768518518518519 0.3065972222222222 0.8697530864197531 0.30798611111111107 0.8641975308641975 0.3189236111111111 0.8379629629629629 0.32135416666666666 0.8339506172839506 0.3282986111111111 0.8339506172839506 0.3305555555555555 0.832716049382716 0.3317708333333333 0.8314814814814815 0.3331597222222222 0.8280864197530865 0.3333333333333333 0.8243827160493827 0.3348958333333333 0.8175925925925925 0.3345486111111111 0.8070987654320988 0.3350694444444444 0.8040123456790123 0.3354166666666667 0.7762345679012346 0.3342013888888889 0.7623456790123456 0.3333333333333333 0.7598765432098765 0.3324652777777778 0.7515432098765432 0.3284722222222222 0.7435185185185185 0.3234375 0.7401234567901235 0.3170138888888889 0.7388888888888888 0.29409722222222223 0.7391975308641975 0.2661458333333333 0.7444444444444445 0.2612847222222222 0.7478395061728395 0.26024305555555555 0.7496913580246913 0.2552083333333333 0.7527777777777778 0.2467013888888889 0.7549382716049382 0.24357638888888888 0.7567901234567901 0.24027777777777778 0.7574074074074074 0.2371527777777778 0.7595679012345679 0.234375 0.7623456790123456 0.23211805555555554 0.7666666666666666 0.2298611111111111 0.7691358024691358 0.22916666666666666 0.7716049382716049 0.22586805555555556 0.7765432098765431 0.22465277777777778 0.7802469135802469 0.21684027777777778 0.7925925925925925 0.2112847222222222 0.8058641975308641 0.20850694444444445 0.8108024691358025 0.2081597222222222 0.8135802469135802 0.2059027777777778 0.817283950617284 0.2017361111111111 0.8314814814814815 0.19826388888888888 0.8385802469135802 0.19791666666666666 0.8419753086419753 0.1940972222222222 0.8524691358024691 0.19375 0.8592592592592593 0.19166666666666665 0.8641975308641975 0.19131944444444443 0.8666666666666666 0.18697916666666664 0.8743827160493828 0.18506944444444445 0.8765432098765432 0.18368055555555554 0.8814814814814815 0.1824652777777778 0.8833333333333334 0.1814236111111111 0.8919753086419753 0.1814236111111111 0.904320987654321 0.18368055555555554 0.925
1 0.8170138888888888 0.4327160493827161 0.818923611111111 0.43487654320987656 0.8246527777777778 0.4354938271604938 0.8255208333333334 0.4327160493827161 0.826736111111111 0.41851851851851857 0.8277777777777777 0.4138888888888889 0.8277777777777777 0.40370370370370373 0.8284722222222222 0.4012345679012346 0.8282986111111111 0.3990740740740741 0.8232638888888888 0.3993827160493827 0.8190972222222221 0.4027777777777778 0.8166666666666667 0.4055555555555555 0.8147569444444444 0.4111111111111111 0.8147569444444444 0.4188271604938272 0.8170138888888888 0.4327160493827161
2 0.13159722222222223 0.5641975308641975 0.13333333333333333 0.5654320987654321 0.14131944444444444 0.5679012345679012 0.14444444444444443 0.5697530864197531 0.14965277777777775 0.5679012345679012 0.15104166666666666 0.566358024691358 0.1515625 0.5645061728395062 0.15104166666666666 0.5617283950617283 0.1487847222222222 0.5570987654320988 0.15104166666666666 0.5546296296296296 0.1517361111111111 0.5499999999999999 0.15034722222222222 0.546604938271605 0.1440972222222222 0.5416666666666666 0.14201388888888888 0.5376543209876543 0.14184027777777777 0.5339506172839505 0.14305555555555555 0.5262345679012346 0.14149305555555555 0.5222222222222223 0.13697916666666665 0.5219135802469136 0.13368055555555555 0.5256172839506172 0.13368055555555555 0.5342592592592592 0.13159722222222223 0.5404320987654321 0.13020833333333334 0.5518518518518518 0.13020833333333334 0.5614197530864198 0.13159722222222223 0.5641975308641975
2 0.35434027777777777 0.3388888888888889 0.3559027777777778 0.34043209876543207 0.3585069444444444 0.33549382716049386 0.3588541666666667 0.3222222222222222 0.3576388888888889 0.3169753086419753 0.3560763888888889 0.3135802469135803 0.35486111111111107 0.3138888888888889 0.3538194444444444 0.31574074074074077 0.35260416666666666 0.3212962962962963 0.35260416666666666 0.3330246913580247 0.35434027777777777 0.3388888888888889
2 0.0296875 0.5506172839506173 0.03680555555555555 0.5515432098765432 0.04027777777777777 0.5509259259259259 0.04114583333333333 0.5503086419753086 0.041493055555555554 0.5487654320987654 0.041666666666666664 0.5469135802469135 0.03993055555555555 0.5404320987654321 0.0375 0.5382716049382716 0.032812499999999994 0.537962962962963 0.030902777777777776 0.5395061728395062 0.029340277777777774 0.5425925925925926 0.028819444444444443 0.5481481481481482 0.0296875 0.5506172839506173
2 0.14756944444444445 0.4728395061728395 0.1472222222222222 0.4876543209876543 0.14600694444444443 0.4916666666666667 0.14652777777777778 0.4947530864197531 0.1482638888888889 0.49506172839506174 0.14965277777777775 0.49320987654320986 0.15034722222222222 0.49074074074074076 0.1517361111111111 0.478395061728395 0.15416666666666665 0.4737654320987654 0.15555555555555556 0.47530864197530864 0.15711805555555555 0.48055555555555557 0.1579861111111111 0.49104938271604937 0.159375 0.4904320987654321 0.1605902777777778 0.4882716049382716 0.1605902777777778 0.483641975308642 0.15989583333333335 0.4780864197530864 0.15833333333333333 0.4737654320987654 0.1565972222222222 0.45154320987654323 0.1565972222222222 0.44320987654320987 0.15572916666666664 0.44012345679012344 0.1532986111111111 0.43456790123456784 0.15104166666666666 0.4311728395061728 0.14895833333333333 0.433641975308642 0.1472222222222222 0.4422839506172839 0.14809027777777775 0.4703703703703703 0.14756944444444445 0.4728395061728395
2 0.936111111111111 0.45648148148148143 0.9355902777777778 0.4558641975308642 0.9355902777777778 0.45679012345679015 0.936111111111111 0.45648148148148143
2 0.9322916666666666 0.4524691358024691 0.936111111111111 0.4524691358024691 0.9373263888888889 0.45462962962962966 0.9414930555555555 0.45432098765432094 0.9430555555555555 0.45339506172839505 0.9447916666666666 0.44907407407407407 0.9447916666666666 0.44382716049382714 0.9425347222222222 0.4354938271604938 0.9411458333333333 0.4327160493827161 0.9406249999999999 0.4280864197530864 0.9395833333333333 0.425 0.9355902777777778 0.425 0.9342013888888888 0.42962962962962964 0.9307291666666666 0.43580246913580245 0.9295138888888889 0.44012345679012344 0.9296875 0.4469135802469136 0.9322916666666666 0.4524691358024691
2 0.012326388888888888 0.8274691358024691 0.011979166666666666 0.83179012345679 0.015451388888888888 0.845679012345679 0.01892361111111111 0.8518518518518519 0.022569444444444444 0.8506172839506172 0.031076388888888886 0.8382716049382716 0.03315972222222222 0.8367283950617284 0.035416666666666666 0.8330246913580247 0.03680555555555555 0.8324074074074075 0.03888888888888889 0.8287037037037037 0.04027777777777777 0.828395061728395 0.041840277777777775 0.8253086419753086 0.04635416666666666 0.821604938271605 0.0515625 0.8148148148148148 0.057465277777777775 0.811111111111111 0.057118055555555554 0.8086419753086419 0.05503472222222222 0.8074074074074075 0.05017361111111111 0.8083333333333333 0.04565972222222222 0.8061728395061728 0.04288194444444444 0.803395061728395 0.0390625 0.8027777777777778 0.03611111111111111 0.8 0.029340277777777774 0.7962962962962963 0.02829861111111111 0.79320987654321 0.028472222222222218 0.7817901234567901 0.027777777777777776 0.7777777777777778 0.02673611111111111 0.7756172839506172 0.023263888888888886 0.774074074074074 0.01857638888888889 0.774074074074074 0.017187499999999998 0.7753086419753087 0.014930555555555556 0.7796296296296297 0.014409722222222221 0.7851851851851852 0.014930555555555556 0.7901234567901234 0.017708333333333333 0.7975308641975308 0.012499999999999999 0.8074074074074075 0.011805555555555555 0.8101851851851852 0.011631944444444443 0.8197530864197531 0.012326388888888888 0.8274691358024691
2 0.3628472222222222 0.3654320987654321 0.3696180555555555 0.36574074074074076 0.3708333333333333 0.3632716049382716 0.3697916666666667 0.3567901234567901 0.3663194444444444 0.34814814814814815 0.36354166666666665 0.34969135802469137 0.36215277777777777 0.3567901234567901 0.3619791666666667 0.36018518518518516 0.3628472222222222 0.3654320987654321
2 0.2342013888888889 0.48734567901234566 0.23576388888888888 0.4895061728395062 0.23802083333333335 0.4904320987654321 0.24131944444444445 0.4864197530864197 0.2423611111111111 0.4817901234567901 0.24774305555555554 0.4700617283950617 0.2470486111111111 0.4666666666666667 0.2449652777777778 0.46296296296296297 0.24357638888888888 0.4558641975308642 0.2409722222222222 0.4537037037037037 0.23854166666666665 0.45709876543209876 0.2376736111111111 0.462037037037037 0.23541666666666666 0.46728395061728395 0.2342013888888889 0.47314814814814815 0.23368055555555556 0.48055555555555557 0.2342013888888889 0.48734567901234566
2 0.3586805555555555 0.3339506172839506 0.3602430555555556 0.3382716049382716 0.36093749999999997 0.34228395061728395 0.3630208333333333 0.3453703703703703 0.3637152777777778 0.34228395061728395 0.3645833333333333 0.32962962962962966 0.3642361111111111 0.3212962962962963 0.3630208333333333 0.3191358024691358 0.3590277777777778 0.3191358024691358 0.3579861111111111 0.3200617283950617 0.3572916666666667 0.32160493827160497 0.3586805555555555 0.3339506172839506
2 0.9157986111111112 0.4117283950617284 0.9157986111111112 0.4138888888888889 0.9170138888888888 0.4188271604938272 0.9185763888888888 0.4194444444444444 0.9203125 0.4188271604938272 0.9217013888888889 0.416358024691358 0.9262152777777778 0.41574074074074074 0.9274305555555555 0.4117283950617284 0.9270833333333334 0.40771604938271605 0.9276041666666666 0.4024691358024692 0.9291666666666666 0.3975308641975308 0.9303819444444444 0.3885802469135803 0.9295138888888889 0.38024691358024687 0.9263888888888888 0.375 0.9236111111111112 0.375 0.921875 0.37808641975308643 0.9180555555555555 0.3907407407407408 0.9182291666666667 0.40185185185185185 0.9157986111111112 0.4117283950617284
2 0.8972222222222221 0.4351851851851852 0.8977430555555556 0.43703703703703706 0.9010416666666666 0.44043209876543205 0.9022569444444444 0.4364197530864197 0.9024305555555555 0.4314814814814815 0.9034722222222222 0.42623456790123454 0.9050347222222221 0.42376543209876544 0.9076388888888888 0.42160493827160495 0.9076388888888888 0.4175925925925926 0.9046875 0.4055555555555555 0.9006944444444444 0.4046296296296297 0.9 0.4083333333333333 0.8977430555555556 0.41234567901234565 0.8960069444444444 0.41820987654320985 0.8960069444444444 0.42592592592592593 0.8972222222222221 0.4351851851851852
4 0.21979166666666666 0.5333333333333333 0.22170138888888888 0.5361111111111111 0.22395833333333334 0.5429012345679012 0.22621527777777775 0.5450617283950617 0.22795138888888888 0.5459876543209877 0.2409722222222222 0.5472222222222223 0.25625000000000003 0.5472222222222223 0.25972222222222224 0.5462962962962963 0.26579861111111114 0.5475308641975308 0.26718749999999997 0.5453703703703704 0.2699652777777778 0.5438271604938272 0.27152777777777776 0.5413580246913581 0.2736111111111111 0.5407407407407407 0.2760416666666667 0.5385802469135802 0.2798611111111111 0.5305555555555556 0.28368055555555555 0.5280864197530865 0.2883680555555555 0.5231481481481481 0.29027777777777775 0.5225308641975308 0.2923611111111111 0.5237654320987654 0.2947916666666667 0.5237654320987654 0.2970486111111111 0.5228395061728395 0.2987847222222222 0.5185185185185185 0.29965277777777777 0.5117283950617284 0.3005208333333333 0.5092592592592593 0.3005208333333333 0.49074074074074076 0.2982638888888889 0.483641975308642 0.29184027777777777 0.48117283950617284 0.2892361111111111 0.47716049382716047 0.2833333333333333 0.47098765432098766 0.28072916666666664 0.4700617283950617 0.2760416666666667 0.47098765432098766 0.26284722222222223 0.4694444444444445 0.2532986111111111 0.4700617283950617 0.2484375 0.4719135802469136 0.24635416666666665 0.4740740740740741 0.24270833333333333 0.48117283950617284 0.2425347222222222 0.48302469135802467 0.2409722222222222 0.4867283950617284 0.24010416666666665 0.4938271604938272 0.2387152777777778 0.4972222222222222 0.2347222222222222 0.5 0.2315972222222222 0.5046296296296297 0.2269097222222222 0.5074074074074074 0.2237847222222222 0.5104938271604939 0.2203125 0.5166666666666666 0.21927083333333333 0.5209876543209876 0.2190972222222222 0.529320987654321 0.21979166666666666 0.5333333333333333
0 0.47986111111111107 0.26296296296296295 0.4845486111111111 0.2660493827160494 0.4880208333333333 0.26512345679012345 0.4901041666666667 0.26203703703703707 0.4911458333333333 0.2589506172839506 0.4913194444444444 0.2540123456790124 0.4904513888888889 0.2450617283950617 0.4894097222222222 0.24135802469135803 0.4880208333333333 0.2391975308641975 0.4810763888888889 0.2391975308641975 0.4788194444444444 0.24135802469135803 0.4774305555555556 0.24537037037037038 0.4774305555555556 0.25771604938271603 0.47986111111111107 0.26296296296296295
6 0.6951388888888889 0.2941358024691358 0.6956597222222222 0.2962962962962963 0.6951388888888889 0.31265432098765433 0.6958333333333333 0.3166666666666667 0.7026041666666666 0.31574074074074077 0.707986111111111 0.31882716049382714 0.7107638888888889 0.3225308641975309 0.7131944444444444 0.3302469135802469 0.7170138888888888 0.33148148148148143 0.7177083333333334 0.32932098765432094 0.7182291666666666 0.3172839506172839 0.7161458333333334 0.31265432098765433 0.7154513888888888 0.3080246913580247 0.7154513888888888 0.29907407407407405 0.7142361111111112 0.2891975308641975 0.7130208333333333 0.28734567901234565 0.7034722222222222 0.2851851851851852 0.6987847222222222 0.2851851851851852 0.6958333333333333 0.28734567901234565 0.6951388888888889 0.28950617283950614 0.6951388888888889 0.2941358024691358
6 0.8791666666666667 0.5345679012345679 0.8796875 0.5367283950617284 0.884375 0.5385802469135802 0.8864583333333333 0.5364197530864198 0.8859374999999999 0.5330246913580247 0.8840277777777777 0.5277777777777778 0.8802083333333334 0.5222222222222223 0.8796875 0.5243827160493827 0.8791666666666667 0.5287037037037037 0.8791666666666667 0.5345679012345679
6 0.8848958333333333 0.4351851851851852 0.8848958333333333 0.4537037037037037 0.8831597222222222 0.45925925925925926 0.8836805555555556 0.4669753086419753 0.8819444444444444 0.4694444444444445 0.8795138888888888 0.47067901234567905 0.8796875 0.4737654320987654 0.8782986111111112 0.47716049382716047 0.8788194444444444 0.4882716049382716 0.8800347222222222 0.4941358024691358 0.8796875 0.49845679012345684 0.8803819444444444 0.5021604938271605 0.8819444444444444 0.504320987654321 0.8852430555555556 0.5064814814814814 0.8881944444444444 0.5123456790123457 0.8975694444444444 0.5265432098765432 0.8987847222222222 0.5305555555555556 0.8994791666666666 0.5407407407407407 0.9010416666666666 0.5432098765432098 0.9046875 0.5376543209876543 0.9069444444444444 0.5299382716049382 0.9081597222222222 0.520679012345679 0.9081597222222222 0.5135802469135803 0.9078125 0.5117283950617284 0.9045138888888888 0.5049382716049382 0.903125 0.5040123456790123 0.8982638888888889 0.4962962962962963 0.8973958333333334 0.49104938271604937 0.8975694444444444 0.4876543209876543 0.8934027777777778 0.4833333333333333 0.8888888888888888 0.4722222222222222 0.8880208333333334 0.47129629629629627 0.887673611111111 0.466358024691358 0.8883680555555555 0.4638888888888889 0.8888888888888888 0.4574074074074074 0.889236111111111 0.4419753086419753 0.8902777777777777 0.4388888888888889 0.8901041666666666 0.4314814814814815 0.8885416666666666 0.42191358024691356 0.8871527777777778 0.41820987654320985 0.8857638888888888 0.4191358024691358 0.8848958333333333 0.4256172839506173 0.8838541666666666 0.42839506172839503 0.8842013888888888 0.4330246913580247 0.8848958333333333 0.4351851851851852
6 0.8272569444444444 0.41512345679012347 0.8262152777777778 0.4228395061728395 0.8260416666666666 0.43179012345679013 0.8253472222222222 0.4351851851851852 0.8237847222222222 0.4385802469135803 0.8230902777777778 0.45679012345679015 0.8208333333333333 0.4645061728395061 0.8203125 0.4700617283950617 0.8208333333333333 0.483641975308642 0.8236111111111112 0.4919753086419753 0.825 0.504320987654321 0.8262152777777778 0.5080246913580247 0.828125 0.5101851851851852 0.8324652777777778 0.5098765432098765 0.8350694444444444 0.5055555555555555 0.8397569444444444 0.5070987654320988 0.8416666666666666 0.5098765432098765 0.8468749999999999 0.5135802469135803 0.8512152777777777 0.520679012345679 0.8524305555555556 0.5320987654320988 0.8538194444444444 0.5364197530864198 0.8569444444444444 0.5398148148148147 0.8605902777777777 0.5398148148148147 0.8637152777777778 0.5364197530864198 0.8651041666666666 0.5265432098765432 0.8661458333333334 0.5231481481481481 0.8666666666666666 0.5160493827160494 0.8663194444444444 0.5080246913580247 0.8675347222222222 0.5021604938271605 0.8680555555555556 0.4901234567901234 0.8692708333333333 0.48055555555555557 0.8703124999999999 0.4777777777777778 0.8703124999999999 0.4737654320987654 0.8715277777777778 0.47067901234567905 0.8710069444444444 0.46820987654320984 0.8710069444444444 0.46234567901234563 0.8717013888888888 0.45185185185185184 0.8723958333333334 0.4493827160493827 0.8722222222222222 0.4388888888888889 0.8751736111111111 0.42592592592592593 0.8751736111111111 0.4117283950617284 0.8732638888888888 0.40802469135802466 0.8708333333333333 0.4058641975308642 0.8635416666666667 0.40216049382716046 0.8621527777777778 0.4006172839506173 0.8463541666666666 0.39629629629629626 0.8364583333333333 0.39598765432098765 0.8314236111111112 0.3969135802469136 0.8272569444444444 0.4006172839506173 0.8260416666666666 0.40370370370370373 0.8272569444444444 0.40802469135802466 0.8272569444444444 0.41512345679012347
6 0.4663194444444444 0.3191358024691358 0.4678819444444444 0.33487654320987653 0.4713541666666667 0.33549382716049386 0.4744791666666667 0.3345679012345679 0.4777777777777778 0.33549382716049386 0.4802083333333333 0.33796296296296297 0.48125 0.3410493827160494 0.4836805555555555 0.34351851851851856 0.4845486111111111 0.34351851851851856 0.4875 0.3382716049382716 0.4894097222222222 0.3222222222222222 0.4892361111111111 0.3064814814814815 0.4888888888888889 0.30339506172839503 0.4875 0.3 0.4835069444444444 0.2975308641975309 0.4770833333333333 0.2975308641975309 0.47204861111111107 0.29907407407407405 0.46875 0.3021604938271605 0.4684027777777778 0.3058641975308642 0.46684027777777776 0.3104938271604938 0.4663194444444444 0.31296296296296294 0.4663194444444444 0.3191358024691358
6 0.4317708333333333 0.40432098765432095 0.4317708333333333 0.4114197530864197 0.43246527777777777 0.41574074074074074 0.4359375 0.41604938271604935 0.4392361111111111 0.412962962962963 0.44375 0.41203703703703703 0.4508680555555556 0.41203703703703703 0.4543402777777778 0.4138888888888889 0.45694444444444443 0.42098765432098767 0.4600694444444444 0.4225308641975309 0.4640625 0.4188271604938272 0.4657986111111111 0.4148148148148148 0.4661458333333333 0.41234567901234565 0.4670138888888889 0.4114197530864197 0.4677083333333333 0.40648148148148144 0.4677083333333333 0.40030864197530863 0.4664930555555556 0.3929012345679012 0.46493055555555557 0.38796296296296295 0.46475694444444443 0.3790123456790123 0.46371527777777777 0.37623456790123455 0.4633680555555555 0.3728395061728395 0.4616319444444444 0.36851851851851847 0.4592013888888889 0.36574074074074076 0.45694444444444443 0.36419753086419754 0.4515625 0.3638888888888889 0.4404513888888889 0.3651234567901234 0.434375 0.3694444444444444 0.43124999999999997 0.37376543209876545 0.4296875 0.3787037037037037 0.4296875 0.39382716049382716 0.4317708333333333 0.40432098765432095
6 0.4170138888888889 0.6703703703703704 0.4175347222222222 0.6950617283950616 0.4190972222222222 0.7104938271604938 0.41996527777777776 0.7138888888888888 0.421875 0.717283950617284 0.43298611111111107 0.720679012345679 0.4430555555555556 0.7212962962962963 0.4456597222222222 0.7243827160493828 0.45694444444444443 0.7246913580246913 0.4579861111111111 0.7243827160493828 0.4600694444444444 0.7188271604938271 0.4626736111111111 0.7160493827160493 0.4640625 0.7160493827160493 0.46684027777777776 0.7197530864197531 0.4694444444444444 0.7197530864197531 0.4769097222222222 0.716358024691358 0.48420138888888886 0.7148148148148148 0.48767361111111107 0.7126543209876544 0.4892361111111111 0.7089506172839506 0.4895833333333333 0.7006172839506173 0.4913194444444444 0.6904320987654321 0.4913194444444444 0.6790123456790123 0.4907986111111111 0.6768518518518518 0.4913194444444444 0.667283950617284 0.4923611111111111 0.6651234567901234 0.49374999999999997 0.6580246913580247 0.4958333333333333 0.654320987654321 0.4973958333333333 0.6435185185185185 0.4973958333333333 0.6395061728395062 0.4982638888888889 0.6361111111111112 0.4989583333333333 0.6200617283950618 0.4984375 0.5987654320987654 0.5019097222222222 0.5925925925925926 0.5019097222222222 0.5891975308641976 0.5006944444444444 0.5861111111111111 0.4944444444444444 0.582716049382716 0.4892361111111111 0.5765432098765432 0.4845486111111111 0.5731481481481482 0.475 0.5725308641975309 0.4623263888888889 0.5740740740740741 0.4487847222222222 0.5740740740740741 0.4456597222222222 0.5746913580246913 0.4427083333333333 0.5765432098765432 0.4376736111111111 0.587037037037037 0.4322916666666667 0.5916666666666667 0.4300347222222222 0.596604938271605 0.4284722222222222 0.5981481481481481 0.4253472222222222 0.6055555555555556 0.4232638888888889 0.6148148148148148 0.4206597222222222 0.6228395061728395 0.4197916666666667 0.629320987654321 0.41822916666666665 0.6339506172839506 0.41736111111111107 0.649074074074074 0.41805555555555557 0.6638888888888889 0.4170138888888889 0.6703703703703704
3 0.5215277777777777 0.3830246913580247 0.5225694444444444 0.3851851851851852 0.5260416666666666 0.38425925925925924 0.5277777777777778 0.3774691358024691 0.5277777777777778 0.3728395061728395 0.5270833333333333 0.36851851851851847 0.5260416666666666 0.366358024691358 0.5225694444444444 0.3669753086419753 0.5210069444444444 0.37006172839506174 0.5208333333333334 0.37993827160493826 0.5215277777777777 0.3830246913580247
3 0.9272569444444444 0.4694444444444445 0.9289930555555556 0.4737654320987654 0.9322916666666666 0.4756172839506173 0.9357638888888888 0.4759259259259259 0.9387152777777777 0.4777777777777778 0.9425347222222222 0.4824074074074074 0.9460069444444444 0.4802469135802469 0.9473958333333333 0.46265432098765435 0.9472222222222222 0.45462962962962966 0.9460069444444444 0.4503086419753086 0.9435763888888888 0.44845679012345674 0.9359375 0.44814814814814813 0.9288194444444444 0.4444444444444444 0.9272569444444444 0.44814814814814813 0.9260416666666667 0.45339506172839505 0.9260416666666667 0.46265432098765435 0.9272569444444444 0.4694444444444445
3 0.8923611111111112 0.4435185185185185 0.8935763888888888 0.44598765432098764 0.896875 0.45 0.9027777777777778 0.4537037037037037 0.9050347222222221 0.45648148148148143 0.9081597222222222 0.4574074074074074 0.9093749999999999 0.4552469135802469 0.911111111111111 0.44598765432098764 0.9102430555555555 0.43765432098765433 0.9100694444444444 0.4246913580246914 0.9093749999999999 0.42160493827160495 0.9083333333333333 0.42037037037037034 0.9034722222222222 0.42160493827160495 0.9019097222222222 0.42407407407407405 0.9010416666666666 0.4277777777777778 0.897048611111111 0.425 0.8935763888888888 0.4246913580246914 0.8916666666666666 0.42839506172839503 0.8916666666666666 0.4382716049382716 0.8923611111111112 0.4435185185185185
3 0.5230902777777777 0.5317901234567901 0.5234375 0.5364197530864198 0.5248263888888889 0.5385802469135802 0.5260416666666666 0.5388888888888889 0.5286458333333334 0.529320987654321 0.5309027777777777 0.5259259259259259 0.5319444444444444 0.5228395061728395 0.5314236111111111 0.5070987654320988 0.5307291666666667 0.5037037037037037 0.5295138888888888 0.5015432098765432 0.5232638888888889 0.5015432098765432 0.5210069444444444 0.5040123456790123 0.5203125000000001 0.5080246913580247 0.5197916666666667 0.5225308641975308 0.5230902777777777 0.5317901234567901
3 0.11875 0.5780864197530864 0.12256944444444444 0.5796296296296296 0.1310763888888889 0.5796296296296296 0.13350694444444444 0.5808641975308642 0.13906249999999998 0.5848765432098765 0.1439236111111111 0.5910493827160495 0.15052083333333333 0.5901234567901235 0.1578125 0.5910493827160495 0.16197916666666665 0.5888888888888889 0.16371527777777775 0.5854938271604938 0.16493055555555555 0.5814814814814815 0.16493055555555555 0.5762345679012346 0.1642361111111111 0.5712962962962963 0.1671875 0.5645061728395062 0.1673611111111111 0.5608024691358025 0.16493055555555555 0.558641975308642 0.15850694444444444 0.5570987654320988 0.15416666666666665 0.5521604938271605 0.15104166666666666 0.5518518518518518 0.1484375 0.5570987654320988 0.14982638888888888 0.5595679012345679 0.15069444444444444 0.5648148148148148 0.14965277777777775 0.5669753086419753 0.14756944444444445 0.5682098765432099 0.13576388888888888 0.5657407407407408 0.13020833333333334 0.5617283950617283 0.12135416666666667 0.5629629629629629 0.11649305555555554 0.5648148148148148 0.11631944444444445 0.5685185185185185 0.11875 0.5780864197530864
3 0.7553819444444444 0.33148148148148143 0.7578125 0.3324074074074074 0.7694444444444444 0.3324074074074074 0.7706597222222222 0.3287037037037037 0.770486111111111 0.32469135802469135 0.7692708333333333 0.3219135802469136 0.7644097222222221 0.31882716049382714 0.7621527777777778 0.3145061728395062 0.7567708333333334 0.32314814814814813 0.7545138888888888 0.32469135802469135 0.7529513888888888 0.32839506172839505 0.7553819444444444 0.33148148148148143
3 0.5225694444444444 0.3851851851851852 0.5260416666666666 0.38395061728395063 0.5277777777777778 0.3771604938271605 0.5277777777777778 0.36604938271604937 0.5260416666666666 0.3617283950617284 0.5222222222222223 0.3626543209876543 0.5210069444444444 0.3651234567901234 0.5210069444444444 0.3808641975308642 0.5225694444444444 0.3851851851851852