6 0.37846020761245674 0.32439446366782004 0.3814878892733564 0.3261245674740484 0.3860294117647059 0.33160322952710497 0.3907871972318339 0.33246828143021917 0.3968425605536332 0.33016147635524795 0.39835640138408307 0.3284313725490196 0.3990051903114187 0.32410611303344866 0.39792387543252594 0.31660899653979235 0.39641003460207613 0.3119953863898501 0.3946799307958478 0.3102652825836217 0.38948961937716264 0.3102652825836217 0.37932525951557095 0.3119953863898501 0.37673010380622834 0.3140138408304498 0.37629757785467133 0.31660899653979235 0.37629757785467133 0.3217993079584775 0.37846020761245674 0.32439446366782004
6 0.32936851211072665 0.35697808535178777 0.33088235294117646 0.3601499423298731 0.3352076124567474 0.3624567474048443 0.34342560553633217 0.364475201845444 0.3462370242214533 0.3667820069204152 0.35185986159169547 0.36793540945790076 0.35575259515570934 0.3667820069204152 0.35899653979238755 0.36389850057670126 0.3628892733564014 0.36332179930795844 0.36375432525951557 0.3618800461361015 0.36375432525951557 0.3489042675893887 0.36180795847750863 0.34313725490196073 0.3576989619377163 0.33621683967704724 0.35640138408304495 0.33073817762399077 0.35488754325259514 0.32929642445213375 0.35294117647058826 0.3278546712802768 0.3416955017301038 0.3281430219146482 0.3306660899653979 0.33160322952710497 0.32850346020761245 0.3341983852364475 0.32871972318339104 0.35207612456747406 0.32936851211072665 0.35697808535178777
6 0.5264312283737024 0.3621683967704729 0.5281613321799308 0.3676470588235294 0.5272962802768165 0.3760092272202999 0.5277288062283737 0.3820645905420992 0.5294589100346021 0.3840830449826989 0.5396232698961937 0.38235294117647056 0.5463274221453287 0.3849480968858131 0.550003892733564 0.3840830449826989 0.5517339965397924 0.37168396770472895 0.5515177335640138 0.338235294117647 0.5476249999999999 0.3356401384083045 0.5443810553633218 0.3347750865051903 0.5329191176470588 0.3344867358708189 0.5305402249134948 0.33708189158016144 0.5294589100346021 0.3414071510957324 0.5285938581314878 0.35640138408304495 0.5264312283737024 0.3621683967704729
1 0.4435553633217993 0.39042675893886963 0.44615051903114183 0.39792387543252594 0.45674740484429066 0.3985005767012687 0.45955882352941174 0.39965397923875434 0.4641003460207613 0.3990772779700115 0.4649653979238754 0.3961937716262976 0.4705882352941177 0.38667820069204145 0.4718858131487889 0.3809111880046136 0.46929065743944637 0.36591695501730104 0.4666955017301038 0.3627450980392157 0.46085640138408307 0.3607266435986159 0.4526384083044983 0.3610149942329873 0.4496107266435986 0.3601499423298731 0.44593425605536335 0.3621683967704729 0.4426903114186851 0.36793540945790076 0.44160899653979235 0.37312572087658585 0.4390138408304498 0.37687427912341404 0.43879757785467133 0.37831603229527105 0.4390138408304498 0.3832179930795847 0.4435553633217993 0.39042675893886963
8 0.6046712802768167 0.4806805074971165 0.6057525951557095 0.4850057670126874 0.6083477508650519 0.4896193771626297 0.6087802768166091 0.4927912341407151 0.613538062283737 0.5051903114186851 0.6243512110726643 0.5063437139561707 0.6394896193771626 0.5063437139561707 0.653114186851211 0.5083621683967704 0.6557093425605537 0.508073817762399 0.6580882352941176 0.5060553633217993 0.6591695501730105 0.5028835063437139 0.659818339100346 0.49567474048442905 0.6596020761245674 0.48414071510957324 0.6587370242214533 0.4806805074971165 0.6580882352941176 0.47058823529411764 0.6580882352941176 0.4668396770472895 0.6596020761245674 0.46366782006920415 0.659385813148789 0.46107266435986155 0.6583044982698962 0.4593425605536332 0.6563581314878894 0.458477508650519 0.655060553633218 0.45588235294117646 0.6535467128027682 0.44838523644752015 0.6509515570934256 0.44088811995386384 0.6442474048442907 0.42906574394463665 0.640787197231834 0.4253171856978085 0.6373269896193773 0.4238754325259515 0.6128892733564014 0.42329873125720874 0.611159169550173 0.4241637831603229 0.6094290657439446 0.4261822376009227 0.6079152249134948 0.4325259515570934 0.6059688581314879 0.44319492502883506 0.6057525951557095 0.4538638985005767 0.604455017301038 0.45991926182237597 0.604022491349481 0.47635524798154555 0.6046712802768167 0.4806805074971165
1 0.3897058823529412 0.3621683967704729 0.39424740484429066 0.36389850057670126 0.3977076124567474 0.3607266435986159 0.4016003460207613 0.35928489042675893 0.4031141868512111 0.35755478662053053 0.41133217993079585 0.3546712802768166 0.41371107266435986 0.35207612456747406 0.41911764705882354 0.3489042675893887 0.4193339100346021 0.34515570934256057 0.41825259515570934 0.3391003460207613 0.4150086505190312 0.3344867358708189 0.4126297577854671 0.3341983852364475 0.40765570934256057 0.33621683967704724 0.4009515570934256 0.33708189158016144 0.39705882352941174 0.3408304498269896 0.3946799307958478 0.34602076124567477 0.3901384083044983 0.35236447520184544 0.3892733564013841 0.3555363321799308 0.3890570934256055 0.35957324106113037 0.3897058823529412 0.3621683967704729
1 0.3758650519031142 0.3615916955017301 0.37673010380622834 0.36389850057670126 0.3804065743944637 0.36418685121107264 0.3832179930795848 0.3630334486735871 0.38948961937716264 0.3627450980392157 0.3899221453287197 0.3555363321799308 0.3944636678200692 0.34602076124567477 0.3944636678200692 0.34429065743944637 0.39208477508650524 0.33708189158016144 0.3905709342560553 0.3353517877739331 0.38538062283737023 0.3339100346020761 0.38365051903114183 0.33160322952710497 0.3812716262975779 0.3353517877739331 0.37846020761245674 0.3365051903114186 0.37673010380622834 0.33881199538638984 0.375 0.34544405997693195 0.3745674740484429 0.34976931949250284 0.3758650519031142 0.3615916955017301
1 0.3399653979238754 0.4858708189158016 0.34191176470588236 0.48846597462514413 0.3477508650519031 0.48760092272203 0.3804065743944637 0.48846597462514413 0.3832179930795848 0.48414071510957324 0.38494809688581316 0.4786620530565167 0.3871107266435986 0.47664359861591693 0.3901384083044983 0.47174163783160317 0.3944636678200692 0.47029988465974626 0.39792387543252594 0.4674163783160323 0.39857266435986155 0.4587658592848904 0.39792387543252594 0.4411764705882352 0.3946799307958478 0.4354094579008074 0.3897058823529412 0.4316608996539792 0.38408304498269896 0.4302191464821223 0.3819204152249135 0.42877739331026526 0.3734861591695502 0.42791234140715106 0.3615916955017301 0.42906574394463665 0.35596885813148793 0.43281430219146483 0.3479671280276817 0.4457900807381776 0.34320934256055363 0.45588235294117646 0.3406141868512111 0.4593425605536332 0.3382352941176471 0.47029988465974626 0.3384515570934256 0.4806805074971165 0.3399653979238754 0.4858708189158016
1 0.47772491349480967 0.39965397923875434 0.48118512110726647 0.40023068050749705 0.4842128027681661 0.3985005767012687 0.49805363321799306 0.39705882352941174 0.5015138408304498 0.40023068050749705 0.5038927335640139 0.3990772779700115 0.5051903114186851 0.3973471741637831 0.5060553633217993 0.39302191464821223 0.5086505190311419 0.38898500576701267 0.509515570934256 0.38148788927335636 0.5088667820069204 0.3719723183391003 0.506704152249135 0.3624567474048443 0.5051903114186851 0.3607266435986159 0.5021626297577855 0.35928489042675893 0.4878892733564014 0.35957324106113037 0.4863754325259516 0.3607266435986159 0.483780276816609 0.3636101499423298 0.48075259515570934 0.3696655132641291 0.47707612456747406 0.3855247981545559 0.476643598615917 0.3976355247981545 0.47772491349480967 0.39965397923875434
5 0.3323961937716263 0.4091695501730104 0.33477508650519033 0.4100346020761246 0.3447231833910035 0.4091695501730104 0.35056228373702425 0.40801614763552474 0.35726643598615915 0.404555940023068 0.36548442906574397 0.3967704728950403 0.37543252595155713 0.39186851211072665 0.3765138408304498 0.39042675893886963 0.37694636678200694 0.38725490196078427 0.3737024221453287 0.3829296424452134 0.3698096885813149 0.38004613610149945 0.36353806228373703 0.3780276816608996 0.3594290657439447 0.3754325259515571 0.351643598615917 0.37456747404844287 0.34277681660899656 0.37687427912341404 0.3382352941176471 0.38004613610149945 0.3343425605536332 0.3855247981545559 0.3332612456747405 0.3878316032295271 0.3328287197231834 0.3915801614763552 0.3313148788927336 0.3944636678200692 0.3313148788927336 0.40484429065743943 0.3323961937716263 0.4091695501730104
1 0.43555363321799306 0.47029988465974626 0.4439878892733564 0.4668396770472895 0.4708044982698962 0.4656862745098039 0.47383217993079585 0.4668396770472895 0.4775086505190312 0.47058823529411764 0.48118512110726647 0.4668396770472895 0.48161764705882354 0.46193771626297575 0.4833477508650519 0.45703575547866204 0.4857266435986159 0.4538638985005767 0.48767301038062283 0.4529988465974625 0.48918685121107264 0.44982698961937717 0.48940311418685123 0.4354094579008074 0.48875432525951557 0.422722029988466 0.4874567474048443 0.4189734717416378 0.4859429065743945 0.41695501730103807 0.4833477508650519 0.40801614763552474 0.47923875432525953 0.4031141868512111 0.47772491349480967 0.4022491349480969 0.467560553633218 0.4031141868512111 0.4632352941176471 0.40253748558246827 0.45588235294117646 0.4036908881199538 0.4517733564013841 0.4062860438292964 0.44615051903114183 0.4158016147635525 0.44031141868512114 0.43194925028835063 0.43555363321799306 0.44232987312572086 0.43490484429065746 0.4469434832756632 0.43425605536332185 0.46222606689734713 0.43555363321799306 0.47029988465974626
1 0.4712370242214533 0.3463091118800461 0.47318339100346024 0.3494809688581315 0.4759948096885813 0.35207612456747406 0.4775086505190312 0.35524798154555937 0.47858996539792387 0.36649365628604386 0.48075259515570934 0.3696655132641291 0.4846453287197232 0.3621683967704729 0.4863754325259516 0.3604382929642445 0.48897058823529416 0.35957324106113037 0.4907006920415225 0.35668973471741633 0.4911332179930796 0.3517877739331026 0.48983564013840836 0.34544405997693195 0.4878892733564014 0.3416955017301038 0.4848615916955017 0.3402537485582468 0.4725346020761246 0.3408304498269896 0.4708044982698962 0.3419838523644752 0.4712370242214533 0.3463091118800461
1 0.2329152249134948 0.36995386389850055 0.23442906574394465 0.37168396770472895 0.23918685121107267 0.3722606689734717 0.24416089965397922 0.37456747404844287 0.24826989619377163 0.3751441753171857 0.25151384083044986 0.3693771626297578 0.2554065743944637 0.3702422145328719 0.2586505190311419 0.37254901960784315 0.26211072664359863 0.3713956170703575 0.2698961937716263 0.3713956170703575 0.27184256055363326 0.3705305651672433 0.27292387543252594 0.3696655132641291 0.2740051903114187 0.3636101499423298 0.2774653979238754 0.3607266435986159 0.282439446366782 0.35928489042675893 0.282439446366782 0.3558246828143022 0.2727076124567474 0.35351787773933097 0.2634083044982699 0.3483275663206459 0.252378892733564 0.3480392156862745 0.2402681660899654 0.35236447520184544 0.23659169550173012 0.3555363321799308 0.23572664359861595 0.35726643598615915 0.2333477508650519 0.35841983852364473 0.23205017301038064 0.3604382929642445 0.23205017301038064 0.3667820069204152 0.2329152249134948 0.36995386389850055
5 0.31055363321799306 0.3976355247981545 0.314878892733564 0.3982122260668973 0.3194204152249135 0.396482122260669 0.32871972318339104 0.396482122260669 0.3321799307958478 0.39417531718569776 0.333477508650519 0.390715109573241 0.3336937716262976 0.38725490196078427 0.33672145328719727 0.381199538638985 0.340181660899654 0.37745098039215685 0.3462370242214533 0.3739907727797001 0.3468858131487889 0.37312572087658585 0.3466695501730104 0.37081891580161475 0.34342560553633217 0.36591695501730104 0.3416955017301038 0.36505190311418684 0.3352076124567474 0.36418685121107264 0.3319636678200692 0.3627450980392157 0.32331314878892736 0.3627450980392157 0.32115051903114183 0.3636101499423298 0.31444636678200694 0.3705305651672433 0.3118512110726644 0.3711072664359861 0.31055363321799306 0.37254901960784315 0.3086072664359862 0.38235294117647056 0.3086072664359862 0.38927335640138405 0.31055363321799306 0.3976355247981545
1 0.5434688581314879 0.33217993079584773 0.5512543252595156 0.3353517877739331 0.5538494809688581 0.33852364475201846 0.5568771626297578 0.33852364475201846 0.5588235294117647 0.3353517877739331 0.5590397923875433 0.3246828143021915 0.5570934256055363 0.3215109573241061 0.5503892733564014 0.3194925028835063 0.5464965397923875 0.3203575547866205 0.5451989619377163 0.3212226066897347 0.5432525951557093 0.3246828143021915 0.5426038062283737 0.3290080738177624 0.5434688581314879 0.33217993079584773
1 0.4013840830449827 0.4256055363321799 0.4041955017301038 0.4293540945790081 0.40765570934256057 0.42791234140715106 0.4219290657439447 0.42877739331026526 0.4323096885813149 0.4276239907727797 0.4362024221453287 0.42964244521337946 0.43944636678200694 0.42791234140715106 0.44096020761245674 0.4235870818915802 0.4433391003460208 0.42041522491349476 0.4463667820069204 0.4117647058823529 0.4472318339100346 0.404555940023068 0.4433391003460208 0.3886966551326413 0.43944636678200694 0.3837946943483275 0.43641868512110726 0.382641291810842 0.421280276816609 0.3820645905420992 0.41846885813148793 0.3829296424452134 0.41457612456747406 0.3858131487889273 0.4104671280276817 0.39042675893886963 0.4063581314878893 0.3976355247981545 0.4020328719723183 0.41147635524798154 0.4013840830449827 0.4149365628604383 0.4013840830449827 0.4256055363321799
1 0.27249134948096887 0.3855247981545559 0.2757352941176471 0.38754325259515565 0.27941176470588236 0.3855247981545559 0.2846020761245675 0.3849480968858131 0.29087370242214533 0.3855247981545559 0.2930363321799308 0.38725490196078427 0.2967128027681661 0.3878316032295271 0.30017301038062283 0.3840830449826989 0.3073096885813149 0.3840830449826989 0.30903979238754326 0.3803344867358708 0.30990484429065746 0.37456747404844287 0.3088235294117647 0.3682237600922722 0.30384948096885817 0.3610149942329873 0.298659169550173 0.35841983852364473 0.28892733564013845 0.35784313725490197 0.2828719723183391 0.35813148788927335 0.280060553633218 0.3601499423298731 0.2759515570934256 0.3610149942329873 0.2742214532871972 0.3630334486735871 0.2740051903114187 0.36707035755478656 0.27205882352941174 0.37254901960784315 0.27184256055363326 0.3809111880046136 0.27249134948096887 0.3855247981545559
1 0.16414359861591696 0.4472318339100346 0.1671712802768166 0.45011534025374855 0.17171280276816608 0.45674740484429066 0.19182525951557092 0.4515570934256055 0.19961072664359863 0.45069204152249137 0.20674740484429066 0.45530565167243364 0.2106401384083045 0.4535755478662053 0.21301903114186851 0.44982698961937717 0.2147491349480969 0.44405997693194926 0.21777681660899653 0.44146482122260666 0.22383217993079588 0.4400230680507497 0.22664359861591696 0.4380046136101499 0.23075259515570934 0.4382929642445213 0.2324826989619377 0.4397347174163783 0.2378892733564014 0.44088811995386384 0.24134948096885814 0.4394463667820069 0.2430795847750865 0.43598615916955014 0.24243079584775085 0.42070357554786614 0.2394031141868512 0.41378316032295265 0.23075259515570934 0.408881199538639 0.22534602076124569 0.407439446366782 0.21972318339100347 0.40397923875432523 0.21042387543252594 0.4005190311418685 0.18858131487889274 0.4036908881199538 0.17560553633217993 0.40801614763552474 0.16652249134948097 0.4140715109573241 0.16457612456747406 0.4166666666666667 0.16219723183391005 0.42589388696655134 0.16241349480968859 0.4429065743944636 0.16414359861591696 0.4472318339100346
1 0.5711505190311419 0.3742791234140715 0.573961937716263 0.3757208765859285 0.5782871972318339 0.3820645905420992 0.5854238754325259 0.3809111880046136 0.5955882352941176 0.38350634371395614 0.5971020761245674 0.37745098039215685 0.5979671280276817 0.3624567474048443 0.5971020761245674 0.35784313725490197 0.595371972318339 0.35351787773933097 0.5929930795847751 0.3509227220299884 0.5886678200692042 0.3494809688581315 0.5834775086505191 0.3491926182237601 0.5774221453287197 0.35034602076124566 0.5748269896193772 0.35294117647058826 0.5733131487889274 0.35697808535178777 0.5711505190311419 0.35957324106113037 0.5707179930795848 0.3615916955017301 0.5700692041522492 0.3667820069204152 0.5711505190311419 0.3742791234140715
1 0.4496107266435986 0.3604382929642445 0.4524221453287197 0.3613033448673587 0.46064013840830453 0.3613033448673587 0.465181660899654 0.36332179930795844 0.46734429065743943 0.36591695501730104 0.46820934256055363 0.36793540945790076 0.46950692041522496 0.38148788927335636 0.4705882352941177 0.38523644752018454 0.4716695501730104 0.3809111880046136 0.47404844290657444 0.37831603229527105 0.4775086505190312 0.3719723183391003 0.47858996539792387 0.3667820069204152 0.47837370242214533 0.35841983852364473 0.4775086505190312 0.3546712802768166 0.47556228373702425 0.35063437139561704 0.47383217993079585 0.3483275663206459 0.46799307958477515 0.34515570934256057 0.4630190311418685 0.34544405997693195 0.45588235294117646 0.3483275663206459 0.4504757785467128 0.3558246828143022 0.44874567474048443 0.35928489042675893 0.4496107266435986 0.3604382929642445
1 0.5183823529411765 0.4253171856978085 0.5164359861591695 0.44175317185697804 0.5164359861591695 0.4564590542099192 0.5194636678200693 0.45761245674740486 0.5222750865051903 0.4547289504036908 0.5235726643598616 0.4547289504036908 0.5274653979238755 0.455594002306805 0.5371972318339101 0.455594002306805 0.539143598615917 0.4564590542099192 0.5436851211072665 0.45617070357554784 0.5525519031141868 0.45905420991926177 0.5540657439446367 0.4587658592848904 0.5551470588235294 0.45588235294117646 0.5557958477508651 0.4472318339100346 0.5557958477508651 0.43396770472895035 0.5551470588235294 0.4284890426758939 0.5557958477508651 0.42675893886966554 0.558174740484429 0.4244521337946943 0.5590397923875433 0.42156862745098034 0.5573096885813149 0.4189734717416378 0.5544982698961938 0.41695501730103807 0.5532006920415226 0.41147635524798154 0.5501730103806228 0.4051326412918108 0.5467128027681661 0.40282583621683965 0.5406574394463668 0.4022491349480969 0.528114186851211 0.40397923875432523 0.5240051903114187 0.40801614763552474 0.5211937716262975 0.41608996539792387 0.5196799307958477 0.4178200692041522 0.5177335640138409 0.41839677047289503 0.5164359861591695 0.42041522491349476 0.5157871972318339 0.4218569780853518 0.5183823529411765 0.4253171856978085
1 0.24610726643598616 0.45991926182237597 0.24718858131487892 0.46164936562860437 0.252378892733564 0.4653979238754325 0.2625432525951557 0.4648212226066897 0.27097750865051906 0.4602076124567474 0.27184256055363326 0.458477508650519 0.2735726643598616 0.45732410611303337 0.2755190311418685 0.4512687427912341 0.280060553633218 0.446078431372549 0.2791955017301038 0.444636678200692 0.2783304498269896 0.4388696655132641 0.2796280276816609 0.4388696655132641 0.28027681660899656 0.4403114186851211 0.2828719723183391 0.4411764705882352 0.28395328719723184 0.44752018454440595 0.2856833910034602 0.44953863898500573 0.2876297577854671 0.44953863898500573 0.2926038062283737 0.4472318339100346 0.30060553633217996 0.4405997693194925 0.30384948096885817 0.4397347174163783 0.3057958477508651 0.4377162629757785 0.3109861591695502 0.43512110726643594 0.3131487889273356 0.4325259515570934 0.3131487889273356 0.4284890426758939 0.3109861591695502 0.4235870818915802 0.30752595155709345 0.4209919261822376 0.3042820069204152 0.42012687427912343 0.2960640138408305 0.41378316032295265 0.28633217993079585 0.41147635524798154 0.2679498269896194 0.41147635524798154 0.2610294117647059 0.4140715109573241 0.2554065743944637 0.4181084198385236 0.25151384083044986 0.4241637831603229 0.24913494809688583 0.42964244521337946 0.2458910034602076 0.43396770472895035 0.24502595155709342 0.4382929642445213 0.24567474048442908 0.45588235294117646 0.24610726643598616 0.45991926182237597
5 0.18685121107266436 0.6061130334486735 0.18901384083044984 0.6113033448673586 0.1916089965397924 0.6150519031141868 0.1948529411764706 0.6242791234140715 0.1980968858131488 0.628316032295271 0.19874567474048443 0.6309111880046137 0.20609861591695502 0.6450403690888119 0.2119377162629758 0.6516724336793541 0.22945501730103807 0.6516724336793541 0.24199826989619377 0.649365628604383 0.2508650519031142 0.6456170703575547 0.2562716262975779 0.6450403690888119 0.2597318339100346 0.6424452133794694 0.26232698961937717 0.6389850057670126 0.2649221453287197 0.6277393310265282 0.2664359861591696 0.6245674740484429 0.26838235294117646 0.6219723183391003 0.27141003460207613 0.6199538638985005 0.27616782006920415 0.6138985005767013 0.2858996539792388 0.5997693194925028 0.2930363321799308 0.5937139561707035 0.30017301038062283 0.5919838523644751 0.3036332179930796 0.5865051903114187 0.3049307958477509 0.580161476355248 0.3060121107266436 0.564878892733564 0.3051470588235294 0.5478662053056517 0.30125432525951557 0.5374855824682814 0.296280276816609 0.5325836216839677 0.29325259515570934 0.5317185697808535 0.2783304498269896 0.5311418685121106 0.25583910034602075 0.5282583621683967 0.25194636678200694 0.5297001153402537 0.2480536332179931 0.5297001153402537 0.24113321799307957 0.5314302191464821 0.2394031141868512 0.5322952710495963 0.23507785467128028 0.5369088811995386 0.23075259515570934 0.538638985005767 0.22491349480968859 0.5426758938869666 0.22102076124567474 0.546712802768166 0.21583044982698962 0.5527681660899654 0.20350346020761248 0.5715109573241061 0.20004325259515573 0.5729527104959631 0.19615051903114186 0.5726643598615917 0.19290657439446368 0.57439446366782 0.19550173010380623 0.5807381776239907 0.1944204152249135 0.5859284890426759 0.1875 0.5957324106113033 0.18620242214532873 0.59919261822376 0.1859861591695502 0.6029411764705882 0.18685121107266436 0.6061130334486735
1 0.5676903114186851 0.34515570934256057 0.5817474048442907 0.34486735870818913 0.5841262975778547 0.3419838523644752 0.5839100346020761 0.3281430219146482 0.5815311418685122 0.32410611303344866 0.5780709342560554 0.3229527104959631 0.5696366782006921 0.3229527104959631 0.5676903114186851 0.32497116493656286 0.5661764705882353 0.33044982698961933 0.5653114186851211 0.33765859284890426 0.5650951557093425 0.3422722029988466 0.5676903114186851 0.34515570934256057
4 0.37673010380622834 0.36332179930795844 0.3801903114186851 0.36418685121107264 0.3830017301038062 0.3630334486735871 0.3886245674740485 0.3630334486735871 0.38948961937716264 0.3624567474048443 0.3899221453287197 0.35668973471741633 0.3916522491349481 0.35149942329873124 0.3948961937716263 0.34602076124567477 0.3948961937716263 0.34313725490196073 0.39338235294117646 0.338235294117647 0.39100346020761245 0.3353517877739331 0.38365051903114183 0.3333333333333333 0.3827854671280277 0.3350634371395617 0.37781141868512114 0.338235294117647 0.3765138408304498 0.3405420991926182 0.375 0.3468858131487889 0.37543252595155713 0.35957324106113037 0.37673010380622834 0.36332179930795844
4 0.3897058823529412 0.3621683967704729 0.3944636678200692 0.36389850057670126 0.3957612456747405 0.3621683967704729 0.4018166089965398 0.35928489042675893 0.4033304498269896 0.35755478662053053 0.41154844290657444 0.35438292964244517 0.41392733564013845 0.3517877739331026 0.41976643598615915 0.3489042675893887 0.41825259515570934 0.3402537485582468 0.4150086505190312 0.33621683967704724 0.4028979238754325 0.33708189158016144 0.40116782006920415 0.3373702422145328 0.3977076124567474 0.3405420991926182 0.3946799307958478 0.34602076124567477 0.39273356401384085 0.3474625144175317 0.38948961937716264 0.35294117647058826 0.388840830449827 0.35899653979238755 0.3897058823529412 0.3621683967704729
3 0.9855103806228374 0.5680507497116494 0.9855103806228374 0.5752595155709342 0.9842128027681661 0.5798731257208766 0.9837802768166091 0.5891003460207612 0.9822664359861591 0.5983275663206459 0.9842128027681661 0.6038062283737025 0.9855103806228374 0.6023644752018454 0.9878892733564014 0.5942906574394463 0.9894031141868512 0.5841983852364475 0.9917820069204153 0.5761245674740484 0.9924307958477508 0.5683391003460208 0.9913494809688581 0.5591118800461361 0.9889705882352942 0.5556516724336793 0.9878892733564014 0.5521914648212226 0.986159169550173 0.5570934256055363 0.9865916955017302 0.5608419838523644 0.9855103806228374 0.5680507497116494
3 0.9563148788927336 0.5778546712802768 0.9638840830449827 0.5865051903114187 0.973832179930796 0.5905420991926182 0.9755622837370242 0.5893886966551326 0.9772923875432526 0.5836216839677048 0.9796712802768167 0.5683391003460208 0.9803200692041523 0.5461361014994233 0.9781574394463668 0.5446943483275662 0.9733996539792388 0.5452710495963091 0.9669117647058824 0.5423875432525951 0.9602076124567475 0.5423875432525951 0.9582612456747405 0.5446943483275662 0.9567474048442907 0.5490196078431372 0.953287197231834 0.5539215686274509 0.9519896193771626 0.5570934256055363 0.9524221453287197 0.5683391003460208 0.9563148788927336 0.5778546712802768
3 0.5700692041522492 0.4117647058823529 0.5711505190311419 0.4129181084198385 0.5746107266435986 0.41234140715109574 0.5769896193771626 0.3976355247981545 0.5765570934256056 0.39042675893886963 0.5748269896193772 0.38811995386389847 0.5705017301038062 0.38811995386389847 0.5676903114186851 0.3895617070357555 0.5670415224913495 0.39186851211072665 0.5674740484429066 0.4022491349480969 0.5700692041522492 0.4117647058823529
3 0.2521626297577855 0.40080738177623987 0.2564878892733564 0.3990772779700115 0.2580017301038062 0.3944636678200692 0.2580017301038062 0.3837946943483275 0.2560553633217993 0.382641291810842 0.2512975778546713 0.3832179930795847 0.24978373702422146 0.3895617070357555 0.24978373702422146 0.3993656286043829 0.2521626297577855 0.40080738177623987
3 0.8083910034602076 0.5155709342560554 0.8103373702422145 0.5190311418685121 0.814446366782007 0.5207612456747405 0.8153114186851211 0.5193194925028835 0.8166089965397924 0.5129757785467128 0.8176903114186851 0.49826989619377166 0.8176903114186851 0.48615916955017296 0.8142301038062284 0.48702422145328716 0.8129325259515571 0.48990772779700115 0.8092560553633218 0.4945213379469435 0.8075259515570934 0.4991349480968858 0.8073096885813149 0.5051903114186851 0.8083910034602076 0.5155709342560554