8 0.6140988372093023 0.33118001722652884 0.6165213178294574 0.3406546080964685 0.6199127906976744 0.3415159345391903 0.6312984496124031 0.3350559862187769 0.6315406976744187 0.3247200689061154 0.6303294573643411 0.32041343669250644 0.627422480620155 0.3156761412575366 0.6228197674418604 0.3135228251507321 0.6140988372093023 0.3165374677002584 0.6133720930232558 0.31782945736434104 0.6140988372093023 0.33118001722652884
8 0.7017926356589148 0.6563307493540051 0.7039728682170543 0.6623600344530577 0.7073643410852714 0.6636520241171404 0.710998062015504 0.661498708010336 0.7153585271317829 0.661068044788975 0.7233527131782945 0.6627906976744186 0.7567829457364341 0.6636520241171404 0.7582364341085273 0.661068044788975 0.7599321705426356 0.6434108527131783 0.7609011627906977 0.5813953488372093 0.7628391472868217 0.5788113695090439 0.7657461240310078 0.5779500430663221 0.7671996124031009 0.5753660637381567 0.7671996124031009 0.5719207579672696 0.7655038759689923 0.5693367786391043 0.7623546511627908 0.5693367786391043 0.7613856589147288 0.5680447889750215 0.7577519379844962 0.5465116279069767 0.7558139534883721 0.5417743324720069 0.7526647286821706 0.5391903531438414 0.74515503875969 0.5370370370370371 0.7335271317829458 0.5361757105943152 0.7238372093023256 0.5361757105943152 0.7170542635658914 0.5383290267011197 0.7134205426356589 0.545650301464255 0.7071220930232558 0.5650301464254953 0.7063953488372093 0.5745047372954349 0.7030038759689923 0.5951765719207579 0.7022771317829458 0.6055124892334194 0.7027616279069768 0.6098191214470284 0.7017926356589148 0.6175710594315246 0.7013081395348837 0.6503014642549526 0.7017926356589148 0.6563307493540051
8 0.22771317829457363 0.8173987941429801 0.22722868217054265 0.8255813953488372 0.22795542635658916 0.8354866494401378 0.22892441860465118 0.838931955211025 0.23183139534883723 0.8423772609819122 0.248062015503876 0.8423772609819122 0.25339147286821706 0.8277347114556416 0.2555717054263566 0.8173987941429801 0.25872093023255816 0.8087855297157622 0.2609011627906977 0.7993109388458225 0.26332364341085274 0.7945736434108527 0.2681686046511628 0.7803617571059431 0.2713178294573644 0.7674418604651163 0.27761627906976744 0.7502153316106804 0.2805232558139535 0.7454780361757106 0.28924418604651164 0.7390180878552971 0.308624031007752 0.7377260981912145 0.32000968992248063 0.7347114556416883 0.3306686046511628 0.7347114556416883 0.33624031007751937 0.7329888027562447 0.33842054263565896 0.7265288544358312 0.3381782945736434 0.6998277347114557 0.33672480620155043 0.6890611541774333 0.3425387596899225 0.6860465116279069 0.3435077519379845 0.6830318690783806 0.34326550387596905 0.6791559000861327 0.34205426356589147 0.6770025839793282 0.339874031007752 0.6761412575366064 0.33502906976744184 0.6765719207579672 0.3294573643410853 0.6589147286821706 0.3238856589147287 0.6507321274763135 0.3192829457364341 0.6468561584840655 0.30377906976744184 0.6447028423772609 0.28875968992248063 0.6447028423772609 0.27519379844961245 0.6455641688199827 0.26889534883720934 0.6477174849267873 0.2655038759689923 0.6507321274763135 0.2616279069767442 0.6567614125753661 0.25387596899224807 0.6722652885443584 0.24031007751937986 0.6946597760551249 0.2366763565891473 0.702411714039621 0.23062015503875968 0.7347114556416883 0.22892441860465118 0.751937984496124 0.22747093023255816 0.7553832902670111 0.22698643410852715 0.788975021533161 0.22771317829457363 0.8173987941429801
8 0.7403100775193799 0.46382428940568476 0.74515503875969 0.4659776055124892 0.7526647286821706 0.4737295434969853 0.7584786821705427 0.48880275624461667 0.7730135658914729 0.48966408268733846 0.7795542635658914 0.48578811369509045 0.784156976744186 0.4797588285960379 0.7846414728682171 0.46339362618432384 0.783672480620155 0.4388458225667528 0.7831879844961241 0.43583118001722654 0.7800387596899225 0.43238587424633934 0.7664728682170543 0.42506459948320413 0.7463662790697675 0.4272179155900086 0.7441860465116279 0.42894056847545214 0.7398255813953489 0.4427217915590009 0.7393410852713179 0.46210163652024117 0.7403100775193799 0.46382428940568476
1 0.7722868217054264 0.41128337639965545 0.7761627906976746 0.4117140396210164 0.779312015503876 0.4186046511627907 0.7860949612403102 0.41128337639965545 0.7894864341085273 0.4099913867355728 0.8003875968992248 0.4108527131782946 0.8037790697674418 0.40956072351421186 0.804748062015504 0.40611541774332466 0.8042635658914729 0.3944875107665805 0.8025678294573644 0.39104220499569337 0.8006298449612403 0.3824289405684755 0.7969961240310078 0.37855297157622736 0.778343023255814 0.3789836347975883 0.7725290697674418 0.3871662360034453 0.7708333333333334 0.3944875107665805 0.7705910852713179 0.40783807062876826 0.7722868217054264 0.41128337639965545
5 0.4956395348837209 0.40482342807924204 0.498062015503876 0.41042204995693365 0.5012112403100776 0.4074074074074074 0.5053294573643411 0.40697674418604646 0.5089631782945736 0.4164513350559862 0.5123546511627907 0.4190353143841516 0.5159883720930233 0.4190353143841516 0.5169573643410853 0.4177433247200689 0.5167151162790697 0.3936261843238587 0.5130813953488372 0.3850129198966408 0.5089631782945736 0.38113695090439276 0.5038759689922481 0.3807062876830319 0.501453488372093 0.38113695090439276 0.49733527131782945 0.3871662360034453 0.4953972868217054 0.39405684754521964 0.4956395348837209 0.40482342807924204
1 0.683139534883721 0.4474590869939707 0.6841085271317829 0.45348837209302323 0.6858042635658914 0.4560723514211886 0.6894379844961241 0.45391903531438416 0.6950096899224806 0.45822566752799315 0.6969476744186047 0.45822566752799315 0.6981589147286823 0.45564168819982775 0.6986434108527133 0.450473729543497 0.6981589147286823 0.43195521102497847 0.6928294573643411 0.4177433247200689 0.6896802325581396 0.4151593453919035 0.6858042635658914 0.4147286821705426 0.6841085271317829 0.4181739879414298 0.683139534883721 0.4272179155900086 0.683139534883721 0.4474590869939707
5 0.7291666666666666 0.36304909560723514 0.7306201550387598 0.37123169681309215 0.7325581395348837 0.37553832902670115 0.7398255813953489 0.37855297157622736 0.7446705426356589 0.37769164513350556 0.7458817829457365 0.375968992248062 0.7463662790697675 0.3699397071490094 0.74515503875969 0.3617571059431524 0.7412790697674418 0.3540051679586563 0.7301356589147288 0.35228251507321273 0.7255329457364341 0.3561584840654608 0.7250484496124031 0.35917312661498707 0.7291666666666666 0.36304909560723514
1 0.4176356589147287 0.5813953488372093 0.41787790697674426 0.61541774332472 0.42054263565891475 0.6270456503014642 0.4227228682170543 0.6300602928509905 0.4227228682170543 0.6335055986218777 0.42393410852713176 0.6356589147286821 0.42877906976744184 0.6395348837209303 0.435562015503876 0.6382428940568475 0.4387112403100776 0.6356589147286821 0.4585755813953489 0.6347975882859603 0.4631782945736434 0.6365202411714039 0.4665697674418605 0.6442721791559001 0.4697189922480621 0.6408268733850129 0.47068798449612403 0.6373815676141257 0.4714147286821706 0.6192937123169681 0.46947674418604657 0.599052540913006 0.4646317829457364 0.5822566752799311 0.4646317829457364 0.578380706287683 0.466327519379845 0.5745047372954349 0.4646317829457364 0.5714900947459087 0.46172480620155043 0.5697674418604651 0.4583333333333333 0.5633074935400517 0.4542151162790698 0.5607235142118863 0.43217054263565896 0.5615848406546081 0.42490310077519383 0.5658914728682171 0.42054263565891475 0.5732127476313523 0.4161821705426357 0.5749354005167958 0.4159399224806202 0.578380706287683 0.4176356589147287 0.5813953488372093
1 0.620639534883721 0.35917312661498707 0.623062015503876 0.3626184323858742 0.6378391472868217 0.36304909560723514 0.6397771317829458 0.35917312661498707 0.6392926356589148 0.35228251507321273 0.6375968992248062 0.3440999138673557 0.6354166666666666 0.3406546080964685 0.6317829457364341 0.3380706287683032 0.6266957364341086 0.3376399655469423 0.6235465116279071 0.3397932816537467 0.6213662790697675 0.34194659776055125 0.6196705426356589 0.34711455641688205 0.6196705426356589 0.3557278208440999 0.620639534883721 0.35917312661498707
1 0.8524709302325582 0.6253229974160206 0.8626453488372093 0.6343669250645995 0.8667635658914729 0.6352282515073213 0.8684593023255814 0.6395348837209303 0.8694282945736435 0.6515934539190353 0.873062015503876 0.6580534022394487 0.8820251937984496 0.6576227390180878 0.8871124031007752 0.6602067183462532 0.8941375968992248 0.6593453919035314 0.9009205426356589 0.6619293712316968 0.904312015503876 0.665374677002584 0.9050387596899225 0.6640826873385012 0.9081879844961241 0.627906976744186 0.909156976744186 0.6236003445305771 0.9079457364341086 0.5813953488372093 0.903827519379845 0.5792420327304049 0.8941375968992248 0.5779500430663221 0.8803294573643412 0.5779500430663221 0.8699127906976746 0.5805340223944875 0.8636143410852714 0.58656330749354 0.8539244186046512 0.5913006029285098 0.8519864341085273 0.5960378983634798 0.8502906976744187 0.6093884582256676 0.8505329457364341 0.6192937123169681 0.8524709302325582 0.6253229974160206
1 0.8309108527131783 0.4569336778639104 0.8384205426356589 0.45736434108527135 0.841812015503876 0.46382428940568476 0.8456879844961241 0.46339362618432384 0.8493217054263567 0.46080964685615844 0.8696705426356589 0.45951765719207577 0.8728197674418605 0.45736434108527135 0.8735465116279071 0.4552110249784668 0.8735465116279071 0.4453057708871662 0.872577519379845 0.4397071490094746 0.8660368217054264 0.42592592592592593 0.8590116279069768 0.4203273040482343 0.8517441860465117 0.4190353143841516 0.8403585271317829 0.42161929371231693 0.8350290697674418 0.425495262704565 0.8280038759689923 0.43540051679586567 0.8282461240310078 0.45391903531438416 0.8309108527131783 0.4569336778639104
1 0.6853197674418605 0.3742463393626184 0.6954941860465117 0.375968992248062 0.6976744186046512 0.3733850129198966 0.6979166666666666 0.36563307493540054 0.6971899224806202 0.36003445305770887 0.6937984496124031 0.35099052540913006 0.6896802325581396 0.3488372093023256 0.6858042635658914 0.34926787252368646 0.684593023255814 0.35142118863049093 0.6838662790697675 0.3561584840654608 0.6838662790697675 0.3699397071490094 0.6853197674418605 0.3742463393626184
5 0.7725290697674418 0.524547803617571 0.7759205426356589 0.5288544358311801 0.782218992248062 0.5335917312661499 0.7863372093023256 0.541343669250646 0.7904554263565892 0.540913006029285 0.7931201550387598 0.5383290267011197 0.7974806201550387 0.5387596899224806 0.8112887596899225 0.5357450473729544 0.8168604651162791 0.5374677002583979 0.8212209302325582 0.5430663221360896 0.8238856589147288 0.5357450473729544 0.8248546511627908 0.5267011197243755 0.8246124031007752 0.5120585701981051 0.8161337209302326 0.4909560723514212 0.8071705426356589 0.4784668389319552 0.7948158914728682 0.4780361757105943 0.7882751937984496 0.479328165374677 0.7751937984496124 0.4909560723514212 0.7725290697674418 0.4961240310077519 0.7715600775193799 0.5012919896640826 0.7713178294573644 0.5172265288544358 0.7725290697674418 0.524547803617571
1 0.8558624031007752 0.532730404823428 0.8674903100775194 0.5370370370370371 0.8708817829457365 0.5465116279069767 0.873062015503876 0.5490956072351422 0.8766957364341086 0.5478036175710594 0.8800872093023256 0.5443583118001722 0.8880813953488372 0.5417743324720069 0.8987403100775194 0.541343669250646 0.9052810077519381 0.545219638242894 0.9081879844961241 0.5443583118001722 0.9093992248062016 0.540913006029285 0.9103682170542635 0.529285099052541 0.9101259689922481 0.5120585701981051 0.9050387596899225 0.4982773471145564 0.9009205426356589 0.49224806201550386 0.8975290697674418 0.4892334194659776 0.8909883720930233 0.4870801033591731 0.8791182170542635 0.48664944013781225 0.8699127906976746 0.48966408268733846 0.8592538759689923 0.4974160206718346 0.8563468992248062 0.5021533161068045 0.8556201550387598 0.5060292850990525 0.8544089147286823 0.5267011197243755 0.8558624031007752 0.532730404823428
1 0.38299418604651164 0.5086132644272179 0.38299418604651164 0.512489233419466 0.38032945736434115 0.5262704565030146 0.3800872093023256 0.5422049956933678 0.3815406976744186 0.5641688199827735 0.38323643410852715 0.5676141257536607 0.3871124031007752 0.5658914728682171 0.38905038759689925 0.5590008613264428 0.39123062015503873 0.5551248923341946 0.3934108527131783 0.553832902670112 0.41351744186046513 0.553832902670112 0.42151162790697677 0.5611541774332471 0.4232073643410853 0.5585701981050818 0.42514534883720934 0.5473729543496986 0.42514534883720934 0.5318690783807063 0.42490310077519383 0.5193798449612403 0.4227228682170543 0.5086132644272179 0.4256298449612403 0.5051679586563308 0.42611434108527135 0.5017226528854436 0.4253875968992248 0.5 0.4222383720930233 0.4991386735572782 0.4181201550387597 0.48880275624461667 0.4125484496124031 0.48578811369509045 0.39123062015503873 0.48664944013781225 0.3897771317829457 0.4879414298018949 0.3871124031007752 0.49569336778639106 0.38226744186046513 0.5017226528854436 0.3817829457364341 0.5038759689922481 0.3817829457364341 0.5060292850990525 0.38299418604651164 0.5086132644272179
1 0.4798934108527132 0.338931955211025 0.4847383720930233 0.3406546080964685 0.4915213178294574 0.3406546080964685 0.49370155038759694 0.3385012919896641 0.4939437984496124 0.3324720068906115 0.4917635658914729 0.3251507321274763 0.49127906976744184 0.31998277347114557 0.4900678294573644 0.31739879414298017 0.4847383720930233 0.3148148148148148 0.4811046511627907 0.3156761412575366 0.4791666666666667 0.32299741602067183 0.47892441860465124 0.3359173126614987 0.4798934108527132 0.338931955211025
1 0.5067829457364341 0.3281653746770026 0.5079941860465117 0.33118001722652884 0.5191375968992249 0.33161068044788977 0.5203488372093024 0.3294573643410853 0.5210755813953488 0.3251507321274763 0.5205910852713179 0.3161068044788975 0.5159883720930233 0.3079242032730405 0.5118701550387597 0.3070628768303187 0.5092054263565892 0.3083548664944014 0.5072674418604651 0.3135228251507321 0.5065406976744187 0.3247200689061154 0.5067829457364341 0.3281653746770026
1 0.5031492248062016 0.37941429801894916 0.5150193798449613 0.3841515934539191 0.5188953488372093 0.3845822566752799 0.5201065891472868 0.3832902670111973 0.5208333333333334 0.37683031869078376 0.5198643410852714 0.3617571059431524 0.5188953488372093 0.3587424633936262 0.5162306201550388 0.3561584840654608 0.5123546511627907 0.3548664944013781 0.5065406976744187 0.3557278208440999 0.5046027131782945 0.3578811369509044 0.5012112403100776 0.367786391042205 0.5012112403100776 0.37639965546942294 0.5031492248062016 0.37941429801894916
1 0.46390503875968997 0.3613264427217916 0.4675387596899225 0.3587424633936262 0.47432170542635665 0.3587424633936262 0.4757751937984497 0.3570198105081826 0.47601744186046513 0.34625322997416025 0.4750484496124031 0.34280792420327305 0.4711724806201551 0.3372093023255814 0.4631782945736434 0.3380706287683032 0.4602713178294574 0.34539190353143845 0.4605135658914729 0.36003445305770887 0.46390503875968997 0.3613264427217916
1 0.46342054263565896 0.38673557278208437 0.4733527131782946 0.38673557278208437 0.47698643410852715 0.3880275624461671 0.4811046511627907 0.3871662360034453 0.4808624031007752 0.36950904392764855 0.47892441860465124 0.3626184323858742 0.4772286821705427 0.359603789836348 0.47407945736434115 0.35745047372954347 0.466812015503876 0.35917312661498707 0.4631782945736434 0.36304909560723514 0.4626937984496124 0.367786391042205 0.46245155038759694 0.37855297157622736 0.46342054263565896 0.38673557278208437
1 0.685562015503876 0.40051679586563305 0.6930717054263567 0.40051679586563305 0.6959786821705427 0.39922480620155043 0.6964631782945737 0.39018087855297157 0.6945251937984496 0.37639965546942294 0.6930717054263567 0.37467700258397935 0.6887112403100775 0.3742463393626184 0.6858042635658914 0.37467700258397935 0.6841085271317829 0.37683031869078376 0.6841085271317829 0.39836347975882863 0.685562015503876 0.40051679586563305
1 0.7100290697674418 0.3863049095607235 0.7122093023255814 0.38931955211024977 0.714389534883721 0.39018087855297157 0.716812015503876 0.38931955211024977 0.7185077519379846 0.3858742463393626 0.7296511627906977 0.37639965546942294 0.7315891472868217 0.37295434969853575 0.7301356589147288 0.36649440137812234 0.7277131782945737 0.3617571059431524 0.7165697674418605 0.3613264427217916 0.7129360465116279 0.36304909560723514 0.7083333333333334 0.3742463393626184 0.7080910852713179 0.3772609819121447 0.7100290697674418 0.3863049095607235
1 0.49370155038759694 0.3285960378983635 0.4968507751937985 0.3303186907838071 0.5016957364341086 0.3298880275624462 0.502422480620155 0.3285960378983635 0.5046027131782945 0.31912144702842377 0.5038759689922481 0.31180017226528856 0.5021802325581396 0.3079242032730405 0.498546511627907 0.3036175710594315 0.4983042635658915 0.2997416020671835 0.4939437984496124 0.3053402239448751 0.49127906976744184 0.3126614987080103 0.4907945736434109 0.31998277347114557 0.49370155038759694 0.3285960378983635
1 0.5128391472868218 0.3548664944013781 0.5164728682170543 0.3565891472868217 0.5191375968992249 0.359603789836348 0.5215600775193798 0.3561584840654608 0.5218023255813954 0.34539190353143845 0.5191375968992249 0.3359173126614987 0.5111434108527132 0.3363479758828596 0.5087209302325582 0.3350559862187769 0.5067829457364341 0.3380706287683032 0.5050872093023256 0.3440999138673557 0.5053294573643411 0.3548664944013781 0.5128391472868218 0.3548664944013781
1 0.6792635658914729 0.7157622739018088 0.680232558139535 0.718776916451335 0.6768410852713179 0.7416020671834624 0.6765988372093023 0.748062015503876 0.6753875968992248 0.7540913006029285 0.6751453488372093 0.7652885443583117 0.6734496124031009 0.7756244616709732 0.6746608527131783 0.7924203273040482 0.6741763565891473 0.8074935400516795 0.6753875968992248 0.8143841515934539 0.6790213178294574 0.8165374677002584 0.6838662790697675 0.8118001722652886 0.690406976744186 0.8105081826012058 0.7240794573643411 0.8143841515934539 0.7335271317829458 0.8169681309216194 0.7381298449612403 0.8169681309216194 0.7395833333333334 0.8148148148148148 0.7412790697674418 0.8049095607235143 0.7434593023255814 0.7764857881136952 0.742248062015504 0.7674418604651163 0.7424903100775194 0.7411714039621017 0.7415213178294574 0.7360034453057709 0.7412790697674418 0.7265288544358312 0.742248062015504 0.7248062015503876 0.748062015503876 0.7226528854435832 0.7487887596899225 0.7200689061154177 0.747093023255814 0.7166236003445305 0.7449127906976746 0.7144702842377262 0.7381298449612403 0.7127476313522826 0.7340116279069768 0.7041343669250646 0.7306201550387598 0.7002583979328165 0.7238372093023256 0.6976744186046512 0.7126937984496124 0.6959517657192076 0.6908914728682171 0.6959517657192076 0.6887112403100775 0.6976744186046512 0.6843507751937985 0.7045650301464255 0.6778100775193799 0.7058570198105082 0.6744186046511629 0.7101636520241171 0.6753875968992248 0.7136089577950043 0.6792635658914729 0.7157622739018088
1 0.7107558139534883 0.5043066322136089 0.710998062015504 0.512489233419466 0.7126937984496124 0.5150732127476313 0.7170542635658914 0.5142118863049095 0.7189922480620156 0.5167958656330749 0.7206879844961241 0.5271317829457365 0.7240794573643411 0.5284237726098191 0.7272286821705427 0.5241171403962102 0.7315891472868217 0.524547803617571 0.7369186046511629 0.5219638242894057 0.7417635658914729 0.5215331610680448 0.7483042635658914 0.5228251507321274 0.750484496124031 0.524547803617571 0.7531492248062016 0.529285099052541 0.7555717054263567 0.5301464254952627 0.7584786821705427 0.5228251507321274 0.7589631782945737 0.5120585701981051 0.7577519379844962 0.49052540913006026 0.7538759689922481 0.4771748492678725 0.7483042635658914 0.4689922480620155 0.7378875968992248 0.46339362618432384 0.7245639534883721 0.46382428940568476 0.7204457364341086 0.4672695951765719 0.7124515503875969 0.4771748492678725 0.7100290697674418 0.4827734711455641 0.7100290697674418 0.5017226528854436 0.7107558139534883 0.5043066322136089
1 0.6170058139534883 0.34108527131782945 0.6199127906976744 0.3415159345391903 0.6317829457364341 0.3354866494401378 0.6317829457364341 0.3247200689061154 0.6305717054263567 0.32041343669250644 0.6266957364341086 0.3152454780361757 0.6233042635658914 0.3135228251507321 0.6184593023255814 0.313953488372093 0.6136143410852714 0.3165374677002584 0.6126453488372093 0.32041343669250644 0.6121608527131783 0.33161068044788977 0.6170058139534883 0.34108527131782945
1 0.3689437984496124 0.6507321274763135 0.36821705426356593 0.661498708010336 0.36603682170542634 0.6714039621016364 0.3655523255813954 0.6860465116279069 0.36385658914728686 0.6925064599483205 0.36361434108527135 0.6989664082687339 0.36409883720930236 0.7204995693367786 0.36627906976744184 0.7304048234280792 0.37233527131782945 0.7265288544358312 0.3747577519379845 0.7200689061154177 0.3861434108527132 0.7170542635658914 0.40140503875968997 0.7166236003445305 0.41424418604651164 0.7183462532299741 0.4166666666666667 0.7204995693367786 0.4169089147286822 0.7243755383290268 0.4193313953488373 0.7243755383290268 0.4217538759689923 0.7174849267872524 0.42151162790697677 0.7097329888027561 0.4236918604651163 0.6869078380706287 0.42393410852713176 0.664944013781223 0.4229651162790698 0.6472868217054263 0.4256298449612403 0.6442721791559001 0.42635658914728686 0.6416881998277347 0.42587209302325585 0.6395348837209303 0.4186046511627907 0.6365202411714039 0.41569767441860467 0.6291989664082687 0.4110949612403101 0.6236003445305771 0.4064922480620155 0.6223083548664944 0.3897771317829457 0.6227390180878553 0.38323643410852715 0.6236003445305771 0.37814922480620156 0.6261843238587425 0.37572674418604657 0.6300602928509905 0.372577519379845 0.6382428940568475 0.3665213178294574 0.6395348837209303 0.3645833333333333 0.6438415159345391 0.36579457364341084 0.6472868217054263 0.3689437984496124 0.6507321274763135
1 0.716812015503876 0.40482342807924204 0.7175387596899225 0.40783807062876826 0.7209302325581396 0.40869939707149006 0.7240794573643411 0.4125753660637382 0.74515503875969 0.4108527131782946 0.7453972868217055 0.39922480620155043 0.7446705426356589 0.3906115417743325 0.742248062015504 0.3832902670111973 0.7390988372093023 0.3789836347975883 0.7308624031007752 0.375968992248062 0.721172480620155 0.38372093023255816 0.7177810077519381 0.3880275624461671 0.716812015503876 0.3906115417743325 0.716812015503876 0.40482342807924204
1 0.7814922480620156 0.43324720068906114 0.783672480620155 0.4388458225667528 0.7848837209302326 0.45994832041343664 0.7865794573643412 0.46468561584840656 0.7899709302325582 0.46210163652024117 0.8015988372093023 0.46167097329888024 0.810562015503876 0.46640826873385016 0.8115310077519381 0.4560723514211886 0.8110465116279071 0.4427217915590009 0.8071705426356589 0.43195521102497847 0.8032945736434108 0.425495262704565 0.8006298449612403 0.42334194659776053 0.7957848837209303 0.42248062015503873 0.7846414728682171 0.42248062015503873 0.777374031007752 0.42506459948320413 0.7754360465116279 0.42850990525409133 0.7814922480620156 0.43324720068906114
2 0.14534883720930233 0.5676141257536607 0.1441375968992248 0.5753660637381567 0.14680232558139536 0.5809646856158485 0.14534883720930233 0.5887166236003445 0.14631782945736435 0.6024978466838932 0.14801356589147288 0.6059431524547804 0.15164728682170542 0.6068044788975021 0.1545542635658915 0.6059431524547804 0.15770348837209303 0.599052540913006 0.15818798449612406 0.5887166236003445 0.15988372093023256 0.5818260120585702 0.16012596899224807 0.5710594315245477 0.15818798449612406 0.5598621877691645 0.15479651162790697 0.5525409130060293 0.1509205426356589 0.5469422911283376 0.1489825581395349 0.5508182601205858 0.14728682170542637 0.562015503875969 0.14534883720930233 0.5676141257536607
2 0.5164728682170543 0.4836347975882859 0.5184108527131783 0.479328165374677 0.5232558139534884 0.4763135228251507 0.5244670542635659 0.4771748492678725 0.5259205426356589 0.4810508182601205 0.5259205426356589 0.4788975021533161 0.524951550387597 0.47760551248923344 0.5261627906976745 0.4763135228251507 0.5273740310077519 0.46425495262704564 0.5244670542635659 0.458656330749354 0.5239825581395349 0.45348837209302323 0.522044573643411 0.45176571920757963 0.5196220930232558 0.45348837209302323 0.5186531007751939 0.45736434108527135 0.5152616279069767 0.46210163652024117 0.5142926356589148 0.4659776055124892 0.5157461240310078 0.491817398794143 0.5164728682170543 0.4836347975882859
2 0.8018410852713179 0.8307493540051679 0.8011143410852714 0.8531438415159345 0.8001453488372093 0.8613264427217915 0.8001453488372093 0.8794142980189492 0.8059593023255814 0.9392764857881137 0.805717054263566 0.946597760551249 0.8006298449612403 0.9521963824289406 0.7999031007751939 0.9556416881998276 0.8015988372093023 0.9573643410852712 0.8074127906976746 0.9573643410852712 0.808624031007752 0.9629629629629629 0.8115310077519381 0.9646856158484065 0.8144379844961241 0.9633936261843239 0.8161337209302326 0.9603789836347976 0.8166182170542635 0.9573643410852712 0.8161337209302326 0.9483204134366926 0.8185562015503877 0.9323858742463393 0.8195251937984496 0.9117140396210163 0.8217054263565892 0.8957795004306632 0.8221899224806202 0.8738156761412575 0.8234011627906977 0.8664944013781223 0.8226744186046512 0.8484065460809647 0.8212209302325582 0.8406546080964686 0.8180717054263567 0.8333333333333334 0.8122577519379846 0.8251507321274764 0.8112887596899225 0.8173987941429801 0.8088662790697675 0.8105081826012058 0.80765503875969 0.8092161929371231 0.8035368217054264 0.8092161929371231 0.8001453488372093 0.8148148148148148 0.8001453488372093 0.8225667527993109 0.8018410852713179 0.8307493540051679
2 0.21875 0.6937984496124031 0.218265503875969 0.6998277347114557 0.21608527131782948 0.7088716623600345 0.21656976744186046 0.7235142118863048 0.2175387596899225 0.7278208440999139 0.22311046511627908 0.73557278208441 0.22553294573643412 0.7463393626184325 0.22747093023255816 0.7510766580534023 0.22843992248062014 0.7403100775193798 0.23352713178294576 0.7166236003445305 0.2357073643410853 0.6933677863910422 0.2374031007751938 0.6864771748492678 0.23716085271317833 0.6826012058570198 0.23522286821705427 0.6757105943152455 0.2296511627906977 0.6683893195521102 0.2294089147286822 0.6576227390180878 0.22747093023255816 0.6537467700258398 0.2235949612403101 0.6546080964685616 0.22214147286821706 0.6670973298880276 0.218265503875969 0.6787252368647718 0.2180232558139535 0.6864771748492678 0.21875 0.6937984496124031
2 0.45809108527131787 0.5021533161068045 0.46196705426356593 0.5111972437553833 0.46390503875968997 0.5129198966408269 0.470203488372093 0.5146425495262704 0.4714147286821706 0.5133505598621878 0.4738372093023256 0.4965546942291128 0.46947674418604657 0.4892334194659776 0.4689922480620155 0.48320413436692505 0.4675387596899225 0.4784668389319552 0.46608527131782945 0.4780361757105943 0.46366279069767447 0.4801894918173988 0.46220930232558144 0.48837209302325585 0.4585755813953489 0.49483204134366926 0.45784883720930236 0.4974160206718346 0.45809108527131787 0.5021533161068045
2 0.10537790697674419 0.7751937984496123 0.10416666666666667 0.7829457364341086 0.10562015503875968 0.7868217054263567 0.11070736434108529 0.7906976744186046 0.11773255813953488 0.8001722652885443 0.12257751937984497 0.8316106804478898 0.12863372093023256 0.8324720068906115 0.13250968992248063 0.8311800172265288 0.13372093023255816 0.82687338501292 0.13202519379844962 0.8247200689061154 0.1373546511627907 0.8225667527993109 0.1380813953488372 0.8208440999138673 0.13711240310077522 0.8173987941429801 0.13468992248062014 0.8139534883720929 0.13323643410852715 0.8087855297157622 0.13154069767441862 0.7902670111972436 0.1300872093023256 0.7863910422049957 0.124515503875969 0.7782084409991387 0.1187015503875969 0.7631352282515074 0.11627906976744187 0.7407407407407407 0.11482558139534885 0.7334194659776054 0.11288759689922481 0.7291128337639966 0.10876937984496125 0.7278208440999139 0.1061046511627907 0.7308354866494402 0.10537790697674419 0.7424633936261843 0.10247093023255814 0.7536606373815675 0.10247093023255814 0.7661498708010336 0.10537790697674419 0.7751937984496123
2 0.2063953488372093 0.6856158484065461 0.20663759689922484 0.6925064599483205 0.20784883720930233 0.6989664082687339 0.20736434108527135 0.7127476313522826 0.2054263565891473 0.7222222222222222 0.2061531007751938 0.7385874246339362 0.20663759689922484 0.7416020671834624 0.21002906976744187 0.7424633936261843 0.21245155038759692 0.7213608957795004 0.21438953488372092 0.7161929371231698 0.21560077519379847 0.7071490094745909 0.2175387596899225 0.7028423772609819 0.21850775193798452 0.6963824289405685 0.2189922480620155 0.6916451335055986 0.2180232558139535 0.6860465116279069 0.2180232558139535 0.6787252368647718 0.22165697674418605 0.6683893195521102 0.22262596899224807 0.6623600344530577 0.22238372093023256 0.6559000861326442 0.22044573643410853 0.6511627906976744 0.2175387596899225 0.6477174849267873 0.2170542635658915 0.6416881998277347 0.21560077519379847 0.6369509043927649 0.21342054263565893 0.6339362618432385 0.2114825581395349 0.6339362618432385 0.21002906976744187 0.6343669250645995 0.20930232558139536 0.6365202411714039 0.20906007751937986 0.6490094745908699 0.2054263565891473 0.6541774332472007 0.20348837209302328 0.661498708010336 0.20300387596899225 0.6688199827734712 0.2063953488372093 0.6856158484065461
2 0.20784883720930233 0.6343669250645995 0.20978682170542637 0.6360895779500431 0.21390503875968994 0.6352282515073213 0.21584302325581395 0.6386735572782085 0.2175387596899225 0.6477174849267873 0.22068798449612406 0.6503014642549526 0.2240794573643411 0.6507321274763135 0.22456395348837213 0.6451335055986219 0.22262596899224807 0.6291989664082687 0.22383720930232562 0.6167097329888028 0.22117248062015504 0.6080964685615848 0.22068798449612406 0.6024978466838932 0.2189922480620155 0.5986218776916451 0.21632751937984498 0.5977605512489234 0.21342054263565893 0.6024978466838932 0.2117248062015504 0.6089577950043066 0.20687984496124032 0.6167097329888028 0.20591085271317833 0.6223083548664944 0.20591085271317833 0.6300602928509905 0.20784883720930233 0.6343669250645995
2 0.48788759689922484 0.4198966408268734 0.4922480620155039 0.4194659776055125 0.4941860465116279 0.4160206718346253 0.49515503875968997 0.4099913867355728 0.49127906976744184 0.39319552110249784 0.48788759689922484 0.3987941429801895 0.4861918604651163 0.40482342807924204 0.4861918604651163 0.4125753660637382 0.48788759689922484 0.4198966408268734
2 0.48788759689922484 0.4384151593453919 0.4900678294573644 0.4453057708871662 0.49127906976744184 0.4474590869939707 0.49467054263565896 0.4470284237726098 0.499031007751938 0.43626184323858747 0.49951550387596905 0.42980189491817394 0.498546511627907 0.42420327304048233 0.4958817829457364 0.4168819982773471 0.4941860465116279 0.4151593453919035 0.49103682170542634 0.4168819982773471 0.48764534883720934 0.42506459948320413 0.4871608527131783 0.42894056847545214 0.48788759689922484 0.4384151593453919
2 0.5012112403100776 0.42937123169681307 0.5048449612403101 0.43281653746770027 0.5087209302325582 0.43238587424633934 0.5094476744186047 0.4220499569336779 0.5089631782945736 0.4147286821705426 0.5072674418604651 0.41214470284237725 0.5053294573643411 0.40568475452196384 0.501937984496124 0.40611541774332466 0.5012112403100776 0.409130060292851 0.5 0.4181739879414298 0.5012112403100776 0.42937123169681307
2 0.34593023255813954 0.5012919896640826 0.34544573643410853 0.5167958656330749 0.34689922480620156 0.5258397932816538 0.3483527131782946 0.5275624461670974 0.3505329457364341 0.5275624461670974 0.35247093023255816 0.5262704565030146 0.3539244186046511 0.4870801033591731 0.35295542635658916 0.47502153316106804 0.35150193798449614 0.4672695951765719 0.34907945736434115 0.46468561584840656 0.3481104651162791 0.46554694229112836 0.3461724806201551 0.4702842377260982 0.3449612403100775 0.4763135228251507 0.34447674418604657 0.48880275624461667 0.34593023255813954 0.5012919896640826
0 0.41787790697674426 0.8247200689061154 0.4217538759689923 0.8285960378983636 0.42514534883720934 0.82687338501292 0.42587209302325585 0.8217054263565892 0.4253875968992248 0.8066322136089578 0.4232073643410853 0.8027562446167097 0.4217538759689923 0.797157622739018 0.42005813953488375 0.7980189491817399 0.4171511627906977 0.8036175710594315 0.4169089147286822 0.8130921619293713 0.41787790697674426 0.8247200689061154
0 0.20058139534883723 0.999569336778639 0.24467054263565893 0.999569336778639 0.24491279069767444 0.9978466838931955 0.24781976744186046 0.9965546942291128 0.25775193798449614 0.995693367786391 0.27955426356589147 0.9961240310077519 0.282703488372093 0.9978466838931955 0.28294573643410853 0.999569336778639 0.30377906976744184 0.999569336778639 0.30377906976744184 0.9982773471145564 0.30499031007751937 0.9974160206718345 0.3175872093023256 0.9961240310077519 0.3209786821705427 0.9944013781223083 0.3243701550387597 0.995693367786391 0.3282461240310078 0.9948320413436692 0.33139534883720934 0.9969853574504738 0.3381782945736434 0.9965546942291128 0.340358527131783 0.9978466838931955 0.34060077519379844 0.999569336778639 0.3435077519379845 0.999569336778639 0.34375 0.9978466838931955 0.34786821705426363 0.9961240310077519 0.36385658914728686 0.9961240310077519 0.3703972868217054 0.9978466838931955 0.3706395348837209 0.999569336778639 0.41182170542635665 0.999569336778639 0.4130329457364341 0.9948320413436692 0.4132751937984497 0.9888027562446168 0.4132751937984497 0.962532299741602 0.41448643410852715 0.9470284237726098 0.41400193798449614 0.9328165374677003 0.4147286821705427 0.9198966408268733 0.4132751937984497 0.8957795004306632 0.4132751937984497 0.8522825150732127 0.4120639534883721 0.8281653746770026 0.4108527131782946 0.8191214470284237 0.4113372093023256 0.810077519379845 0.4106104651162791 0.8027562446167097 0.41400193798449614 0.7932816537467701 0.41375968992248063 0.7898363479758829 0.4113372093023256 0.7868217054263567 0.40964147286821706 0.7799310938845823 0.4089147286821706 0.7454780361757106 0.40818798449612403 0.7394487510766581 0.404796511627907 0.7360034453057709 0.40116279069767447 0.7342807924203273 0.39510658914728686 0.73557278208441 0.3776647286821706 0.735142118863049 0.3461724806201551 0.7372954349698536 0.3183139534883721 0.7368647717484926 0.30765503875968997 0.7398794142980188 0.29069767441860467 0.7403100775193798 0.2824612403100775 0.7446167097329889 0.27834302325581395 0.751937984496124 0.27398255813953487 0.7661498708010336 0.27180232558139533 0.7704565030146425 0.26986434108527135 0.7799310938845823 0.2684108527131783 0.7825150732127476 0.2659883720930233 0.7919896640826872 0.2621124031007752 0.8006029285099052 0.25339147286821706 0.8337639965546942 0.25 0.8406546080964686 0.24588178294573645 0.8548664944013781 0.24079457364341086 0.8673557278208441 0.23909883720930233 0.8751076658053402 0.2301356589147287 0.9013781223083548 0.22529069767441864 0.9190353143841515 0.2194767441860465 0.9362618432385874 0.2170542635658915 0.9409991386735572 0.20784883720930233 0.9728682170542635 0.20130813953488375 0.9905254091300604 0.2003391472868217 0.9939707149009473 0.20058139534883723 0.999569336778639
0 0.402374031007752 0.46382428940568476 0.40310077519379844 0.4737295434969853 0.403827519379845 0.4754521963824289 0.41448643410852715 0.4827734711455641 0.4210271317829457 0.4784668389319552 0.4319282945736434 0.47674418604651164 0.4435562015503876 0.4784668389319552 0.4496124031007752 0.4754521963824289 0.46002906976744184 0.45650301464254955 0.46366279069767447 0.4401378122308355 0.4641472868217054 0.4074074074074074 0.4651162790697675 0.39922480620155043 0.46245155038759694 0.3914728682170543 0.46172480620155043 0.37941429801894916 0.4605135658914729 0.37295434969853575 0.4544573643410853 0.37467700258397935 0.4498546511627907 0.3725236864771748 0.438953488372093 0.37209302325581395 0.4290213178294574 0.3751076658053402 0.42248062015503873 0.37941429801894916 0.41545542635658916 0.38845822566752797 0.40625 0.3970714900947459 0.4040697674418605 0.40396210163652024 0.4026162790697675 0.4272179155900086 0.40310077519379844 0.4509043927648579 0.402374031007752 0.46382428940568476
3 0.49467054263565896 0.35745047372954347 0.496124031007752 0.3570198105081826 0.4978197674418605 0.35271317829457366 0.49733527131782945 0.34366925064599485 0.4963662790697675 0.3406546080964685 0.49467054263565896 0.3393626184323859 0.49321705426356593 0.3440999138673557 0.49321705426356593 0.35314384151593453 0.49467054263565896 0.35745047372954347
3 0.8204941860465117 0.7011197243755383 0.8238856589147288 0.723083548664944 0.8263081395348837 0.727390180878553 0.8265503875968994 0.7342807924203273 0.8275193798449613 0.7377260981912145 0.8282461240310078 0.7385874246339362 0.8343023255813954 0.7329888027562447 0.83890503875969 0.7312661498708011 0.8396317829457365 0.7239448751076658 0.836482558139535 0.7101636520241171 0.8355135658914729 0.6959517657192076 0.8333333333333334 0.6869078380706287 0.8333333333333334 0.6851851851851852 0.8350290697674418 0.6821705426356589 0.8345445736434108 0.6791559000861327 0.8287306201550387 0.67312661498708 0.8243701550387598 0.673557278208441 0.8202519379844962 0.6791559000861327 0.8173449612403102 0.6933677863910422 0.8204941860465117 0.7011197243755383
3 0.4631782945736434 0.5443583118001722 0.466812015503876 0.5439276485788114 0.47044573643410853 0.5357450473729544 0.47093023255813954 0.5262704565030146 0.47238372093023256 0.5185185185185185 0.47214147286821706 0.5129198966408269 0.47068798449612403 0.5103359173126615 0.466327519379845 0.5120585701981051 0.46196705426356593 0.5103359173126615 0.4602713178294574 0.508182601205857 0.4595445736434109 0.512489233419466 0.4590600775193799 0.5331610680447889 0.4631782945736434 0.5443583118001722
3 0.5026647286821706 0.4496124031007752 0.5053294573643411 0.4513350559862188 0.5075096899224806 0.4465977605512489 0.5084786821705427 0.4418604651162791 0.5087209302325582 0.43152454780361754 0.5062984496124031 0.42850990525409133 0.501937984496124 0.42850990525409133 0.5007267441860466 0.43367786391042207 0.500968992248062 0.4453057708871662 0.5026647286821706 0.4496124031007752
3 0.5162306201550388 0.4978466838931955 0.5176841085271319 0.5 0.5191375968992249 0.5051679586563308 0.5225290697674418 0.5047372954349698 0.5239825581395349 0.5 0.5259205426356589 0.4974160206718346 0.5266472868217055 0.4935400516795866 0.5259205426356589 0.4763135228251507 0.5227713178294574 0.4741602067183463 0.5179263565891473 0.4754521963824289 0.5167151162790697 0.47760551248923344 0.5155038759689923 0.48664944013781225 0.5152616279069767 0.4944013781223084 0.5162306201550388 0.4978466838931955
3 0.4903100775193799 0.45650301464254955 0.49127906976744184 0.458656330749354 0.4956395348837209 0.45822566752799315 0.49733527131782945 0.45262704565030143 0.4968507751937985 0.4392764857881137 0.4953972868217054 0.437984496124031 0.49103682170542634 0.437984496124031 0.48934108527131787 0.4405684754521964 0.48909883720930236 0.4500430663221361 0.4903100775193799 0.45650301464254955