8 0.34453125 0.2722222222222222 0.35781250000000003 0.2708333333333333 0.35625 0.25555555555555554 0.353125 0.25 0.34375 0.2486111111111111 0.34218750000000003 0.26249999999999996 0.34453125 0.2722222222222222
8 0.39687500000000003 0.5375 0.40468750000000003 0.5402777777777777 0.43671875000000004 0.5361111111111111 0.43828125 0.5097222222222222 0.434375 0.4777777777777778 0.42812500000000003 0.4513888888888889 0.41953125 0.4305555555555556 0.4140625 0.425 0.3984375 0.425 0.390625 0.4263888888888889 0.38593750000000004 0.4333333333333333 0.38515625000000003 0.4916666666666667 0.39687500000000003 0.5375
8 0.30546875 0.3097222222222222 0.32109375 0.3069444444444444 0.3203125 0.2861111111111111 0.31640625 0.27499999999999997 0.30703125000000003 0.2736111111111111 0.30390625000000004 0.2805555555555555 0.30312500000000003 0.3041666666666667 0.30546875 0.3097222222222222
8 0.3765625 0.4347222222222222 0.3796875 0.4388888888888889 0.38671875 0.4263888888888889 0.40390625 0.4222222222222222 0.40546875000000004 0.4027777777777778 0.40234375 0.3930555555555555 0.40156250000000004 0.3680555555555556 0.3984375 0.3597222222222222 0.39140625 0.35138888888888886 0.37421875000000004 0.35138888888888886 0.37109375 0.35555555555555557 0.37109375 0.3972222222222222 0.3765625 0.4347222222222222
1 0.2828125 0.2986111111111111 0.28437500000000004 0.2944444444444444 0.2828125 0.2805555555555555 0.27968750000000003 0.27638888888888885 0.27109375 0.2777777777777778 0.26953125000000006 0.2833333333333333 0.26875000000000004 0.2972222222222222 0.2828125 0.2986111111111111
1 0.2515625 0.2486111111111111 0.24921875000000002 0.2361111111111111 0.24296875 0.2361111111111111 0.24140625000000002 0.2486111111111111 0.2515625 0.2486111111111111
1 0.34296875000000004 0.24305555555555555 0.33906250000000004 0.23194444444444445 0.33125000000000004 0.23194444444444445 0.33125000000000004 0.24305555555555555 0.34296875000000004 0.24305555555555555
1 0.27421875 0.2236111111111111 0.27187500000000003 0.2111111111111111 0.26875000000000004 0.2097222222222222 0.26562500000000006 0.2152777777777778 0.26640625 0.225 0.27421875 0.2236111111111111
1 0.36562500000000003 0.3180555555555556 0.3828125 0.31666666666666665 0.3828125 0.30277777777777776 0.37734375000000003 0.28888888888888886 0.36875 0.2875 0.36640625000000004 0.2916666666666667 0.36328125 0.30277777777777776 0.36562500000000003 0.3180555555555556
1 0.8656250000000001 0.9930555555555556 0.8695312500000001 0.998611111111111 0.96640625 0.998611111111111 0.99921875 0.9944444444444444 0.99921875 0.9652777777777778 0.925 0.8930555555555556 0.90390625 0.8958333333333334 0.890625 0.9027777777777778 0.8851562500000001 0.9166666666666666 0.87109375 0.9263888888888888 0.86484375 0.9611111111111111 0.8640625000000001 0.9833333333333334 0.8656250000000001 0.9930555555555556
1 0.30000000000000004 0.24444444444444444 0.30625 0.24305555555555555 0.30625 0.22777777777777775 0.29921875000000003 0.225 0.29765625 0.2347222222222222 0.30000000000000004 0.24444444444444444
1 0.34218750000000003 0.7458333333333333 0.37343750000000003 0.7472222222222222 0.3953125 0.7374999999999999 0.3984375 0.7125 0.3921875 0.6749999999999999 0.39765625000000004 0.6652777777777777 0.38984375000000004 0.6583333333333333 0.3765625 0.6138888888888888 0.3609375 0.6097222222222222 0.34375 0.6152777777777778 0.33437500000000003 0.6541666666666666 0.3328125 0.6777777777777778 0.34218750000000003 0.7458333333333333
1 0.33125000000000004 0.5388888888888889 0.33906250000000004 0.5333333333333333 0.3375 0.5319444444444444 0.33125000000000004 0.5347222222222222 0.33125000000000004 0.5388888888888889
1 0.40156250000000004 0.2986111111111111 0.40156250000000004 0.2875 0.39687500000000003 0.2777777777777778 0.38593750000000004 0.2791666666666667 0.38671875 0.2986111111111111 0.40156250000000004 0.2986111111111111
1 0.21640625000000002 0.325 0.2171875 0.3097222222222222 0.21250000000000002 0.3 0.20390625 0.3 0.19843750000000002 0.3055555555555556 0.19921875 0.3263888888888889 0.21640625000000002 0.325
1 0.21953125 0.3638888888888889 0.240625 0.3625 0.24140625000000002 0.3458333333333333 0.23828125 0.3333333333333333 0.22265625 0.33194444444444443 0.21796875000000002 0.3402777777777778 0.2171875 0.35555555555555557 0.21953125 0.3638888888888889
1 0.3171875 0.4041666666666667 0.328125 0.3902777777777778 0.340625 0.38611111111111107 0.33828125000000003 0.3708333333333333 0.33359375 0.3611111111111111 0.31796875 0.3597222222222222 0.3125 0.3722222222222222 0.3125 0.39444444444444443 0.3171875 0.4041666666666667
8 0.5078125000000001 0.4791666666666667 0.52109375 0.49027777777777776 0.5257812500000001 0.5055555555555555 0.5609375000000001 0.5027777777777778 0.5625000000000001 0.4819444444444444 0.5570312500000001 0.4555555555555555 0.5429687500000001 0.4319444444444444 0.5296875000000001 0.4194444444444444 0.5109375 0.4222222222222222 0.5062500000000001 0.44166666666666665 0.50546875 0.46249999999999997 0.5078125000000001 0.4791666666666667
1 0.32578125 0.24444444444444444 0.32343750000000004 0.23055555555555554 0.31640625 0.23194444444444445 0.3171875 0.24583333333333335 0.32578125 0.24444444444444444
1 0.26953125000000006 0.25 0.2671875 0.2375 0.259375 0.2375 0.259375 0.2513888888888889 0.26953125000000006 0.25
1 0.33515625000000004 0.3125 0.3515625 0.3111111111111111 0.3515625 0.2986111111111111 0.34687500000000004 0.2847222222222222 0.33906250000000004 0.28194444444444444 0.3359375 0.2875 0.33359375 0.29305555555555557 0.33515625000000004 0.3125
1 0.31015625 0.27499999999999997 0.31796875 0.2791666666666667 0.3140625 0.2611111111111111 0.30312500000000003 0.26249999999999996 0.30312500000000003 0.28194444444444444 0.31015625 0.27499999999999997
1 0.32734375000000004 0.29027777777777775 0.33437500000000003 0.2944444444444444 0.340625 0.28194444444444444 0.3359375 0.2722222222222222 0.33046875000000003 0.2722222222222222 0.32734375000000004 0.2777777777777778 0.32734375000000004 0.29027777777777775
1 0.23515625 0.28194444444444444 0.23359375000000002 0.26666666666666666 0.2234375 0.2638888888888889 0.21953125 0.26805555555555555 0.22031250000000002 0.2861111111111111 0.23515625 0.28194444444444444
1 0.43671875000000004 0.6333333333333333 0.43984375000000003 0.6527777777777778 0.45078125 0.6583333333333333 0.47734375 0.6555555555555556 0.48828125 0.65 0.4890625 0.6222222222222222 0.48125 0.5944444444444444 0.48281250000000003 0.5847222222222223 0.46718750000000003 0.5527777777777777 0.4390625 0.5499999999999999 0.42890625000000004 0.5555555555555556 0.4265625 0.561111111111111 0.42500000000000004 0.598611111111111 0.43671875000000004 0.6333333333333333
1 0.36796875 0.27499999999999997 0.37031250000000004 0.2791666666666667 0.37890625 0.2791666666666667 0.38203125000000004 0.27499999999999997 0.37890625 0.26249999999999996 0.37109375 0.25972222222222224 0.36796875 0.2652777777777778 0.36796875 0.27499999999999997
1 0.25546875 0.23333333333333334 0.25390625000000006 0.225 0.2484375 0.225 0.246875 0.23333333333333334 0.25546875 0.23333333333333334
1 0.26484375000000004 0.26805555555555555 0.259375 0.25416666666666665 0.2515625 0.2569444444444444 0.2515625 0.2722222222222222 0.26484375000000004 0.26805555555555555
1 0.33515625000000004 0.26944444444444443 0.33515625000000004 0.25416666666666665 0.33125000000000004 0.25 0.32343750000000004 0.25416666666666665 0.32421875 0.26944444444444443 0.33515625000000004 0.26944444444444443
1 0.27109375 0.2583333333333333 0.2828125 0.25972222222222224 0.28203125 0.24444444444444444 0.27578125000000003 0.24305555555555555 0.27109375 0.2513888888888889 0.27109375 0.2583333333333333
1 0.33437500000000003 0.3527777777777778 0.33515625000000004 0.33749999999999997 0.33125000000000004 0.3222222222222222 0.31953125000000004 0.3208333333333333 0.31562500000000004 0.3277777777777778 0.31484375000000003 0.35138888888888886 0.33437500000000003 0.3527777777777778
1 0.31484375000000003 0.26249999999999996 0.3140625 0.25555555555555554 0.30703125000000003 0.24583333333333335 0.3015625 0.2513888888888889 0.30312500000000003 0.26666666666666666 0.31484375000000003 0.26249999999999996
1 0.36484375 0.5111111111111111 0.3609375 0.5097222222222222 0.35781250000000003 0.5111111111111111 0.36484375 0.5111111111111111
1 0.32421875 0.48055555555555557 0.325 0.4777777777777778 0.32421875 0.4736111111111111 0.32421875 0.48055555555555557
1 0.32421875 0.44861111111111107 0.35234375 0.44861111111111107 0.35546875 0.4444444444444444 0.35468750000000004 0.41388888888888886 0.3453125 0.3902777777777778 0.32656250000000003 0.39166666666666666 0.32109375 0.4041666666666667 0.3203125 0.41805555555555557 0.32421875 0.44861111111111107
1 0.25234375000000003 0.3055555555555556 0.25234375000000003 0.2944444444444444 0.2484375 0.2847222222222222 0.23671875 0.2861111111111111 0.23593750000000002 0.3069444444444444 0.25234375000000003 0.3055555555555556
5 0.0692796875 0.7458333333333333 0.0747484375 0.7555555555555555 0.13724843750000001 0.7416666666666666 0.1403734375 0.7374999999999999 0.14115468750000001 0.7152777777777778 0.14974843750000003 0.6902777777777778 0.15756093750000003 0.6777777777777778 0.15834218749999998 0.6555555555555556 0.15599843750000003 0.6416666666666666 0.15052968749999998 0.6333333333333333 0.0942796875 0.6416666666666666 0.08412343750000001 0.6597222222222222 0.07162343750000001 0.7013888888888888 0.0692796875 0.7097222222222221 0.0692796875 0.7458333333333333
1 0.36250000000000004 0.3833333333333333 0.36953125000000003 0.3819444444444444 0.37031250000000004 0.3569444444444444 0.37890625 0.3486111111111111 0.37812500000000004 0.3444444444444444 0.36640625000000004 0.3388888888888889 0.35859375000000004 0.3486111111111111 0.359375 0.37916666666666665 0.36250000000000004 0.3833333333333333
1 0.31015625 0.24166666666666664 0.3140625 0.24027777777777778 0.3140625 0.2263888888888889 0.30781250000000004 0.22777777777777775 0.30781250000000004 0.2375 0.31015625 0.24166666666666664
1 0.88203125 0.3041666666666667 0.8914062500000001 0.3055555555555556 0.89609375 0.3 0.90546875 0.3 0.9125000000000001 0.3111111111111111 0.9234375 0.3125 0.93515625 0.29583333333333334 0.94296875 0.3013888888888889 0.94921875 0.2944444444444444 0.9640625 0.2944444444444444 0.9710937500000001 0.3041666666666667 0.978125 0.30277777777777776 0.9859375 0.2777777777777778 0.9867187500000001 0.25555555555555554 0.9796875 0.2375 0.9734375000000001 0.23055555555555554 0.9437500000000001 0.225 0.91796875 0.23333333333333334 0.9015625 0.25 0.8796875000000001 0.2569444444444444 0.875 0.2652777777777778 0.87265625 0.2916666666666667 0.88203125 0.3041666666666667
1 0.35859375000000004 0.30277777777777776 0.36250000000000004 0.30277777777777776 0.36562500000000003 0.2916666666666667 0.37031250000000004 0.2861111111111111 0.36250000000000004 0.27499999999999997 0.35546875 0.2805555555555555 0.35468750000000004 0.2944444444444444 0.35859375000000004 0.30277777777777776
4 0.328125 0.5291666666666667 0.33437500000000003 0.5263888888888889 0.340625 0.5138888888888888 0.36562500000000003 0.5125000000000001 0.36562500000000003 0.4958333333333333 0.36250000000000004 0.4833333333333333 0.36484375 0.47638888888888886 0.359375 0.4694444444444444 0.35546875 0.4513888888888889 0.328125 0.45 0.32421875 0.45416666666666666 0.32421875 0.5013888888888889 0.328125 0.5291666666666667
1 0.39453125 0.35138888888888886 0.40234375 0.3638888888888889 0.41171875 0.3611111111111111 0.41171875 0.35 0.40625 0.3333333333333333 0.39296875000000003 0.32916666666666666 0.38671875 0.33749999999999997 0.38593750000000004 0.3486111111111111 0.39453125 0.35138888888888886
1 0.38203125000000004 0.8875 0.3875 0.9277777777777778 0.38828125 0.9597222222222221 0.3921875 0.9722222222222222 0.40703125 0.9833333333333334 0.42265625 0.9833333333333334 0.44609375 0.9777777777777777 0.46015625000000004 0.9680555555555556 0.46406250000000004 0.9611111111111111 0.46640625 0.9472222222222222 0.46328125000000003 0.8958333333333334 0.45625000000000004 0.8624999999999999 0.46171875 0.8430555555555556 0.45234375000000004 0.8388888888888888 0.43281250000000004 0.7680555555555556 0.4234375 0.7569444444444444 0.4078125 0.7555555555555555 0.38359375 0.7638888888888888 0.37578125 0.7763888888888888 0.3765625 0.8666666666666666 0.38203125000000004 0.8875
1 0.35546875 0.25277777777777777 0.36171875000000003 0.2472222222222222 0.35859375000000004 0.2388888888888889 0.35000000000000003 0.2388888888888889 0.35000000000000003 0.24583333333333335 0.35546875 0.25277777777777777
1 0.42265625 0.4222222222222222 0.44921875 0.4222222222222222 0.44921875 0.4055555555555555 0.43984375000000003 0.3819444444444444 0.43515625 0.37777777777777777 0.42265625 0.37777777777777777 0.41640625000000003 0.3833333333333333 0.41484375 0.4083333333333333 0.42265625 0.4222222222222222
1 0.36171875000000003 0.2638888888888889 0.36953125000000003 0.26249999999999996 0.37109375 0.2583333333333333 0.37031250000000004 0.25 0.3671875 0.2472222222222222 0.36171875000000003 0.24583333333333335 0.35859375000000004 0.25 0.35859375000000004 0.25972222222222224 0.36171875000000003 0.2638888888888889
5 0.4078125 0.3337208333333333 0.42500000000000004 0.3337208333333333 0.42500000000000004 0.3184430555555555 0.41953125 0.30872083333333333 0.41015625 0.3059430555555555 0.40390625 0.3128875 0.40390625 0.3253875 0.4078125 0.3337208333333333
1 0.3671875 0.7166666666666666 0.36562500000000003 0.7138888888888888 0.36250000000000004 0.7166666666666666 0.3671875 0.7166666666666666
1 0.33359375 0.6263888888888888 0.33906250000000004 0.6263888888888888 0.34609375000000003 0.6138888888888888 0.3515625 0.6111111111111112 0.36875 0.6111111111111112 0.37578125 0.6194444444444444 0.38125000000000003 0.6152777777777778 0.38203125000000004 0.5958333333333333 0.37734375000000003 0.5666666666666667 0.38046875 0.5569444444444445 0.37421875000000004 0.5472222222222222 0.36484375 0.5180555555555555 0.359375 0.5138888888888888 0.33984375 0.5138888888888888 0.328125 0.5458333333333333 0.328125 0.5902777777777778 0.33359375 0.6263888888888888
4 0.45156250000000003 0.3986111111111111 0.4625 0.3930555555555555 0.47500000000000003 0.3958333333333333 0.47421875 0.3722222222222222 0.46640625 0.35555555555555557 0.44609375 0.35138888888888886 0.4421875 0.3569444444444444 0.44140625 0.3819444444444444 0.45156250000000003 0.3986111111111111
2 0.7859375000000001 0.39999999999999997 0.7898437500000001 0.39999999999999997 0.7875000000000001 0.3888888888888889 0.790625 0.3763888888888889 0.7898437500000001 0.3638888888888889 0.7875000000000001 0.3583333333333333 0.7835937500000001 0.3638888888888889 0.7828125 0.3888888888888889 0.7859375000000001 0.39999999999999997
2 0.8109375000000001 0.3986111111111111 0.80859375 0.39444444444444443 0.81171875 0.3902777777777778 0.8109375000000001 0.3722222222222222 0.8070312500000001 0.3638888888888889 0.8031250000000001 0.3666666666666667 0.8015625000000001 0.3930555555555555 0.8109375000000001 0.3986111111111111
4 0.5390625000000001 0.661111111111111 0.5468750000000001 0.661111111111111 0.56015625 0.6888888888888888 0.5625000000000001 0.7125 0.5671875000000001 0.723611111111111 0.5710937500000001 0.725 0.57734375 0.7152777777777778 0.6171875 0.7166666666666666 0.6234375000000001 0.7083333333333334 0.6265625 0.6958333333333333 0.6257812500000001 0.6819444444444444 0.62265625 0.6666666666666666 0.6125 0.6416666666666666 0.61328125 0.6291666666666667 0.60859375 0.6277777777777778 0.59140625 0.5916666666666667 0.57734375 0.5847222222222223 0.571875 0.5763888888888888 0.5421875 0.5763888888888888 0.53046875 0.5819444444444444 0.534375 0.6527777777777778 0.5390625000000001 0.661111111111111
4 0.18828125 0.44027777777777777 0.19921875 0.4347222222222222 0.21796875000000002 0.4361111111111111 0.22187500000000002 0.4222222222222222 0.22109375 0.3930555555555555 0.21875 0.3888888888888889 0.21250000000000002 0.3833333333333333 0.19609375 0.3833333333333333 0.1875 0.3972222222222222 0.184375 0.4263888888888889 0.18828125 0.44027777777777777
4 0.146875 0.4111111111111111 0.15781250000000002 0.4041666666666667 0.16875 0.4041666666666667 0.17500000000000002 0.4097222222222222 0.18203125 0.3972222222222222 0.18203125 0.3708333333333333 0.171875 0.3597222222222222 0.15390625000000002 0.3611111111111111 0.14375000000000002 0.3833333333333333 0.14296875 0.3930555555555555 0.146875 0.4111111111111111
0 0.55234375 0.9791666666666666 0.55390625 0.9874999999999999 0.56171875 0.998611111111111 0.734375 0.998611111111111 0.73359375 0.9861111111111112 0.7203125 0.9291666666666666 0.634375 0.7666666666666666 0.6195312500000001 0.7652777777777777 0.59375 0.7708333333333334 0.55625 0.786111111111111 0.5515625000000001 0.8013888888888888 0.5492187500000001 0.8444444444444444 0.5484375 0.911111111111111 0.55234375 0.9791666666666666