8 0.6197916666666666 0.4982638888888889 0.6263020833333334 0.5017361111111112 0.6276041666666666 0.5017361111111112 0.6284722222222222 0.5002893518518519 0.6293402777777778 0.4809027777777778 0.6304253472222222 0.4765625 0.6321614583333334 0.4739583333333333 0.6365017361111112 0.4710648148148148 0.6404079861111112 0.4699074074074074 0.6475694444444444 0.4704861111111111 0.6460503472222222 0.4696180555555556 0.6458333333333334 0.4670138888888889 0.642578125 0.4652777777777778 0.6410590277777778 0.4620949074074074 0.6391059027777778 0.4603587962962963 0.6321614583333334 0.4597800925925926 0.6302083333333334 0.46064814814814814 0.6271701388888888 0.4592013888888889 0.6226128472222222 0.4597800925925926 0.6182725694444444 0.4696180555555556 0.6180555555555556 0.4771412037037037 0.6197916666666666 0.4982638888888889
8 0.4934895833333333 0.6739004629629629 0.4947916666666667 0.6759259259259259 0.5308159722222222 0.6788194444444444 0.5483940972222222 0.6788194444444444 0.5538194444444444 0.6805555555555556 0.5555555555555556 0.6799768518518519 0.5570746527777778 0.6779513888888888 0.5570746527777778 0.6629050925925926 0.5577256944444444 0.6579861111111112 0.5629340277777778 0.6472800925925926 0.5653211805555556 0.6336805555555556 0.5646701388888888 0.5995370370370371 0.56640625 0.5957754629629629 0.5718315972222222 0.5920138888888888 0.5718315972222222 0.5882523148148148 0.564453125 0.5865162037037037 0.5609809027777778 0.5737847222222222 0.5588107638888888 0.5700231481481481 0.5542534722222222 0.5665509259259259 0.5388454861111112 0.5642361111111112 0.521484375 0.5645254629629629 0.5154079861111112 0.5665509259259259 0.51171875 0.5703125 0.5 0.5931712962962963 0.4950086805555556 0.6166087962962963 0.4930555555555556 0.6385995370370371 0.4928385416666667 0.6701388888888888 0.4934895833333333 0.6739004629629629
8 0.6265190972222222 0.4982638888888889 0.6293402777777778 0.5043402777777778 0.6302083333333334 0.5124421296296297 0.6328125 0.5190972222222222 0.63671875 0.5225694444444444 0.6408420138888888 0.5217013888888888 0.6462673611111112 0.5083912037037037 0.650390625 0.5043402777777778 0.6538628472222222 0.5034722222222222 0.6616753472222222 0.5034722222222222 0.6642795138888888 0.4991319444444444 0.6638454861111112 0.4913194444444444 0.6608072916666666 0.48119212962962965 0.6551649305555556 0.47337962962962965 0.6475694444444444 0.46846064814814814 0.6414930555555556 0.46846064814814814 0.6336805555555556 0.47077546296296297 0.6299913194444444 0.4765625 0.6284722222222222 0.48148148148148145 0.6282552083333334 0.49189814814814814 0.6265190972222222 0.4982638888888889
1 0.5946180555555556 0.46730324074074076 0.5965711805555556 0.4742476851851852 0.5983072916666666 0.4774305555555556 0.6024305555555556 0.4777199074074074 0.6059027777777778 0.4754050925925926 0.6121961805555556 0.47685185185185186 0.6165364583333334 0.47685185185185186 0.6184895833333334 0.47453703703703703 0.6204427083333334 0.4661458333333333 0.623046875 0.46238425925925924 0.6263020833333334 0.4600694444444444 0.6265190972222222 0.4565972222222222 0.6239149305555556 0.4525462962962963 0.6200086805555556 0.45023148148148145 0.6128472222222222 0.4479166666666667 0.6080729166666666 0.4479166666666667 0.6024305555555556 0.4496527777777778 0.6000434027777778 0.4542824074074074 0.5954861111111112 0.4597800925925926 0.5954861111111112 0.46383101851851855 0.5946180555555556 0.46730324074074076
1 0.7510850694444444 0.5951967592592593 0.7517361111111112 0.5966435185185185 0.7560763888888888 0.5975115740740741 0.7601996527777778 0.6035879629629629 0.76171875 0.6096643518518519 0.7634548611111112 0.6102430555555556 0.7795138888888888 0.6105324074074074 0.7834201388888888 0.5978009259259259 0.7847222222222222 0.5885416666666666 0.7868923611111112 0.5844907407407407 0.7888454861111112 0.5821759259259259 0.7990451388888888 0.5792824074074074 0.8009982638888888 0.5778356481481481 0.8005642361111112 0.5749421296296297 0.7983940972222222 0.5714699074074074 0.7955729166666666 0.5642361111111112 0.7916666666666666 0.5598958333333334 0.7860243055555556 0.5572916666666666 0.7782118055555556 0.5561342592592593 0.7688802083333334 0.5561342592592593 0.7662760416666666 0.5546875 0.7628038194444444 0.5546875 0.751953125 0.5598958333333334 0.748046875 0.5665509259259259 0.748046875 0.5836226851851852 0.7510850694444444 0.5951967592592593
1 0.5716145833333334 0.4574652777777778 0.5768229166666666 0.4586226851851852 0.5813802083333334 0.45775462962962965 0.5826822916666666 0.45630787037037035 0.5837673611111112 0.4522569444444444 0.5855034722222222 0.44907407407407407 0.5861545138888888 0.4461805555555556 0.5857204861111112 0.4427083333333333 0.5794270833333334 0.4401041666666667 0.57421875 0.4409722222222222 0.5720486111111112 0.4427083333333333 0.5703125 0.4519675925925926 0.5700954861111112 0.4565972222222222 0.5716145833333334 0.4574652777777778
1 0.66796875 0.5772569444444444 0.66796875 0.5856481481481481 0.6688368055555556 0.5888310185185185 0.6727430555555556 0.5925925925925926 0.6744791666666666 0.6070601851851852 0.6755642361111112 0.6099537037037037 0.6801215277777778 0.6099537037037037 0.6931423611111112 0.5934606481481481 0.6985677083333334 0.5920138888888888 0.7204861111111112 0.5917245370370371 0.7230902777777778 0.5888310185185185 0.7209201388888888 0.5804398148148148 0.7185329861111112 0.5760995370370371 0.7170138888888888 0.5648148148148148 0.7126736111111112 0.5575810185185185 0.7122395833333334 0.5538194444444444 0.7065972222222222 0.5465856481481481 0.7020399305555556 0.5434027777777778 0.6974826388888888 0.5416666666666666 0.6820746527777778 0.5410879629629629 0.677734375 0.5439814814814815 0.6753472222222222 0.5462962962962963 0.6742621527777778 0.5509259259259259 0.6714409722222222 0.5564236111111112 0.66796875 0.5700231481481481 0.6686197916666666 0.5746527777777778 0.66796875 0.5772569444444444
1 0.55859375 0.4479166666666667 0.55859375 0.44994212962962965 0.5603298611111112 0.4537037037037037 0.56640625 0.45688657407407407 0.5716145833333334 0.4565972222222222 0.5718315972222222 0.4487847222222222 0.5711805555555556 0.4427083333333333 0.5674913194444444 0.4418402777777778 0.5646701388888888 0.44328703703703703 0.560546875 0.4435763888888889 0.5601128472222222 0.4458912037037037 0.55859375 0.4479166666666667
1 0.4978298611111111 0.45341435185185186 0.5065104166666666 0.45283564814814814 0.5086805555555556 0.4537037037037037 0.5106336805555556 0.4513888888888889 0.5106336805555556 0.4458912037037037 0.5084635416666666 0.44155092592592593 0.498046875 0.4401041666666667 0.4954427083333333 0.4453125 0.4954427083333333 0.4513888888888889 0.4978298611111111 0.45341435185185186
1 0.7788628472222222 0.6212384259259259 0.7788628472222222 0.6304976851851852 0.7799479166666666 0.6368634259259259 0.7827690972222222 0.6414930555555556 0.7897135416666666 0.6420717592592593 0.7973090277777778 0.6490162037037037 0.798828125 0.6611689814814815 0.8001302083333334 0.6655092592592593 0.8018663194444444 0.6669560185185185 0.8038194444444444 0.6678240740740741 0.8101128472222222 0.6634837962962963 0.8177083333333334 0.6634837962962963 0.82421875 0.6655092592592593 0.8285590277777778 0.6655092592592593 0.8480902777777778 0.6689814814814815 0.8563368055555556 0.6721643518518519 0.8595920138888888 0.6707175925925926 0.8634982638888888 0.6629050925925926 0.8637152777777778 0.6403356481481481 0.8559027777777778 0.6241319444444444 0.8550347222222222 0.6235532407407407 0.8552517361111112 0.6195023148148148 0.8563368055555556 0.6163194444444444 0.8530815972222222 0.6151620370370371 0.849609375 0.6114004629629629 0.8422309027777778 0.5983796296296297 0.8387586805555556 0.59375 0.8283420138888888 0.5859375 0.8213975694444444 0.5833333333333334 0.814453125 0.5827546296296297 0.8075086805555556 0.5807291666666666 0.7975260416666666 0.5804398148148148 0.7899305555555556 0.5824652777777778 0.7864583333333334 0.5853587962962963 0.78515625 0.5885416666666666 0.7819010416666666 0.6044560185185185 0.779296875 0.6105324074074074 0.7797309027777778 0.6166087962962963 0.7788628472222222 0.6212384259259259
4 0.5262586805555556 0.4603587962962963 0.5364583333333334 0.4603587962962963 0.5364583333333334 0.44907407407407407 0.5338541666666666 0.44502314814814814 0.5271267361111112 0.4453125 0.5251736111111112 0.44849537037037035 0.5249565972222222 0.4574652777777778 0.5262586805555556 0.4603587962962963
1 0.4995659722222222 0.47453703703703703 0.5023871527777778 0.47511574074074076 0.5084635416666666 0.47366898148148145 0.5147569444444444 0.4754050925925926 0.5164930555555556 0.47453703703703703 0.5167100694444444 0.4603587962962963 0.5158420138888888 0.4574652777777778 0.5125868055555556 0.4548611111111111 0.5082465277777778 0.4542824074074074 0.5049913194444444 0.45515046296296297 0.5 0.4600694444444444 0.4989149305555556 0.46469907407407407 0.4986979166666667 0.47193287037037035 0.4995659722222222 0.47453703703703703
5 0.7165798611111112 0.5465856481481481 0.716796875 0.5523726851851852 0.7198350694444444 0.5607638888888888 0.7280815972222222 0.5711805555555556 0.7469618055555556 0.5711805555555556 0.75 0.5616319444444444 0.7536892361111112 0.5584490740740741 0.7599826388888888 0.5552662037037037 0.7621527777777778 0.5512152777777778 0.7621527777777778 0.5494791666666666 0.7584635416666666 0.5407986111111112 0.7521701388888888 0.5300925925925926 0.7484809027777778 0.5274884259259259 0.7413194444444444 0.5257523148148148 0.7337239583333334 0.5251736111111112 0.7269965277777778 0.5300925925925926 0.7217881944444444 0.5326967592592593 0.7196180555555556 0.5358796296296297 0.7176649305555556 0.5445601851851852 0.7165798611111112 0.5465856481481481
5 0.654296875 0.5656828703703703 0.6575520833333334 0.5714699074074074 0.6638454861111112 0.5717592592592593 0.6673177083333334 0.5711805555555556 0.6684027777777778 0.5700231481481481 0.6697048611111112 0.5604745370370371 0.6720920138888888 0.5561342592592593 0.6742621527777778 0.5489004629629629 0.677734375 0.5436921296296297 0.6812065972222222 0.5413773148148148 0.6892361111111112 0.5396412037037037 0.6888020833333334 0.5364583333333334 0.6864149305555556 0.5329861111111112 0.6803385416666666 0.5292245370370371 0.6786024305555556 0.5271990740740741 0.6753472222222222 0.5257523148148148 0.6723090277777778 0.5274884259259259 0.6644965277777778 0.5286458333333334 0.654296875 0.5338541666666666 0.6521267361111112 0.5364583333333334 0.6510416666666666 0.5399305555555556 0.6514756944444444 0.5575810185185185 0.654296875 0.5656828703703703
5 0.14583333333333334 0.7679398148148148 0.1462673611111111 0.7795138888888888 0.1482204861111111 0.7867476851851852 0.1521267361111111 0.7902199074074074 0.16536458333333334 0.7934027777777778 0.1773003472222222 0.7948495370370371 0.20594618055555555 0.7945601851851852 0.21158854166666666 0.7934027777777778 0.22352430555555555 0.7887731481481481 0.23046875 0.7931134259259259 0.2339409722222222 0.7928240740740741 0.2378472222222222 0.7893518518518519 0.24110243055555555 0.7829861111111112 0.24283854166666666 0.7734375 0.24522569444444445 0.7682291666666666 0.2484809027777778 0.7662037037037037 0.2534722222222222 0.7601273148148148 0.2623697916666667 0.7520254629629629 0.2671440972222222 0.7459490740740741 0.275390625 0.7398726851851852 0.2836371527777778 0.7407407407407407 0.2864583333333333 0.7401620370370371 0.2881944444444444 0.7381365740740741 0.2899305555555556 0.7349537037037037 0.2921006944444444 0.7236689814814815 0.2936197916666667 0.7204861111111112 0.2940538194444444 0.7051504629629629 0.2934027777777778 0.6993634259259259 0.2894965277777778 0.6918402777777778 0.2864583333333333 0.6898148148148148 0.2782118055555556 0.6875 0.2654079861111111 0.6857638888888888 0.2623697916666667 0.6846064814814815 0.24110243055555555 0.6834490740740741 0.2348090277777778 0.6811342592592593 0.20616319444444445 0.6805555555555556 0.203125 0.6820023148148148 0.19813368055555555 0.6889467592592593 0.18880208333333334 0.6953125 0.181640625 0.7025462962962963 0.1716579861111111 0.7161458333333334 0.1703559027777778 0.7196180555555556 0.1625434027777778 0.7320601851851852 0.15321180555555555 0.7416087962962963 0.14756944444444445 0.7505787037037037 0.146484375 0.7540509259259259 0.1469184027777778 0.7621527777777778 0.14583333333333334 0.7679398148148148
1 0.4680989583333333 0.4461805555555556 0.4780815972222222 0.44675925925925924 0.4798177083333333 0.44560185185185186 0.4796006944444444 0.4398148148148148 0.4774305555555556 0.4366319444444444 0.4741753472222222 0.4357638888888889 0.4704861111111111 0.4366319444444444 0.4683159722222222 0.4398148148148148 0.4674479166666667 0.44241898148148145 0.4680989583333333 0.4461805555555556
1 0.6807725694444444 0.5222800925925926 0.6853298611111112 0.5266203703703703 0.6901041666666666 0.5274884259259259 0.6922743055555556 0.5263310185185185 0.6942274305555556 0.515625 0.6970486111111112 0.5121527777777778 0.7009548611111112 0.5098379629629629 0.7146267361111112 0.5066550925925926 0.7163628472222222 0.5049189814814815 0.7157118055555556 0.5017361111111112 0.7118055555555556 0.4973958333333333 0.7029079861111112 0.4956597222222222 0.7003038194444444 0.49421296296296297 0.6966145833333334 0.4945023148148148 0.6892361111111112 0.49681712962962965 0.6866319444444444 0.4991319444444444 0.6846788194444444 0.5017361111111112 0.6842447916666666 0.5054976851851852 0.6812065972222222 0.5124421296296297 0.6796875 0.5188078703703703 0.6807725694444444 0.5222800925925926
1 0.5833333333333334 0.47019675925925924 0.5850694444444444 0.47193287037037035 0.5885416666666666 0.4730902777777778 0.5922309027777778 0.4730902777777778 0.5941840277777778 0.4704861111111111 0.5948350694444444 0.46296296296296297 0.5967881944444444 0.45688657407407407 0.5989583333333334 0.4539930555555556 0.5991753472222222 0.4525462962962963 0.5980902777777778 0.4496527777777778 0.5959201388888888 0.4487847222222222 0.5876736111111112 0.44849537037037035 0.5855034722222222 0.4496527777777778 0.5815972222222222 0.4565972222222222 0.5815972222222222 0.46412037037037035 0.5833333333333334 0.47019675925925924
1 0.4856770833333333 0.4357638888888889 0.4876302083333333 0.43721064814814814 0.4984809027777778 0.43778935185185186 0.4993489583333333 0.43373842592592593 0.4991319444444444 0.4288194444444444 0.4950086805555556 0.42505787037037035 0.4891493055555556 0.42563657407407407 0.4878472222222222 0.42650462962962965 0.4861111111111111 0.4296875 0.4854600694444444 0.43171296296296297 0.4856770833333333 0.4357638888888889
1 0.4500868055555556 0.4357638888888889 0.4529079861111111 0.43778935185185186 0.4605034722222222 0.4380787037037037 0.4622395833333333 0.4357638888888889 0.4618055555555556 0.43171296296296297 0.4600694444444444 0.4291087962962963 0.4544270833333333 0.4291087962962963 0.4507378472222222 0.43113425925925924 0.4498697916666667 0.4322916666666667 0.4500868055555556 0.4357638888888889
5 0.6048177083333334 0.8706597222222222 0.6037326388888888 0.8729745370370371 0.5989583333333334 0.8770254629629629 0.5983072916666666 0.8807870370370371 0.599609375 0.8842592592592593 0.6061197916666666 0.8903356481481481 0.60546875 0.9953703703703703 0.6065538194444444 0.9997106481481481 0.6486545138888888 0.9997106481481481 0.6486545138888888 0.9982638888888888 0.6508246527777778 0.9968171296296297 0.6647135416666666 0.9982638888888888 0.6703559027777778 0.9971064814814815 0.6931423611111112 0.9976851851851852 0.7026909722222222 0.9956597222222222 0.7094184027777778 0.9968171296296297 0.7122395833333334 0.9979745370370371 0.7126736111111112 0.9997106481481481 0.7311197916666666 0.9997106481481481 0.7311197916666666 0.9985532407407407 0.7332899305555556 0.9950810185185185 0.7322048611111112 0.9600694444444444 0.7306857638888888 0.9470486111111112 0.7263454861111112 0.9317129629629629 0.7250434027777778 0.9210069444444444 0.7222222222222222 0.9120370370370371 0.7211371527777778 0.9048032407407407 0.7224392361111112 0.9001736111111112 0.7274305555555556 0.8975694444444444 0.7309027777777778 0.8940972222222222 0.7315538194444444 0.8909143518518519 0.7311197916666666 0.8877314814814815 0.7291666666666666 0.8854166666666666 0.7267795138888888 0.8842592592592593 0.7204861111111112 0.8833912037037037 0.7185329861111112 0.8807870370370371 0.7174479166666666 0.8735532407407407 0.7144097222222222 0.8674768518518519 0.7094184027777778 0.8480902777777778 0.7074652777777778 0.8373842592592593 0.7033420138888888 0.8263888888888888 0.7009548611111112 0.8223379629629629 0.6996527777777778 0.8174189814814815 0.6948784722222222 0.8084490740740741 0.6935763888888888 0.8043981481481481 0.6896701388888888 0.7991898148148148 0.6859809027777778 0.7962962962962963 0.6677517361111112 0.7907986111111112 0.6486545138888888 0.7887731481481481 0.6332465277777778 0.7887731481481481 0.6260850694444444 0.7899305555555556 0.6187065972222222 0.7934027777777778 0.6180555555555556 0.7948495370370371 0.615234375 0.796875 0.61328125 0.8003472222222222 0.6098090277777778 0.8159722222222222 0.6065538194444444 0.8246527777777778 0.60546875 0.8298611111111112 0.6048177083333334 0.8370949074074074 0.6048177083333334 0.8706597222222222
1 0.5625 0.4429976851851852 0.5685763888888888 0.4435763888888889 0.5711805555555556 0.44502314814814814 0.5724826388888888 0.4429976851851852 0.5744357638888888 0.43547453703703703 0.5735677083333334 0.4320023148148148 0.5711805555555556 0.42939814814814814 0.5640190972222222 0.42679398148148145 0.5609809027777778 0.4291087962962963 0.5592447916666666 0.4320023148148148 0.55859375 0.43605324074074076 0.5625 0.4429976851851852
5 0.6419270833333334 0.5295138888888888 0.6456163194444444 0.5335648148148148 0.646484375 0.5367476851851852 0.6484375 0.5393518518518519 0.6510416666666666 0.5396412037037037 0.6521267361111112 0.5355902777777778 0.6534288194444444 0.5335648148148148 0.6584201388888888 0.5315393518518519 0.6618923611111112 0.5280671296296297 0.6684027777777778 0.5248842592592593 0.6716579861111112 0.5240162037037037 0.6755642361111112 0.5243055555555556 0.6773003472222222 0.5228587962962963 0.6759982638888888 0.515625 0.6727430555555556 0.5092592592592593 0.6710069444444444 0.5072337962962963 0.6666666666666666 0.5052083333333334 0.6595052083333334 0.5040509259259259 0.6512586805555556 0.5046296296296297 0.6460503472222222 0.5078125 0.642578125 0.5153356481481481 0.6412760416666666 0.5225694444444444 0.6419270833333334 0.5295138888888888
1 0.6716579861111112 0.49855324074074076 0.6744791666666666 0.4994212962962963 0.6762152777777778 0.5017361111111112 0.6768663194444444 0.5054976851851852 0.681640625 0.5072337962962963 0.6822916666666666 0.5072337962962963 0.6833767361111112 0.5043402777777778 0.6868489583333334 0.4994212962962963 0.6903211805555556 0.49681712962962965 0.6955295138888888 0.49508101851851855 0.6979166666666666 0.4933449074074074 0.6990017361111112 0.4913194444444444 0.6985677083333334 0.48813657407407407 0.6961805555555556 0.4832175925925926 0.6937934027777778 0.48061342592592593 0.6896701388888888 0.4791666666666667 0.6753472222222222 0.4788773148148148 0.6716579861111112 0.4817708333333333 0.6686197916666666 0.4869791666666667 0.6690538194444444 0.49508101851851855 0.6716579861111112 0.49855324074074076
5 0.6944444444444444 0.5306712962962963 0.6959635416666666 0.5370370370370371 0.6983506944444444 0.5399305555555556 0.7018229166666666 0.5410879629629629 0.7078993055555556 0.5448495370370371 0.7100694444444444 0.5474537037037037 0.7122395833333334 0.5480324074074074 0.7150607638888888 0.5477430555555556 0.7172309027777778 0.5451388888888888 0.7198350694444444 0.5355902777777778 0.72265625 0.5309606481481481 0.7309027777777778 0.5266203703703703 0.7332899305555556 0.5225694444444444 0.7309027777777778 0.515625 0.7248263888888888 0.5095486111111112 0.7211371527777778 0.5078125 0.7137586805555556 0.5069444444444444 0.7087673611111112 0.5075231481481481 0.6970486111111112 0.5112847222222222 0.6942274305555556 0.5141782407407407 0.6922743055555556 0.5199652777777778 0.6918402777777778 0.5263310185185185 0.6944444444444444 0.5306712962962963
2 0.3257378472222222 0.7132523148148148 0.3246527777777778 0.7228009259259259 0.3246527777777778 0.7280092592592593 0.3257378472222222 0.7303240740740741 0.3411458333333333 0.7366898148148148 0.3444010416666667 0.7395833333333334 0.3489583333333333 0.7505787037037037 0.3524305555555556 0.7488425925925926 0.3541666666666667 0.7416087962962963 0.3552517361111111 0.7277199074074074 0.3539496527777778 0.7152777777777778 0.3541666666666667 0.7135416666666666 0.3565538194444444 0.7100694444444444 0.3556857638888889 0.7074652777777778 0.3433159722222222 0.6915509259259259 0.3426649305555556 0.6892361111111112 0.3428819444444444 0.6814236111111112 0.3422309027777778 0.6782407407407407 0.3389756944444444 0.6756365740740741 0.3350694444444444 0.6765046296296297 0.3331163194444444 0.6788194444444444 0.33203125 0.6822916666666666 0.3315972222222222 0.6892361111111112 0.3302951388888889 0.6912615740740741 0.3276909722222222 0.6921296296296297 0.3248697916666667 0.6964699074074074 0.3237847222222222 0.6996527777777778 0.3235677083333333 0.7063078703703703 0.3257378472222222 0.7132523148148148
2 0.6931423611111112 0.6880787037037037 0.6927083333333334 0.6961805555555556 0.6963975694444444 0.6967592592592593 0.6996527777777778 0.6956018518518519 0.7063802083333334 0.6990740740740741 0.7100694444444444 0.6996527777777778 0.7100694444444444 0.6961805555555556 0.7083333333333334 0.6929976851851852 0.7057291666666666 0.6756365740740741 0.7072482638888888 0.6394675925925926 0.7063802083333334 0.6345486111111112 0.7026909722222222 0.6290509259259259 0.7018229166666666 0.6221064814814815 0.6996527777777778 0.6177662037037037 0.6959635416666666 0.6183449074074074 0.6946614583333334 0.6197916666666666 0.6931423611111112 0.6235532407407407 0.6924913194444444 0.6304976851851852 0.6905381944444444 0.6371527777777778 0.6903211805555556 0.6440972222222222 0.6931423611111112 0.6880787037037037
2 0.001736111111111111 0.6973379629629629 0 0.6973379629629629 0 0.7456597222222222 0.001736111111111111 0.7456597222222222 0.0026041666666666665 0.7468171296296297 0.005425347222222222 0.7540509259259259 0.008680555555555556 0.7581018518518519 0.009982638888888888 0.7557870370370371 0.013454861111111112 0.7416087962962963 0.018880208333333332 0.7346643518518519 0.020399305555555556 0.7314814814814815 0.019748263888888888 0.7155671296296297 0.020616319444444444 0.7013888888888888 0.019097222222222224 0.6950231481481481 0.017144097222222224 0.6929976851851852 0.015407986111111112 0.6895254629629629 0.013888888888888888 0.6843171296296297 0.008680555555555556 0.6817129629629629 0.005208333333333333 0.6846064814814815 0.0028211805555555555 0.6958912037037037 0.001736111111111111 0.6973379629629629
2 0.042317708333333336 0.7416087962962963 0.04296875 0.7528935185185185 0.04578993055555555 0.7595486111111112 0.046440972222222224 0.7644675925925926 0.046440972222222224 0.7829861111111112 0.044487847222222224 0.7899305555555556 0.046440972222222224 0.7919560185185185 0.051215277777777776 0.7907986111111112 0.05251736111111111 0.7899305555555556 0.05381944444444445 0.7855902777777778 0.055338541666666664 0.7902199074074074 0.057291666666666664 0.7907986111111112 0.05946180555555555 0.7899305555555556 0.06076388888888889 0.7858796296296297 0.05946180555555555 0.7815393518518519 0.059895833333333336 0.7757523148148148 0.05837673611111111 0.7679398148148148 0.059027777777777776 0.7575231481481481 0.05837673611111111 0.7554976851851852 0.058159722222222224 0.7436342592592593 0.059244791666666664 0.7311921296296297 0.06076388888888889 0.7239583333333334 0.05967881944444445 0.7216435185185185 0.05837673611111111 0.7100694444444444 0.05685763888888889 0.7054398148148148 0.053385416666666664 0.7037037037037037 0.04861111111111111 0.7057291666666666 0.045355902777777776 0.7141203703703703 0.042317708333333336 0.71875 0.0390625 0.7314814814814815 0.0390625 0.7349537037037037 0.042317708333333336 0.7416087962962963
2 0 0.8206018518518519 0.0028211805555555555 0.8206018518518519 0.005208333333333333 0.8191550925925926 0.005425347222222222 0.8139467592592593 0.006727430555555556 0.8075810185185185 0.006076388888888889 0.7965856481481481 0.005425347222222222 0.7948495370370371 0.006076388888888889 0.7864583333333334 0.009548611111111112 0.7826967592592593 0.010199652777777778 0.7795138888888888 0.008680555555555556 0.7662037037037037 0.008680555555555556 0.7589699074074074 0.007161458333333333 0.7552083333333334 0.001736111111111111 0.7473958333333334 0 0.7473958333333334 0 0.8206018518518519
2 0.9542100694444444 0.7141203703703703 0.9542100694444444 0.7178819444444444 0.953125 0.7207754629629629 0.9509548611111112 0.7361111111111112 0.951171875 0.7488425925925926 0.953125 0.7528935185185185 0.9565972222222222 0.7543402777777778 0.9581163194444444 0.7528935185185185 0.9583333333333334 0.7473958333333334 0.9637586805555556 0.7479745370370371 0.9646267361111112 0.7517361111111112 0.9665798611111112 0.7540509259259259 0.9702690972222222 0.7560763888888888 0.9730902777777778 0.7554976851851852 0.9733072916666666 0.7517361111111112 0.9715711805555556 0.7482638888888888 0.9704861111111112 0.7390046296296297 0.9709201388888888 0.7233796296296297 0.9702690972222222 0.7196180555555556 0.9711371527777778 0.7161458333333334 0.9741753472222222 0.7132523148148148 0.97265625 0.7123842592592593 0.9717881944444444 0.7100694444444444 0.9724392361111112 0.6964699074074074 0.9709201388888888 0.6860532407407407 0.9683159722222222 0.6802662037037037 0.9670138888888888 0.6707175925925926 0.9641927083333334 0.6640625 0.9600694444444444 0.6631944444444444 0.9565972222222222 0.6663773148148148 0.955078125 0.6712962962962963 0.9544270833333334 0.6782407407407407 0.9526909722222222 0.6811342592592593 0.9518229166666666 0.6846064814814815 0.951171875 0.6915509259259259 0.9522569444444444 0.7054398148148148 0.9542100694444444 0.7141203703703703
2 0.009765625 0.7552083333333334 0.010416666666666666 0.7604166666666666 0.009765625 0.7662037037037037 0.010850694444444444 0.7688078703703703 0.011501736111111112 0.7743055555555556 0.013671875 0.7826967592592593 0.021267361111111112 0.7887731481481481 0.023871527777777776 0.7934027777777778 0.023871527777777776 0.7977430555555556 0.021267361111111112 0.8043981481481481 0.019097222222222224 0.8177083333333334 0.019097222222222224 0.8284143518518519 0.022569444444444444 0.8313078703703703 0.026041666666666668 0.8284143518518519 0.027126736111111112 0.8246527777777778 0.029079861111111112 0.8220486111111112 0.03624131944444445 0.8223379629629629 0.037760416666666664 0.8214699074074074 0.035807291666666664 0.8148148148148148 0.036675347222222224 0.7693865740740741 0.038628472222222224 0.7575231481481481 0.04188368055555555 0.7520254629629629 0.042317708333333336 0.7445023148148148 0.040364583333333336 0.7390046296296297 0.033637152777777776 0.7320601851851852 0.03342013888888889 0.7239583333333334 0.03233506944444445 0.7213541666666666 0.030598958333333332 0.7199074074074074 0.027777777777777776 0.7193287037037037 0.025390625 0.7196180555555556 0.021918402777777776 0.7239583333333334 0.019965277777777776 0.7346643518518519 0.015625 0.7381365740740741 0.013671875 0.7421875 0.010850694444444444 0.7534722222222222 0.009765625 0.7552083333333334
2 0.3363715277777778 0.5083912037037037 0.3350694444444444 0.5170717592592593 0.3359375 0.5190972222222222 0.3389756944444444 0.5196759259259259 0.3426649305555556 0.5162037037037037 0.3430989583333333 0.5083912037037037 0.3424479166666667 0.4945023148148148 0.3400607638888889 0.4895833333333333 0.3383246527777778 0.48813657407407407 0.3352864583333333 0.4916087962962963 0.333984375 0.49623842592592593 0.333984375 0.49971064814814814 0.3363715277777778 0.5083912037037037
2 0.3697916666666667 0.5028935185185185 0.3715277777777778 0.5014467592592593 0.3732638888888889 0.4976851851851852 0.3765190972222222 0.48466435185185186 0.3754340277777778 0.4739583333333333 0.3741319444444444 0.47251157407407407 0.373046875 0.47193287037037035 0.3697916666666667 0.4739583333333333 0.3678385416666667 0.4866898148148148 0.3682725694444444 0.5005787037037037 0.3697916666666667 0.5028935185185185
2 0.3072916666666667 0.6114004629629629 0.3101128472222222 0.6122685185185185 0.3133680555555556 0.6108217592592593 0.3177083333333333 0.6114004629629629 0.3190104166666667 0.6140046296296297 0.3203125 0.6267361111111112 0.3218315972222222 0.6273148148148148 0.3244357638888889 0.6264467592592593 0.3259548611111111 0.6105324074074074 0.3246527777777778 0.5954861111111112 0.3187934027777778 0.5870949074074074 0.3172743055555556 0.578125 0.3146701388888889 0.5760995370370371 0.310546875 0.5772569444444444 0.30859375 0.5813078703703703 0.3081597222222222 0.5850694444444444 0.3064236111111111 0.5882523148148148 0.3057725694444444 0.5920138888888888 0.3064236111111111 0.6102430555555556 0.3072916666666667 0.6114004629629629
2 0.10308159722222222 0.7262731481481481 0.10785590277777778 0.7482638888888888 0.10850694444444445 0.7549189814814815 0.10807291666666667 0.7653356481481481 0.10546875 0.7699652777777778 0.10460069444444445 0.7731481481481481 0.10546875 0.7757523148148148 0.1095920138888889 0.7763310185185185 0.11588541666666667 0.7725694444444444 0.11762152777777778 0.7690972222222222 0.1150173611111111 0.7407407407407407 0.11979166666666667 0.7228009259259259 0.12000868055555555 0.7002314814814815 0.11805555555555555 0.6950231481481481 0.1150173611111111 0.6903935185185185 0.1134982638888889 0.6843171296296297 0.10980902777777778 0.6796875 0.10590277777777778 0.6796875 0.10416666666666667 0.6820023148148148 0.1032986111111111 0.6848958333333334 0.103515625 0.6944444444444444 0.10221354166666667 0.6999421296296297 0.10199652777777778 0.7103587962962963 0.10308159722222222 0.7262731481481481
2 0.8628472222222222 0.6021412037037037 0.8648003472222222 0.6038773148148148 0.8676215277777778 0.609375 0.869140625 0.6163194444444444 0.8700086805555556 0.6348379629629629 0.8697916666666666 0.6579861111111112 0.869140625 0.6623263888888888 0.8697916666666666 0.6634837962962963 0.8732638888888888 0.6623263888888888 0.8739149305555556 0.6504629629629629 0.8745659722222222 0.6481481481481481 0.8795572916666666 0.6426504629629629 0.8836805555555556 0.6414930555555556 0.8871527777777778 0.6458333333333334 0.8904079861111112 0.6591435185185185 0.8932291666666666 0.6617476851851852 0.8951822916666666 0.6617476851851852 0.8953993055555556 0.6579861111111112 0.8943142361111112 0.6565393518518519 0.8927951388888888 0.6446759259259259 0.8910590277777778 0.6397569444444444 0.8884548611111112 0.6362847222222222 0.8860677083333334 0.6281828703703703 0.8849826388888888 0.6108217592592593 0.8836805555555556 0.6038773148148148 0.8771701388888888 0.5925925925925926 0.8736979166666666 0.5894097222222222 0.8717447916666666 0.5911458333333334 0.8693576388888888 0.5969328703703703 0.8669704861111112 0.5975115740740741 0.8650173611111112 0.5957754629629629 0.8628472222222222 0.5899884259259259 0.8619791666666666 0.5917245370370371 0.8617621527777778 0.5966435185185185 0.8628472222222222 0.6021412037037037
2 0.359375 0.4913194444444444 0.3634982638888889 0.49247685185185186 0.3663194444444444 0.4904513888888889 0.3669704861111111 0.48726851851851855 0.3669704861111111 0.48032407407407407 0.3654513888888889 0.4756944444444444 0.3628472222222222 0.4713541666666667 0.3606770833333333 0.4739583333333333 0.3580729166666667 0.48408564814814814 0.3578559027777778 0.48813657407407407 0.359375 0.4913194444444444
2 0.05772569444444445 0.7028356481481481 0.059895833333333336 0.7196180555555556 0.06141493055555555 0.7239583333333334 0.059244791666666664 0.734375 0.059027777777777776 0.7413194444444444 0.05837673611111111 0.7433449074074074 0.059244791666666664 0.7583912037037037 0.06076388888888889 0.7624421296296297 0.06401909722222222 0.7473958333333334 0.06597222222222222 0.7418981481481481 0.06792534722222222 0.7392939814814815 0.06944444444444445 0.7418981481481481 0.0700954861111111 0.7462384259259259 0.06966145833333333 0.7690972222222222 0.07118055555555555 0.7711226851851852 0.07269965277777778 0.7711226851851852 0.07486979166666667 0.7705439814814815 0.07573784722222222 0.7690972222222222 0.07508680555555555 0.7618634259259259 0.07855902777777778 0.7282986111111112 0.0783420138888889 0.7219328703703703 0.0798611111111111 0.7092013888888888 0.0798611111111111 0.7022569444444444 0.07877604166666667 0.6961805555555556 0.07552083333333333 0.6929976851851852 0.07465277777777778 0.6860532407407407 0.07269965277777778 0.6817129629629629 0.06727430555555555 0.6793981481481481 0.0642361111111111 0.6814236111111112 0.0625 0.6848958333333334 0.061848958333333336 0.6932870370370371 0.05772569444444445 0.7028356481481481
2 0.4375 0.5995370370370371 0.4388020833333333 0.6018518518518519 0.4476996527777778 0.6009837962962963 0.4516059027777778 0.6027199074074074 0.4529079861111111 0.6053240740740741 0.4537760416666667 0.6128472222222222 0.4565972222222222 0.6148726851851852 0.4576822916666667 0.6128472222222222 0.4581163194444444 0.6096643518518519 0.4578993055555556 0.5882523148148148 0.4561631944444444 0.5827546296296297 0.4533420138888889 0.5778356481481481 0.4524739583333333 0.5700231481481481 0.4498697916666667 0.5674189814814815 0.4463975694444444 0.5688657407407407 0.4446614583333333 0.5758101851851852 0.4411892361111111 0.5801504629629629 0.4390190972222222 0.5856481481481481 0.4375 0.5946180555555556 0.4375 0.5995370370370371
5 0.685546875 0.6267361111111112 0.6864149305555556 0.6296296296296297 0.6853298611111112 0.6371527777777778 0.685546875 0.6409143518518519 0.6892361111111112 0.6464120370370371 0.6901041666666666 0.6440972222222222 0.6905381944444444 0.6354166666666666 0.6927083333333334 0.6304976851851852 0.6931423611111112 0.6244212962962963 0.6942274305555556 0.6209490740740741 0.6961805555555556 0.6186342592592593 0.7000868055555556 0.6180555555555556 0.7018229166666666 0.6218171296296297 0.7029079861111112 0.6299189814814815 0.7063802083333334 0.6348379629629629 0.7068142361111112 0.6443865740740741 0.7061631944444444 0.6475694444444444 0.7061631944444444 0.6646412037037037 0.7100694444444444 0.6707175925925926 0.7174479166666666 0.6710069444444444 0.7202690972222222 0.6724537037037037 0.7298177083333334 0.6727430555555556 0.7456597222222222 0.6721643518518519 0.7489149305555556 0.6704282407407407 0.7508680555555556 0.6649305555555556 0.7508680555555556 0.6510416666666666 0.7482638888888888 0.6385995370370371 0.7454427083333334 0.6296296296296297 0.7484809027777778 0.6261574074074074 0.7491319444444444 0.6229745370370371 0.7482638888888888 0.6215277777777778 0.7452256944444444 0.6206597222222222 0.7415364583333334 0.6177662037037037 0.7384982638888888 0.6085069444444444 0.7358940972222222 0.6053240740740741 0.7345920138888888 0.6015625 0.7306857638888888 0.5954861111111112 0.7287326388888888 0.59375 0.7248263888888888 0.5923032407407407 0.6957465277777778 0.5934606481481481 0.689453125 0.5983796296296297 0.6870659722222222 0.6015625 0.6853298611111112 0.6056134259259259 0.6851128472222222 0.6177662037037037 0.685546875 0.6267361111111112
5 0.8090277777777778 0.9918981481481481 0.8090277777777778 0.9953703703703703 0.8101128472222222 0.9997106481481481 0.9700520833333334 0.9997106481481481 0.9704861111111112 0.9979745370370371 0.9748263888888888 0.9953703703703703 0.9689670138888888 0.9840856481481481 0.9624565972222222 0.9748263888888888 0.9600694444444444 0.9600694444444444 0.9572482638888888 0.9571759259259259 0.9505208333333334 0.9545717592592593 0.947265625 0.9510995370370371 0.9396701388888888 0.9401041666666666 0.9246961805555556 0.9331597222222222 0.9186197916666666 0.9253472222222222 0.9110243055555556 0.9192708333333334 0.9045138888888888 0.9163773148148148 0.8856336805555556 0.9114583333333334 0.8539496527777778 0.9074074074074074 0.8287760416666666 0.9076967592592593 0.8211805555555556 0.9103009259259259 0.8177083333333334 0.9140625 0.8129340277777778 0.9215856481481481 0.8125 0.9314236111111112 0.810546875 0.9392361111111112 0.8092447916666666 0.9545717592592593 0.810546875 0.9655671296296297 0.8090277777777778 0.9918981481481481
0 0.3743489583333333 0.5506365740740741 0.373046875 0.5541087962962963 0.3728298611111111 0.5691550925925926 0.373046875 0.5850694444444444 0.3741319444444444 0.5865162037037037 0.3882378472222222 0.5896990740740741 0.3940972222222222 0.5899884259259259 0.3971354166666667 0.5914351851851852 0.40234375 0.5905671296296297 0.4359809027777778 0.5899884259259259 0.4396701388888889 0.5836226851851852 0.4407552083333333 0.5798611111111112 0.4435763888888889 0.5763888888888888 0.4448784722222222 0.5700231481481481 0.4466145833333333 0.5674189814814815 0.4496527777777778 0.5659722222222222 0.4537760416666667 0.5679976851851852 0.4583333333333333 0.5656828703703703 0.4650607638888889 0.5601851851851852 0.4730902777777778 0.5509259259259259 0.4743923611111111 0.5410879629629629 0.4741753472222222 0.5321180555555556 0.4756944444444444 0.5260416666666666 0.4776475694444444 0.5217013888888888 0.4780815972222222 0.5147569444444444 0.4791666666666667 0.5101273148148148 0.4789496527777778 0.5014467592592593 0.4796006944444444 0.49797453703703703 0.4774305555555556 0.4826388888888889 0.4739583333333333 0.4788773148148148 0.4563802083333333 0.4791666666666667 0.44921875 0.4782986111111111 0.4422743055555556 0.4791666666666667 0.4351128472222222 0.48234953703703703 0.4186197916666667 0.48640046296296297 0.4162326388888889 0.48813657407407407 0.4108072916666667 0.4895833333333333 0.4019097222222222 0.4939236111111111 0.3975694444444444 0.49797453703703703 0.3908420138888889 0.4994212962962963 0.3843315972222222 0.4994212962962963 0.3802083333333333 0.5011574074074074 0.375 0.5095486111111112 0.3734809027777778 0.5188078703703703 0.3734809027777778 0.5451388888888888 0.3743489583333333 0.5506365740740741
3 0.3235677083333333 0.7439236111111112 0.3226996527777778 0.7609953703703703 0.3233506944444444 0.7728587962962963 0.32421875 0.7766203703703703 0.326171875 0.7792245370370371 0.3276909722222222 0.7800925925925926 0.3302951388888889 0.7798032407407407 0.3324652777777778 0.7771990740740741 0.3352864583333333 0.7682291666666666 0.3372395833333333 0.7653356481481481 0.3454861111111111 0.7618634259259259 0.3519965277777778 0.7517361111111112 0.3513454861111111 0.7439236111111112 0.3524305555555556 0.7427662037037037 0.3519965277777778 0.7378472222222222 0.3528645833333333 0.7352430555555556 0.3532986111111111 0.7274305555555556 0.3546006944444444 0.7233796296296297 0.3539496527777778 0.7204861111111112 0.3524305555555556 0.7184606481481481 0.34765625 0.7204861111111112 0.345703125 0.7239583333333334 0.3454861111111111 0.7256944444444444 0.3454861111111111 0.7280092592592593 0.3470052083333333 0.7311921296296297 0.3454861111111111 0.7346643518518519 0.3441840277777778 0.7355324074074074 0.341796875 0.7358217592592593 0.3383246527777778 0.7337962962962963 0.33203125 0.7329282407407407 0.3250868055555556 0.7303240740740741 0.3235677083333333 0.7317708333333334 0.3226996527777778 0.7340856481481481 0.322265625 0.7384259259259259 0.3235677083333333 0.7439236111111112
3 0.3318142361111111 0.5367476851851852 0.3352864583333333 0.5431134259259259 0.3415798611111111 0.5451388888888888 0.3480902777777778 0.5460069444444444 0.3524305555555556 0.5448495370370371 0.3524305555555556 0.5381944444444444 0.3511284722222222 0.5344328703703703 0.3504774305555556 0.5280671296296297 0.3489583333333333 0.5248842592592593 0.3454861111111111 0.5234375 0.3385416666666667 0.5225694444444444 0.3318142361111111 0.5251736111111112 0.330078125 0.5277777777777778 0.3298611111111111 0.5298032407407407 0.3318142361111111 0.5367476851851852
3 0.9461805555555556 0.6631944444444444 0.9500868055555556 0.6631944444444444 0.9516059027777778 0.6620370370370371 0.9563802083333334 0.6550925925925926 0.9635416666666666 0.6576967592592593 0.9665798611111112 0.6620370370370371 0.9678819444444444 0.6626157407407407 0.9704861111111112 0.6631944444444444 0.9728732638888888 0.6605902777777778 0.9741753472222222 0.6553819444444444 0.9741753472222222 0.6371527777777778 0.9774305555555556 0.6307870370370371 0.9767795138888888 0.6270254629629629 0.9750434027777778 0.625 0.9713541666666666 0.6223958333333334 0.9626736111111112 0.6195023148148148 0.9490017361111112 0.6183449074074074 0.947265625 0.6192129629629629 0.9461805555555556 0.6215277777777778 0.9459635416666666 0.6339699074074074 0.9453125 0.6365740740740741 0.9450954861111112 0.6594328703703703 0.9461805555555556 0.6631944444444444
3 0.3177083333333333 0.5399305555555556 0.3198784722222222 0.5445601851851852 0.3213975694444444 0.5471643518518519 0.3257378472222222 0.5477430555555556 0.3283420138888889 0.5471643518518519 0.3294270833333333 0.5454282407407407 0.3337673611111111 0.5434027777777778 0.3342013888888889 0.5399305555555556 0.3311631944444444 0.5324074074074074 0.3296440972222222 0.5257523148148148 0.3240017361111111 0.5202546296296297 0.3224826388888889 0.5150462962962963 0.3211805555555556 0.5130208333333334 0.3177083333333333 0.5141782407407407 0.3172743055555556 0.5150462962962963 0.3174913194444444 0.5376157407407407 0.3177083333333333 0.5399305555555556
3 0.9763454861111112 0.6678240740740741 0.9765625 0.6730324074074074 0.9802517361111112 0.6811342592592593 0.9828559027777778 0.6848958333333334 0.9848090277777778 0.6903935185185185 0.98828125 0.6932870370370371 0.9913194444444444 0.6941550925925926 0.9963107638888888 0.6938657407407407 0.9973958333333334 0.6929976851851852 0.998046875 0.6906828703703703 0.9997829861111112 0.6903935185185185 0.9997829861111112 0.6501736111111112 0.998046875 0.6501736111111112 0.9939236111111112 0.6472800925925926 0.9878472222222222 0.6464120370370371 0.984375 0.6484375 0.9811197916666666 0.6519097222222222 0.9791666666666666 0.6620370370370371 0.9763454861111112 0.6678240740740741
3 0.4398871527777778 0.6059027777777778 0.439453125 0.6166087962962963 0.4407552083333333 0.6200810185185185 0.4453125 0.6264467592592593 0.4494357638888889 0.6258680555555556 0.4513888888888889 0.6232638888888888 0.4544270833333333 0.6163194444444444 0.4548611111111111 0.6087962962962963 0.4539930555555556 0.6027199074074074 0.4498697916666667 0.6006944444444444 0.4470486111111111 0.6004050925925926 0.4398871527777778 0.6015625 0.4392361111111111 0.6024305555555556 0.4398871527777778 0.6059027777777778
3 0.3059895833333333 0.6264467592592593 0.3062065972222222 0.6336805555555556 0.3072916666666667 0.6388888888888888 0.3109809027777778 0.6385995370370371 0.3133680555555556 0.6351273148148148 0.3185763888888889 0.6307870370370371 0.3205295138888889 0.6270254629629629 0.3198784722222222 0.6119791666666666 0.3190104166666667 0.609375 0.3177083333333333 0.6085069444444444 0.3138020833333333 0.609375 0.3072916666666667 0.6087962962962963 0.3046875 0.6119791666666666 0.3038194444444444 0.6157407407407407 0.3031684027777778 0.6232638888888888 0.3059895833333333 0.6264467592592593
3 0.3190104166666667 0.5222800925925926 0.3190104166666667 0.5263310185185185 0.318359375 0.5283564814814815 0.3179253472222222 0.5379050925925926 0.3194444444444444 0.5434027777777778 0.3216145833333333 0.5471643518518519 0.3283420138888889 0.5471643518518519 0.330078125 0.5451388888888888 0.3335503472222222 0.5439814814814815 0.3387586805555556 0.5439814814814815 0.3480902777777778 0.5457175925925926 0.3522135416666667 0.5445601851851852 0.3524305555555556 0.5387731481481481 0.3513454861111111 0.5367476851851852 0.3502604166666667 0.5280671296296297 0.3489583333333333 0.5251736111111112 0.3391927083333333 0.5222800925925926 0.3352864583333333 0.5225694444444444 0.3315972222222222 0.5243055555555556 0.328125 0.5240162037037037 0.3240017361111111 0.5205439814814815 0.3211805555555556 0.5147569444444444 0.318359375 0.5162037037037037 0.3177083333333333 0.5199652777777778 0.3190104166666667 0.5222800925925926
3 0.240234375 0.6006944444444444 0.24110243055555555 0.6030092592592593 0.2439236111111111 0.6056134259259259 0.2482638888888889 0.6056134259259259 0.2521701388888889 0.6024305555555556 0.2541232638888889 0.5992476851851852 0.2554253472222222 0.5925925925925926 0.2552083333333333 0.5879629629629629 0.2530381944444444 0.5836226851851852 0.2504340277777778 0.5729166666666666 0.2484809027777778 0.5697337962962963 0.24327256944444445 0.5703125 0.2406684027777778 0.5749421296296297 0.23936631944444445 0.5795717592592593 0.23936631944444445 0.5951967592592593 0.240234375 0.6006944444444444
3 0.216796875 0.6004050925925926 0.2204861111111111 0.6001157407407407 0.22330729166666666 0.5986689814814815 0.23111979166666666 0.5992476851851852 0.2328559027777778 0.5978009259259259 0.23350694444444445 0.5954861111111112 0.23328993055555555 0.5885416666666666 0.23133680555555555 0.5815972222222222 0.2306857638888889 0.5723379629629629 0.22938368055555555 0.5703125 0.22721354166666666 0.5694444444444444 0.220703125 0.5752314814814815 0.2163628472222222 0.5850694444444444 0.21614583333333334 0.5969328703703703 0.216796875 0.6004050925925926
3 0.2634548611111111 0.5862268518518519 0.2690972222222222 0.5873842592592593 0.2771267361111111 0.5839120370370371 0.2784288194444444 0.5824652777777778 0.2788628472222222 0.5703125 0.2782118055555556 0.5671296296296297 0.2766927083333333 0.5642361111111112 0.2723524305555556 0.5630787037037037 0.2677951388888889 0.5572916666666666 0.2654079861111111 0.5564236111111112 0.2623697916666667 0.5598958333333334 0.2612847222222222 0.5674189814814815 0.2612847222222222 0.5818865740740741 0.2634548611111111 0.5862268518518519