8 0.0572289156626506 0.6204819277108433 0.05572289156626506 0.6375502008032128 0.06362951807228916 0.6412315930388219 0.06927710843373494 0.646251673360107 0.07699548192771084 0.6482597054886211 0.08019578313253012 0.6479250334672022 0.0832078313253012 0.646251673360107 0.08998493975903614 0.6385542168674698 0.09243222891566265 0.6375502008032128 0.09695030120481928 0.6311914323962516 0.09977409638554216 0.6288487282463185 0.11690512048192771 0.6295180722891566 0.12424698795180723 0.6321954484605087 0.13158885542168675 0.6305220883534136 0.13685993975903615 0.6265060240963856 0.13968373493975902 0.6278447121820615 0.14420180722891565 0.6275100401606425 0.14815512048192772 0.6214859437751004 0.14890813253012047 0.6191432396251673 0.14947289156626506 0.6121151271753681 0.15323795180722893 0.6057563587684069 0.1534262048192771 0.6040829986613119 0.15173192771084335 0.5803212851405622 0.1502259036144578 0.57429718875502 0.14514307228915663 0.5655957161981258 0.13893072289156627 0.5592369477911646 0.1374246987951807 0.5565595716198126 0.13328313253012047 0.5535475234270415 0.1278237951807229 0.5518741633199464 0.10824548192771084 0.5505354752342704 0.09864457831325302 0.5525435073627845 0.06890060240963855 0.5669344042838018 0.06475903614457831 0.5699464524765729 0.0625 0.574966532797858 0.06193524096385542 0.5793172690763052 0.06061746987951807 0.5833333333333334 0.05911144578313253 0.5943775100401607 0.05892319277108434 0.6131191432396251 0.0572289156626506 0.6204819277108433
8 0.46724397590361444 0.6506024096385542 0.46837349397590355 0.6539491298527443 0.4685617469879518 0.6951137884872823 0.47063253012048195 0.6991298527443106 0.4922816265060241 0.7004685408299866 0.49811746987951805 0.6984605087014726 0.5131777108433735 0.6997991967871485 0.5158132530120482 0.6977911646586344 0.516566265060241 0.6767068273092369 0.5176957831325302 0.6706827309236948 0.5190135542168675 0.6683400267737617 0.5193900602409639 0.6599732262382865 0.5199548192771084 0.6579651941097724 0.5203313253012047 0.6358768406961177 0.5192018072289156 0.6275100401606425 0.5190135542168675 0.6007362784471219 0.5173192771084337 0.5903614457831325 0.5160015060240963 0.5863453815261044 0.5158132530120482 0.5826639892904952 0.5141189759036144 0.5773092369477911 0.5131777108433735 0.5759705488621152 0.5094126506024096 0.57429718875502 0.49039909638554213 0.57429718875502 0.4841867469879518 0.5773092369477911 0.4802334337349397 0.5883534136546185 0.47646837349397586 0.6040829986613119 0.473644578313253 0.6111111111111112 0.47157379518072284 0.6238286479250335 0.46818524096385544 0.639223560910308 0.46573795180722893 0.642235609103079 0.4634789156626506 0.643239625167336 0.4634789156626506 0.646921017402945 0.46724397590361444 0.6506024096385542
1 0.3782003012048193 0.5425033467202142 0.3797063253012048 0.5455153949129853 0.38836596385542166 0.5445113788487282 0.4009789156626506 0.5478580990629184 0.4054969879518072 0.5445113788487282 0.40813253012048195 0.5411646586345381 0.41001506024096385 0.5331325301204819 0.4137801204819277 0.5227576974564926 0.4137801204819277 0.5187416331994645 0.4117093373493976 0.5130522088353413 0.4054969879518072 0.5070281124497992 0.39928463855421686 0.5043507362784472 0.39344879518072284 0.5043507362784472 0.3872364457831325 0.5070281124497992 0.3830948795180723 0.5110441767068272 0.3774472891566265 0.5267737617135207 0.3774472891566265 0.538821954484605 0.3782003012048193 0.5425033467202142
1 0.36332831325301207 0.7118473895582329 0.36351656626506024 0.7128514056224899 0.36238704819277107 0.715194109772423 0.36314006024096385 0.7161981258366801 0.3625753012048193 0.717202141900937 0.3629518072289156 0.7178714859437751 0.3637048192771084 0.713855421686747 0.3629518072289156 0.7081659973226238 0.3625753012048193 0.7098393574297189 0.36238704819277107 0.7125167336010709 0.36332831325301207 0.7118473895582329
1 0.333019578313253 0.6542838018741634 0.3324548192771084 0.6633199464524765 0.333019578313253 0.6683400267737617 0.34487951807228917 0.6703480589022758 0.3480798192771084 0.6696787148594376 0.34977409638554213 0.6670013386880856 0.3503388554216867 0.6646586345381527 0.3509036144578313 0.6509370816599732 0.3516566265060241 0.6472556894243641 0.3541039156626506 0.642904953145917 0.35881024096385544 0.6419009370816599 0.3638930722891566 0.642904953145917 0.36539909638554213 0.646921017402945 0.36539909638554213 0.6546184738955823 0.36445783132530124 0.6569611780455153 0.3625753012048193 0.6586345381526105 0.3614457831325301 0.6643239625167335 0.3614457831325301 0.6716867469879517 0.3625753012048193 0.6763721552878179 0.36558734939759036 0.6817269076305221 0.3670933734939759 0.6830655957161981 0.37330572289156627 0.6860776439089692 0.3770707831325301 0.6860776439089692 0.3785768072289156 0.6813922356091031 0.3804593373493976 0.6663319946452476 0.3840361445783132 0.6616465863453814 0.3874246987951807 0.6609772423025434 0.3908132530120482 0.6566265060240963 0.39231927710843373 0.6482597054886211 0.39326054216867473 0.6321954484605087 0.39175451807228917 0.6161311914323961 0.3908132530120482 0.6124497991967871 0.38893072289156627 0.6117804551539491 0.385730421686747 0.6057563587684069 0.38347138554216864 0.6034136546184738 0.3804593373493976 0.6017402945113788 0.3772590361445783 0.6027443105756359 0.370105421686747 0.6014056224899598 0.35466867469879515 0.6017402945113788 0.3527861445783132 0.6020749665327978 0.348644578313253 0.606091030789826 0.34657379518072284 0.610776439089692 0.34186746987951805 0.6161311914323961 0.33772590361445787 0.6234939759036144 0.3352786144578313 0.6315261044176707 0.3337725903614458 0.6408969210174029 0.33414909638554213 0.6479250334672022 0.333019578313253 0.6542838018741634
1 0.5506400602409639 0.5153949129852744 0.5515813253012047 0.5200803212851406 0.550828313253012 0.5291164658634537 0.550828313253012 0.5371485943775101 0.5515813253012047 0.5411646586345381 0.5538403614457832 0.5435073627844712 0.5658885542168675 0.5431726907630522 0.5745481927710844 0.5455153949129853 0.5758659638554217 0.5431726907630522 0.5762424698795181 0.5394912985274432 0.5766189759036144 0.5227576974564926 0.575301204819277 0.5167336010709505 0.5745481927710844 0.5087014725568942 0.5734186746987951 0.5056894243641231 0.5711596385542168 0.502342704149933 0.5675828313253012 0.5013386880856759 0.5579819277108433 0.502342704149933 0.5542168674698795 0.5056894243641231 0.5528990963855421 0.5117135207496654 0.5506400602409639 0.5153949129852744
5 0.6750753012048193 0.8898929049531459 0.677710843373494 0.8919009370816599 0.680722891566265 0.896921017402945 0.6822289156626505 0.9046184738955823 0.6852409638554217 0.9146586345381527 0.685617469879518 0.9226907630522088 0.6888177710843373 0.930053547523427 0.6918298192771084 0.9340696117804552 0.6935240963855421 0.9454484605087013 0.6939006024096386 0.9601740294511378 0.697289156626506 0.9725568942436412 0.6989834337349398 0.9759036144578312 0.7035015060240964 0.9775769745649263 0.712914156626506 0.9846050870147255 0.7172439759036144 0.9849397590361446 0.7234563253012049 0.9876171352074965 0.7339984939759036 0.9899598393574296 0.7447289156626505 0.9899598393574296 0.7477409638554217 0.9912985274431058 0.7520707831325302 0.9902945113788486 0.7631777108433734 0.9902945113788486 0.7725903614457832 0.9869477911646586 0.7742846385542168 0.9842704149933065 0.7759789156626505 0.966532797858099 0.776355421686747 0.9554886211512718 0.774472891566265 0.9437751004016064 0.7731551204819277 0.928714859437751 0.7682605421686747 0.9093038821954484 0.7643072289156626 0.8995983935742972 0.7628012048192772 0.8939089692101739 0.7628012048192772 0.8908969210174029 0.763742469879518 0.8888888888888888 0.7658132530120482 0.8875502008032128 0.7678840361445783 0.8835341365461846 0.7678840361445783 0.8798527443105756 0.7660015060240964 0.8765060240963856 0.7611069277108433 0.8761713520749665 0.7577183734939759 0.8728246318607764 0.755835843373494 0.8664658634538152 0.7488704819277109 0.8510709504685408 0.7443524096385542 0.8376840696117804 0.743222891566265 0.8363453815261044 0.7426581325301205 0.8329986613119144 0.7379518072289157 0.8216198125836679 0.7366340361445783 0.820281124497992 0.7345632530120482 0.8142570281124498 0.7289156626506025 0.8099062918340026 0.7240210843373495 0.8089022757697456 0.7174322289156626 0.8055555555555556 0.7093373493975903 0.8038821954484605 0.7001129518072289 0.8022088353413653 0.6888177710843373 0.8025435073627845 0.6833584337349398 0.8038821954484605 0.6788403614457832 0.8068942436412315 0.6750753012048193 0.8132530120481927 0.6726280120481927 0.82429718875502 0.6724397590361446 0.8343373493975903 0.671875 0.8370147255689424 0.671875 0.8805220883534136 0.6750753012048193 0.8898929049531459
5 0.6841114457831325 0.6131191432396251 0.685617469879518 0.6171352074966533 0.6873117469879518 0.6178045515394913 0.6912650602409639 0.6224899598393573 0.6961596385542168 0.6348728246318608 0.7283509036144579 0.6362115127175367 0.7311746987951807 0.6348728246318608 0.7336219879518071 0.6291834002677376 0.7336219879518071 0.6181392235609103 0.7311746987951807 0.6087684069611781 0.7283509036144579 0.6024096385542168 0.7272213855421688 0.5947121820615796 0.7238328313253012 0.5860107095046854 0.7172439759036144 0.5756358768406961 0.7132906626506025 0.572958500669344 0.7051957831325302 0.571619812583668 0.6907003012048193 0.57429718875502 0.686558734939759 0.5783132530120482 0.6846762048192772 0.5846720214190093 0.6833584337349398 0.5973895582329317 0.6841114457831325 0.6131191432396251
1 0.3591867469879518 0.5167336010709505 0.3629518072289156 0.5220883534136546 0.36445783132530124 0.5227576974564926 0.36634036144578314 0.5254350736278447 0.37349397590361444 0.5264390896921017 0.37669427710843373 0.5254350736278447 0.3785768072289156 0.5200803212851406 0.38027108433734935 0.5177376171352075 0.3821536144578313 0.5100401606425703 0.38365963855421686 0.5090361445783133 0.384789156626506 0.5066934404283802 0.38761295180722893 0.5050200803212851 0.39006024096385544 0.5020080321285141 0.39006024096385544 0.501004016064257 0.3881777108433735 0.4969879518072289 0.3804593373493976 0.4906291834002677 0.37914156626506024 0.4916331994645248 0.37029367469879515 0.4909638554216867 0.36634036144578314 0.4926372155287818 0.3618222891566265 0.4969879518072289 0.3591867469879518 0.5043507362784472 0.358433734939759 0.5087014725568942 0.35824548192771083 0.5127175368139224 0.3591867469879518 0.5167336010709505
1 0.15097891566265062 0.6331994645247656 0.15173192771084335 0.6362115127175367 0.15455572289156624 0.6395582329317269 0.15756777108433737 0.6412315930388219 0.16490963855421686 0.639223560910308 0.17394578313253012 0.6395582329317269 0.18919427710843373 0.642235609103079 0.19333584337349397 0.644243641231593 0.19672439759036142 0.6419009370816599 0.19841867469879518 0.6358768406961177 0.20218373493975902 0.6311914323962516 0.20519578313253012 0.6301874163319946 0.21347891566265062 0.6244979919678715 0.21818524096385541 0.6251673360107094 0.22138554216867468 0.6234939759036144 0.22232680722891565 0.6214859437751004 0.22307981927710843 0.6164658634538152 0.22307981927710843 0.6117804551539491 0.22251506024096385 0.609772423025435 0.22289156626506024 0.6014056224899598 0.22213855421686746 0.5963855421686747 0.22044427710843373 0.5930388219544845 0.21291415662650603 0.5900267737617134 0.2108433734939759 0.5876840696117804 0.20858433734939757 0.5866800535475234 0.20726656626506024 0.5846720214190093 0.19277108433734938 0.5803212851405622 0.17996987951807228 0.5803212851405622 0.17545180722891565 0.5813253012048192 0.17168674698795178 0.5846720214190093 0.16980421686746988 0.5883534136546185 0.1635918674698795 0.5943775100401607 0.1622740963855422 0.5980589022757697 0.1594503012048193 0.6020749665327978 0.15549698795180722 0.610107095046854 0.15097891566265062 0.6134538152610441 0.15041415662650603 0.6151271753681392 0.15097891566265062 0.6331994645247656
4 0.1462725903614458 0.5612449799196787 0.1462725903614458 0.5662650602409639 0.14702560240963855 0.5689424364123159 0.15154367469879518 0.5759705488621152 0.15210843373493976 0.5866800535475234 0.15455572289156624 0.5987282463186078 0.16095632530120482 0.5950468540829986 0.16528614457831325 0.5900267737617134 0.1686746987951807 0.5880187416331994 0.1746987951807229 0.5799866131191432 0.1925828313253012 0.5796519410977242 0.19954819277108432 0.5779785809906292 0.1999246987951807 0.5769745649263721 0.2006777108433735 0.5599062918340026 0.19954819277108432 0.5572289156626505 0.19954819277108432 0.5555555555555556 0.19841867469879518 0.5542168674698795 0.19785391566265062 0.5505354752342704 0.192394578313253 0.5508701472556894 0.19164156626506024 0.5481927710843374 0.1850527108433735 0.5421686746987951 0.1690512048192771 0.539156626506024 0.1586972891566265 0.5401606425702811 0.15436746987951808 0.5418340026773761 0.1511671686746988 0.5448460508701473 0.14871987951807228 0.5522088353413654 0.1483433734939759 0.5558902275769745 0.1462725903614458 0.5612449799196787
1 0.7260918674698795 0.6907630522088353 0.727597891566265 0.6937751004016064 0.735316265060241 0.6967871485943775 0.737387048192771 0.6997991967871485 0.7396460843373495 0.7058232931726907 0.7407756024096386 0.7208835341365462 0.744164156626506 0.7272423025435073 0.7486822289156626 0.7272423025435073 0.754894578313253 0.7228915662650601 0.7603539156626505 0.7232262382864791 0.7650602409638554 0.7252342704149932 0.790097891566265 0.7262382864792504 0.7938629518072289 0.7252342704149932 0.7961219879518071 0.7195448460508701 0.7970632530120482 0.714190093708166 0.7972515060240964 0.7058232931726907 0.7964984939759036 0.7034805890227577 0.7961219879518071 0.6954484605087013 0.7936746987951807 0.6850736278447122 0.7923569277108433 0.6830655957161981 0.7906626506024096 0.677710843373494 0.7891566265060241 0.67570281124498 0.7865210843373495 0.6646586345381527 0.7850150602409639 0.6626506024096386 0.7831325301204819 0.6562918340026774 0.7784262048192772 0.646586345381526 0.7776731927710843 0.643239625167336 0.7697665662650602 0.6315261044176707 0.7658132530120482 0.6281793842034806 0.7543298192771084 0.6241633199464525 0.7407756024096386 0.6248326639892904 0.7366340361445783 0.6265060240963856 0.7332454819277109 0.6311914323962516 0.732492469879518 0.6345381526104418 0.7302334337349398 0.6388888888888888 0.728539156626506 0.644243641231593 0.7268448795180723 0.6502677376171351 0.7264683734939759 0.6572958500669344 0.7251506024096386 0.6629852744310576 0.7249623493975903 0.67904953145917 0.7260918674698795 0.6907630522088353
1 0.2654367469879518 0.6639892904953145 0.2688253012048193 0.6770414993306559 0.27183734939759036 0.678714859437751 0.2765436746987952 0.6770414993306559 0.2791792168674699 0.6686746987951807 0.2966867469879518 0.6690093708165997 0.3034638554216867 0.6706827309236948 0.306664156626506 0.6783801874163319 0.31061746987951805 0.679384203480589 0.31551204819277107 0.6683400267737617 0.31551204819277107 0.6629852744310576 0.31645331325301207 0.6599732262382865 0.32210090361445787 0.6539491298527443 0.3247364457831325 0.6526104417670682 0.32850150602409633 0.6526104417670682 0.33076054216867473 0.6492637215528781 0.3317018072289156 0.6455823293172691 0.3324548192771084 0.6271753681392235 0.33151355421686746 0.6208165997322623 0.3283132530120482 0.610441767068273 0.3258659638554217 0.6080990629183399 0.3215361445783132 0.606091030789826 0.3190888554216867 0.6017402945113788 0.31532379518072284 0.5977242302543507 0.31099397590361444 0.5957161981258366 0.29593373493975905 0.5940428380187416 0.28990963855421686 0.5953815261044176 0.28313253012048195 0.5987282463186078 0.2729668674698795 0.6094377510040161 0.2712725903614458 0.6124497991967871 0.2688253012048193 0.6204819277108433 0.26750753012048195 0.6278447121820615 0.265625 0.6328647925033467 0.26506024096385544 0.6439089692101739 0.2654367469879518 0.6639892904953145
5 0.4083207831325301 0.5435073627844712 0.4086972891566265 0.5455153949129853 0.4139683734939759 0.5512048192771084 0.4158509036144578 0.5522088353413654 0.41999246987951805 0.5585676037483266 0.42582831325301207 0.5645917001338687 0.4284638554216867 0.5652610441767069 0.43128765060240964 0.5676037483266398 0.4342996987951807 0.5672690763052208 0.43561746987951805 0.5659303882195448 0.4373117469879518 0.5599062918340026 0.43919427710843373 0.5575635876840696 0.44013554216867473 0.5548862115127174 0.44126506024096385 0.5448460508701473 0.44088855421686746 0.5364792503346719 0.43599397590361444 0.5261044176706827 0.4295933734939759 0.5204149933065596 0.4177334337349397 0.5204149933065596 0.41490963855421686 0.5230923694779116 0.4126506024096386 0.5294511378848727 0.4109563253012048 0.5321285140562249 0.4098268072289156 0.5394912985274432 0.4083207831325301 0.5435073627844712
1 0.3313253012048193 0.5381526104417671 0.3358433734939759 0.5471887550200802 0.3360316265060241 0.5512048192771084 0.3369728915662651 0.5545515394912985 0.337914156626506 0.5565595716198126 0.3392319277108434 0.5572289156626505 0.34544427710843373 0.5518741633199464 0.348644578313253 0.5478580990629184 0.3541039156626506 0.5468540829986613 0.35881024096385544 0.5441767068273092 0.36314006024096385 0.5441767068273092 0.36445783132530124 0.5425033467202142 0.3669051204819277 0.5257697456492637 0.3616340361445783 0.5197456492637215 0.35749246987951805 0.5123828647925033 0.35523343373493976 0.5110441767068272 0.3473268072289156 0.5137215528781793 0.33866716867469876 0.5143908969210174 0.3360316265060241 0.5160642570281124 0.3345256024096386 0.5174029451137885 0.32944277108433734 0.5277777777777778 0.32925451807228917 0.5301204819277108 0.3313253012048193 0.5381526104417671
1 0.5536521084337349 0.5906961178045516 0.5523343373493975 0.6010709504685408 0.5513930722891567 0.603078982597055 0.5493222891566265 0.6037483266398929 0.5483810240963854 0.6057563587684069 0.5483810240963854 0.6091030789825971 0.5512048192771084 0.6137884872824633 0.5515813253012047 0.6161311914323961 0.550828313253012 0.6221552878179385 0.5512048192771084 0.6301874163319946 0.5500753012048193 0.6398929049531459 0.5500753012048193 0.6582998661311914 0.5512048192771084 0.6596385542168675 0.5540286144578312 0.6599732262382865 0.5579819277108433 0.6556224899598393 0.5817018072289156 0.6559571619812584 0.5847138554216867 0.6572958500669344 0.5875376506024096 0.6613119143239624 0.5897966867469879 0.6603078982597055 0.5914909638554217 0.6546184738955823 0.5916792168674698 0.6419009370816599 0.5907379518072289 0.6345381526104418 0.590926204819277 0.6231593038821954 0.5897966867469879 0.6174698795180723 0.5897966867469879 0.6124497991967871 0.5922439759036144 0.609772423025435 0.5922439759036144 0.606091030789826 0.5892319277108433 0.6044176706827309 0.5877259036144578 0.6017402945113788 0.5850903614457832 0.5796519410977242 0.5833960843373494 0.571619812583668 0.5815135542168675 0.5679384203480589 0.5760542168674698 0.5642570281124497 0.5623117469879518 0.5642570281124497 0.5574171686746988 0.5696117804551539 0.5538403614457832 0.5793172690763052 0.5532756024096386 0.5853413654618473 0.5536521084337349 0.5906961178045516
8 0.28426204819277107 0.5639223560910308 0.2944277108433735 0.575301204819277 0.2993222891566265 0.5836680053547523 0.3004518072289156 0.5843373493975904 0.307605421686747 0.5840026773761713 0.31777108433734935 0.5873493975903614 0.3207831325301205 0.5850066934404283 0.32210090361445787 0.5809906291834003 0.3237951807228916 0.5783132530120482 0.3258659638554217 0.5766398929049531 0.33151355421686746 0.574966532797858 0.3349021084337349 0.571285140562249 0.3356551204819277 0.5682730923694779 0.3356551204819277 0.5502008032128514 0.3324548192771084 0.5431726907630522 0.33226656626506024 0.5401606425702811 0.33113704819277107 0.5381526104417671 0.32906626506024095 0.5304551539491298 0.32661897590361444 0.5277777777777778 0.31852409638554213 0.5247657295850067 0.3023343373493976 0.5247657295850067 0.29310993975903615 0.5291164658634537 0.28990963855421686 0.5317938420348058 0.286144578313253 0.539825970548862 0.285203313253012 0.5505354752342704 0.2836972891566265 0.5552208835341366 0.28350903614457834 0.5615796519410977 0.28426204819277107 0.5639223560910308
1 0.35335090361445787 0.7346050870147255 0.35429216867469876 0.7372824631860776 0.3557981927710844 0.7386211512717537 0.35805722891566266 0.7275769745649263 0.3573042168674699 0.7259036144578312 0.35711596385542166 0.7192101740294511 0.35636295180722893 0.717536813922356 0.3557981927710844 0.717202141900937 0.3541039156626506 0.7202141900937081 0.35466867469879515 0.7275769745649263 0.35335090361445787 0.7346050870147255
1 0.2932981927710843 0.7379518072289156 0.29348644578313254 0.7479919678714859 0.29518072289156627 0.7546854082998662 0.29725150602409633 0.7576974564926372 0.29969879518072284 0.7590361445783133 0.34224397590361444 0.7593708165997322 0.34487951807228917 0.7603748326639893 0.34902108433734935 0.7590361445783133 0.3503388554216867 0.7553547523427041 0.3520331325301205 0.7419678714859438 0.3505271084337349 0.7376171352074967 0.3514683734939759 0.7346050870147255 0.3505271084337349 0.7302543507362784 0.3520331325301205 0.7188755020080321 0.3514683734939759 0.7128514056224899 0.3505271084337349 0.7101740294511378 0.3509036144578313 0.7064926372155287 0.3503388554216867 0.7031459170013387 0.3484563253012048 0.7014725568942436 0.34676204819277107 0.6974564926372154 0.34751506024096385 0.6924364123159304 0.3473268072289156 0.6723560910307897 0.34243222891566266 0.6703480589022758 0.3245481927710844 0.6706827309236948 0.31777108433734935 0.6736947791164658 0.3132530120481928 0.6780455153949129 0.3102409638554217 0.6827309236947791 0.30835843373493976 0.6887550200803212 0.3049698795180723 0.6957831325301205 0.30214608433734935 0.7061579651941097 0.29518072289156627 0.7222222222222222 0.29423945783132527 0.7289156626506025 0.29423945783132527 0.7349397590361446 0.2932981927710843 0.7379518072289156
1 0.3384789156626506 0.5937081659973226 0.3416792168674699 0.5957161981258366 0.34337349397590355 0.5957161981258366 0.3482680722891566 0.5940428380187416 0.3565512048192771 0.5930388219544845 0.36050451807228917 0.5940428380187416 0.36314006024096385 0.5967202141900937 0.3669051204819277 0.5973895582329317 0.3704819277108434 0.5937081659973226 0.3721762048192771 0.5873493975903614 0.37368222891566266 0.5843373493975904 0.3795180722891566 0.5819946452476573 0.3817771084337349 0.5793172690763052 0.38196536144578314 0.5655957161981258 0.3815888554216867 0.5619143239625167 0.38008283132530124 0.5568942436412315 0.37274096385542166 0.5481927710843374 0.3591867469879518 0.5458500669344043 0.348644578313253 0.5491967871485944 0.3452560240963855 0.5525435073627845 0.34375 0.5555555555555556 0.34318524096385544 0.5585676037483266 0.34205572289156627 0.5599062918340026 0.33998493975903615 0.5682730923694779 0.337914156626506 0.571285140562249 0.33753765060240964 0.5736278447121821 0.3371611445783132 0.5883534136546185 0.3384789156626506 0.5937081659973226
5 0.3851656626506024 0.5853413654618473 0.3851656626506024 0.5973895582329317 0.38554216867469876 0.6000669344042838 0.3870481927710844 0.6034136546184738 0.40662650602409633 0.6034136546184738 0.4150978915662651 0.6054216867469878 0.4186746987951807 0.6024096385542168 0.42149849397590355 0.5940428380187416 0.4262048192771084 0.5893574297188755 0.4286521084337349 0.573962516733601 0.427710843373494 0.5686077643908969 0.4254518072289156 0.5639223560910308 0.4162274096385542 0.5525435073627845 0.41152108433734935 0.5495314591700133 0.4009789156626506 0.5491967871485944 0.3977786144578313 0.5515394912985274 0.3930722891566265 0.5582329317269076 0.3921310240963855 0.5615796519410977 0.390625 0.5639223560910308 0.38930722891566266 0.570281124497992 0.3864834337349397 0.574966532797858 0.3861069277108434 0.5769745649263721 0.38591867469879515 0.5823293172690763 0.3851656626506024 0.5853413654618473
2 0.6507906626506025 0.5665997322623828 0.6507906626506025 0.5806559571619813 0.6509789156626505 0.5823293172690763 0.6515436746987951 0.5823293172690763 0.6530496987951807 0.5793172690763052 0.6541792168674698 0.5682730923694779 0.65625 0.5665997322623828 0.6600150602409639 0.5659303882195448 0.6613328313253012 0.5635876840696118 0.6617093373493975 0.5548862115127174 0.6585090361445783 0.5475234270414993 0.6579442771084337 0.5418340026773761 0.654367469879518 0.5418340026773761 0.6524849397590361 0.5485274431057563 0.649472891566265 0.5538821954484605 0.6492846385542168 0.5585676037483266 0.6507906626506025 0.5665997322623828
2 0.08904367469879518 0.9755689424364122 0.08942018072289157 0.9846050870147255 0.09111445783132531 0.9912985274431058 0.09280873493975904 0.9956492637215528 0.09450301204819277 0.9979919678714859 0.09450301204819277 0.999665327978581 0.1197289156626506 0.999665327978581 0.1197289156626506 0.9946452476572958 0.11765813253012049 0.9882864792503346 0.11634036144578312 0.9862784471218206 0.1123870481927711 0.9849397590361446 0.11106927710843373 0.9815930388219544 0.10899849397590361 0.9795850066934404 0.10786897590361445 0.9762382864792504 0.10429216867469879 0.9742302543507363 0.10259789156626506 0.9715528781793842 0.10316265060240964 0.9568273092369478 0.10222138554216868 0.9531459170013387 0.10033885542168675 0.9501338688085675 0.09826807228915663 0.9487951807228916 0.09487951807228916 0.9487951807228916 0.09280873493975904 0.9501338688085675 0.08998493975903614 0.9531459170013387 0.08772590361445783 0.9598393574297188 0.08716114457831325 0.966867469879518 0.08904367469879518 0.9755689424364122
4 0.16490963855421686 0.7807898259705488 0.16603915662650603 0.7838018741633199 0.17281626506024098 0.787483266398929 0.17582831325301204 0.7968540829986613 0.17827560240963855 0.8018741633199463 0.182605421686747 0.8032128514056225 0.18674698795180722 0.8012048192771084 0.18938253012048192 0.7968540829986613 0.19013554216867468 0.7935073627844711 0.19277108433734938 0.7904953145917001 0.19879518072289157 0.7904953145917001 0.20500753012048192 0.7888219544846051 0.21404367469879518 0.7888219544846051 0.21987951807228914 0.78714859437751 0.22082078313253012 0.78714859437751 0.22232680722891565 0.7904953145917001 0.22270331325301204 0.7945113788487282 0.22402108433734938 0.7985274431057563 0.2264683734939759 0.8005354752342704 0.2315512048192771 0.8002008032128514 0.23456325301204817 0.7985274431057563 0.23776355421686746 0.7911646586345381 0.23908132530120482 0.7687416331994645 0.24134036144578314 0.7620481927710843 0.24510542168674695 0.7627175368139224 0.24849397590361447 0.7607095046854083 0.25018825301204817 0.7590361445783133 0.2524472891566265 0.754016064257028 0.2547063253012048 0.7523427041499331 0.2584713855421687 0.7576974564926372 0.2624246987951807 0.7576974564926372 0.26581325301204817 0.75334672021419 0.26731927710843373 0.745983935742972 0.2676957831325301 0.7392904953145917 0.26656626506024095 0.7044846050870147 0.26581325301204817 0.7014725568942436 0.2620481927710843 0.6994645247657295 0.2599774096385542 0.6971218206157965 0.254894578313253 0.6971218206157965 0.25301204819277107 0.6954484605087013 0.25056475903614456 0.6917670682730923 0.25018825301204817 0.6894243641231592 0.24887048192771083 0.6870816599732262 0.24378765060240964 0.6827309236947791 0.22966867469879518 0.681057563587684 0.21517319277108432 0.681057563587684 0.21347891566265062 0.679384203480589 0.21009036144578314 0.679384203480589 0.2082078313253012 0.6837349397590361 0.20293674698795178 0.6880856760374833 0.19653614457831325 0.6957831325301205 0.19427710843373494 0.7051539491298527 0.192394578313253 0.7101740294511378 0.19182981927710843 0.715194109772423 0.18919427710843373 0.7222222222222222 0.18317018072289157 0.7299196787148594 0.16999246987951808 0.7409638554216867 0.1686746987951807 0.7436412315930389 0.16773343373493976 0.7439759036144579 0.16660391566265062 0.7476572958500669 0.1667921686746988 0.7637215528781793 0.16490963855421686 0.7807898259705488
4 0.032003012048192774 0.8032128514056225 0.032003012048192774 0.8075635876840696 0.03275602409638554 0.8105756358768406 0.03520331325301205 0.8119143239625167 0.04442771084337349 0.8135876840696118 0.04631024096385542 0.8155957161981258 0.04932228915662651 0.8249665327978581 0.05045180722891566 0.8263052208835341 0.05289909638554217 0.8269745649263721 0.05327560240963855 0.8279785809906292 0.058734939759036146 0.8279785809906292 0.061370481927710836 0.8256358768406961 0.06419427710843373 0.8246318607764391 0.06645331325301204 0.8212851405622489 0.07097138554216867 0.8182730923694779 0.09243222891566265 0.8152610441767068 0.09544427710843373 0.8162650602409639 0.09864457831325302 0.821954484605087 0.10033885542168675 0.822623828647925 0.10523343373493975 0.8279785809906292 0.1095632530120482 0.8296519410977241 0.11351656626506024 0.8266398929049531 0.11615210843373493 0.82095046854083 0.11728162650602408 0.8145917001338687 0.11822289156626506 0.7975234270414993 0.12161144578313253 0.7918340026773761 0.13253012048192772 0.78714859437751 0.1404367469879518 0.7794511378848727 0.1430722891566265 0.7757697456492637 0.14759036144578314 0.7720883534136546 0.15097891566265062 0.7714190093708166 0.15474397590361447 0.7737617135207496 0.15813253012048192 0.7724230254350736 0.16001506024096385 0.7697456492637216 0.16208584337349397 0.7647255689424364 0.16283885542168675 0.7593708165997322 0.16378012048192772 0.7466532797858099 0.16378012048192772 0.7349397590361446 0.16039156626506024 0.7161981258366801 0.15888554216867468 0.7118473895582329 0.15737951807228914 0.7101740294511378 0.1534262048192771 0.7088353413654618 0.14382530120481926 0.7081659973226238 0.13949548192771083 0.7031459170013387 0.13328313253012047 0.6984605087014726 0.12612951807228917 0.6971218206157965 0.11634036144578312 0.6971218206157965 0.11314006024096386 0.6957831325301205 0.0990210843373494 0.6957831325301205 0.09412650602409638 0.6971218206157965 0.08998493975903614 0.6987951807228916 0.08527861445783132 0.7031459170013387 0.08433734939759036 0.7051539491298527 0.07718373493975904 0.7105087014725568 0.0730421686746988 0.7182061579651942 0.07059487951807229 0.7275769745649263 0.06927710843373494 0.7382864792503346 0.06682981927710843 0.7416331994645248 0.06193524096385542 0.7439759036144579 0.05365210843373494 0.7520080321285141 0.04932228915662651 0.754016064257028 0.039909638554216864 0.7613788487282462 0.034450301204819275 0.7684069611780454 0.03313253012048193 0.7774431057563588 0.03313253012048193 0.7978580990629183 0.032003012048192774 0.8032128514056225
4 0.22853915662650603 0.6221552878179385 0.23268072289156624 0.6318607764390897 0.23512801204819275 0.6348728246318608 0.23814006024096385 0.6362115127175367 0.24115210843373494 0.6338688085676037 0.24303463855421686 0.6285140562248996 0.2445406626506024 0.6275100401606425 0.2552710843373494 0.6265060240963856 0.259789156626506 0.6288487282463185 0.2626129518072289 0.6288487282463185 0.26449548192771083 0.6275100401606425 0.26581325301204817 0.6261713520749665 0.2676957831325301 0.6211512717536813 0.2692018072289156 0.6191432396251673 0.2710843373493976 0.6111111111111112 0.27447289156626503 0.6057563587684069 0.28350903614457834 0.5970548862115126 0.2944277108433735 0.5923694779116465 0.29631024096385544 0.5906961178045516 0.29781626506024095 0.5870147255689424 0.29781626506024095 0.5816599732262383 0.29631024096385544 0.5773092369477911 0.291039156626506 0.572623828647925 0.28708584337349397 0.5669344042838018 0.28219126506024095 0.5625836680053548 0.2596009036144578 0.5612449799196787 0.25131777108433734 0.5639223560910308 0.24811746987951808 0.5669344042838018 0.2469879518072289 0.5692771084337349 0.24341114457831325 0.572958500669344 0.23851656626506024 0.5853413654618473 0.23550451807228914 0.5883534136546185 0.2292921686746988 0.5920348058902275 0.22759789156626506 0.5957161981258366 0.22740963855421686 0.6127844712182061 0.22853915662650603 0.6221552878179385
5 0.20011295180722893 0.9257028112449798 0.21027861445783133 0.9283801874163319 0.2260918674698795 0.930388219544846 0.2535768072289156 0.92904953145917 0.2577183734939759 0.9283801874163319 0.26223644578313254 0.9260374832663989 0.26656626506024095 0.9260374832663989 0.269578313253012 0.9283801874163319 0.27259036144578314 0.92904953145917 0.27579066265060237 0.9260374832663989 0.27748493975903615 0.9220214190093707 0.2788027108433735 0.9126506024096386 0.27936746987951805 0.8989290495314591 0.2804969879518072 0.893239625167336 0.28294427710843373 0.8908969210174029 0.285203313253012 0.8865461847389559 0.28783885542168675 0.8835341365461846 0.2912274096385542 0.8738286479250335 0.2916039156626506 0.8698125836680054 0.29423945783132527 0.8644578313253012 0.2966867469879518 0.860776439089692 0.3004518072289156 0.8587684069611781 0.3034638554216867 0.8554216867469878 0.3045933734939759 0.8527443105756359 0.307605421686747 0.8296519410977241 0.3072289156626506 0.8165997322623829 0.3051581325301205 0.8045515394912984 0.3036521084337349 0.8022088353413653 0.2904743975903614 0.7965194109772423 0.27447289156626503 0.7935073627844711 0.254894578313253 0.7921686746987951 0.24849397590361447 0.7931726907630522 0.24134036144578314 0.7928380187416332 0.23832831325301204 0.7938420348058902 0.23569277108433737 0.7988621151271753 0.23023343373493976 0.8038821954484605 0.22684487951807228 0.8099062918340026 0.2136671686746988 0.8396921017402945 0.2108433734939759 0.8497322623828647 0.20952560240963855 0.8517402945113788 0.20839608433734938 0.8557563587684069 0.20613704819277107 0.859437751004016 0.20425451807228914 0.8644578313253012 0.203125 0.8654618473895582 0.20199548192771083 0.8714859437751004 0.1980421686746988 0.8811914323962516 0.19728915662650603 0.8868808567603749 0.19785391566265062 0.8908969210174029 0.1971009036144578 0.893239625167336 0.19653614457831325 0.9002677376171351 0.19728915662650603 0.9216867469879517 0.20011295180722893 0.9257028112449798
0 0.20143072289156624 0.5779785809906292 0.20218373493975902 0.5793172690763052 0.2053840361445783 0.5819946452476573 0.21234939759036142 0.5843373493975904 0.22345632530120482 0.5910307898259705 0.2264683734939759 0.5906961178045516 0.23060993975903615 0.5873493975903614 0.23569277108433737 0.5863453815261044 0.23776355421686746 0.5850066934404283 0.24284638554216867 0.572958500669344 0.24830572289156624 0.5649263721552878 0.254894578313253 0.5609103078982597 0.26656626506024095 0.5589022757697456 0.2699548192771084 0.5565595716198126 0.27259036144578314 0.5562248995983935 0.2729668674698795 0.5572289156626505 0.2765436746987952 0.5585676037483266 0.2804969879518072 0.5585676037483266 0.28181475903614456 0.5572289156626505 0.28237951807228917 0.5538821954484605 0.2838855421686747 0.5512048192771084 0.28501506024096385 0.5421686746987951 0.2893448795180723 0.5314591700133868 0.3000753012048193 0.5251004016064257 0.31061746987951805 0.5240963855421686 0.31419427710843373 0.5220883534136546 0.3145707831325301 0.4926372155287818 0.31381777108433734 0.48728246318607765 0.3147590361445783 0.4742302543507363 0.31381777108433734 0.4722222222222222 0.31118222891566266 0.47054886211512714 0.28539156626506024 0.46921017402945114 0.27616716867469876 0.4702141900937082 0.26901355421686746 0.4762382864792503 0.254894578313253 0.47791164658634533 0.24359939759036142 0.48293172690763053 0.23870481927710843 0.4836010709504685 0.23381024096385541 0.48661311914323957 0.229480421686747 0.49230254350736274 0.21216114457831325 0.49832663989290493 0.21065512048192772 0.500669344042838 0.2053840361445783 0.502677376171352 0.203125 0.5043507362784472 0.2027484939759036 0.5056894243641231 0.20218373493975902 0.5113788487282463 0.20199548192771083 0.5374832663989291 0.20124246987951808 0.5431726907630522 0.20124246987951808 0.571285140562249 0.20143072289156624 0.5779785809906292
3 0.6524849397590361 0.5883534136546185 0.654367469879518 0.5927041499330655 0.6579442771084337 0.5940428380187416 0.6585090361445783 0.5903614457831325 0.6596385542168675 0.5880187416331994 0.6603915662650602 0.5799866131191432 0.6603915662650602 0.5652610441767069 0.6598268072289157 0.5639223560910308 0.6583207831325302 0.5632530120481927 0.6541792168674698 0.5639223560910308 0.6528614457831325 0.5682730923694779 0.6521084337349398 0.573962516733601 0.6517319277108434 0.5840026773761713 0.6524849397590361 0.5883534136546185
3 0.10975150602409638 0.9856091030789825 0.11389307228915663 0.9902945113788486 0.11634036144578312 0.9956492637215528 0.11878765060240964 0.9976572958500669 0.11916415662650602 0.999665327978581 0.12010542168674698 0.999665327978581 0.12048192771084337 0.9882864792503346 0.12349397590361445 0.9846050870147255 0.12292921686746988 0.9822623828647925 0.1219879518072289 0.9809236947791165 0.11822289156626506 0.9792503346720213 0.11257530120481928 0.9785809906291834 0.10975150602409638 0.9762382864792504 0.10843373493975904 0.9765729585006694 0.10749246987951808 0.9789156626506025 0.10749246987951808 0.9812583668005354 0.10975150602409638 0.9856091030789825
3 0.07473644578313253 0.9946452476572958 0.07435993975903614 0.999665327978581 0.09544427710843373 0.999665327978581 0.09544427710843373 0.9939759036144578 0.0907379518072289 0.9825970548862115 0.08885542168674698 0.9735609103078983 0.08565512048192771 0.967536813922356 0.08170180722891567 0.9658634538152611 0.07944277108433734 0.967202141900937 0.07718373493975904 0.9702141900937081 0.07586596385542167 0.9772423025435073 0.07680722891566265 0.9886211512717537 0.07473644578313253 0.9946452476572958
3 0.6521084337349398 0.48694779116465864 0.6547439759036144 0.48862115127175365 0.6579442771084337 0.48728246318607765 0.6590737951807228 0.48460508701472554 0.6596385542168675 0.4799196787148594 0.6588855421686747 0.47489959839357426 0.6573795180722891 0.4722222222222222 0.654367469879518 0.47054886211512714 0.6517319277108434 0.47322623828647925 0.650414156626506 0.47724230254350736 0.650414156626506 0.4839357429718876 0.6521084337349398 0.48694779116465864