8 0.5401041666666666 0.8401234567901235 0.5407986111111112 0.8438271604938271 0.5407986111111112 0.8493827160493828 0.5399305555555556 0.8518518518518519 0.5399305555555556 0.8626543209876544 0.5411458333333333 0.8694444444444445 0.5420138888888888 0.9021604938271606 0.5435763888888888 0.9117283950617284 0.5447916666666667 0.9151234567901234 0.5460069444444444 0.9237654320987654 0.5465277777777777 0.9280864197530865 0.5467013888888889 0.9447530864197531 0.5494791666666666 0.9527777777777777 0.5503472222222222 0.9675925925925926 0.5526041666666667 0.9783950617283951 0.553125 0.9839506172839506 0.553298611111111 0.9885802469135803 0.5527777777777777 0.9925925925925926 0.553298611111111 0.9947530864197531 0.5619791666666666 0.9975308641975309 0.5628472222222222 0.9984567901234568 0.5628472222222222 0.9996913580246913 0.5772569444444444 0.9996913580246913 0.5779513888888889 0.9975308641975309 0.5887152777777778 0.9975308641975309 0.5961805555555556 0.9959876543209876 0.598611111111111 0.9947530864197531 0.5989583333333334 0.9932098765432099 0.6024305555555556 0.9919753086419753 0.6045138888888888 0.9898148148148147 0.6067708333333334 0.9895061728395061 0.6092013888888889 0.9907407407407407 0.6121527777777778 0.9882716049382716 0.6137152777777778 0.9888888888888888 0.6147569444444444 0.9910493827160494 0.6140625 0.9950617283950618 0.6210069444444444 0.9981481481481481 0.6211805555555555 0.9996913580246913 0.6475694444444444 0.9996913580246913 0.6475694444444444 0.9984567901234568 0.6484375 0.9975308641975309 0.6510416666666666 0.9972222222222222 0.653298611111111 0.9947530864197531 0.6527777777777778 0.9759259259259259 0.6515624999999999 0.9645061728395062 0.65 0.957716049382716 0.6496527777777777 0.9496913580246913 0.6501736111111112 0.9459876543209877 0.6539930555555555 0.9425925925925925 0.6557291666666666 0.9395061728395062 0.6565972222222222 0.9354938271604938 0.6564236111111111 0.925 0.6557291666666666 0.9225308641975308 0.6546875 0.9212962962962963 0.6494791666666666 0.9228395061728395 0.6480902777777777 0.924074074074074 0.647048611111111 0.9234567901234568 0.6458333333333334 0.9191358024691358 0.6442708333333333 0.9067901234567901 0.6421875 0.8975308641975309 0.6388888888888888 0.8682098765432099 0.6348958333333333 0.8558641975308642 0.6331597222222222 0.8487654320987654 0.6322916666666666 0.8416666666666667 0.6288194444444444 0.8277777777777778 0.6276041666666666 0.825 0.6262152777777777 0.8179012345679012 0.623611111111111 0.8126543209876543 0.6232638888888888 0.8095679012345679 0.6211805555555555 0.8040123456790123 0.6178819444444444 0.7904320987654321 0.6168402777777777 0.7885802469135803 0.6163194444444444 0.7845679012345679 0.6145833333333334 0.7799382716049382 0.6105902777777777 0.7626543209876543 0.607986111111111 0.7549382716049382 0.6039930555555556 0.75 0.5965277777777778 0.7478395061728395 0.5861111111111111 0.7466049382716049 0.5585069444444444 0.7475308641975309 0.5486111111111112 0.75 0.5449652777777777 0.7530864197530863 0.5432291666666667 0.7567901234567901 0.5399305555555556 0.7916666666666666 0.5395833333333333 0.8237654320987654 0.5401041666666666 0.8401234567901235
8 0.06059027777777778 0.5638888888888889 0.0609375 0.578395061728395 0.06336805555555555 0.5814814814814815 0.06753472222222222 0.5830246913580247 0.06944444444444445 0.5864197530864198 0.0703125 0.5898148148148148 0.07118055555555555 0.5904320987654321 0.07482638888888887 0.5904320987654321 0.07847222222222222 0.5867283950617284 0.0939236111111111 0.587037037037037 0.09895833333333333 0.5861111111111111 0.1029513888888889 0.587037037037037 0.10642361111111111 0.5861111111111111 0.10781249999999999 0.5845679012345679 0.10920138888888888 0.5777777777777777 0.11145833333333333 0.5743827160493827 0.11805555555555555 0.571604938271605 0.1189236111111111 0.5700617283950616 0.12222222222222222 0.5691358024691359 0.12343749999999999 0.5691358024691359 0.12638888888888888 0.5728395061728395 0.1293402777777778 0.5709876543209876 0.1310763888888889 0.5675925925925925 0.13142361111111112 0.5623456790123457 0.13246527777777778 0.558641975308642 0.13524305555555555 0.5537037037037037 0.1371527777777778 0.5484567901234568 0.1359375 0.5265432098765432 0.13524305555555555 0.5222222222222223 0.13229166666666667 0.5135802469135803 0.12986111111111112 0.5095679012345679 0.12760416666666666 0.5083333333333333 0.11909722222222222 0.5070987654320988 0.10868055555555554 0.5070987654320988 0.10416666666666667 0.5083333333333333 0.0998263888888889 0.5111111111111111 0.0954861111111111 0.5117283950617284 0.09409722222222222 0.5132716049382716 0.08940972222222222 0.5148148148148148 0.08489583333333332 0.5185185185185185 0.08229166666666667 0.5191358024691358 0.08055555555555555 0.520679012345679 0.07083333333333333 0.5243827160493827 0.06770833333333333 0.5274691358024691 0.06579861111111111 0.5317901234567901 0.06354166666666666 0.5382716049382716 0.0625 0.5453703703703704 0.06215277777777777 0.5567901234567901 0.06059027777777778 0.5638888888888889
8 0.4170138888888889 0.3774691358024691 0.41822916666666665 0.37962962962962965 0.4192708333333333 0.3787037037037037 0.4225694444444444 0.37839506172839504 0.4244791666666667 0.37962962962962965 0.4253472222222222 0.38179012345679014 0.4291666666666667 0.38148148148148153 0.4293402777777778 0.366358024691358 0.4279513888888889 0.36419753086419754 0.4255208333333333 0.36203703703703705 0.42291666666666666 0.36203703703703705 0.41875 0.36419753086419754 0.4170138888888889 0.3669753086419753 0.4166666666666667 0.3753086419753086 0.4170138888888889 0.3774691358024691
8 0.3515625 0.4327160493827161 0.3524305555555556 0.4339506172839506 0.3560763888888889 0.4339506172839506 0.3571180555555556 0.43209876543209874 0.3576388888888889 0.42839506172839503 0.35920138888888886 0.4256172839506173 0.3616319444444444 0.42376543209876544 0.3708333333333333 0.42376543209876544 0.3744791666666667 0.4280864197530864 0.3763888888888889 0.4327160493827161 0.378125 0.43209876543209874 0.3805555555555556 0.42592592592592593 0.3786458333333333 0.41203703703703703 0.3753472222222222 0.40432098765432095 0.3746527777777778 0.40185185185185185 0.3744791666666667 0.39783950617283953 0.3732638888888889 0.39598765432098765 0.37100694444444443 0.3972222222222222 0.3697916666666667 0.3993827160493827 0.3640625 0.3990740740740741 0.3607638888888889 0.39783950617283953 0.35555555555555557 0.3993827160493827 0.35260416666666666 0.40370370370370373 0.35138888888888886 0.4108024691358025 0.3512152777777778 0.42901234567901236 0.3515625 0.4327160493827161
1 0.32916666666666666 0.512962962962963 0.3298611111111111 0.5160493827160494 0.33142361111111107 0.5185185185185185 0.3385416666666667 0.5188271604938272 0.34184027777777776 0.5175925925925926 0.3489583333333333 0.5175925925925926 0.35260416666666666 0.5203703703703704 0.3564236111111111 0.5203703703703704 0.3595486111111111 0.516358024691358 0.3607638888888889 0.5126543209876543 0.3642361111111111 0.508641975308642 0.3649305555555556 0.5064814814814814 0.365625 0.5015432098765432 0.3654513888888889 0.4898148148148148 0.3649305555555556 0.48703703703703705 0.36319444444444443 0.483641975308642 0.3623263888888889 0.4833333333333333 0.3600694444444444 0.47962962962962963 0.3559027777777778 0.47716049382716047 0.34652777777777777 0.4774691358024691 0.3413194444444444 0.47932098765432096 0.3335069444444444 0.48487654320987655 0.3310763888888889 0.4901234567901234 0.3286458333333333 0.5046296296296297 0.3284722222222222 0.508641975308642 0.32916666666666666 0.512962962962963
1 0.3545138888888889 0.4361111111111111 0.359375 0.44074074074074077 0.3623263888888889 0.4419753086419753 0.3675347222222222 0.43765432098765433 0.37656249999999997 0.4361111111111111 0.3774305555555555 0.4351851851851852 0.37777777777777777 0.4327160493827161 0.37482638888888886 0.425 0.3697916666666667 0.4225308641975309 0.3640625 0.4225308641975309 0.3590277777777778 0.42376543209876544 0.35746527777777776 0.425 0.3550347222222222 0.429320987654321 0.3545138888888889 0.4314814814814815 0.3545138888888889 0.4361111111111111
8 0.225 0.49320987654320986 0.22395833333333334 0.49506172839506174 0.22343749999999998 0.4996913580246914 0.22465277777777778 0.5203703703703704 0.2251736111111111 0.5225308641975308 0.22743055555555555 0.5259259259259259 0.2293402777777778 0.5240740740740741 0.2328125 0.5231481481481481 0.2482638888888889 0.5225308641975308 0.25121527777777775 0.5154320987654321 0.2526041666666667 0.5095679012345679 0.25503472222222223 0.5064814814814814 0.25625000000000003 0.5070987654320988 0.2595486111111111 0.512037037037037 0.2623263888888889 0.5132716049382716 0.265625 0.5101851851851852 0.2692708333333333 0.5092592592592593 0.27118055555555554 0.5055555555555555 0.2708333333333333 0.49074074074074076 0.2692708333333333 0.478395061728395 0.26336805555555554 0.46882716049382717 0.2604166666666667 0.4666666666666667 0.25625000000000003 0.46574074074074073 0.24131944444444445 0.4666666666666667 0.2342013888888889 0.4700617283950617 0.23333333333333334 0.47160493827160493 0.22951388888888888 0.4737654320987654 0.22708333333333333 0.47962962962962963 0.22569444444444445 0.4898148148148148 0.225 0.49320987654320986
1 0.6925347222222222 0.5824074074074074 0.6958333333333333 0.5839506172839506 0.6998263888888888 0.5836419753086419 0.7045138888888888 0.587037037037037 0.7069444444444444 0.592283950617284 0.7072916666666667 0.5993827160493828 0.7085069444444444 0.6052469135802468 0.7097222222222221 0.6074074074074074 0.7123263888888888 0.6083333333333334 0.715798611111111 0.6080246913580247 0.7203125 0.604320987654321 0.7213541666666666 0.604320987654321 0.7270833333333333 0.6061728395061728 0.7453124999999999 0.6061728395061728 0.7519097222222222 0.6092592592592593 0.7550347222222222 0.6052469135802468 0.7567708333333334 0.5950617283950618 0.754861111111111 0.5746913580246913 0.7539930555555555 0.5737654320987654 0.7526041666666666 0.5691358024691359 0.7494791666666666 0.5641975308641975 0.7460069444444444 0.553395061728395 0.7420138888888889 0.5481481481481482 0.7380208333333333 0.5388888888888889 0.731423611111111 0.5308641975308642 0.7256944444444444 0.5277777777777778 0.7192708333333333 0.5271604938271605 0.7145833333333333 0.5256172839506172 0.6975694444444444 0.5256172839506172 0.6958333333333333 0.5277777777777778 0.6914930555555555 0.5370370370370371 0.6901041666666666 0.5487654320987654 0.6892361111111112 0.5518518518518518 0.6892361111111112 0.5759259259259258 0.6925347222222222 0.5824074074074074
1 0.3935763888888889 0.47129629629629627 0.4010416666666667 0.4719135802469136 0.4114583333333333 0.4780864197530864 0.41388888888888886 0.475 0.4149305555555556 0.47469135802469137 0.4171875 0.46728395061728395 0.41788194444444443 0.4611111111111111 0.4171875 0.4506172839506173 0.4161458333333333 0.4462962962962963 0.4130208333333333 0.4410493827160494 0.4081597222222222 0.43796296296296294 0.3975694444444444 0.44012345679012344 0.3951388888888889 0.4422839506172839 0.39340277777777777 0.44537037037037036 0.3914930555555556 0.4552469135802469 0.390625 0.45679012345679015 0.390625 0.46728395061728395 0.3935763888888889 0.47129629629629627
1 0.002951388888888889 0.5469135802469135 0.0015624999999999999 0.5506172839506173 0 0.5506172839506173 0 0.5753086419753086 0.0019097222222222222 0.5753086419753086 0.005555555555555556 0.5771604938271605 0.008854166666666666 0.5836419753086419 0.014236111111111109 0.5848765432098765 0.022569444444444444 0.5830246913580247 0.029166666666666667 0.5876543209876544 0.03263888888888889 0.5867283950617284 0.033854166666666664 0.5854938271604938 0.03697916666666667 0.5768518518518518 0.0390625 0.5743827160493827 0.052256944444444446 0.5666666666666667 0.058333333333333334 0.5654320987654321 0.05954861111111111 0.5632716049382717 0.059722222222222225 0.5564814814814815 0.06163194444444445 0.5441358024691358 0.0609375 0.5330246913580247 0.056076388888888884 0.5277777777777778 0.05243055555555555 0.5256172839506172 0.04114583333333333 0.5228395061728395 0.0296875 0.5228395061728395 0.017708333333333333 0.5287037037037037 0.011284722222222222 0.5348765432098765 0.005555555555555556 0.5444444444444444 0.002951388888888889 0.5469135802469135
1 0.35746527777777776 0.3975308641975308 0.35920138888888886 0.3990740740740741 0.3638888888888889 0.40030864197530863 0.3663194444444444 0.4030864197530864 0.3734375 0.40216049382716046 0.3751736111111111 0.39444444444444443 0.3732638888888889 0.38765432098765434 0.3697916666666667 0.38425925925925924 0.3619791666666667 0.3854938271604938 0.359375 0.38765432098765434 0.3581597222222222 0.38981481481481484 0.35746527777777776 0.39351851851851855 0.35746527777777776 0.3975308641975308
1 0.3623263888888889 0.528395061728395 0.3623263888888889 0.5364197530864198 0.3628472222222222 0.5453703703703704 0.3663194444444444 0.5561728395061728 0.3697916666666667 0.5567901234567901 0.3729166666666667 0.5540123456790124 0.3805555555555556 0.5549382716049382 0.38680555555555557 0.5503086419753086 0.3913194444444444 0.5506172839506173 0.39392361111111107 0.5524691358024691 0.3980902777777778 0.5524691358024691 0.3998263888888889 0.5503086419753086 0.4010416666666667 0.5472222222222223 0.40243055555555557 0.5401234567901235 0.4057291666666667 0.5333333333333333 0.4057291666666667 0.5083333333333333 0.3975694444444444 0.4975308641975309 0.38125 0.495679012345679 0.3743055555555555 0.4978395061728395 0.36874999999999997 0.5061728395061729 0.3675347222222222 0.512037037037037 0.3659722222222222 0.5154320987654321 0.3645833333333333 0.5237654320987654 0.3623263888888889 0.528395061728395
1 0.06232638888888889 0.6358024691358025 0.06059027777777778 0.6376543209876543 0.05920138888888889 0.6407407407407407 0.05920138888888889 0.6444444444444444 0.059895833333333336 0.6472222222222223 0.059895833333333336 0.6746913580246913 0.06059027777777778 0.6774691358024691 0.06354166666666666 0.6796296296296297 0.07013888888888888 0.6808641975308641 0.07604166666666667 0.6808641975308641 0.08177083333333332 0.6796296296296297 0.08333333333333333 0.6728395061728395 0.08576388888888888 0.6694444444444444 0.08784722222222222 0.66820987654321 0.0873263888888889 0.6660493827160494 0.0873263888888889 0.6611111111111112 0.08888888888888889 0.6586419753086419 0.0920138888888889 0.6583333333333333 0.09479166666666666 0.6611111111111112 0.09479166666666666 0.6651234567901234 0.09375 0.6675925925925925 0.09409722222222222 0.6688271604938272 0.096875 0.6694444444444444 0.10121527777777778 0.6722222222222222 0.10607638888888887 0.6725308641975308 0.10833333333333332 0.6737654320987654 0.1107638888888889 0.6759259259259259 0.11284722222222222 0.6796296296296297 0.1157986111111111 0.68179012345679 0.1204861111111111 0.68179012345679 0.12447916666666667 0.6796296296296297 0.12690972222222222 0.6765432098765432 0.12951388888888887 0.6675925925925925 0.13194444444444445 0.6641975308641975 0.1378472222222222 0.6617283950617284 0.14583333333333334 0.6512345679012346 0.1545138888888889 0.6432098765432099 0.15590277777777775 0.6410493827160494 0.15711805555555555 0.6348765432098765 0.1564236111111111 0.6265432098765432 0.15746527777777775 0.6209876543209876 0.15746527777777775 0.6135802469135803 0.1564236111111111 0.6089506172839506 0.1548611111111111 0.6061728395061728 0.15399305555555554 0.6024691358024691 0.15208333333333335 0.5981481481481481 0.14982638888888888 0.5950617283950618 0.14097222222222222 0.5885802469135802 0.1328125 0.5873456790123457 0.12760416666666666 0.5851851851851851 0.11319444444444444 0.5861111111111111 0.0951388888888889 0.5907407407407407 0.08888888888888889 0.5947530864197531 0.08368055555555555 0.5996913580246913 0.08159722222222222 0.6003086419753086 0.07447916666666667 0.6055555555555556 0.06770833333333333 0.6138888888888888 0.06631944444444444 0.6246913580246913 0.06232638888888889 0.6358024691358025
1 0.40260416666666665 0.4354938271604938 0.4029513888888889 0.43703703703703706 0.41006944444444443 0.4398148148148148 0.4123263888888889 0.4419753086419753 0.4140625 0.44660493827160497 0.4161458333333333 0.44969135802469135 0.41684027777777777 0.45432098765432094 0.41822916666666665 0.45679012345679015 0.4220486111111111 0.45679012345679015 0.4237847222222222 0.45432098765432094 0.4255208333333333 0.44660493827160497 0.4255208333333333 0.4367283950617284 0.4243055555555555 0.4314814814814815 0.4225694444444444 0.429320987654321 0.41805555555555557 0.42623456790123454 0.40781249999999997 0.4280864197530864 0.4046875 0.4305555555555556 0.4036458333333333 0.4324074074074074 0.4034722222222222 0.43425925925925923 0.40260416666666665 0.4354938271604938
1 0.3260416666666667 0.45401234567901233 0.328125 0.462037037037037 0.3315972222222222 0.4703703703703703 0.3354166666666667 0.4694444444444445 0.3376736111111111 0.47160493827160493 0.3421875 0.4719135802469136 0.3444444444444444 0.46820987654320984 0.3458333333333333 0.45987654320987653 0.34531249999999997 0.45432098765432094 0.3456597222222222 0.4493827160493827 0.34357638888888886 0.44598765432098764 0.3420138888888889 0.4398148148148148 0.3380208333333333 0.4395061728395062 0.3317708333333333 0.4416666666666667 0.32795138888888886 0.4419753086419753 0.32430555555555557 0.4462962962962963 0.3237847222222222 0.45 0.3260416666666667 0.45401234567901233
1 0.43559027777777776 0.45462962962962966 0.4439236111111111 0.45462962962962966 0.4473958333333333 0.4558641975308642 0.4513888888888889 0.4589506172839506 0.45295138888888886 0.46481481481481485 0.4545138888888889 0.4679012345679012 0.45642361111111107 0.48209876543209873 0.4592013888888889 0.4808641975308642 0.4604166666666667 0.47901234567901235 0.4611111111111111 0.4743827160493827 0.4611111111111111 0.4694444444444445 0.4598958333333333 0.4580246913580247 0.4574652777777778 0.44845679012345674 0.4550347222222222 0.4444444444444444 0.4534722222222222 0.44320987654320987 0.4404513888888889 0.4444444444444444 0.43732638888888886 0.4462962962962963 0.434375 0.4493827160493827 0.434375 0.4530864197530864 0.43559027777777776 0.45462962962962966
1 0.8560763888888888 0.7611111111111112 0.85625 0.7716049382716049 0.8572916666666666 0.7762345679012346 0.8574652777777778 0.7888888888888889 0.859375 0.7993827160493827 0.8623263888888888 0.8049382716049384 0.865798611111111 0.807716049382716 0.8708333333333333 0.8083333333333333 0.8730902777777778 0.80679012345679 0.8765625 0.80679012345679 0.8781249999999999 0.8080246913580247 0.8852430555555556 0.8166666666666667 0.8881944444444444 0.821604938271605 0.8930555555555556 0.8265432098765432 0.9013888888888888 0.8388888888888888 0.9093749999999999 0.8469135802469135 0.9104166666666667 0.8493827160493828 0.9123263888888888 0.850925925925926 0.9152777777777777 0.8552469135802468 0.9197916666666666 0.8632716049382716 0.9237847222222222 0.8669753086419753 0.9276041666666666 0.8725308641975309 0.93125 0.8932098765432099 0.9355902777777778 0.9018518518518519 0.9390625 0.9055555555555556 0.9432291666666666 0.9083333333333333 0.9465277777777777 0.9086419753086419 0.9498263888888888 0.9061728395061728 0.9661458333333334 0.9126543209876543 0.975173611111111 0.9129629629629629 0.9815972222222222 0.9148148148148147 0.9911458333333334 0.9157407407407407 0.9942708333333333 0.917283950617284 0.9961805555555555 0.9169753086419753 0.9984375 0.9135802469135803 0.9998263888888889 0.9135802469135803 0.9998263888888889 0.9095679012345679 0.9984375 0.9095679012345679 0.9979166666666666 0.9086419753086419 0.997048611111111 0.9021604938271606 0.9979166666666666 0.8962962962962963 0.9998263888888889 0.8959876543209876 0.9998263888888889 0.8095679012345679 0.9980902777777778 0.8095679012345679 0.9972222222222222 0.8080246913580247 0.9967013888888888 0.803395061728395 0.9947916666666666 0.8003086419753087 0.99375 0.7975308641975308 0.9934027777777777 0.79320987654321 0.9913194444444444 0.7895061728395062 0.9869791666666666 0.7867283950617284 0.9850694444444444 0.7830246913580247 0.9819444444444444 0.7802469135802469 0.9786458333333333 0.7743827160493827 0.9770833333333333 0.7728395061728395 0.9755208333333334 0.7688271604938272 0.96875 0.7604938271604937 0.965798611111111 0.7552469135802469 0.9609375 0.7515432098765432 0.9592013888888888 0.7487654320987653 0.9553819444444444 0.7450617283950618 0.950173611111111 0.7370370370370369 0.9465277777777777 0.733641975308642 0.9324652777777778 0.7240740740740741 0.9262152777777778 0.7222222222222222 0.9164930555555556 0.7209876543209875 0.9114583333333334 0.7219135802469135 0.9081597222222222 0.720679012345679 0.9052083333333334 0.7219135802469135 0.9006944444444444 0.7219135802469135 0.8967013888888888 0.7200617283950618 0.8932291666666666 0.7200617283950618 0.8914930555555556 0.721604938271605 0.8763888888888888 0.721604938271605 0.8710069444444444 0.7237654320987654 0.865625 0.7240740740740741 0.8592013888888889 0.721604938271605 0.8550347222222222 0.7274691358024691 0.8545138888888888 0.7302469135802468 0.8532986111111112 0.7503086419753087 0.8560763888888888 0.7611111111111112
1 0.2769097222222222 0.7314814814814815 0.27812499999999996 0.7342592592592593 0.27934027777777776 0.7351851851851853 0.2977430555555556 0.7345679012345678 0.3133680555555556 0.7330246913580247 0.3190972222222222 0.7314814814814815 0.3354166666666667 0.7311728395061728 0.3385416666666667 0.7265432098765432 0.3395833333333333 0.7194444444444444 0.33993055555555557 0.7114197530864197 0.3409722222222222 0.7061728395061728 0.3420138888888889 0.7052469135802469 0.34774305555555557 0.6932098765432099 0.3493055555555556 0.6913580246913581 0.35 0.6895061728395062 0.3501736111111111 0.6858024691358025 0.3515625 0.6830246913580247 0.3524305555555556 0.682716049382716 0.3534722222222222 0.6790123456790123 0.35434027777777777 0.6722222222222222 0.3541666666666667 0.6611111111111112 0.3539930555555555 0.6558641975308641 0.3527777777777778 0.6493827160493827 0.3489583333333333 0.6429012345679013 0.3451388888888889 0.6425925925925926 0.3402777777777778 0.6388888888888888 0.3350694444444444 0.6364197530864197 0.3109375 0.6367283950617284 0.3067708333333333 0.6382716049382716 0.3003472222222222 0.6388888888888888 0.29670138888888886 0.6407407407407407 0.2944444444444444 0.6441358024691358 0.29184027777777777 0.6506172839506172 0.2899305555555556 0.657716049382716 0.2894097222222222 0.6626543209876543 0.2866319444444444 0.6697530864197531 0.28402777777777777 0.6796296296296297 0.27743055555555557 0.692283950617284 0.27638888888888885 0.7080246913580247 0.27621527777777777 0.7182098765432099 0.2769097222222222 0.7314814814814815
1 0.3614583333333333 0.7617283950617284 0.3616319444444444 0.7753086419753087 0.3623263888888889 0.7858024691358024 0.3628472222222222 0.7876543209876543 0.3638888888888889 0.7885802469135803 0.3666666666666667 0.7898148148148147 0.37309027777777776 0.7879629629629629 0.3996527777777778 0.7867283950617284 0.4071180555555556 0.7848765432098765 0.41388888888888886 0.7845679012345679 0.4159722222222222 0.7848765432098765 0.41805555555555557 0.7867283950617284 0.42170138888888886 0.7864197530864198 0.4232638888888889 0.7836419753086419 0.4243055555555555 0.7762345679012346 0.42465277777777777 0.7574074074074074 0.4255208333333333 0.7555555555555555 0.4276041666666667 0.7441358024691357 0.4286458333333333 0.7416666666666666 0.42951388888888886 0.7339506172839506 0.4310763888888889 0.7265432098765432 0.4322916666666667 0.7092592592592593 0.43124999999999997 0.7037037037037037 0.4310763888888889 0.6993827160493827 0.4300347222222222 0.6959876543209877 0.4333333333333333 0.6895061728395062 0.4328125 0.6864197530864197 0.4322916666666667 0.6854938271604938 0.4270833333333333 0.6842592592592593 0.4204861111111111 0.678395061728395 0.4086805555555555 0.675 0.3927083333333333 0.6762345679012346 0.3831597222222222 0.6793209876543209 0.3758680555555556 0.6873456790123457 0.3722222222222222 0.688888888888889 0.3706597222222222 0.692283950617284 0.37100694444444443 0.696604938271605 0.3722222222222222 0.6990740740740741 0.3722222222222222 0.703395061728395 0.37100694444444443 0.7095679012345678 0.3697916666666667 0.7123456790123457 0.3685763888888889 0.7194444444444444 0.3677083333333333 0.720679012345679 0.3659722222222222 0.7271604938271605 0.3657986111111111 0.7314814814814815 0.3638888888888889 0.7404320987654321 0.3628472222222222 0.7429012345679012 0.36215277777777777 0.7478395061728395 0.3623263888888889 0.7549382716049382 0.3614583333333333 0.7617283950617284
1 0.5111111111111111 0.5901234567901235 0.5119791666666667 0.6049382716049382 0.5137152777777777 0.6083333333333334 0.5159722222222223 0.6095679012345678 0.5192708333333333 0.6080246913580247 0.5215277777777777 0.6018518518518519 0.5255208333333333 0.5996913580246913 0.5442708333333334 0.5996913580246913 0.5465277777777777 0.600925925925926 0.5473958333333333 0.6024691358024691 0.5479166666666666 0.6061728395061728 0.5498263888888888 0.6083333333333334 0.5538194444444444 0.6080246913580247 0.5548611111111111 0.6040123456790124 0.5550347222222222 0.5938271604938271 0.5543402777777777 0.5891975308641976 0.5536458333333333 0.5722222222222222 0.5512152777777778 0.5604938271604938 0.5513888888888888 0.5564814814814815 0.5538194444444444 0.5530864197530865 0.553125 0.5506172839506173 0.5508680555555555 0.5484567901234568 0.5496527777777778 0.5459876543209877 0.5482638888888889 0.5395061728395062 0.5451388888888888 0.5342592592592592 0.5434027777777778 0.5262345679012346 0.5402777777777777 0.5185185185185185 0.5381944444444444 0.5169753086419754 0.5336805555555555 0.5157407407407407 0.5260416666666666 0.5148148148148148 0.5197916666666667 0.5191358024691358 0.5192708333333333 0.520679012345679 0.5161458333333333 0.5234567901234568 0.5149305555555556 0.5256172839506172 0.5135416666666667 0.5370370370370371 0.5118055555555555 0.5416666666666666 0.5116319444444445 0.546604938271605 0.5100694444444445 0.5506172839506173 0.5093749999999999 0.582716049382716 0.5111111111111111 0.5901234567901235
1 0.4470486111111111 0.4302469135802469 0.4519097222222222 0.441358024691358 0.4578125 0.4447530864197531 0.4604166666666667 0.4450617283950617 0.4635416666666667 0.44382716049382714 0.4645833333333333 0.4395061728395062 0.46475694444444443 0.433641975308642 0.46371527777777777 0.4277777777777778 0.4635416666666667 0.42160493827160495 0.4621527777777778 0.4175925925925926 0.459375 0.41450617283950614 0.4578125 0.4138888888888889 0.4567708333333333 0.4117283950617284 0.4532986111111111 0.412962962962963 0.4498263888888889 0.4117283950617284 0.44635416666666666 0.4194444444444444 0.4458333333333333 0.4222222222222222 0.4470486111111111 0.4302469135802469
1 0.3819444444444444 0.4959876543209876 0.39375 0.4962962962962963 0.3967013888888889 0.4975308641975309 0.3987847222222222 0.4996913580246914 0.4006944444444444 0.5033950617283951 0.4027777777777778 0.5046296296296297 0.40781249999999997 0.5101851851851852 0.4098958333333333 0.5064814814814814 0.4125 0.49845679012345684 0.4123263888888889 0.48055555555555557 0.4015625 0.4722222222222222 0.3932291666666667 0.4722222222222222 0.390625 0.47314814814814815 0.3895833333333333 0.47469135802469137 0.38697916666666665 0.47530864197530864 0.3850694444444444 0.4774691358024691 0.3833333333333333 0.48117283950617284 0.3821180555555555 0.4882716049382716 0.38090277777777776 0.491358024691358 0.3803819444444444 0.4947530864197531 0.3819444444444444 0.4959876543209876
1 0.21493055555555554 0.66820987654321 0.21684027777777778 0.6731481481481482 0.21822916666666664 0.6737654320987654 0.2203125 0.6765432098765432 0.22413194444444445 0.6737654320987654 0.23124999999999998 0.6725308641975308 0.2470486111111111 0.6722222222222222 0.2517361111111111 0.6712962962962963 0.2586805555555556 0.671604938271605 0.26076388888888885 0.6743827160493827 0.2626736111111111 0.6746913580246913 0.26631944444444444 0.6700617283950616 0.26718749999999997 0.6641975308641975 0.26718749999999997 0.657716049382716 0.26840277777777777 0.6552469135802469 0.27291666666666664 0.6518518518518519 0.2737847222222222 0.6493827160493827 0.2760416666666667 0.6469135802469135 0.2769097222222222 0.644753086419753 0.27934027777777776 0.6425925925925926 0.2831597222222222 0.6410493827160494 0.2845486111111111 0.633641975308642 0.2848958333333333 0.625 0.284375 0.6194444444444445 0.2814236111111111 0.6055555555555556 0.2795138888888889 0.6033950617283951 0.2748263888888889 0.6018518518518519 0.2682291666666667 0.5972222222222222 0.2545138888888889 0.596604938271605 0.2394097222222222 0.5981481481481481 0.23732638888888888 0.5990740740740741 0.234375 0.6021604938271605 0.2315972222222222 0.6074074074074074 0.22881944444444444 0.6108024691358025 0.2263888888888889 0.6151234567901235 0.2251736111111111 0.6188271604938271 0.22170138888888888 0.6243827160493828 0.21979166666666666 0.6290123456790124 0.21840277777777775 0.6351851851851852 0.21684027777777778 0.6382716049382716 0.2144097222222222 0.6478395061728395 0.2142361111111111 0.6608024691358024 0.21493055555555554 0.66820987654321
1 0.6512152777777778 0.7817901234567901 0.6517361111111112 0.7969135802469135 0.6512152777777778 0.8098765432098766 0.6526041666666667 0.8231481481481482 0.6543402777777778 0.828395061728395 0.6571180555555556 0.8296296296296296 0.6598958333333333 0.8324074074074075 0.6619791666666666 0.8364197530864197 0.6633680555555556 0.8419753086419753 0.6654513888888888 0.8459876543209875 0.6706597222222221 0.8666666666666666 0.6717013888888889 0.8697530864197531 0.6732638888888888 0.8716049382716049 0.6748263888888888 0.8771604938271605 0.6765625 0.8802469135802469 0.678125 0.8929012345679013 0.6784722222222221 0.9012345679012346 0.6814236111111112 0.9114197530864198 0.684375 0.917283950617284 0.6901041666666666 0.921604938271605 0.6927083333333334 0.9253086419753087 0.6973958333333333 0.9268518518518518 0.701736111111111 0.9296296296296297 0.7163194444444444 0.932716049382716 0.7274305555555556 0.9330246913580247 0.7300347222222222 0.9339506172839506 0.7491319444444444 0.932716049382716 0.7585069444444444 0.9308641975308641 0.7623263888888888 0.9287037037037037 0.7659722222222222 0.9231481481481482 0.7670138888888888 0.9191358024691358 0.7675347222222222 0.9095679012345679 0.7663194444444444 0.8799382716049382 0.7651041666666666 0.8734567901234568 0.7621527777777778 0.8638888888888888 0.7545138888888888 0.842283950617284 0.7524305555555556 0.8311728395061728 0.7506944444444444 0.828395061728395 0.7506944444444444 0.8243827160493827 0.7519097222222222 0.8228395061728394 0.7539930555555555 0.8175925925925925 0.7536458333333333 0.813888888888889 0.7520833333333333 0.8104938271604938 0.7447916666666666 0.8104938271604938 0.74375 0.8089506172839506 0.7388888888888888 0.796604938271605 0.7328125 0.7842592592592593 0.7296874999999999 0.7756172839506172 0.7263888888888889 0.7694444444444444 0.723611111111111 0.7604938271604937 0.7189236111111111 0.7509259259259259 0.7164930555555555 0.7478395061728395 0.7130208333333333 0.7462962962962962 0.7098958333333334 0.7429012345679012 0.7069444444444444 0.7429012345679012 0.700173611111111 0.7401234567901235 0.6869791666666666 0.7376543209876544 0.6694444444444444 0.7376543209876544 0.6628472222222221 0.7391975308641975 0.6585069444444444 0.741358024691358 0.65625 0.7435185185185185 0.653125 0.7484567901234568 0.6524305555555555 0.7537037037037038 0.6522569444444444 0.769753086419753 0.6512152777777778 0.7817901234567901
1 0.4319444444444444 0.4524691358024691 0.4328125 0.45339506172839505 0.4342013888888889 0.45154320987654323 0.4369791666666667 0.45 0.4378472222222222 0.4469135802469136 0.4392361111111111 0.4450617283950617 0.4447916666666667 0.4447530864197531 0.4508680555555556 0.4425925925925926 0.4515625 0.4385802469135803 0.4484375 0.4305555555555556 0.4465277777777778 0.4280864197530864 0.4444444444444444 0.4280864197530864 0.4354166666666667 0.4305555555555556 0.4319444444444444 0.44012345679012344 0.4314236111111111 0.4469135802469136 0.4319444444444444 0.4524691358024691
1 0.29670138888888886 0.5506172839506173 0.296875 0.5645061728395062 0.29843749999999997 0.5750000000000001 0.30017361111111107 0.5771604938271605 0.3032986111111111 0.5759259259259258 0.30572916666666666 0.5691358024691359 0.3100694444444444 0.5669753086419753 0.3217013888888889 0.5666666666666667 0.3251736111111111 0.5691358024691359 0.32795138888888886 0.5731481481481482 0.33142361111111107 0.5737654320987654 0.3326388888888889 0.571604938271605 0.3331597222222222 0.5635802469135802 0.3338541666666667 0.5608024691358025 0.3366319444444444 0.557716049382716 0.3385416666666667 0.5537037037037037 0.3385416666666667 0.5370370370370371 0.3371527777777778 0.5296296296296296 0.3354166666666667 0.5256172839506172 0.3331597222222222 0.5240740740740741 0.3305555555555555 0.5200617283950617 0.3282986111111111 0.5188271604938272 0.3121527777777778 0.5191358024691358 0.3064236111111111 0.5212962962962963 0.30277777777777776 0.5265432098765432 0.3003472222222222 0.5351851851851852 0.30017361111111107 0.5376543209876543 0.29791666666666666 0.5432098765432098 0.2977430555555556 0.5472222222222223 0.29670138888888886 0.5506172839506173
1 0.5484374999999999 0.4858024691358025 0.5484374999999999 0.4916666666666667 0.5489583333333333 0.49320987654320986 0.5484374999999999 0.49845679012345684 0.5484374999999999 0.5108024691358024 0.5491319444444445 0.5194444444444445 0.5503472222222222 0.5259259259259259 0.5520833333333334 0.5287037037037037 0.5534722222222223 0.5342592592592592 0.5557291666666666 0.5385802469135802 0.5579861111111111 0.5401234567901235 0.5640624999999999 0.5401234567901235 0.5670138888888888 0.5385802469135802 0.5784722222222222 0.5385802469135802 0.5850694444444444 0.5413580246913581 0.5883680555555555 0.5398148148148147 0.5895833333333333 0.5364197530864198 0.5899305555555555 0.5290123456790123 0.5897569444444444 0.5123456790123457 0.5887152777777778 0.5058641975308642 0.5892361111111111 0.49351851851851847 0.5887152777777778 0.491358024691358 0.5862847222222222 0.48734567901234566 0.5854166666666666 0.48271604938271606 0.5833333333333334 0.47716049382716047 0.5829861111111111 0.4740740740740741 0.5812499999999999 0.47067901234567905 0.5748263888888888 0.4645061728395061 0.5651041666666666 0.46296296296296297 0.5576388888888888 0.46296296296296297 0.5543402777777777 0.4635802469135802 0.5503472222222222 0.4666666666666667 0.5491319444444445 0.4728395061728395 0.5491319444444445 0.4802469135802469 0.5484374999999999 0.4858024691358025
1 0.5406249999999999 0.44660493827160497 0.5399305555555556 0.4462962962962963 0.5399305555555556 0.45 0.5406249999999999 0.44660493827160497
1 0.4161458333333333 0.4277777777777778 0.4201388888888889 0.4308641975308642 0.42291666666666666 0.43703703703703706 0.42517361111111107 0.4395061728395062 0.4291666666666667 0.4385802469135803 0.4321180555555555 0.4364197530864197 0.4345486111111111 0.42654320987654315 0.4345486111111111 0.4194444444444444 0.43350694444444443 0.41450617283950614 0.4315972222222222 0.41234567901234565 0.4255208333333333 0.4089506172839506 0.421875 0.41018518518518515 0.4213541666666667 0.41203703703703703 0.4175347222222222 0.41450617283950614 0.4157986111111111 0.4175925925925926 0.41510416666666666 0.42037037037037034 0.4149305555555556 0.4225308641975309 0.4161458333333333 0.4277777777777778
5 0.3038194444444444 0.5003086419753087 0.3072916666666667 0.5024691358024691 0.31059027777777776 0.49845679012345684 0.31631944444444443 0.4972222222222222 0.3217013888888889 0.4975308641975309 0.3277777777777778 0.5003086419753087 0.3288194444444444 0.49907407407407406 0.3300347222222222 0.4898148148148148 0.3300347222222222 0.48055555555555557 0.33125 0.4777777777777778 0.3307291666666667 0.4700617283950617 0.3293402777777778 0.4635802469135802 0.3246527777777778 0.45185185185185184 0.3154513888888889 0.45185185185185184 0.3098958333333333 0.4558641975308642 0.30624999999999997 0.45987654320987653 0.3055555555555556 0.4641975308641975 0.3046875 0.46574074074074073 0.3034722222222222 0.4737654320987654 0.30277777777777776 0.49506172839506174 0.3038194444444444 0.5003086419753087
1 0.4973958333333333 0.4978395061728395 0.4967013888888889 0.5070987654320988 0.496875 0.5145061728395062 0.49809027777777776 0.5219135802469136 0.5 0.5237654320987654 0.5154513888888889 0.5231481481481481 0.5203125000000001 0.5175925925925926 0.5265624999999999 0.512962962962963 0.5277777777777778 0.5101851851851852 0.5279513888888888 0.5009259259259259 0.5270833333333333 0.491358024691358 0.5249999999999999 0.48734567901234566 0.5230902777777777 0.48055555555555557 0.5194444444444445 0.47530864197530864 0.5086805555555556 0.47530864197530864 0.5045138888888888 0.47623456790123453 0.5005208333333333 0.47962962962962963 0.4979166666666667 0.4882716049382716 0.49635416666666665 0.4901234567901234 0.49618055555555557 0.4947530864197531 0.4973958333333333 0.4978395061728395
1 0.4303819444444444 0.4141975308641975 0.43298611111111107 0.4197530864197531 0.43385416666666665 0.42654320987654315 0.4361111111111111 0.4277777777777778 0.4394097222222222 0.42654320987654315 0.4401041666666667 0.4253086419753086 0.4411458333333333 0.4172839506172839 0.44079861111111107 0.4111111111111111 0.4418402777777778 0.40771604938271605 0.440625 0.40370370370370373 0.4387152777777778 0.4006172839506173 0.4359375 0.39814814814814814 0.4310763888888889 0.39783950617283953 0.4288194444444444 0.39382716049382716 0.4276041666666667 0.39567901234567904 0.4253472222222222 0.39629629629629626 0.4236111111111111 0.4046296296296297 0.4236111111111111 0.4114197530864197 0.4303819444444444 0.4141975308641975
5 0.6927083333333334 0.7 0.6947916666666666 0.7012345679012346 0.6961805555555556 0.703395061728395 0.6998263888888888 0.7015432098765432 0.7067708333333333 0.7126543209876544 0.7119791666666666 0.7237654320987654 0.7154513888888888 0.7296296296296296 0.7168402777777778 0.7410493827160494 0.7203125 0.7490740740740741 0.7244791666666666 0.7496913580246913 0.7276041666666666 0.7521604938271605 0.7322916666666666 0.7527777777777778 0.7378472222222222 0.7549382716049382 0.7616319444444444 0.7555555555555555 0.7736111111111111 0.7549382716049382 0.7795138888888888 0.753395061728395 0.7807291666666666 0.7521604938271605 0.7824652777777777 0.7469135802469137 0.7833333333333333 0.7351851851851853 0.7824652777777777 0.7200617283950618 0.7819444444444444 0.717283950617284 0.7791666666666666 0.7104938271604938 0.7777777777777778 0.703395061728395 0.7706597222222222 0.6895061728395062 0.7706597222222222 0.6851851851851852 0.771875 0.6820987654320988 0.7717013888888888 0.678395061728395 0.7654513888888889 0.6768518518518518 0.7644097222222221 0.6756172839506173 0.762673611111111 0.6719135802469135 0.7604166666666666 0.6691358024691358 0.7592013888888888 0.6654320987654321 0.7576388888888889 0.6635802469135803 0.7543402777777778 0.6546296296296297 0.7519097222222222 0.6503086419753087 0.7423611111111111 0.6376543209876543 0.7387152777777778 0.6364197530864197 0.7225694444444444 0.6351851851851852 0.7072916666666667 0.6364197530864197 0.7 0.6388888888888888 0.696875 0.6407407407407407 0.6928819444444444 0.6450617283950618 0.6920138888888888 0.6484567901234568 0.6913194444444444 0.6567901234567901 0.6909722222222222 0.6898148148148148 0.6927083333333334 0.7
1 0.4618055555555556 0.4188271604938272 0.46684027777777776 0.4222222222222222 0.4706597222222222 0.4188271604938272 0.4713541666666667 0.4148148148148148 0.4713541666666667 0.4067901234567901 0.4701388888888889 0.4012345679012346 0.4706597222222222 0.39598765432098765 0.4699652777777778 0.3950617283950617 0.4706597222222222 0.39382716049382716 0.46857638888888886 0.39629629629629626 0.4600694444444444 0.3950617283950617 0.4560763888888889 0.40154320987654324 0.45590277777777777 0.4027777777777778 0.4560763888888889 0.40956790123456793 0.4618055555555556 0.4188271604938272
1 0.4276041666666667 0.49290123456790125 0.43298611111111107 0.4925925925925925 0.4423611111111111 0.49506172839506174 0.4465277777777778 0.4996913580246914 0.44930555555555557 0.5055555555555555 0.4538194444444444 0.5055555555555555 0.4550347222222222 0.5024691358024691 0.45590277777777777 0.4972222222222222 0.45711805555555557 0.4947530864197531 0.4579861111111111 0.47716049382716047 0.4567708333333333 0.4737654320987654 0.45642361111111107 0.4700617283950617 0.4515625 0.45925925925925926 0.4461805555555556 0.45493827160493827 0.4411458333333333 0.4527777777777778 0.4383680555555556 0.4527777777777778 0.4322916666666667 0.4561728395061728 0.4282986111111111 0.46574074074074073 0.4276041666666667 0.4743827160493827 0.4265625 0.47901234567901235 0.42604166666666665 0.4916666666666667 0.4276041666666667 0.49290123456790125
5 0.3833333333333333 0.37191358024691357 0.3845486111111111 0.3731481481481481 0.38680555555555557 0.37438271604938267 0.3913194444444444 0.37407407407407406 0.3927083333333333 0.3731481481481481 0.39392361111111107 0.3697530864197531 0.39392361111111107 0.366358024691358 0.3907986111111111 0.3604938271604938 0.38697916666666665 0.3589506172839506 0.3854166666666667 0.3604938271604938 0.3836805555555556 0.3608024691358025 0.38263888888888886 0.3626543209876543 0.38263888888888886 0.3697530864197531 0.3833333333333333 0.37191358024691357
5 0.4006944444444444 0.5697530864197531 0.4114583333333333 0.5685185185185185 0.4154513888888889 0.5669753086419753 0.4220486111111111 0.5669753086419753 0.4255208333333333 0.5691358024691359 0.4322916666666667 0.5771604938271605 0.4359375 0.5771604938271605 0.4369791666666667 0.5750000000000001 0.43732638888888886 0.5694444444444444 0.4387152777777778 0.5623456790123457 0.4383680555555556 0.5410493827160493 0.4357638888888889 0.5320987654320988 0.4288194444444444 0.5234567901234568 0.4203125 0.5234567901234568 0.4125 0.5246913580246914 0.4097222222222222 0.5265432098765432 0.40729166666666666 0.5299382716049382 0.4059027777777778 0.5370370370370371 0.40434027777777776 0.5401234567901235 0.40243055555555557 0.5472222222222223 0.4005208333333333 0.5503086419753086 0.39947916666666666 0.5604938271604938 0.39947916666666666 0.5675925925925925 0.4006944444444444 0.5697530864197531
1 0.3076388888888889 0.441358024691358 0.31059027777777776 0.44660493827160497 0.3142361111111111 0.45 0.32187499999999997 0.45 0.3256944444444444 0.44290123456790126 0.3293402777777778 0.4391975308641975 0.3288194444444444 0.433641975308642 0.3276041666666667 0.42901234567901236 0.3248263888888889 0.42407407407407405 0.3223958333333333 0.4228395061728395 0.3170138888888889 0.42191358024691356 0.31059027777777776 0.42407407407407405 0.3081597222222222 0.42839506172839503 0.3072916666666667 0.43209876543209874 0.3069444444444444 0.4391975308641975 0.3076388888888889 0.441358024691358
5 0.5336805555555555 0.39598765432098765 0.5354166666666667 0.39969135802469136 0.5371527777777777 0.4009259259259259 0.5399305555555556 0.40185185185185185 0.5434027777777778 0.4 0.5447916666666667 0.39783950617283953 0.5458333333333333 0.39444444444444443 0.5439236111111111 0.38395061728395063 0.5402777777777777 0.3790123456790123 0.5354166666666667 0.3787037037037037 0.5329861111111112 0.38024691358024687 0.5310763888888889 0.3867283950617284 0.53125 0.39351851851851855 0.5336805555555555 0.39598765432098765
1 0.621875 0.5555555555555556 0.6230902777777778 0.5604938271604938 0.6258680555555556 0.5660493827160494 0.6265625 0.5688271604938271 0.6291666666666667 0.5725308641975309 0.6333333333333333 0.5854938271604938 0.6362847222222222 0.5867283950617284 0.6434027777777778 0.5858024691358025 0.6559027777777777 0.5867283950617284 0.6612847222222222 0.5888888888888889 0.6645833333333333 0.5891975308641976 0.6666666666666666 0.5867283950617284 0.6673611111111112 0.5808641975308642 0.6684027777777778 0.5780864197530864 0.6684027777777778 0.5740740740740741 0.6668402777777778 0.571604938271605 0.6654513888888888 0.5669753086419753 0.6652777777777777 0.5509259259259259 0.6635416666666666 0.5472222222222223 0.6623263888888888 0.5401234567901235 0.6574652777777777 0.5308641975308642 0.6512152777777778 0.5234567901234568 0.646875 0.5219135802469136 0.6444444444444444 0.5191358024691358 0.6425347222222222 0.5185185185185185 0.6319444444444444 0.5188271604938272 0.6265625 0.5212962962962963 0.6230902777777778 0.5287037037037037 0.6199652777777778 0.5425925925925926 0.6194444444444444 0.5506172839506173 0.621875 0.5555555555555556
1 0.6038194444444444 0.45648148148148143 0.6060763888888888 0.46049382716049386 0.609375 0.4638888888888889 0.6281249999999999 0.4641975308641975 0.629861111111111 0.462037037037037 0.629861111111111 0.45154320987654323 0.6274305555555556 0.4388888888888889 0.6244791666666666 0.4314814814814815 0.6210069444444444 0.4302469135802469 0.6085069444444444 0.4305555555555556 0.6048611111111112 0.4354938271604938 0.6026041666666666 0.4441358024691358 0.6024305555555556 0.45092592592592595 0.6038194444444444 0.45648148148148143
1 0.6296875 0.49506172839506174 0.6340277777777777 0.49691358024691357 0.6369791666666667 0.5024691358024691 0.6402777777777777 0.49845679012345684 0.6444444444444444 0.49691358024691357 0.647048611111111 0.4996913580246914 0.6510416666666666 0.5064814814814814 0.6583333333333333 0.5058641975308642 0.6618055555555555 0.5070987654320988 0.6649305555555556 0.5055555555555555 0.6661458333333333 0.4916666666666667 0.6652777777777777 0.48487654320987655 0.6631944444444444 0.4799382716049383 0.661111111111111 0.47098765432098766 0.6581597222222222 0.46543209876543207 0.6552083333333334 0.46234567901234563 0.6395833333333334 0.4583333333333333 0.6366319444444444 0.4583333333333333 0.6328125 0.4611111111111111 0.6315972222222221 0.46296296296296297 0.6296875 0.4697530864197531 0.6291666666666667 0.47469135802469137 0.6291666666666667 0.49320987654320986 0.6296875 0.49506172839506174
1 0.5751736111111111 0.45092592592592595 0.5748263888888888 0.44845679012345674 0.5744791666666667 0.45154320987654323 0.5751736111111111 0.45092592592592595
5 0.3597222222222222 0.4669753086419753 0.3623263888888889 0.47067901234567905 0.3729166666666667 0.4697530864197531 0.3805555555555556 0.4703703703703703 0.3840277777777778 0.4669753086419753 0.3842013888888889 0.46574074074074073 0.3876736111111111 0.46049382716049386 0.3871527777777778 0.4422839506172839 0.3824652777777778 0.4388888888888889 0.3774305555555555 0.4367283950617284 0.3717013888888889 0.4367283950617284 0.36336805555555557 0.44012345679012344 0.3616319444444444 0.44320987654320987 0.3607638888888889 0.4552469135802469 0.3598958333333333 0.4583333333333333 0.359375 0.4632716049382716 0.3597222222222222 0.4669753086419753
2 0.6144097222222222 0.42962962962962964 0.6203124999999999 0.42962962962962964 0.6203124999999999 0.42191358024691356 0.6197916666666666 0.41851851851851857 0.6184027777777777 0.416358024691358 0.6163194444444444 0.41450617283950614 0.6147569444444444 0.4175925925925926 0.6138888888888888 0.42191358024691356 0.6135416666666667 0.4277777777777778 0.6144097222222222 0.42962962962962964
2 0.6015625 0.4256172839506173 0.6024305555555556 0.4274691358024691 0.6059027777777778 0.4274691358024691 0.6065972222222222 0.4222222222222222 0.6065972222222222 0.41018518518518515 0.6059027777777778 0.40432098765432095 0.6029513888888888 0.40030864197530863 0.6013888888888889 0.4006172839506173 0.6003472222222221 0.403395061728395 0.6006944444444444 0.4188271604938272 0.6015625 0.4256172839506173
2 0.2864583333333333 0.49074074074074076 0.28888888888888886 0.4895061728395062 0.2909722222222222 0.4898148148148148 0.2923611111111111 0.4922839506172839 0.29322916666666665 0.49845679012345684 0.2951388888888889 0.49691358024691357 0.2963541666666667 0.4919753086419753 0.2963541666666667 0.4833333333333333 0.29583333333333334 0.47901234567901235 0.2939236111111111 0.4722222222222222 0.29149305555555555 0.46882716049382717 0.28715277777777776 0.46882716049382717 0.2864583333333333 0.4697530864197531 0.28593749999999996 0.475 0.28541666666666665 0.4854938271604938 0.2864583333333333 0.49074074074074076
2 0.20364583333333333 0.5750000000000001 0.2048611111111111 0.5780864197530864 0.21163194444444444 0.5830246913580247 0.2125 0.5848765432098765 0.2125 0.5888888888888889 0.21684027777777778 0.595679012345679 0.22065972222222222 0.5969135802469135 0.2230902777777778 0.5888888888888889 0.2230902777777778 0.5811728395061728 0.221875 0.5709876543209876 0.221875 0.5657407407407408 0.22065972222222222 0.5626543209876543 0.2159722222222222 0.5592592592592592 0.2140625 0.5558641975308641 0.21354166666666666 0.5527777777777777 0.21006944444444445 0.5499999999999999 0.20781249999999998 0.553395061728395 0.20694444444444443 0.5601851851851852 0.20364583333333333 0.5682098765432099 0.203125 0.571604938271605 0.20364583333333333 0.5750000000000001
2 0.7048611111111112 0.512037037037037 0.7067708333333333 0.5111111111111111 0.7097222222222221 0.5058641975308642 0.7125 0.504320987654321 0.7133680555555556 0.5024691358024691 0.7105902777777777 0.4925925925925925 0.7100694444444444 0.4888888888888889 0.7076388888888888 0.48703703703703705 0.7064236111111112 0.48703703703703705 0.7059027777777778 0.48796296296296293 0.7052083333333333 0.4916666666666667 0.7029513888888889 0.4975308641975309 0.703125 0.5141975308641975 0.7048611111111112 0.512037037037037
2 0 0.5790123456790123 0 0.6274691358024691 0.0020833333333333333 0.6280864197530863 0.003472222222222222 0.6358024691358025 0.005902777777777778 0.6410493827160494 0.008333333333333333 0.6435185185185185 0.012152777777777778 0.6444444444444444 0.012847222222222222 0.6416666666666666 0.012326388888888888 0.6191358024691357 0.014756944444444444 0.6095679012345678 0.014583333333333334 0.6067901234567901 0.012152777777777778 0.5944444444444444 0.008159722222222223 0.5848765432098765 0.007638888888888889 0.5811728395061728 0.005555555555555556 0.5774691358024692 0.002951388888888889 0.5777777777777777 0.0019097222222222222 0.5790123456790123 0 0.5790123456790123
2 0.2864583333333333 0.4725308641975308 0.2899305555555556 0.47129629629629627 0.2935763888888889 0.4756172839506173 0.29583333333333334 0.47160493827160493 0.29583333333333334 0.4635802469135802 0.2935763888888889 0.45679012345679015 0.2934027777777778 0.45462962962962966 0.29149305555555555 0.45185185185185184 0.2899305555555556 0.45154320987654323 0.2890625 0.4527777777777778 0.2866319444444444 0.45925925925925926 0.28628472222222223 0.462037037037037 0.28593749999999996 0.4669753086419753 0.2864583333333333 0.4725308641975308
2 0.3463541666666667 0.4632716049382716 0.3460069444444444 0.4675925925925926 0.34652777777777777 0.4703703703703703 0.3487847222222222 0.4737654320987654 0.3527777777777778 0.47129629629629627 0.35486111111111107 0.458641975308642 0.3546875 0.45401234567901233 0.3534722222222222 0.4493827160493827 0.3522569444444444 0.4462962962962963 0.3489583333333333 0.4422839506172839 0.3472222222222222 0.44320987654320987 0.34652777777777777 0.44660493827160497 0.3454861111111111 0.44845679012345674 0.34531249999999997 0.45987654320987653 0.3463541666666667 0.4632716049382716
2 0.24930555555555556 0.537962962962963 0.2505208333333333 0.5388888888888889 0.25243055555555555 0.5388888888888889 0.25503472222222223 0.5370370370370371 0.25763888888888886 0.537962962962963 0.25902777777777775 0.5388888888888889 0.2604166666666667 0.5413580246913581 0.26059027777777777 0.5472222222222223 0.26180555555555557 0.5484567901234568 0.26336805555555554 0.5472222222222223 0.2630208333333333 0.5358024691358024 0.2638888888888889 0.5320987654320988 0.2638888888888889 0.5287037037037037 0.2621527777777778 0.5209876543209876 0.2598958333333333 0.5160493827160494 0.2581597222222222 0.5083333333333333 0.25503472222222223 0.5052469135802469 0.2517361111111111 0.5123456790123457 0.2487847222222222 0.5243827160493827 0.2486111111111111 0.5367283950617284 0.24930555555555556 0.537962962962963
2 0.6020833333333333 0.5472222222222223 0.6029513888888888 0.5472222222222223 0.6055555555555555 0.5444444444444444 0.6086805555555556 0.5438271604938272 0.6131944444444444 0.546604938271605 0.614236111111111 0.5438271604938272 0.614236111111111 0.5370370370370371 0.6131944444444444 0.5330246913580247 0.6097222222222222 0.5280864197530865 0.6092013888888889 0.5262345679012346 0.6092013888888889 0.5209876543209876 0.6085069444444444 0.5191358024691358 0.6050347222222222 0.5191358024691358 0.6038194444444444 0.5219135802469136 0.6036458333333333 0.5262345679012346 0.6003472222222221 0.5330246913580247 0.6 0.5410493827160493 0.6020833333333333 0.5472222222222223
2 0.15920138888888888 0.6416666666666666 0.16024305555555554 0.6435185185185185 0.1612847222222222 0.6444444444444444 0.1717013888888889 0.6438271604938272 0.17326388888888888 0.6478395061728395 0.1736111111111111 0.6518518518518519 0.17725694444444445 0.6614197530864198 0.17881944444444445 0.6629629629629629 0.18229166666666666 0.6592592592592593 0.1828125 0.6549382716049382 0.18229166666666666 0.6481481481481481 0.1795138888888889 0.6404320987654322 0.1795138888888889 0.6364197530864197 0.18159722222222222 0.633641975308642 0.18125 0.6268518518518519 0.1779513888888889 0.6194444444444445 0.16979166666666665 0.6126543209876544 0.16979166666666665 0.6055555555555556 0.1689236111111111 0.6021604938271605 0.16805555555555554 0.6012345679012346 0.1644097222222222 0.6012345679012346 0.1628472222222222 0.6024691358024691 0.16163194444444445 0.6055555555555556 0.1612847222222222 0.6117283950617284 0.1590277777777778 0.6160493827160494 0.1579861111111111 0.6212962962962962 0.1579861111111111 0.6361111111111112 0.15920138888888888 0.6416666666666666
2 0.2328125 0.45401234567901233 0.2331597222222222 0.46049382716049386 0.234375 0.4641975308641975 0.23524305555555555 0.4638888888888889 0.23680555555555555 0.4617283950617284 0.23802083333333335 0.4580246913580247 0.23802083333333335 0.4475308641975309 0.23628472222222222 0.4388888888888889 0.2345486111111111 0.4351851851851852 0.23246527777777778 0.4367283950617284 0.23124999999999998 0.44074074074074077 0.2310763888888889 0.44660493827160497 0.2328125 0.45401234567901233
2 0.08402777777777777 0.7 0.08854166666666667 0.7052469135802469 0.09027777777777778 0.7058641975308642 0.09340277777777778 0.7092592592592593 0.09461805555555555 0.7120370370370371 0.0954861111111111 0.7212962962962963 0.09878472222222222 0.7234567901234568 0.1029513888888889 0.7212962962962963 0.10416666666666667 0.7175925925925926 0.10434027777777777 0.7132716049382716 0.10659722222222222 0.700925925925926 0.10659722222222222 0.6879629629629629 0.10729166666666667 0.6858024691358025 0.1095486111111111 0.682716049382716 0.10885416666666667 0.6790123456790123 0.10711805555555555 0.6771604938271604 0.0920138888888889 0.6685185185185185 0.08819444444444445 0.6685185185185185 0.08576388888888888 0.6697530864197531 0.08472222222222223 0.6706790123456791 0.0828125 0.675 0.0828125 0.6959876543209877 0.08402777777777777 0.7
2 0.6682291666666667 0.4756172839506173 0.6751736111111112 0.47345679012345676 0.6762152777777778 0.47160493827160493 0.6755208333333333 0.4641975308641975 0.6743055555555556 0.4601851851851852 0.6725694444444444 0.45709876543209876 0.6717013888888889 0.45679012345679015 0.670486111111111 0.4580246913580247 0.6682291666666667 0.4632716049382716 0.6673611111111112 0.4697530864197531 0.6682291666666667 0.4756172839506173
2 0.6645833333333333 0.5367283950617284 0.6701388888888888 0.5413580246913581 0.6711805555555556 0.5438271604938272 0.6755208333333333 0.5429012345679012 0.6776041666666666 0.5370370370370371 0.6774305555555555 0.5324074074074074 0.6756944444444444 0.5253086419753087 0.6734375 0.5225308641975308 0.6722222222222222 0.5185185185185185 0.6720486111111111 0.5157407407407407 0.6708333333333334 0.5138888888888888 0.6685763888888888 0.5132716049382716 0.6673611111111112 0.5145061728395062 0.6668402777777778 0.5157407407407407 0.6666666666666666 0.5203703703703704 0.6645833333333333 0.5265432098765432 0.6640625 0.5314814814814814 0.6645833333333333 0.5367283950617284
2 0.5657986111111111 0.4555555555555556 0.5657986111111111 0.46049382716049386 0.5664930555555555 0.46265432098765435 0.5675347222222222 0.4638888888888889 0.5729166666666666 0.4638888888888889 0.5736111111111111 0.46265432098765435 0.5734374999999999 0.4558641975308642 0.5722222222222222 0.4444444444444444 0.5711805555555556 0.4410493827160494 0.5678819444444444 0.4444444444444444 0.5671875 0.4475308641975309 0.5670138888888888 0.45092592592592595 0.5657986111111111 0.4555555555555556
2 0.6369791666666667 0.512037037037037 0.6390625 0.5160493827160494 0.6435763888888888 0.5194444444444445 0.6472222222222221 0.5216049382716049 0.6503472222222222 0.5203703703703704 0.6510416666666666 0.5188271604938272 0.6510416666666666 0.5083333333333333 0.6491319444444444 0.5018518518518518 0.6473958333333334 0.49845679012345684 0.6439236111111112 0.4944444444444444 0.640625 0.49537037037037035 0.6399305555555556 0.49660493827160496 0.6369791666666667 0.5058641975308642 0.6369791666666667 0.512037037037037
2 0.2017361111111111 0.6126543209876544 0.2017361111111111 0.6197530864197531 0.20277777777777775 0.6219135802469137 0.2074652777777778 0.6222222222222222 0.21006944444444445 0.6212962962962962 0.2142361111111111 0.6256172839506172 0.2171875 0.6314814814814815 0.2185763888888889 0.6240740740740741 0.2185763888888889 0.6089506172839506 0.2203125 0.6061728395061728 0.22083333333333333 0.6027777777777777 0.22013888888888888 0.6 0.21388888888888888 0.595679012345679 0.21215277777777775 0.5916666666666667 0.21006944444444445 0.5904320987654321 0.20607638888888888 0.5901234567901235 0.20364583333333333 0.5916666666666667 0.20277777777777775 0.5975308641975309 0.20069444444444445 0.6024691358024691 0.20069444444444445 0.6083333333333334 0.2017361111111111 0.6126543209876544
4 0.576736111111111 0.5904320987654321 0.5774305555555556 0.6101851851851853 0.5786458333333333 0.6154320987654321 0.5795138888888889 0.616358024691358 0.5814236111111111 0.6219135802469137 0.5842013888888888 0.6243827160493828 0.5880208333333333 0.6317901234567901 0.5892361111111111 0.6466049382716049 0.5901041666666667 0.6512345679012346 0.5918402777777777 0.6530864197530865 0.5961805555555556 0.6518518518518519 0.5984375 0.6459876543209876 0.6012152777777777 0.6438271604938272 0.6225694444444444 0.6432098765432099 0.6282986111111112 0.6438271604938272 0.6295138888888888 0.6462962962962963 0.6296875 0.649074074074074 0.6309027777777778 0.6518518518518519 0.6336805555555556 0.6530864197530865 0.6371527777777778 0.6530864197530865 0.6383680555555555 0.6509259259259259 0.6395833333333334 0.641358024691358 0.6388888888888888 0.628395061728395 0.6388888888888888 0.608641975308642 0.6395833333333334 0.6061728395061728 0.6395833333333334 0.6021604938271605 0.6357638888888888 0.5987654320987654 0.6342013888888888 0.5962962962962963 0.6324652777777777 0.5919753086419752 0.6305555555555555 0.5830246913580247 0.6289930555555555 0.5793209876543209 0.6274305555555556 0.5725308641975309 0.6248263888888889 0.566358024691358 0.6234375 0.5608024691358025 0.6196180555555556 0.5530864197530865 0.6178819444444444 0.5512345679012346 0.6130208333333333 0.5496913580246914 0.5925347222222223 0.549074074074074 0.5888888888888888 0.5499999999999999 0.5855902777777777 0.5527777777777777 0.5815972222222222 0.553395061728395 0.5784722222222222 0.5564814814814815 0.5769097222222223 0.5691358024691359 0.5772569444444444 0.5867283950617284 0.576736111111111 0.5904320987654321
4 0.3800347222222222 0.6506172839506172 0.3796875 0.6586419753086419 0.3803819444444444 0.6638888888888889 0.3819444444444444 0.6675925925925925 0.3836805555555556 0.6756172839506173 0.3876736111111111 0.6753086419753087 0.39392361111111107 0.667283950617284 0.4125 0.667283950617284 0.4140625 0.6663580246913581 0.4189236111111111 0.6660493827160494 0.421875 0.6688271604938272 0.42517361111111107 0.6700617283950616 0.4298611111111111 0.6688271604938272 0.43124999999999997 0.6651234567901234 0.43368055555555557 0.6459876543209876 0.4357638888888889 0.6395061728395062 0.4361111111111111 0.6339506172839506 0.4369791666666667 0.6305555555555555 0.4376736111111111 0.6179012345679012 0.4376736111111111 0.6052469135802468 0.4371527777777778 0.595679012345679 0.4364583333333333 0.5925925925925926 0.4369791666666667 0.5848765432098765 0.4357638888888889 0.5820987654320988 0.4317708333333333 0.5805555555555555 0.4296875 0.578395061728395 0.4291666666666667 0.5768518518518518 0.42777777777777776 0.5762345679012346 0.4255208333333333 0.5725308641975309 0.42170138888888886 0.5703703703703704 0.4128472222222222 0.5712962962962963 0.40729166666666666 0.5725308641975309 0.4045138888888889 0.5743827160493827 0.3972222222222222 0.5746913580246913 0.3958333333333333 0.5756172839506173 0.39392361111111107 0.5777777777777777 0.3925347222222222 0.5820987654320988 0.3881944444444444 0.5851851851851851 0.3862847222222222 0.5879629629629629 0.3862847222222222 0.5901234567901235 0.3875 0.5947530864197531 0.38663194444444443 0.6021604938271605 0.38385416666666666 0.6108024691358025 0.3824652777777778 0.6203703703703703 0.37899305555555557 0.6330246913580246 0.37899305555555557 0.644753086419753 0.3800347222222222 0.6506172839506172
0 0.4006944444444444 0.36604938271604937 0.40243055555555557 0.3666666666666667 0.4071180555555556 0.3654320987654321 0.40781249999999997 0.3638888888888889 0.40781249999999997 0.35956790123456794 0.40902777777777777 0.35432098765432096 0.4125 0.34969135802469137 0.4123263888888889 0.3382716049382716 0.4111111111111111 0.33641975308641975 0.4048611111111111 0.33641975308641975 0.40173611111111107 0.3385802469135802 0.4001736111111111 0.34228395061728395 0.4001736111111111 0.36358024691358026 0.4006944444444444 0.36604938271604937
6 0.3807291666666667 0.4271604938271605 0.3807291666666667 0.43209876543209874 0.38263888888888886 0.4351851851851852 0.3873263888888889 0.4361111111111111 0.3909722222222222 0.4333333333333333 0.3935763888888889 0.4364197530864197 0.39826388888888886 0.4361111111111111 0.4010416666666667 0.43425925925925923 0.40260416666666665 0.42993827160493825 0.4045138888888889 0.4287037037037037 0.4046875 0.42037037037037034 0.40225694444444443 0.41790123456790124 0.40173611111111107 0.4108024691358025 0.4005208333333333 0.4052469135802469 0.4005208333333333 0.4006172839506173 0.3979166666666667 0.39413580246913577 0.3902777777777778 0.39413580246913577 0.3873263888888889 0.3925925925925926 0.3833333333333333 0.3925925925925926 0.3803819444444444 0.39629629629629626 0.37899305555555557 0.40216049382716046 0.37881944444444443 0.4126543209876543 0.3807291666666667 0.4271604938271605
3 0.21041666666666664 0.5947530864197531 0.21666666666666665 0.600925925925926 0.22065972222222222 0.6 0.22239583333333335 0.5962962962962963 0.2236111111111111 0.5858024691358025 0.22239583333333335 0.5756172839506173 0.22118055555555555 0.571604938271605 0.22118055555555555 0.5638888888888889 0.21875 0.5638888888888889 0.21927083333333333 0.5709876543209876 0.2170138888888889 0.578395061728395 0.2142361111111111 0.5805555555555555 0.2065972222222222 0.5787037037037037 0.203125 0.5811728395061728 0.2029513888888889 0.582716049382716 0.203125 0.5925925925925926 0.21041666666666664 0.5947530864197531
3 0.1597222222222222 0.6688271604938272 0.1612847222222222 0.6725308641975308 0.16163194444444445 0.6753086419753087 0.1628472222222222 0.6787037037037037 0.16493055555555555 0.6802469135802469 0.1684027777777778 0.6787037037037037 0.17152777777777775 0.6753086419753087 0.1763888888888889 0.6679012345679012 0.1779513888888889 0.6648148148148147 0.17864583333333334 0.6599793209876543 0.18229166666666666 0.6604938271604938 0.18333333333333335 0.654320987654321 0.1840277777777778 0.6444444444444444 0.1840277777777778 0.6367283950617284 0.1824652777777778 0.6265432098765432 0.17916666666666664 0.6225308641975309 0.17777777777777778 0.6228395061728395 0.17656249999999998 0.6259259259259259 0.17656249999999998 0.6299382716049382 0.178125 0.6361111111111112 0.17760416666666665 0.6435185185185185 0.17934027777777775 0.6469135802469135 0.17881944444444445 0.6503086419753087 0.1753472222222222 0.6493827160493827 0.17447916666666666 0.6475308641975309 0.17430555555555555 0.6441358024691358 0.1722222222222222 0.6416666666666666 0.16145833333333334 0.6416666666666666 0.15920138888888888 0.6438271604938272 0.15833333333333333 0.6469135802469135 0.1579861111111111 0.6620370370370371 0.1597222222222222 0.6688271604938272
3 0.044270833333333336 0.5194444444444445 0.04565972222222222 0.520679012345679 0.05381944444444445 0.5246913580246914 0.06493055555555556 0.5246913580246914 0.06874999999999999 0.5237654320987654 0.06996527777777778 0.5219135802469136 0.07013888888888888 0.5179012345679012 0.06927083333333332 0.5117283950617284 0.07013888888888888 0.5015432098765432 0.06979166666666667 0.5 0.06805555555555555 0.4978395061728395 0.06597222222222222 0.4972222222222222 0.06440972222222222 0.49537037037037035 0.059895833333333336 0.495679012345679 0.057291666666666664 0.4944444444444444 0.052256944444444446 0.4941358024691358 0.04670138888888889 0.49506172839506174 0.04375 0.4978395061728395 0.043229166666666666 0.49938271604938267 0.04357638888888889 0.516358024691358 0.044270833333333336 0.5194444444444445
3 0.2864583333333333 0.5015432098765432 0.2878472222222222 0.5067901234567901 0.2894097222222222 0.508641975308642 0.2904513888888889 0.508641975308642 0.29461805555555554 0.5055555555555555 0.2960069444444444 0.49938271604938267 0.2960069444444444 0.49074074074074076 0.2951388888888889 0.48796296296296293 0.2934027777777778 0.48703703703703705 0.2876736111111111 0.4867283950617284 0.2864583333333333 0.4867283950617284 0.28628472222222223 0.4876543209876543 0.28593749999999996 0.4916666666666667 0.2864583333333333 0.5015432098765432
3 0.2517361111111111 0.5601851851851852 0.25555555555555554 0.5611111111111111 0.2583333333333333 0.5552469135802469 0.2626736111111111 0.5503086419753086 0.26284722222222223 0.5401234567901235 0.2621527777777778 0.5370370370370371 0.2609375 0.5351851851851852 0.25902777777777775 0.5339506172839505 0.25625000000000003 0.5339506172839505 0.2505208333333333 0.5367283950617284 0.24930555555555556 0.5391975308641975 0.24930555555555556 0.5503086419753086 0.2517361111111111 0.5601851851851852
3 0.7034722222222222 0.5225308641975308 0.7069444444444444 0.5246913580246914 0.7105902777777777 0.5246913580246914 0.7137152777777778 0.5228395061728395 0.7147569444444444 0.5061728395061729 0.7135416666666666 0.5027777777777778 0.703125 0.5040123456790123 0.7024305555555556 0.5117283950617284 0.7024305555555556 0.519753086419753 0.7034722222222222 0.5225308641975308
3 0.08038194444444445 0.7243827160493828 0.08263888888888887 0.729320987654321 0.08350694444444444 0.7373456790123456 0.08472222222222223 0.7416666666666666 0.0876736111111111 0.7459876543209876 0.08975694444444444 0.7459876543209876 0.0920138888888889 0.7447530864197531 0.0951388888888889 0.7382716049382716 0.09652777777777777 0.733641975308642 0.1001736111111111 0.729320987654321 0.10538194444444444 0.725 0.11006944444444444 0.7243827160493828 0.11163194444444445 0.7219135802469135 0.11302083333333332 0.7212962962962963 0.1154513888888889 0.7132716049382716 0.11562499999999999 0.7040123456790123 0.11423611111111111 0.6944444444444444 0.1109375 0.6891975308641975 0.11059027777777777 0.6845679012345679 0.10920138888888888 0.6833333333333333 0.10677083333333333 0.6854938271604938 0.10572916666666667 0.6876543209876543 0.10607638888888887 0.6959876543209877 0.10381944444444445 0.7018518518518518 0.1029513888888889 0.7104938271604938 0.10086805555555554 0.7135802469135802 0.10052083333333332 0.717283950617284 0.0984375 0.7179012345679012 0.0970486111111111 0.7169753086419753 0.09774305555555556 0.7138888888888888 0.09756944444444444 0.7098765432098766 0.09565972222222222 0.7040123456790123 0.09218749999999999 0.7049382716049382 0.08993055555555556 0.7027777777777778 0.0861111111111111 0.7012345679012346 0.0845486111111111 0.7012345679012346 0.08263888888888887 0.7027777777777778 0.0798611111111111 0.7114197530864197 0.07864583333333333 0.717283950617284 0.08038194444444445 0.7243827160493828
3 0.08854166666666667 0.6660493827160494 0.09097222222222222 0.6657407407407407 0.0920138888888889 0.6648148148148147 0.09322916666666667 0.6617283950617284 0.09218749999999999 0.6598765432098765 0.09114583333333333 0.6598765432098765 0.0892361111111111 0.6611111111111112 0.08819444444444445 0.6632716049382715 0.08802083333333333 0.6651234567901234 0.08854166666666667 0.6660493827160494
3 0.1987847222222222 0.6395061728395062 0.1987847222222222 0.644753086419753 0.19947916666666665 0.6478395061728395 0.2003472222222222 0.6481481481481481 0.20225694444444445 0.6515432098765431 0.203125 0.6561728395061728 0.2074652777777778 0.6549382716049382 0.209375 0.6524691358024691 0.21232638888888888 0.6518518518518519 0.2137152777777778 0.65 0.21475694444444443 0.6441358024691358 0.2171875 0.6373456790123456 0.21770833333333334 0.6234567901234568 0.2171875 0.6179012345679012 0.21770833333333334 0.612962962962963 0.2171875 0.6117283950617284 0.21614583333333334 0.6120370370370369 0.2154513888888889 0.612962962962963 0.2154513888888889 0.6157407407407407 0.21475694444444443 0.6169753086419753 0.2111111111111111 0.6200617283950618 0.20694444444444443 0.6212962962962962 0.2029513888888889 0.620679012345679 0.20069444444444445 0.6234567901234568 0.19999999999999998 0.6274691358024691 0.1998263888888889 0.6339506172839506 0.1987847222222222 0.6395061728395062
3 0.6032986111111112 0.5493827160493827 0.6130208333333333 0.5503086419753086 0.6154513888888888 0.5475308641975308 0.6149305555555555 0.5447530864197531 0.6131944444444444 0.5416666666666666 0.6053819444444444 0.5416666666666666 0.603125 0.5425925925925926 0.6015625 0.5444444444444444 0.6015625 0.5481481481481482 0.6032986111111112 0.5493827160493827
3 0.29791666666666666 0.4425925925925926 0.2998263888888889 0.4441358024691358 0.3032986111111111 0.44382716049382714 0.3053819444444444 0.4425925925925926 0.3072916666666667 0.4391975308641975 0.30798611111111107 0.4361111111111111 0.3071180555555555 0.42839506172839503 0.3038194444444444 0.425 0.30069444444444443 0.42623456790123454 0.2977430555555556 0.4324074074074074 0.2973958333333333 0.4395061728395062 0.29791666666666666 0.4425925925925926
3 0.6694444444444444 0.4941358024691358 0.6717013888888889 0.49845679012345684 0.6756944444444444 0.49907407407407406 0.676736111111111 0.49537037037037035 0.6774305555555555 0.4842592592592592 0.6774305555555555 0.47623456790123453 0.676736111111111 0.47314814814814815 0.6755208333333333 0.47098765432098766 0.6697916666666666 0.4722222222222222 0.6685763888888888 0.4740740740740741 0.6680555555555555 0.47685185185185186 0.6680555555555555 0.4882716049382716 0.6694444444444444 0.4941358024691358
3 0.6645833333333333 0.5496913580246914 0.6661458333333333 0.5549382716049382 0.6673611111111112 0.5629629629629629 0.6675347222222222 0.5685185185185185 0.6682291666666667 0.5709876543209876 0.6717013888888889 0.5774691358024692 0.6751736111111112 0.5771604938271605 0.6758680555555555 0.5750000000000001 0.6763888888888888 0.5682098765432099 0.6779513888888888 0.5635802469135802 0.678298611111111 0.5598765432098766 0.6779513888888888 0.5401234567901235 0.6758680555555555 0.5370370370370371 0.6746527777777778 0.5370370370370371 0.6720486111111111 0.5391975308641975 0.668923611111111 0.5367283950617284 0.6649305555555556 0.5370370370370371 0.6640625 0.5391975308641975 0.6638888888888889 0.5438271604938272 0.6645833333333333 0.5496913580246914
3 0.6373263888888888 0.5123456790123457 0.6394097222222221 0.516358024691358 0.6475694444444444 0.5228395061728395 0.6512152777777778 0.5225308641975308 0.6515624999999999 0.5123456790123457 0.6510416666666666 0.5067901234567901 0.6479166666666666 0.5009259259259259 0.6435763888888888 0.5006172839506172 0.640625 0.49845679012345684 0.6402777777777777 0.5021604938271605 0.6375 0.5070987654320988 0.6369791666666667 0.5089506172839506 0.6373263888888888 0.5123456790123457