8 0.40988372093023256 0.35271317829457366 0.41157945736434115 0.35357450473729546 0.4164244186046511 0.35055986218776913 0.42659883720930236 0.35055986218776913 0.43241279069767447 0.35314384151593453 0.435562015503876 0.34625322997416025 0.435562015503876 0.330749354005168 0.4338662790697675 0.32041343669250644 0.43580426356589147 0.31696813092161924 0.4362887596899225 0.313953488372093 0.4338662790697675 0.31136950904392763 0.4314437984496124 0.3053402239448751 0.4273255813953489 0.3044788975021533 0.41448643410852715 0.3062015503875969 0.4106104651162791 0.31093884582256676 0.40818798449612403 0.3247200689061154 0.40818798449612403 0.34625322997416025 0.40988372093023256 0.35271317829457366
8 0.6506782945736435 0.3854435831180017 0.654312015503876 0.39233419465977604 0.6574612403100775 0.3953488372093023 0.6615794573643411 0.4018087855297158 0.6659399224806202 0.40396210163652024 0.6681201550387598 0.40267011197243757 0.6751453488372093 0.40223944875107664 0.6933139534883721 0.40267011197243757 0.6964631782945737 0.400947459086994 0.6959786821705427 0.36003445305770887 0.6945251937984496 0.35012919896640826 0.6911337209302326 0.34194659776055125 0.6790213178294574 0.3329026701119724 0.6642441860465117 0.330749354005168 0.6579457364341086 0.3359173126614987 0.65625 0.338931955211025 0.6535852713178295 0.34926787252368646 0.6509205426356589 0.35314384151593453 0.6501937984496124 0.359603789836348 0.6499515503875969 0.3807062876830319 0.6506782945736435 0.3854435831180017
8 0.43677325581395354 0.25279931093884583 0.4496124031007752 0.2540913006029285 0.4498546511627907 0.23729543496985356 0.44767441860465124 0.23212747631352282 0.44476744186046513 0.22997416020671832 0.43919573643410853 0.23126614987080102 0.43725775193798455 0.2334194659776055 0.4362887596899225 0.23815676141257536 0.436046511627907 0.24978466838931954 0.43677325581395354 0.25279931093884583
5 0.310562015503876 0.43324720068906114 0.313953488372093 0.43238587424633934 0.3173449612403101 0.42937123169681307 0.33236434108527135 0.42764857881136953 0.3355135658914729 0.42764857881136953 0.33842054263565896 0.43023255813953487 0.3415697674418605 0.42850990525409133 0.34302325581395354 0.42420327304048233 0.34738372093023256 0.4181739879414298 0.3481104651162791 0.4151593453919035 0.3481104651162791 0.39965546942291125 0.34714147286821706 0.39104220499569337 0.34568798449612403 0.38759689922480617 0.339874031007752 0.3824289405684755 0.33842054263565896 0.3798449612403101 0.33502906976744184 0.37769164513350556 0.3248546511627907 0.3772609819121447 0.32025193798449614 0.3789836347975883 0.31443798449612403 0.3880275624461671 0.31080426356589147 0.39836347975882863 0.3088662790697675 0.40697674418604646 0.308624031007752 0.42161929371231693 0.310562015503876 0.43324720068906114
5 0.8299418604651163 0.6619293712316968 0.8316375968992248 0.6683893195521102 0.8350290697674418 0.67312661498708 0.8396317829457365 0.6744186046511628 0.8444767441860466 0.6782945736434108 0.8592538759689923 0.6998277347114557 0.8638565891472868 0.7041343669250646 0.8650678294573644 0.7071490094745909 0.8662790697674418 0.7196382428940568 0.8674903100775194 0.7239448751076658 0.8699127906976746 0.727390180878553 0.8735465116279071 0.7286821705426356 0.8769379844961241 0.7252368647717484 0.8812984496124031 0.7252368647717484 0.8885658914728682 0.7295434969853575 0.9219961240310078 0.7291128337639966 0.9411337209302326 0.7260981912144703 0.9433139534883721 0.7248062015503876 0.9450096899224806 0.7200689061154177 0.9462209302325582 0.7114556416881997 0.9454941860465117 0.6886304909560723 0.9343507751937985 0.6670973298880276 0.9292635658914729 0.6541774332472007 0.9236918604651164 0.6442721791559001 0.9198158914728682 0.6343669250645995 0.9169089147286823 0.6296296296296297 0.9074612403100775 0.6192937123169681 0.9004360465116279 0.615848406546081 0.8803294573643412 0.6119724375538328 0.8551356589147288 0.6145564168819982 0.8391472868217055 0.6184323858742464 0.8316375968992248 0.6223083548664944 0.8299418604651163 0.6261843238587425 0.8289728682170543 0.6335055986218777 0.8287306201550387 0.6485788113695091 0.8299418604651163 0.6619293712316968
1 0.5436046511627907 0.27993109388458226 0.55765503875969 0.27993109388458226 0.560562015503876 0.27734711455641686 0.560562015503876 0.2678725236864772 0.5591085271317829 0.26184323858742464 0.5571705426356589 0.2571059431524548 0.5542635658914729 0.2553832902670112 0.5499031007751939 0.2549526270456503 0.5453003875968992 0.2571059431524548 0.5438468992248062 0.25925925925925924 0.5423934108527132 0.2670111972437554 0.5423934108527132 0.2756244616709733 0.5436046511627907 0.27993109388458226
5 0 0.5680447889750215 0 0.6515934539190353 0.012112403100775194 0.6515934539190353 0.02931201550387597 0.6481481481481481 0.0373062015503876 0.6494401378122308 0.03997093023255814 0.6481481481481481 0.04239341085271318 0.6442721791559001 0.04481589147286821 0.6352282515073213 0.046511627906976744 0.632213608957795 0.050387596899224806 0.6291989664082687 0.0562015503875969 0.6205857019810508 0.06104651162790698 0.61541774332472 0.06637596899224807 0.6106804478897502 0.07146317829457365 0.6093884582256676 0.0748546511627907 0.6063738156761412 0.07703488372093023 0.599052540913006 0.07824612403100775 0.5861326442721791 0.07800387596899226 0.5801033591731266 0.07630813953488372 0.5676141257536607 0.07364341085271318 0.5641688199827735 0.06080426356589148 0.5611541774332471 0.05377906976744186 0.55770887166236 0.03343023255813954 0.5551248923341946 0.01187015503875969 0.5568475452196382 0.006298449612403101 0.5602928509905254 0.0016957364341085273 0.5680447889750215 0 0.5680447889750215
1 0.5295542635658915 0.35228251507321273 0.533187984496124 0.35099052540913006 0.5365794573643411 0.3479758828596038 0.5402131782945736 0.3488372093023256 0.5433624031007752 0.34754521963824286 0.5499031007751939 0.35055986218776913 0.5508720930232558 0.34969853574504733 0.5515988372093024 0.3449612403100775 0.5513565891472868 0.33118001722652884 0.5489341085271319 0.32127476313522824 0.5469961240310078 0.31826012058570197 0.5373062015503876 0.3165374677002584 0.532703488372093 0.31739879414298017 0.5295542635658915 0.32213608957795004 0.5281007751937985 0.3281653746770026 0.5281007751937985 0.338931955211025 0.5295542635658915 0.35228251507321273
1 0.5944767441860465 0.40137812230835485 0.5954457364341086 0.40482342807924204 0.5983527131782945 0.4074074074074074 0.6002906976744187 0.4151593453919035 0.6022286821705427 0.4181739879414298 0.6061046511627908 0.4142980189491818 0.6121608527131783 0.41300602928509905 0.6233042635658914 0.41300602928509905 0.6271802325581396 0.4168819982773471 0.6303294573643411 0.4117140396210164 0.6315406976744187 0.40310077519379844 0.6312984496124031 0.39405684754521964 0.6266957364341086 0.3772609819121447 0.623062015503876 0.36950904392764855 0.6203972868217055 0.3669250645994832 0.6063468992248062 0.3660637381567614 0.6022286821705427 0.36735572782084414 0.5944767441860465 0.3807062876830319 0.59375 0.38372093023255816 0.5944767441860465 0.40137812230835485
1 0.35707364341085274 0.3337639965546942 0.3594961240310078 0.3372093023255814 0.36627906976744184 0.3341946597760551 0.37718023255813954 0.3354866494401378 0.38032945736434115 0.3285960378983635 0.38032945736434115 0.3083548664944014 0.37669573643410853 0.3036175710594315 0.373062015503876 0.30103359173126615 0.36409883720930236 0.3014642549526271 0.3597383720930233 0.3040482342807924 0.35828488372093026 0.3070628768303187 0.3561046511627907 0.31696813092161924 0.3558624031007752 0.3298880275624462 0.35707364341085274 0.3337639965546942
1 0.8384205426356589 0.26744186046511625 0.8384205426356589 0.2631352282515073 0.8376937984496124 0.2652885443583118 0.8384205426356589 0.26744186046511625
1 0.654312015503876 0.4500430663221361 0.6564922480620156 0.45176571920757963 0.658672480620155 0.4560723514211886 0.6615794573643411 0.4677002583979328 0.6649709302325582 0.4677002583979328 0.6686046511627908 0.46511627906976744 0.6812015503875969 0.46339362618432384 0.689922480620155 0.46382428940568476 0.6962209302325582 0.46640826873385016 0.6981589147286823 0.46037898363479757 0.6996124031007752 0.450473729543497 0.6996124031007752 0.4397071490094746 0.6947674418604651 0.42764857881136953 0.6928294573643411 0.4190353143841516 0.6901647286821706 0.4117140396210164 0.6867732558139535 0.4074074074074074 0.6795058139534883 0.4052540913006029 0.6630329457364341 0.40697674418604646 0.6540697674418604 0.42161929371231693 0.653827519379845 0.42420327304048233 0.653343023255814 0.446167097329888 0.654312015503876 0.4500430663221361
1 0.5712209302325582 0.520671834625323 0.5741279069767442 0.5258397932816538 0.5758236434108528 0.5430663221360896 0.5770348837209303 0.545650301464255 0.5794573643410853 0.5460809646856158 0.584544573643411 0.5400516795865633 0.5925387596899225 0.5378983634797588 0.6073158914728682 0.5383290267011197 0.6126453488372093 0.5422049956933678 0.6165213178294574 0.5417743324720069 0.6187015503875969 0.5391903531438414 0.6196705426356589 0.5366063738156761 0.620639534883721 0.5249784668389319 0.6196705426356589 0.5055986218776917 0.6162790697674418 0.4900947459086994 0.6145833333333334 0.48578811369509045 0.6138565891472868 0.4771748492678725 0.6070736434108527 0.46425495262704564 0.6031976744186047 0.46210163652024117 0.5821220930232558 0.46339362618432384 0.5765503875968992 0.466838931955211 0.5685562015503876 0.47760551248923344 0.5695251937984497 0.5129198966408269 0.5712209302325582 0.520671834625323
1 0.39874031007751937 0.28983634797588287 0.4001937984496124 0.29112833763996554 0.4089147286821706 0.28983634797588287 0.41521317829457366 0.2915590008613264 0.4173934108527132 0.28768303186907834 0.4164244186046511 0.26916451335055985 0.41375968992248063 0.2657192075796727 0.407703488372093 0.26442721791559004 0.40140503875968997 0.2661498708010336 0.39946705426356593 0.26916451335055985 0.3980135658914729 0.27734711455641686 0.3980135658914729 0.2868217054263566 0.39874031007751937 0.28983634797588287
1 0.21293604651162792 0.6369509043927649 0.2170542635658915 0.6429801894918173 0.22068798449612406 0.6429801894918173 0.22892441860465118 0.6395348837209303 0.2560562015503876 0.6378122308354867 0.2659883720930233 0.6403962101636521 0.2686531007751938 0.6386735572782085 0.27059108527131787 0.6339362618432385 0.2737403100775194 0.615848406546081 0.2761627906976744 0.611541774332472 0.27761627906976744 0.6063738156761412 0.28391472868217055 0.599052540913006 0.2858527131782946 0.5938845822566753 0.2860949612403101 0.5848406546080964 0.28512596899224807 0.5680447889750215 0.28343023255813954 0.5572782084409992 0.281734496124031 0.5546942291128337 0.2761627906976744 0.553402239448751 0.26913759689922484 0.5478036175710594 0.26380813953488375 0.5465116279069767 0.24103682170542637 0.5482342807924203 0.23473837209302328 0.5503875968992248 0.23062015503875968 0.553402239448751 0.2240794573643411 0.5637381567614126 0.21923449612403104 0.5796726959517657 0.21584302325581395 0.5878552971576227 0.21075581395348839 0.6080964685615848 0.2109980620155039 0.6304909560723514 0.21293604651162792 0.6369509043927649
4 0.08817829457364341 0.43281653746770027 0.10271317829457365 0.43453919035314387 0.10804263565891474 0.4453057708871662 0.11167635658914729 0.4474590869939707 0.11700581395348839 0.4465977605512489 0.12330426356589148 0.4371231696813092 0.1303294573643411 0.43453919035314387 0.16569767441860467 0.43583118001722654 0.17175387596899225 0.4409991386735573 0.17781007751937986 0.4418604651162791 0.1821705426356589 0.4392764857881137 0.1858042635658915 0.43410852713178294 0.19089147286821706 0.43195521102497847 0.1928294573643411 0.42850990525409133 0.1937984496124031 0.4203273040482343 0.1928294573643411 0.4108527131782946 0.19040697674418605 0.40654608096468564 0.1821705426356589 0.40267011197243757 0.1695736434108527 0.4000861326442722 0.1564922480620155 0.3871662360034453 0.14777131782945738 0.3845822566752799 0.13372093023255816 0.3854435831180017 0.13202519379844962 0.38673557278208437 0.12766472868217055 0.39577950043066323 0.12621124031007752 0.39664082687338503 0.1000484496124031 0.39750215331610683 0.0990794573643411 0.39836347975882863 0.09641472868217055 0.40654608096468564 0.09181201550387598 0.4074074074074074 0.08987403100775194 0.4099913867355728 0.08866279069767442 0.4151593453919035 0.08696705426356591 0.42850990525409133 0.08817829457364341 0.43281653746770027
4 0.5956879844961241 0.3053402239448751 0.5990794573643411 0.3018949181739879 0.6022286821705427 0.30103359173126615 0.6056201550387598 0.3023255813953489 0.6128875968992248 0.3018949181739879 0.6155523255813954 0.29758828596037895 0.6138565891472868 0.28165374677002586 0.6111918604651163 0.2721791559000861 0.6094961240310077 0.26916451335055985 0.6065891472868217 0.2678725236864772 0.5971414728682171 0.2687338501291989 0.5935077519379846 0.2721791559000861 0.5903585271317829 0.2795004306632214 0.5903585271317829 0.29672695951765715 0.5956879844961241 0.3053402239448751
3 0.3875968992248062 0.2795004306632214 0.38856589147286824 0.28165374677002586 0.3909883720930233 0.28251507321274766 0.39292635658914726 0.2786391042204996 0.3934108527131783 0.27002583979328165 0.39123062015503873 0.2670111972437554 0.38832364341085274 0.2678725236864772 0.3873546511627907 0.2687338501291989 0.3875968992248062 0.2795004306632214
3 0.24152131782945738 0.35831180017226527 0.25169573643410853 0.36089577950043067 0.25339147286821706 0.35917312661498707 0.25387596899224807 0.3565891472868217 0.25339147286821706 0.34539190353143845 0.251453488372093 0.34280792420327305 0.24249031007751937 0.3423772609819121 0.24055232558139536 0.3458225667527993 0.23982558139534885 0.35055986218776913 0.23958333333333334 0.3557278208440999 0.24152131782945738 0.35831180017226527
3 0.3401162790697675 0.3669250645994832 0.3415697674418605 0.3686477174849268 0.3449612403100775 0.36735572782084414 0.34689922480620156 0.36003445305770887 0.34641472868217055 0.3488372093023256 0.34544573643410853 0.34711455641688205 0.3415697674418605 0.34625322997416025 0.3393895348837209 0.3488372093023256 0.33890503875968997 0.35185185185185186 0.33890503875968997 0.36003445305770887 0.3401162790697675 0.3669250645994832
3 0.4210271317829457 0.3027562446167097 0.4217538759689923 0.3040482342807924 0.42611434108527135 0.3036175710594315 0.4273255813953489 0.29758828596037895 0.4270833333333333 0.29026701119724374 0.4253875968992248 0.28854435831180014 0.4217538759689923 0.28897502153316107 0.42030038759689925 0.2915590008613264 0.42030038759689925 0.2997416020671835 0.4210271317829457 0.3027562446167097