8 0.43593750000000003 0.6402777777777777 0.45234375000000004 0.6847222222222222 0.45625000000000004 0.7097222222222221 0.46718750000000003 0.7194444444444444 0.49609375 0.7194444444444444 0.5117187500000001 0.7138888888888888 0.51875 0.7055555555555556 0.5156250000000001 0.6541666666666666 0.51875 0.6388888888888888 0.5125000000000001 0.6319444444444444 0.49921875000000004 0.5861111111111111 0.47578125000000004 0.5416666666666666 0.4578125 0.5388888888888889 0.44062500000000004 0.5444444444444444 0.43593750000000003 0.5597222222222222 0.43359375 0.5819444444444444 0.43281250000000004 0.6027777777777777 0.43593750000000003 0.6402777777777777
1 0.421875 0.2097222222222222 0.44296875 0.20694444444444443 0.44296875 0.19583333333333333 0.4390625 0.1902777777777778 0.42578125 0.19166666666666665 0.41875 0.19999999999999998 0.41875 0.20694444444444443 0.421875 0.2097222222222222
1 0.53671875 0.6263888888888888 0.55 0.6486111111111111 0.55390625 0.6652777777777777 0.5710937500000001 0.6708333333333334 0.5890625 0.6708333333333334 0.6023437500000001 0.6625 0.6015625 0.6333333333333333 0.59296875 0.6166666666666666 0.5921875000000001 0.6027777777777777 0.56953125 0.5666666666666667 0.5570312500000001 0.5583333333333333 0.540625 0.5597222222222222 0.52890625 0.5833333333333334 0.52890625 0.6194444444444444 0.53671875 0.6263888888888888
1 0 0.6722222222222222 0.013281250000000001 0.6736111111111112 0.040625 0.6666666666666666 0.05234375 0.6777777777777778 0.057031250000000006 0.6763888888888888 0.060937500000000006 0.6694444444444444 0.06406250000000001 0.6444444444444444 0.08203125 0.6194444444444444 0.08046875 0.5888888888888888 0.07500000000000001 0.575 0.05234375 0.5666666666666667 0.018750000000000003 0.5736111111111111 0.0078125 0.5847222222222223 0 0.5972222222222222 0 0.6722222222222222
1 0.1953125 0.4555555555555555 0.21328125 0.4583333333333333 0.21796875000000002 0.4388888888888889 0.21796875000000002 0.4222222222222222 0.21640625000000002 0.4166666666666667 0.2078125 0.4111111111111111 0.19062500000000002 0.4125 0.18515625000000002 0.41805555555555557 0.18125000000000002 0.4333333333333333 0.18203125 0.4611111111111111 0.1953125 0.4555555555555555
8 0.24296875 0.45694444444444443 0.27343750000000006 0.4527777777777778 0.27265625000000004 0.4111111111111111 0.275 0.4041666666666667 0.26328125 0.3958333333333333 0.24921875000000002 0.3986111111111111 0.24140625000000002 0.4083333333333333 0.240625 0.44027777777777777 0.24296875 0.45694444444444443
1 0.35781250000000003 0.13055555555555556 0.3828125 0.13055555555555556 0.38046875 0.12083333333333332 0.37031250000000004 0.1125 0.3609375 0.1111111111111111 0.35546875 0.11527777777777777 0.35468750000000004 0.12638888888888888 0.35781250000000003 0.13055555555555556
1 0.5 0.23055555555555554 0.534375 0.22777777777777775 0.53671875 0.21944444444444444 0.53671875 0.20833333333333334 0.5281250000000001 0.1986111111111111 0.5117187500000001 0.1986111111111111 0.49531250000000004 0.2125 0.49375 0.2236111111111111 0.5 0.23055555555555554
1 0.38671875 0.3819444444444444 0.40703125 0.37916666666666665 0.40625 0.3625 0.40078125000000003 0.35 0.38906250000000003 0.3472222222222222 0.38359375 0.35138888888888886 0.38359375 0.3736111111111111 0.38671875 0.3819444444444444
1 0.89375 0.325 0.90625 0.3180555555555556 0.9148437500000001 0.3208333333333333 0.9187500000000001 0.32916666666666666 0.9265625000000001 0.3305555555555555 0.93359375 0.325 0.9382812500000001 0.31527777777777777 0.9484375 0.3180555555555556 0.9554687500000001 0.3125 0.9695312500000001 0.3125 0.978125 0.32361111111111107 0.984375 0.3180555555555556 0.98828125 0.30277777777777776 0.98984375 0.2708333333333333 0.984375 0.2569444444444444 0.9765625 0.25 0.9578125000000001 0.24444444444444444 0.9382812500000001 0.24583333333333335 0.92109375 0.25416666666666665 0.9085937500000001 0.26805555555555555 0.884375 0.27499999999999997 0.8796875000000001 0.2861111111111111 0.87890625 0.3111111111111111 0.89375 0.325
5 0.41015625 0.4986111111111111 0.44062500000000004 0.4958333333333333 0.4390625 0.4597222222222222 0.42812500000000003 0.4388888888888889 0.4109375 0.4388888888888889 0.40390625 0.4472222222222222 0.40234375 0.475 0.41015625 0.4986111111111111
5 0.328125 0.4222222222222222 0.35234375 0.4208333333333333 0.3515625 0.3930555555555555 0.34453125 0.37916666666666665 0.33359375 0.37777777777777777 0.32656250000000003 0.38611111111111107 0.325 0.4055555555555555 0.328125 0.4222222222222222
1 0.18203125 0.8888888888888888 0.21640625000000002 0.8875 0.24375000000000002 0.8777777777777778 0.25 0.8708333333333333 0.25390625000000006 0.8583333333333334 0.25312500000000004 0.8208333333333333 0.25703125000000004 0.7819444444444444 0.25703125000000004 0.7513888888888888 0.2546875 0.7402777777777778 0.25078125 0.7347222222222222 0.24296875 0.7333333333333334 0.20625000000000002 0.7416666666666666 0.19843750000000002 0.7472222222222222 0.1921875 0.7625 0.18515625000000002 0.7680555555555556 0.18906250000000002 0.7777777777777778 0.178125 0.8472222222222222 0.17734375000000002 0.8763888888888888 0.18203125 0.8888888888888888
2 0.84375 0.2611111111111111 0.84375 0.2986111111111111 0.8367187500000001 0.32361111111111107 0.8250000000000001 0.33749999999999997 0.82421875 0.36527777777777776 0.85078125 0.3694444444444444 0.86640625 0.3583333333333333 0.8679687500000001 0.3458333333333333 0.8656250000000001 0.33194444444444443 0.8734375000000001 0.32916666666666666 0.875 0.3208333333333333 0.8656250000000001 0.3 0.8625 0.2861111111111111 0.859375 0.2583333333333333 0.859375 0.2513888888888889 0.86484375 0.24027777777777778 0.8625 0.21805555555555556 0.8578125000000001 0.2111111111111111 0.85078125 0.2097222222222222 0.8421875000000001 0.21944444444444444 0.8375 0.23055555555555554 0.8375 0.2513888888888889 0.84375 0.2611111111111111
2 0.5335937500000001 0.2375 0.5335937500000001 0.2472222222222222 0.5359375000000001 0.25 0.5429687500000001 0.25 0.5453125000000001 0.24305555555555555 0.55 0.2472222222222222 0.5515625000000001 0.2375 0.5476562500000001 0.24166666666666664 0.54453125 0.2347222222222222 0.54609375 0.22777777777777775 0.5515625000000001 0.23035694444444446 0.5515625000000001 0.18055555555555555 0.5468750000000001 0.17083333333333334 0.5437500000000001 0.17083333333333334 0.5398437500000001 0.18194444444444444 0.5398437500000001 0.2111111111111111 0.5335937500000001 0.2375