8 0.67734375 0.6986111111111112 0.690625 0.7069444444444444 0.7250000000000001 0.7569444444444444 0.7406250000000001 0.7958333333333334 0.7757812500000001 0.8041666666666666 0.80859375 0.7958333333333334 0.8148437500000001 0.7902777777777777 0.8171875000000001 0.7652777777777777 0.8140625 0.7402777777777778 0.796875 0.6972222222222222 0.79453125 0.6833333333333333 0.77890625 0.65 0.75546875 0.6194444444444444 0.7210937500000001 0.5833333333333334 0.68671875 0.5833333333333334 0.6781250000000001 0.5902777777777778 0.66953125 0.6291666666666667 0.66953125 0.6625 0.67734375 0.6986111111111112
8 0.259375 0.3069444444444444 0.28203125 0.3041666666666667 0.28203125 0.28194444444444444 0.27734375000000006 0.25972222222222224 0.26093750000000004 0.2583333333333333 0.25781250000000006 0.26805555555555555 0.25703125000000004 0.28888888888888886 0.259375 0.3069444444444444
1 0.24453125 0.2125 0.24296875 0.20277777777777775 0.23828125 0.19583333333333333 0.22968750000000002 0.20277777777777775 0.23046875 0.2152777777777778 0.24453125 0.2125
1 0.3515625 0.2486111111111111 0.359375 0.24583333333333335 0.359375 0.2236111111111111 0.3484375 0.2236111111111111 0.34453125 0.23194444444444445 0.34453125 0.24305555555555555 0.3515625 0.2486111111111111
1 0.34140625 0.21388888888888888 0.3453125 0.21666666666666665 0.34921875 0.19583333333333333 0.34140625 0.1875 0.33828125000000003 0.1902777777777778 0.3375 0.20277777777777775 0.34140625 0.21388888888888888
1 0.37578125 0.2833333333333333 0.37890625 0.29305555555555557 0.3984375 0.2944444444444444 0.39921875 0.2805555555555555 0.39375000000000004 0.2611111111111111 0.3875 0.25555555555555554 0.3796875 0.25555555555555554 0.37578125 0.2638888888888889 0.37578125 0.2833333333333333
5 0.625 0.7999999999999999 0.628125 0.8305555555555556 0.63984375 0.8402777777777778 0.6664062500000001 0.8944444444444444 0.6765625000000001 0.9194444444444444 0.68125 0.9458333333333333 0.6859375000000001 0.9555555555555556 0.70859375 0.9763888888888889 0.72265625 0.9805555555555555 0.7507812500000001 0.9777777777777777 0.76484375 0.9694444444444444 0.77109375 0.9222222222222222 0.7640625000000001 0.8875 0.7453125 0.848611111111111 0.7453125 0.8291666666666666 0.7367187500000001 0.825 0.7210937500000001 0.7902777777777777 0.7039062500000001 0.7611111111111112 0.6921875000000001 0.7472222222222222 0.6804687500000001 0.7430555555555556 0.671875 0.7347222222222222 0.6507812500000001 0.7333333333333334 0.6296875000000001 0.7430555555555556 0.6218750000000001 0.7680555555555556 0.6218750000000001 0.7916666666666666 0.625 0.7999999999999999
1 0.1484375 0.3111111111111111 0.1609375 0.3138888888888889 0.16484375 0.3111111111111111 0.16796875 0.3013888888888889 0.16718750000000002 0.29027777777777775 0.16171875000000002 0.2833333333333333 0.14609375000000002 0.2833333333333333 0.13984375000000002 0.29305555555555557 0.13984375000000002 0.31527777777777777 0.1484375 0.3111111111111111
1 0.30546875 0.26249999999999996 0.32109375 0.26249999999999996 0.32109375 0.2486111111111111 0.3171875 0.2375 0.309375 0.2361111111111111 0.30546875 0.24027777777777778 0.30312500000000003 0.2486111111111111 0.30546875 0.26249999999999996
1 0.25078125 0.2736111111111111 0.2515625 0.2638888888888889 0.246875 0.2486111111111111 0.23515625 0.2472222222222222 0.23203125000000002 0.2513888888888889 0.23203125000000002 0.27638888888888885 0.25078125 0.2736111111111111
1 0.25078125 0.1902777777777778 0.2546875 0.18888888888888888 0.2546875 0.17916666666666664 0.2515625 0.1722222222222222 0.24375000000000002 0.17777777777777778 0.24296875 0.18333333333333335 0.25078125 0.1902777777777778
4 0.35546875 0.3333333333333333 0.35859375000000004 0.3388888888888889 0.38359375 0.3388888888888889 0.38359375 0.3125 0.37734375000000003 0.2986111111111111 0.36953125000000003 0.29305555555555557 0.35781250000000003 0.2972222222222222 0.35546875 0.30277777777777776 0.35546875 0.3333333333333333
4 0.28359375000000003 0.2611111111111111 0.28437500000000004 0.24444444444444444 0.27968750000000003 0.23055555555555554 0.27187500000000003 0.22916666666666666 0.26796875000000003 0.2361111111111111 0.26796875000000003 0.25555555555555554 0.28359375000000003 0.2611111111111111
1 0.353125 0.26944444444444443 0.35234375 0.25555555555555554 0.34921875 0.2472222222222222 0.33906250000000004 0.24444444444444444 0.3359375 0.2486111111111111 0.33671875 0.2708333333333333 0.353125 0.26944444444444443
1 0.3671875 0.2652777777777778 0.37578125 0.2652777777777778 0.3828125 0.2513888888888889 0.38046875 0.2361111111111111 0.36875 0.23333333333333334 0.36562500000000003 0.2388888888888889 0.36484375 0.25555555555555554 0.3671875 0.2652777777777778
1 0.33515625000000004 0.17916666666666664 0.33203125 0.16666666666666666 0.325 0.17083333333333334 0.325 0.17916666666666664 0.33515625000000004 0.17916666666666664
1 0.28125000000000006 0.23333333333333334 0.28125000000000006 0.2263888888888889 0.278125 0.22083333333333333 0.27656250000000004 0.23194444444444445 0.27265625000000004 0.23194444444444445 0.27109375 0.22083333333333333 0.26875000000000004 0.2236111111111111 0.26875000000000004 0.2347222222222222 0.28125000000000006 0.23333333333333334
1 0.24765625000000002 0.21666666666666665 0.26093750000000004 0.21666666666666665 0.259375 0.20416666666666666 0.25 0.20416666666666666 0.246875 0.2097222222222222 0.24765625000000002 0.21666666666666665
1 0.21015625000000002 0.2125 0.22265625 0.2111111111111111 0.22109375 0.19583333333333333 0.21250000000000002 0.19583333333333333 0.21015625000000002 0.19999999999999998 0.21015625000000002 0.2125
1 0.4921875 0.5416666666666666 0.496875 0.5569444444444445 0.5335937500000001 0.5569444444444445 0.5390625000000001 0.5527777777777777 0.5390625000000001 0.5263888888888889 0.5312500000000001 0.5083333333333333 0.5328125 0.4986111111111111 0.52890625 0.4972222222222222 0.5156250000000001 0.4722222222222222 0.5015625 0.4666666666666667 0.48125 0.4694444444444444 0.4765625 0.4888888888888889 0.4765625 0.5138888888888888 0.4921875 0.5416666666666666
1 0.06718750000000001 0.7013888888888888 0.07734375 0.6930555555555555 0.1078125 0.6847222222222222 0.125 0.6902777777777778 0.12734375 0.686111111111111 0.12890625000000003 0.6625 0.14218750000000002 0.6333333333333333 0.14062500000000003 0.6027777777777777 0.13671875000000003 0.5944444444444444 0.12109375 0.5874999999999999 0.10312500000000001 0.5874999999999999 0.08046875 0.5944444444444444 0.07421875 0.6027777777777777 0.060937500000000006 0.661111111111111 0.06015625 0.686111111111111 0.06718750000000001 0.7013888888888888
1 0.24140625000000002 0.20277777777777775 0.24765625000000002 0.20416666666666666 0.25078125 0.1986111111111111 0.24453125 0.18333333333333335 0.23828125 0.1875 0.23750000000000002 0.19583333333333333 0.24140625000000002 0.20277777777777775
1 0.35234375 0.1847222222222222 0.34765625 0.17083333333333334 0.34140625 0.1736111111111111 0.34218750000000003 0.1847222222222222 0.35234375 0.1847222222222222
1 0.259375 0.2388888888888889 0.25781250000000006 0.21944444444444444 0.246875 0.22083333333333333 0.24609375 0.2388888888888889 0.259375 0.2388888888888889
1 0.35468750000000004 0.20277777777777775 0.3609375 0.20833333333333334 0.36328125 0.20555555555555555 0.36328125 0.19444444444444445 0.35781250000000003 0.19166666666666665 0.35468750000000004 0.19583333333333333 0.35468750000000004 0.20277777777777775
1 0.4390625 0.3277777777777778 0.45937500000000003 0.3263888888888889 0.46015625000000004 0.3125 0.45234375000000004 0.29027777777777775 0.44921875 0.2875 0.43203125000000003 0.29305555555555557 0.43125 0.31527777777777777 0.4390625 0.3277777777777778
1 0.28125000000000006 0.21805555555555556 0.27890625 0.20416666666666666 0.26953125000000006 0.20416666666666666 0.26953125000000006 0.21944444444444444 0.28125000000000006 0.21805555555555556
1 0.34453125 0.3625 0.34453125 0.3416666666666667 0.3375 0.3194444444444444 0.321875 0.3180555555555556 0.3171875 0.32916666666666666 0.31796875 0.3625 0.34453125 0.3625
1 0.40078125000000003 0.3347222222222222 0.42421875000000003 0.3333333333333333 0.42421875000000003 0.3180555555555556 0.41796875 0.3013888888888889 0.40703125 0.2972222222222222 0.40234375 0.2986111111111111 0.39765625000000004 0.3069444444444444 0.39765625000000004 0.32916666666666666 0.40078125000000003 0.3347222222222222
1 0.43203125000000003 0.3958333333333333 0.45937500000000003 0.3930555555555555 0.4578125 0.3611111111111111 0.44765625000000003 0.3402777777777778 0.43125 0.3361111111111111 0.42812500000000003 0.33749999999999997 0.4234375 0.35 0.4234375 0.375 0.43203125000000003 0.3958333333333333
1 0.33906250000000004 0.5847222222222223 0.34218750000000003 0.5916666666666667 0.37734375000000003 0.5888888888888888 0.38828125 0.5833333333333334 0.38906250000000003 0.5597222222222222 0.38359375 0.5319444444444444 0.38671875 0.5208333333333334 0.3796875 0.5138888888888888 0.37031250000000004 0.49027777777777776 0.3515625 0.4888888888888889 0.340625 0.4930555555555556 0.33437500000000003 0.5069444444444444 0.3328125 0.5305555555555556 0.33906250000000004 0.5847222222222223
1 0.3921875 0.4666666666666667 0.42812500000000003 0.46249999999999997 0.42890625000000004 0.44166666666666665 0.42500000000000004 0.4208333333333333 0.41484375 0.3986111111111111 0.4109375 0.39444444444444443 0.39296875000000003 0.3958333333333333 0.38593750000000004 0.4125 0.38593750000000004 0.4472222222222222 0.3921875 0.4666666666666667
1 0.46640625 0.7166666666666666 0.47265625 0.7263888888888889 0.47890625000000003 0.7569444444444444 0.484375 0.7680555555555556 0.4859375 0.7902777777777777 0.4890625 0.7972222222222222 0.5039062500000001 0.8041666666666666 0.5218750000000001 0.8055555555555556 0.5359375000000001 0.8013888888888888 0.5507812500000001 0.7902777777777777 0.5531250000000001 0.7777777777777778 0.5515625000000001 0.748611111111111 0.5414062500000001 0.7166666666666666 0.5468750000000001 0.7027777777777777 0.5429687500000001 0.7 0.5398437500000001 0.7055555555555556 0.5375000000000001 0.7013888888888888 0.5164062500000001 0.6458333333333334 0.5023437500000001 0.6375 0.48671875000000003 0.6388888888888888 0.4703125 0.6444444444444444 0.46406250000000004 0.6555555555555556 0.46484375 0.7083333333333334 0.46640625 0.7166666666666666
1 0.36171875000000003 0.2222222222222222 0.35625 0.20555555555555555 0.34765625 0.20555555555555555 0.3484375 0.2222222222222222 0.36171875000000003 0.2222222222222222
1 0.50546875 0.4263888888888889 0.5335937500000001 0.425 0.5335937500000001 0.4041666666666667 0.5281250000000001 0.38611111111111107 0.5195312500000001 0.3722222222222222 0.5015625 0.3694444444444444 0.49375 0.3819444444444444 0.49375 0.4055555555555555 0.50546875 0.4263888888888889
1 0.5429687500000001 0.23333333333333334 0.55390625 0.23194444444444445 0.55390625 0.2263888888888889 0.5476562500000001 0.22083333333333333 0.54453125 0.2125 0.534375 0.21388888888888888 0.534375 0.22777777777777775 0.5429687500000001 0.23333333333333334
1 0.14296875 0.998611111111111 0.18671875000000002 0.9958333333333333 0.23046875 0.9805555555555555 0.2390625 0.9569444444444444 0.2390625 0.9236111111111112 0.246875 0.8305555555555556 0.246875 0.8027777777777778 0.24375000000000002 0.7847222222222222 0.23828125 0.7791666666666666 0.2265625 0.7763888888888888 0.18906250000000002 0.7847222222222222 0.1703125 0.7986111111111112 0.1609375 0.8208333333333333 0.15078125 0.825 0.15078125 0.8319444444444444 0.15703125 0.8361111111111111 0.15781250000000002 0.8444444444444444 0.14375000000000002 0.9083333333333333 0.14140625 0.9347222222222222 0.14062500000000003 0.9847222222222222 0.14296875 0.998611111111111
1 0.26015625000000003 0.19999999999999998 0.26875000000000004 0.1986111111111111 0.26875000000000004 0.1847222222222222 0.26562500000000006 0.17916666666666664 0.259375 0.1847222222222222 0.25781250000000006 0.19305555555555554 0.26015625000000003 0.19999999999999998
4 0.55234375 0.5041666666666667 0.55625 0.5083333333333333 0.56015625 0.5055555555555555 0.571875 0.5208333333333334 0.5781250000000001 0.5444444444444444 0.59609375 0.5388888888888889 0.61875 0.5402777777777777 0.62265625 0.5333333333333333 0.62265625 0.5069444444444444 0.61328125 0.4875 0.6125 0.4777777777777778 0.5984375000000001 0.45416666666666666 0.58515625 0.4444444444444444 0.5531250000000001 0.4444444444444444 0.5468750000000001 0.44861111111111107 0.54609375 0.4736111111111111 0.55234375 0.5041666666666667
4 0.0140625 0.4430555555555556 0.014843750000000001 0.4611111111111111 0.025 0.47638888888888886 0.05234375 0.4638888888888889 0.0625 0.4666666666666667 0.06953125 0.45 0.07734375 0.4458333333333333 0.08125 0.4388888888888889 0.07968750000000001 0.41388888888888886 0.06484375 0.3986111111111111 0.039843750000000004 0.39999999999999997 0.030468750000000003 0.4055555555555555 0.025781250000000002 0.41388888888888886 0.02109375 0.4333333333333333 0.0140625 0.4430555555555556
4 0.22968750000000002 0.44166666666666665 0.23046875 0.4597222222222222 0.2328125 0.4652777777777778 0.23671875 0.4652777777777778 0.24453125 0.4555555555555555 0.27187500000000003 0.4597222222222222 0.27343750000000006 0.425 0.26953125000000006 0.4041666666666667 0.27187500000000003 0.3972222222222222 0.2703125 0.3930555555555555 0.26171875000000006 0.38611111111111107 0.25390625000000006 0.38611111111111107 0.240625 0.3888888888888889 0.23125 0.39999999999999997 0.2328125 0.4125 0.22968750000000002 0.44166666666666665
0 0.36484375 0.2222222222222222 0.36953125000000003 0.22916666666666666 0.38593750000000004 0.22777777777777775 0.38515625000000003 0.18194444444444444 0.37421875000000004 0.17083333333333334 0.36250000000000004 0.1736111111111111 0.36171875000000003 0.21388888888888888 0.36484375 0.2222222222222222
0 0.3171875 0.22777777777777775 0.31875000000000003 0.20277777777777775 0.31484375000000003 0.1722222222222222 0.30390625000000004 0.16944444444444445 0.29921875000000003 0.17777777777777778 0.30078125 0.2263888888888889 0.3171875 0.22777777777777775
6 0.18359375 0.35555555555555557 0.18125000000000002 0.3722222222222222 0.184375 0.3847222222222222 0.18906250000000002 0.3930555555555555 0.21640625000000002 0.3888888888888889 0.22187500000000002 0.3680555555555556 0.22187500000000002 0.3486111111111111 0.21640625000000002 0.33749999999999997 0.2171875 0.3277777777777778 0.21015625000000002 0.3208333333333333 0.18671875000000002 0.325 0.18125000000000002 0.3347222222222222 0.18359375 0.35555555555555557
6 0.33125000000000004 0.2125 0.33046875000000003 0.18333333333333335 0.31796875 0.18194444444444444 0.3203125 0.2097222222222222 0.33125000000000004 0.2125