8 0.300739247311828 0.4319556451612903 0.3071236559139785 0.4369959677419355 0.31048387096774194 0.4375 0.31787634408602156 0.4339717741935484 0.32090053763440857 0.4344758064516129 0.3276209677419355 0.4410282258064516 0.34173387096774194 0.4420362903225807 0.34543010752688175 0.4402721774193548 0.35215053763440857 0.43926411290322576 0.3625672043010753 0.43901209677419356 0.36928763440860213 0.4380040322580645 0.37231182795698925 0.43497983870967744 0.37533602150537637 0.4223790322580645 0.3746639784946237 0.4180947580645161 0.3702956989247312 0.41481854838709675 0.35920698924731187 0.4102822580645161 0.3484543010752688 0.40877016129032256 0.34173387096774194 0.4067540322580645 0.33467741935483875 0.40625 0.3286290322580645 0.4039818548387097 0.3172043010752688 0.40372983870967744 0.31384408602150543 0.4019657258064516 0.3030913978494624 0.40751008064516125 0.2990591397849463 0.4145665322580645 0.29872311827956993 0.4178427419354839 0.29872311827956993 0.42817540322580644 0.300739247311828 0.4319556451612903
8 0.32459677419354843 0.40498991935483875 0.32795698924731187 0.40549395161290325 0.3316532258064516 0.40448588709677424 0.3286290322580645 0.4034778225806452 0.32426075268817206 0.4039818548387097 0.32358870967741943 0.40448588709677424 0.32459677419354843 0.40498991935483875
8 0.2711693548387097 0.4223790322580645 0.28293010752688175 0.42288306451612906 0.2893145161290323 0.4259072580645161 0.29670698924731187 0.4269153225806452 0.2977150537634409 0.4256552419354839 0.29872311827956993 0.4140625 0.30275537634408606 0.40700604838709675 0.31048387096774194 0.4032258064516129 0.31451612903225806 0.4029737903225807 0.31619623655913975 0.40095766129032256 0.31418010752688175 0.39944556451612906 0.30846774193548393 0.39742943548387094 0.29368279569892475 0.3951612903225807 0.27318548387096775 0.39591733870967744 0.2691532258064516 0.4012096774193548 0.2661290322580645 0.4112903225806452 0.26545698924731187 0.41507056451612906 0.2711693548387097 0.4223790322580645
8 0.4879032258064516 0.5501512096774194 0.4899193548387097 0.5551915322580645 0.4912634408602151 0.5567036290322581 0.49731182795698925 0.5587197580645161 0.5047043010752689 0.5630040322580645 0.509744623655914 0.5670362903225806 0.5141129032258065 0.5715725806451613 0.5188172043010754 0.5808971774193549 0.5221774193548387 0.5851814516129032 0.5265456989247312 0.5866935483870968 0.5288978494623656 0.5887096774193549 0.5329301075268817 0.5887096774193549 0.5359543010752689 0.5871975806451613 0.539986559139785 0.5877016129032258 0.5423387096774194 0.586945564516129 0.5651881720430109 0.5871975806451613 0.5900537634408602 0.5861895161290323 0.5930779569892474 0.5856854838709677 0.5987903225806451 0.5829133064516129 0.600470430107527 0.5758568548387097 0.5997983870967742 0.5561995967741935 0.5870295698924731 0.5325100806451613 0.5799731182795699 0.5241935483870968 0.5742607526881721 0.5191532258064516 0.5661962365591399 0.5136088709677419 0.5588037634408602 0.5100806451612903 0.5510752688172044 0.5045362903225806 0.5393145161290323 0.4994959677419355 0.529233870967742 0.4977318548387097 0.5144489247311829 0.49747983870967744 0.5003360215053764 0.49823588709677424 0.4936155913978495 0.5017641129032258 0.49193548387096775 0.5047883064516129 0.4905913978494624 0.5120967741935484 0.4875672043010753 0.5189012096774194 0.48588709677419356 0.5259576612903226 0.48588709677419356 0.5390625 0.4879032258064516 0.5501512096774194
8 0.38508064516129037 0.45211693548387094 0.39045698924731187 0.4604334677419355 0.39717741935483875 0.46169354838709675 0.40793010752688175 0.4609375 0.41969086021505375 0.46194556451612906 0.42909946236559143 0.4614415322580645 0.4321236559139785 0.45992943548387094 0.43447580645161293 0.453125 0.43313172043010756 0.43926411290322576 0.4254032258064516 0.42817540322580644 0.4190188172043011 0.42363911290322576 0.4129704301075269 0.42061491935483875 0.4038978494623656 0.4178427419354839 0.3800403225806452 0.4170866935483871 0.37600806451612906 0.42011088709677424 0.3736559139784947 0.42867943548387094 0.37399193548387094 0.43926411290322576 0.38508064516129037 0.45211693548387094
1 0.37399193548387094 0.5050403225806451 0.37869623655913975 0.5108366935483871 0.38205645161290325 0.5178931451612903 0.38373655913978494 0.5194052419354839 0.38608870967741943 0.5199092741935484 0.39314516129032256 0.5191532258064516 0.3958333333333333 0.5173891129032258 0.3975134408602151 0.5158770161290323 0.40255376344086025 0.5065524193548387 0.40994623655913986 0.4994959677419355 0.42372311827956993 0.49823588709677424 0.4274193548387097 0.49470766129032256 0.41700268817204306 0.4808467741935484 0.4143145161290323 0.47908266129032256 0.4049059139784947 0.47782258064516125 0.384744623655914 0.47857862903225806 0.3800403225806452 0.4798387096774193 0.37634408602150543 0.48412298387096775 0.372983870967742 0.49117943548387094 0.3726478494623656 0.5007560483870968 0.37399193548387094 0.5050403225806451
1 0.2893145161290323 0.47555443548387094 0.2903225806451613 0.47757056451612906 0.29670698924731187 0.48311491935483875 0.32123655913978494 0.48311491935483875 0.3420698924731183 0.4848790322580645 0.34475806451612906 0.48286290322580644 0.3464381720430108 0.47505040322580644 0.34576612903225806 0.47076612903225806 0.33534946236559143 0.4558971774193548 0.3276209677419355 0.44783266129032256 0.32459677419354843 0.44707661290322576 0.30846774193548393 0.44707661290322576 0.30409946236559143 0.44783266129032256 0.2963709677419355 0.44732862903225806 0.29200268817204306 0.4495967741935484 0.2893145161290323 0.45287298387096775 0.28830645161290325 0.45992943548387094 0.2879704301075269 0.46875 0.2893145161290323 0.47555443548387094
1 0.2019489247311828 0.5430947580645161 0.20262096774193547 0.5466229838709677 0.20060483870967744 0.5574596774193549 0.20127688172043012 0.5632560483870968 0.20295698924731184 0.5667842741935484 0.20665322580645162 0.5662802419354839 0.21370967741935484 0.563508064516129 0.2200940860215054 0.5625 0.23353494623655915 0.5630040322580645 0.23823924731182797 0.5622479838709677 0.25470430107526887 0.5632560483870968 0.25873655913978494 0.5650201612903226 0.26344086021505375 0.5690524193548387 0.2651209677419355 0.5720766129032258 0.2688172043010753 0.5751008064516129 0.2698252688172043 0.5745967741935484 0.27217741935483875 0.5630040322580645 0.27217741935483875 0.5463709677419355 0.27620967741935487 0.5423387096774194 0.27755376344086025 0.5395665322580645 0.27284946236559143 0.5362903225806451 0.2701612903225807 0.5252016129032258 0.2641129032258065 0.5183971774193549 0.2567204301075269 0.516633064516129 0.2224462365591398 0.5171370967741935 0.21975806451612903 0.5181451612903226 0.21606182795698925 0.5219254032258065 0.20967741935483875 0.5299899193548387 0.20665322580645162 0.5355342741935484 0.19926075268817206 0.5385584677419355 0.19858870967741937 0.5398185483870968 0.2019489247311828 0.5430947580645161
1 0.3192204301075269 0.5362903225806451 0.3172043010752688 0.5423387096774194 0.3168682795698925 0.5572076612903226 0.31854838709677424 0.5642641129032258 0.32123655913978494 0.5662802419354839 0.32493279569892475 0.5665322580645161 0.3326612903225807 0.5642641129032258 0.34442204301075274 0.5627520161290323 0.3625672043010753 0.5627520161290323 0.375 0.5645161290322581 0.3800403225806452 0.5642641129032258 0.38104838709677424 0.5632560483870968 0.3834005376344087 0.5544354838709677 0.38205645161290325 0.5362903225806451 0.3864247311827957 0.5327620967741935 0.3800403225806452 0.5297379032258065 0.37735215053763443 0.5262096774193549 0.37231182795698925 0.5153729838709677 0.3662634408602151 0.5118447580645161 0.34072580645161293 0.5108366935483871 0.33064516129032256 0.5120967741935484 0.32459677419354843 0.5161290322580645 0.32090053763440857 0.522429435483871 0.3198924731182796 0.5277217741935484 0.31485215053763443 0.53125 0.31451612903225806 0.5330141129032258 0.3192204301075269 0.5362903225806451
1 0.4983198924731183 0.7091733870967742 0.501008064516129 0.7139616935483871 0.5050403225806451 0.7154737903225806 0.5094086021505377 0.7195060483870968 0.5141129032258065 0.7268145161290323 0.5188172043010754 0.7379032258064515 0.5272177419354839 0.7505040322580646 0.5315860215053764 0.7595766129032258 0.5359543010752689 0.7762096774193549 0.5406586021505377 0.7867943548387096 0.5430107526881721 0.7878024193548386 0.549731182795699 0.7883064516129032 0.5651881720430109 0.7923387096774194 0.6041666666666666 0.7935987903225806 0.6199596774193549 0.7930947580645161 0.6340725806451614 0.7913306451612904 0.6441532258064517 0.7893145161290323 0.6478494623655914 0.788054435483871 0.6505376344086022 0.7860383064516129 0.6528897849462366 0.7827620967741935 0.6549059139784946 0.7769657258064515 0.655241935483871 0.7631048387096775 0.6542338709677419 0.7570564516129032 0.6522177419354839 0.7512600806451614 0.6451612903225807 0.7386592741935485 0.6350806451612904 0.7258064516129032 0.6334005376344086 0.7202620967741935 0.6354166666666666 0.7179939516129032 0.6404569892473119 0.7162298387096775 0.6414650537634409 0.7134576612903225 0.6404569892473119 0.7121975806451614 0.6347446236559141 0.7116935483870968 0.6300403225806451 0.7127016129032258 0.6253360215053765 0.7089213709677419 0.5997983870967742 0.6764112903225806 0.5920698924731183 0.6675907258064515 0.5877016129032259 0.6640625 0.5745967741935485 0.6577620967741935 0.5655241935483871 0.65625 0.549731182795699 0.6559979838709677 0.5436827956989247 0.6547379032258065 0.5389784946236559 0.6547379032258065 0.5127688172043011 0.6577620967741935 0.5070564516129032 0.6610383064516129 0.5030241935483871 0.665070564516129 0.4976478494623656 0.6832157258064515 0.49731182795698925 0.7013608870967742 0.4983198924731183 0.7091733870967742
1 0.19556451612903225 0.584929435483871 0.19455645161290322 0.5922379032258065 0.19153225806451615 0.5985383064516129 0.1888440860215054 0.600554435483871 0.18581989247311828 0.6008064516129032 0.18212365591397853 0.6023185483870968 0.18447580645161293 0.6058467741935485 0.18918010752688175 0.6088709677419355 0.18447580645161293 0.6290322580645161 0.18548387096774197 0.6456653225806451 0.18817204301075272 0.6509576612903225 0.19623655913978497 0.6534778225806451 0.22311827956989247 0.6557459677419355 0.24327956989247315 0.6549899193548386 0.26545698924731187 0.6512096774193549 0.2711693548387097 0.647429435483871 0.27251344086021506 0.6423891129032258 0.27251344086021506 0.6058467741935485 0.2788978494623656 0.6023185483870968 0.27251344086021506 0.5972782258064515 0.2691532258064516 0.579133064516129 0.2664650537634409 0.5743447580645161 0.26310483870967744 0.5710685483870968 0.26176075268817206 0.5675403225806451 0.2550403225806452 0.5640120967741935 0.2452956989247312 0.5627520161290323 0.21740591397849462 0.5632560483870968 0.20598118279569894 0.5675403225806451 0.20026881720430106 0.5783770161290323 0.19556451612903225 0.584929435483871
1 0.22479838709677422 0.501008064516129 0.22379032258064518 0.508820564516129 0.2261424731182796 0.5141129032258065 0.2368951612903226 0.5158770161290323 0.25571236559139787 0.5161290322580645 0.2614247311827957 0.5168850806451613 0.2647849462365591 0.5178931451612903 0.27217741935483875 0.5241935483870968 0.27620967741935487 0.5236895161290323 0.27822580645161293 0.5163810483870968 0.2788978494623656 0.5012600806451613 0.28125000000000006 0.49798387096774194 0.2805779569892473 0.4949596774193548 0.27755376344086025 0.49143145161290325 0.27755376344086025 0.4876512096774193 0.27284946236559143 0.48185483870967744 0.2698252688172043 0.4795866935483871 0.2657930107526882 0.47832661290322576 0.2543682795698925 0.47731854838709675 0.24798387096774197 0.47731854838709675 0.24092741935483875 0.47857862903225806 0.23219086021505378 0.48412298387096775 0.2261424731182796 0.4916834677419355 0.22278225806451615 0.49369959677419356 0.22211021505376344 0.4954637096774193 0.22479838709677422 0.501008064516129
1 0.3985215053763441 0.5430947580645161 0.40020161290322587 0.5461189516129032 0.4089381720430108 0.5514112903225806 0.41498655913978494 0.5637600806451613 0.41868279569892475 0.5645161290322581 0.4250672043010753 0.563508064516129 0.4287634408602151 0.561491935483871 0.43145161290322587 0.5612399193548387 0.4479166666666667 0.5622479838709677 0.46538978494623656 0.5607358870967742 0.47748655913978494 0.5619959677419355 0.48084677419354843 0.5604838709677419 0.4818548387096775 0.5554435483870968 0.4815188172043011 0.5430947580645161 0.47446236559139787 0.5294858870967742 0.4781586021505377 0.5259576612903226 0.47748655913978494 0.5226814516129032 0.47009408602150543 0.5214213709677419 0.45295698924731187 0.5040322580645161 0.44825268817204306 0.5015120967741935 0.42909946236559143 0.4977318548387097 0.4092741935483871 0.5007560483870968 0.40759408602150543 0.5015120967741935 0.40288978494623656 0.5075604838709677 0.3968413978494624 0.5186491935483871 0.39717741935483875 0.5365423387096774 0.3985215053763441 0.5430947580645161
1 0.2368951612903226 0.4649697580645161 0.23487903225806453 0.4664818548387097 0.22782258064516128 0.46698588709677424 0.22815860215053765 0.46975806451612906 0.23051075268817206 0.4710181451612903 0.23118279569892475 0.4727822580645161 0.22883064516129034 0.48412298387096775 0.23017473118279572 0.48613911290322576 0.23420698924731184 0.48336693548387094 0.23756720430107528 0.4795866935483871 0.24428763440860218 0.47731854838709675 0.25873655913978494 0.47731854838709675 0.2647849462365591 0.47807459677419356 0.2688172043010753 0.4793346774193548 0.2718413978494624 0.4813508064516129 0.2758736559139785 0.48613911290322576 0.27923387096774194 0.48563508064516125 0.28326612903225806 0.47001008064516125 0.2795698924731183 0.46244959677419356 0.27620967741935487 0.45917338709677424 0.27284946236559143 0.4576612903225807 0.259744623655914 0.45564516129032256 0.24865591397849462 0.4564012096774193 0.24092741935483875 0.45841733870967744 0.23756720430107528 0.46219758064516125 0.2368951612903226 0.4649697580645161
1 0.33803763440860213 0.4574092741935484 0.3487903225806452 0.4715221774193548 0.35483870967741943 0.4727822580645161 0.35920698924731187 0.4727822580645161 0.38709677419354843 0.4720262096774193 0.3894489247311828 0.47051411290322576 0.39045698924731187 0.4659778225806452 0.3887768817204301 0.45992943548387094 0.38071236559139787 0.4480846774193548 0.3780241935483871 0.4453125 0.37063172043010756 0.4405241935483871 0.3487903225806452 0.43951612903225806 0.34173387096774194 0.4422883064516129 0.3373655913978495 0.4501008064516129 0.3370295698924731 0.45438508064516125 0.33803763440860213 0.4574092741935484
1 0.322244623655914 0.5887096774193549 0.31619623655913975 0.5919858870967742 0.31619623655913975 0.5955141129032258 0.31955645161290325 0.5987903225806451 0.3198924731182796 0.608366935483871 0.3229166666666667 0.6184475806451614 0.32426075268817206 0.633820564516129 0.3269489247311828 0.6393649193548386 0.33131720430107525 0.641633064516129 0.34274193548387094 0.6439012096774194 0.36055107526881724 0.6431451612903225 0.38676075268817206 0.6439012096774194 0.394489247311828 0.6421370967741935 0.4008736559139785 0.639616935483871 0.4038978494623656 0.6370967741935485 0.40524193548387094 0.6335685483870968 0.4059139784946237 0.6186995967741935 0.3998655913978495 0.5985383064516129 0.4008736559139785 0.5970262096774194 0.4045698924731183 0.5950100806451614 0.40692204301075274 0.5919858870967742 0.4045698924731183 0.5907258064516129 0.4008736559139785 0.5912298387096774 0.3968413978494624 0.5889616935483871 0.39079301075268824 0.5768649193548387 0.38373655913978494 0.5670362903225806 0.38071236559139787 0.5655241935483871 0.36693548387096775 0.5647681451612903 0.34072580645161293 0.5647681451612903 0.33098118279569894 0.5662802419354839 0.3269489247311828 0.5690524193548387 0.32358870967741943 0.5745967741935484 0.3215725806451613 0.5846774193548387 0.322244623655914 0.5887096774193549
1 0.435483870967742 0.6033266129032258 0.44388440860215056 0.6106350806451614 0.44993279569892475 0.6197076612903225 0.45430107526881724 0.6237399193548386 0.4620295698924732 0.6376008064516129 0.4663978494623656 0.6408770161290323 0.4714381720430108 0.6428931451612904 0.4828629032258065 0.6446572580645161 0.4905913978494624 0.6439012096774194 0.4929435483870968 0.6423891129032258 0.49630376344086025 0.641633064516129 0.5137768817204301 0.6431451612903225 0.519489247311828 0.6408770161290323 0.5221774193548387 0.6411290322580646 0.5258736559139785 0.6428931451612904 0.5329301075268817 0.6433971774193549 0.5396505376344086 0.6411290322580646 0.5430107526881721 0.6348286290322581 0.5433467741935485 0.6217237903225806 0.5413306451612904 0.6131552419354839 0.5319220430107527 0.6030745967741935 0.5299059139784946 0.5987903225806451 0.5325940860215054 0.5952620967741935 0.5248655913978495 0.5909778225806451 0.5120967741935485 0.5758568548387097 0.5070564516129032 0.5710685483870968 0.5013440860215054 0.5675403225806451 0.497983870967742 0.5667842741935484 0.4912634408602151 0.5632560483870968 0.4848790322580645 0.5625 0.4623655913978495 0.5627520161290323 0.4539650537634409 0.5642641129032258 0.4459005376344087 0.5637600806451613 0.4425403225806452 0.5655241935483871 0.43918010752688175 0.5710685483870968 0.435483870967742 0.5811491935483871 0.43481182795698925 0.5879536290322581 0.43447580645161293 0.5997983870967742 0.435483870967742 0.6033266129032258
1 0.41196236559139787 0.40448588709677424 0.41633064516129037 0.40549395161290325 0.42909946236559143 0.4057459677419355 0.43918010752688175 0.40448588709677424 0.44959677419354843 0.39742943548387094 0.4526209677419355 0.3939012096774193 0.4425403225806452 0.3878528225806452 0.43481182795698925 0.3868447580645161 0.4190188172043011 0.38986895161290325 0.41498655913978494 0.39163306451612906 0.41229838709677424 0.3941532258064516 0.4112903225806452 0.39692540322580644 0.41196236559139787 0.40448588709677424
1 0.25873655913978494 0.4380040322580645 0.26176075268817206 0.4422883064516129 0.2627688172043011 0.4458165322580645 0.2664650537634409 0.4501008064516129 0.2758736559139785 0.45236895161290325 0.28729838709677424 0.45211693548387094 0.2893145161290323 0.45161290322580644 0.29469086021505375 0.44732862903225806 0.3037634408602151 0.44707661290322576 0.30913978494623656 0.4458165322580645 0.30981182795698925 0.4422883064516129 0.3077956989247312 0.43926411290322576 0.29368279569892475 0.42792338709677424 0.2893145161290323 0.4269153225806452 0.28393817204301075 0.42389112903225806 0.27923387096774194 0.42389112903225806 0.2758736559139785 0.42288306451612906 0.27217741935483875 0.42338709677419356 0.2657930107526882 0.4256552419354839 0.25873655913978494 0.4269153225806452 0.25470430107526887 0.42842741935483875 0.2540322580645161 0.4296875 0.2543682795698925 0.4352318548387097 0.25873655913978494 0.4380040322580645
5 0.1196236559139785 0.7789818548387096 0.12701612903225806 0.78125 0.12936827956989247 0.7827620967741935 0.12970430107526884 0.7840221774193549 0.12567204301075272 0.8016633064516129 0.12096774193548389 0.8137600806451614 0.11861559139784947 0.829133064516129 0.1196236559139785 0.8475302419354839 0.12231182795698926 0.859375 0.12399193548387098 0.8631552419354839 0.12802419354838712 0.866179435483871 0.13642473118279572 0.8694556451612904 0.14381720430107528 0.8694556451612904 0.14684139784946237 0.8707157258064515 0.15322580645161293 0.8714717741935485 0.17271505376344087 0.8709677419354839 0.18817204301075272 0.8686995967741935 0.20362903225806453 0.8689516129032258 0.22479838709677422 0.866179435483871 0.23387096774193553 0.8636592741935485 0.23756720430107528 0.8611391129032258 0.24495967741935484 0.8613911290322581 0.24831989247311828 0.860383064516129 0.2584005376344086 0.8538306451612904 0.26344086021505375 0.8457661290322581 0.2644489247311828 0.8414818548387096 0.2651209677419355 0.7983870967741935 0.26310483870967744 0.788054435483871 0.2637768817204301 0.7757056451612904 0.26713709677419356 0.7721774193548386 0.27251344086021506 0.7689012096774194 0.27284946236559143 0.7653729838709677 0.2657930107526882 0.7620967741935485 0.2651209677419355 0.7270665322580646 0.2637768817204301 0.7200100806451614 0.25873655913978494 0.7079133064516129 0.2553763440860215 0.7028729838709677 0.24596774193548387 0.6958165322580646 0.23790322580645162 0.694304435483871 0.21875 0.6932963709677419 0.1948924731182796 0.6940524193548386 0.18212365591397853 0.6953125 0.17204301075268819 0.6980846774193549 0.1636424731182796 0.7018649193548386 0.15658602150537637 0.7084173387096775 0.15356182795698925 0.7127016129032258 0.15221774193548387 0.7169858870967742 0.14381720430107528 0.7305947580645161 0.14180107526881722 0.7406754032258065 0.13978494623655915 0.7444556451612904 0.13978494623655915 0.748991935483871 0.13440860215053765 0.7585685483870968 0.13205645161290325 0.7691532258064515 0.13004032258064516 0.7709173387096775 0.1196236559139785 0.7729334677419355 0.11727150537634409 0.7752016129032258 0.11693548387096776 0.7759576612903225 0.1196236559139785 0.7789818548387096
2 0.5883736559139785 0.5292338709677419 0.590725806451613 0.5284778225806451 0.5991263440860215 0.5287298387096774 0.6051747311827957 0.5254536290322581 0.6055107526881721 0.5189012096774194 0.602486559139785 0.5103326612903226 0.5924059139784946 0.5063004032258065 0.5890456989247312 0.5085685483870968 0.5877016129032259 0.5143649193548387 0.5843413978494625 0.5186491935483871 0.5843413978494625 0.5249495967741935 0.5883736559139785 0.5292338709677419
2 0 0.32006048387096775 0.009072580645161291 0.3203125 0.018145161290322582 0.31880040322580644 0.025873655913978496 0.31854838709677424 0.027217741935483875 0.3175403225806452 0.027217741935483875 0.3119959677419355 0.0198252688172043 0.29007056451612906 0.015120967741935486 0.2855342741935484 0.005376344086021506 0.28024193548387094 0.005040322580645162 0.26764112903225806 0.00403225806451613 0.265625 0.0013440860215053765 0.2638608870967742 0 0.2638608870967742 0 0.32006048387096775
2 0.37668010752688175 0.40524193548387094 0.3800403225806452 0.40549395161290325 0.3817204301075269 0.4014616935483871 0.3823924731182796 0.39591733870967744 0.3817204301075269 0.38860887096774194 0.3800403225806452 0.38407258064516125 0.37668010752688175 0.3876008064516129 0.37567204301075274 0.3901209677419355 0.37600806451612906 0.40448588709677424 0.37668010752688175 0.40524193548387094
2 0.9327956989247312 0.8006552419354839 0.9321236559139785 0.8041834677419355 0.934475806451613 0.8109879032258065 0.9418682795698926 0.8243447580645161 0.9422043010752689 0.828125 0.9395161290322581 0.834929435483871 0.9411962365591399 0.8384576612903225 0.946236559139785 0.8407258064516129 0.9506048387096775 0.8392137096774194 0.9573252688172045 0.8248487903225806 0.956989247311828 0.8175403225806451 0.9536290322580646 0.8072076612903225 0.9536290322580646 0.8031754032258065 0.957997311827957 0.7930947580645161 0.9576612903225807 0.7830141129032258 0.9596774193548389 0.7815020161290323 0.9633736559139785 0.782258064516129 0.9734543010752689 0.7878024193548386 0.9808467741935485 0.7943548387096775 0.9842069892473119 0.7943548387096775 0.9848790322580646 0.7930947580645161 0.9838709677419355 0.7898185483870968 0.9808467741935485 0.7860383064516129 0.9704301075268817 0.7777217741935485 0.965725806451613 0.772429435483871 0.9650537634408602 0.7686491935483871 0.9670698924731184 0.7648689516129032 0.9663978494623656 0.7578125 0.963709677419355 0.7550403225806451 0.9529569892473119 0.7507560483870968 0.9489247311827957 0.7507560483870968 0.9428763440860216 0.7552923387096775 0.9408602150537635 0.7585685483870968 0.9395161290322581 0.7653729838709677 0.9348118279569894 0.7754536290322581 0.9381720430107527 0.7935987903225806 0.9327956989247312 0.8006552419354839
2 0.19018817204301078 0.31502016129032256 0.20329301075268819 0.3165322580645161 0.21337365591397853 0.3157762096774193 0.217741935483871 0.31401209677419356 0.21740591397849462 0.3097278225806452 0.21102150537634412 0.3016633064516129 0.21001344086021506 0.296875 0.20766129032258066 0.2935987903225806 0.20497311827956993 0.2925907258064516 0.20295698924731184 0.2923387096774194 0.197244623655914 0.2938508064516129 0.19590053763440862 0.29536290322580644 0.19455645161290322 0.3009072580645161 0.19186827956989247 0.30342741935483875 0.18850806451612903 0.3089717741935484 0.18783602150537637 0.31401209677419356 0.19018817204301078 0.31502016129032256
2 0.12668010752688172 0.31350806451612906 0.12970430107526884 0.31502016129032256 0.1377688172043011 0.3155241935483871 0.15120967741935484 0.31401209677419356 0.15423387096774197 0.30670362903225806 0.15221774193548387 0.3004032258064516 0.14818548387096775 0.296875 0.14751344086021506 0.28931451612903225 0.14415322580645162 0.28805443548387094 0.14045698924731184 0.28805443548387094 0.13407258064516128 0.29158266129032256 0.12970430107526884 0.29586693548387094 0.12634408602150538 0.3049395161290323 0.12567204301075272 0.31149193548387094 0.12668010752688172 0.31350806451612906
2 0.16498655913978497 0.3160282258064516 0.1790994623655914 0.3167842741935484 0.18548387096774197 0.3152721774193548 0.18716397849462366 0.3074596774193548 0.18716397849462366 0.30317540322580644 0.1851478494623656 0.2971270161290323 0.18548387096774197 0.2933467741935484 0.1888440860215054 0.29183467741935487 0.18951612903225806 0.28981854838709675 0.18918010752688175 0.28654233870967744 0.18548387096774197 0.2830141129032258 0.17876344086021506 0.2817540322580645 0.17506720430107528 0.28377016129032256 0.17237903225806453 0.2878024193548387 0.16633064516129034 0.2930947580645161 0.16297043010752688 0.3009072580645161 0.16297043010752688 0.31426411290322576 0.16498655913978497 0.3160282258064516
2 0.060483870967741944 0.3162802419354839 0.06283602150537636 0.3170362903225807 0.09240591397849462 0.31426411290322576 0.09173387096774194 0.3092237903225807 0.08333333333333333 0.3014112903225807 0.08333333333333333 0.296875 0.08165322580645161 0.2930947580645161 0.07728494623655914 0.29158266129032256 0.0715725806451613 0.29158266129032256 0.06821236559139786 0.2933467741935484 0.06686827956989248 0.3006552419354839 0.05981182795698925 0.3097278225806452 0.059475806451612906 0.31451612903225806 0.060483870967741944 0.3162802419354839
2 0.40255376344086025 0.40423387096774194 0.4049059139784947 0.40599798387096775 0.40826612903225806 0.4067540322580645 0.4106182795698925 0.40473790322580644 0.4112903225806452 0.39742943548387094 0.40793010752688175 0.3878528225806452 0.40524193548387094 0.3863407258064516 0.4048736927382531 0.38321066246869934 0.4038978494623656 0.38382056451612906 0.4049059139784947 0.38457661290322576 0.4038978494623656 0.3850806451612903 0.4038978494623656 0.390625 0.40255376344086025 0.3936491935483871 0.40255376344086025 0.40423387096774194
6 0.34475806451612906 0.7542842741935485 0.3464381720430108 0.7767137096774194 0.3464381720430108 0.7804939516129032 0.34375 0.7872983870967742 0.34475806451612906 0.7905745967741935 0.35013440860215056 0.7933467741935485 0.3511424731182796 0.7956149193548386 0.35215053763440857 0.8064516129032258 0.35786290322580644 0.8361895161290323 0.3588709677419355 0.8664314516129032 0.3629032258064516 0.8762600806451614 0.36760752688172044 0.8840725806451614 0.3743279569892473 0.8878528225806451 0.3834005376344087 0.8898689516129032 0.39717741935483875 0.8911290322580646 0.4213709677419355 0.8911290322580646 0.47345430107526887 0.8870967741935485 0.48420698924731187 0.8843245967741935 0.4983198924731183 0.8787802419354839 0.5016801075268817 0.8755040322580646 0.5047043010752689 0.8664314516129032 0.5040322580645161 0.8445060483870968 0.5016801075268817 0.8314012096774194 0.497983870967742 0.8190524193548386 0.49025537634408606 0.7993951612903225 0.488239247311828 0.7898185483870968 0.4889112903225807 0.7883064516129032 0.4983198924731183 0.7815020161290323 0.4996639784946237 0.7797379032258065 0.4993279569892473 0.7767137096774194 0.4976478494623656 0.7752016129032258 0.4929435483870968 0.7757056451612904 0.4875672043010753 0.78125 0.48387096774193555 0.7784778225806451 0.47950268817204306 0.7714213709677419 0.4640456989247312 0.7303427419354839 0.4610215053763441 0.7169858870967742 0.456989247311828 0.709929435483871 0.4479166666666667 0.6880040322580646 0.44623655913978494 0.6817036290322581 0.44354838709677424 0.6771673387096775 0.4425403225806452 0.6764112903225806 0.4415322580645161 0.6776713709677419 0.4408602150537635 0.6839717741935485 0.43918010752688175 0.686491935483871 0.42674731182795705 0.6872479838709677 0.3854166666666667 0.6877520161290323 0.3625672043010753 0.688508064516129 0.35920698924731187 0.6892641129032258 0.3551747311827957 0.6877520161290323 0.35215053763440857 0.6801915322580646 0.34912634408602156 0.6801915322580646 0.3467741935483871 0.6892641129032258 0.3434139784946237 0.6960685483870968 0.3413978494623656 0.7132056451612904 0.34106182795698925 0.7368951612903225 0.34475806451612906 0.7542842741935485
3 0.9539650537634409 0.8104838709677419 0.9573252688172045 0.8218245967741935 0.956989247311828 0.8278729838709677 0.9553091397849464 0.8303931451612904 0.9529569892473119 0.8384576612903225 0.9543010752688174 0.8414818548387096 0.9583333333333334 0.8455141129032258 0.9677419354838711 0.850554435483871 0.9694220430107527 0.8523185483870968 0.9805107526881721 0.858366935483871 0.9848790322580646 0.8591229838709677 0.9909274193548389 0.8560987903225806 0.9932795698924731 0.8523185483870968 0.9939516129032259 0.8442540322580646 0.9929435483870969 0.8384576612903225 0.9946236559139785 0.8351814516129032 0.9952956989247312 0.8243447580645161 0.9946236559139785 0.821320564516129 0.9828629032258065 0.803679435483871 0.9821908602150538 0.7976310483870968 0.9845430107526882 0.796875 0.9845430107526882 0.7933467741935485 0.9835349462365592 0.7933467741935485 0.9835349462365592 0.796875 0.9808467741935485 0.7971270161290323 0.975470430107527 0.7941028225806451 0.9704301075268817 0.7893145161290323 0.9674059139784946 0.7910786290322581 0.9633736559139785 0.7905745967741935 0.9566532258064517 0.7941028225806451 0.9499327956989247 0.8009072580645161 0.9495967741935485 0.803679435483871 0.9539650537634409 0.8104838709677419
3 0.9815188172043011 0.7835181451612904 0.9842069892473119 0.7837701612903225 0.987231182795699 0.7827620967741935 0.9842069892473119 0.7804939516129032 0.9808467741935485 0.7815020161290323 0.9801747311827957 0.7830141129032258 0.9815188172043011 0.7835181451612904
3 0.9035618279569894 0.7966229838709677 0.9079301075268817 0.8039314516129032 0.9176747311827957 0.8122479838709677 0.9284274193548389 0.8137600806451614 0.9294354838709679 0.8167842741935485 0.932459677419355 0.8182963709677419 0.9351478494623656 0.8225806451612904 0.9388440860215055 0.8245967741935485 0.9395161290322581 0.8210685483870968 0.934475806451613 0.8102318548387096 0.933467741935484 0.8039314516129032 0.9388440860215055 0.7943548387096775 0.938508064516129 0.790070564516129 0.9341397849462366 0.7746975806451614 0.9311155913978495 0.7726814516129032 0.9213709677419355 0.7694052419354839 0.9180107526881721 0.7689012096774194 0.9159946236559141 0.7696572580645161 0.913978494623656 0.772429435483871 0.9106182795698926 0.7835181451612904 0.9075940860215055 0.7872983870967742 0.9025537634408602 0.7905745967741935 0.902217741935484 0.7930947580645161 0.9035618279569894 0.7966229838709677
3 0.4270833333333333 0.43044354838709675 0.4307795698924732 0.43548387096774194 0.4321236559139785 0.4397681451612903 0.4358198924731183 0.44329637096774194 0.4408602150537635 0.4319556451612903 0.4415322580645161 0.42842741935483875 0.4405241935483871 0.4246471774193548 0.435483870967742 0.41935483870967744 0.42842741935483875 0.4188508064516129 0.42204301075268824 0.42162298387096775 0.42170698924731187 0.4254032258064516 0.4270833333333333 0.43044354838709675
3 0.5877016129032259 0.5327620967741935 0.5967741935483871 0.5481350806451613 0.5987903225806451 0.5539314516129032 0.6021505376344086 0.5582157258064516 0.6075268817204302 0.5551915322580645 0.6092069892473119 0.5534274193548387 0.6095430107526881 0.5514112903225806 0.6088709677419355 0.5325100806451613 0.6071908602150538 0.5277217741935484 0.6048387096774194 0.5254536290322581 0.5981182795698926 0.5262096774193549 0.5920698924731183 0.5241935483870968 0.5883736559139785 0.5241935483870968 0.5866935483870969 0.5257056451612903 0.5863575268817205 0.5294858870967742 0.5877016129032259 0.5327620967741935
3 0.6686827956989247 0.5501512096774194 0.6686827956989247 0.5539314516129032 0.6713709677419355 0.5567036290322581 0.6750672043010753 0.5567036290322581 0.6784274193548389 0.5549395161290323 0.682459677419355 0.5544354838709677 0.6854838709677419 0.555695564516129 0.6901881720430109 0.5559475806451613 0.6955645161290323 0.5574596774193549 0.7200940860215055 0.5579637096774194 0.7271505376344086 0.5534274193548387 0.7288306451612904 0.5506552419354839 0.7288306451612904 0.546875 0.7342069892473119 0.5443548387096774 0.7345430107526882 0.5433467741935484 0.7325268817204302 0.5398185483870968 0.7305107526881721 0.5388104838709677 0.7211021505376345 0.5370463709677419 0.7100134408602151 0.5370463709677419 0.7066532258064517 0.5357862903225806 0.7026209677419355 0.5320060483870968 0.6925403225806451 0.5274697580645161 0.6895161290322581 0.5269657258064516 0.6760752688172043 0.5360383064516129 0.6723790322580646 0.5398185483870968 0.6710349462365592 0.546875 0.6686827956989247 0.5501512096774194
3 0.44455645161290325 0.44606854838709675 0.44959677419354843 0.4488407258064516 0.45295698924731187 0.4485887096774193 0.45463709677419356 0.4453125 0.45732526881720437 0.44279233870967744 0.4586693548387097 0.43926411290322576 0.45732526881720437 0.43220766129032256 0.4536290322580645 0.42767137096774194 0.4489247311827957 0.4259072580645161 0.4455645161290323 0.4269153225806452 0.4422043010752688 0.4324596774193548 0.4418682795698925 0.44329637096774194 0.44455645161290325 0.44606854838709675
3 0.49395161290322587 0.44506048387096775 0.5016801075268817 0.4493447580645161 0.5050403225806451 0.4488407258064516 0.509744623655914 0.44279233870967744 0.510752688172043 0.43926411290322576 0.510752688172043 0.43170362903225806 0.5084005376344086 0.4274193548387097 0.5047043010752689 0.4261592741935484 0.49697580645161293 0.42842741935483875 0.49428763440860224 0.4301915322580645 0.49260752688172044 0.4334677419354839 0.49193548387096775 0.4402721774193548 0.49395161290322587 0.44506048387096775
3 0.7237903225806451 0.5740927419354839 0.7308467741935485 0.5766129032258065 0.737231182795699 0.577116935483871 0.7415994623655914 0.5821572580645161 0.7483198924731184 0.584929435483871 0.7550403225806451 0.5864415322580645 0.7590725806451614 0.5864415322580645 0.7620967741935485 0.5851814516129032 0.7637768817204302 0.5814012096774194 0.7671370967741936 0.5778729838709677 0.7674731182795699 0.5743447580645161 0.7631048387096775 0.5695564516129032 0.7604166666666666 0.5642641129032258 0.7584005376344086 0.5627520161290323 0.748991935483871 0.5622479838709677 0.7446236559139785 0.5607358870967742 0.7432795698924731 0.5584677419354839 0.7426075268817205 0.553679435483871 0.7375672043010753 0.545866935483871 0.7342069892473119 0.5433467741935484 0.7318548387096775 0.5443548387096774 0.7311827956989247 0.5476310483870968 0.7237903225806451 0.5567036290322581 0.7221102150537635 0.5625 0.7221102150537635 0.5708165322580645 0.7237903225806451 0.5740927419354839