1 0.916039156626506 0.67570281124498 0.9196159638554217 0.679718875502008 0.9250753012048193 0.6964524765729585 0.9288403614457832 0.7004685408299866 0.931664156626506 0.7011378848728247 0.9346762048192772 0.7004685408299866 0.9390060240963856 0.6961178045515395 0.9459713855421688 0.6984605087014726 0.952183734939759 0.7034805890227577 0.9548192771084337 0.7041499330655957 0.9614081325301205 0.7085006693440428 0.9634789156626505 0.7108433734939759 0.9657379518072289 0.7115127175368139 0.972703313253012 0.7178714859437751 0.9755271084337349 0.7188755020080321 0.9768448795180723 0.7208835341365462 0.9815512048192772 0.7232262382864791 0.9839984939759036 0.7265729585006694 0.9871987951807228 0.7372824631860776 0.9907756024096386 0.7419678714859438 0.9945406626506025 0.7443105756358768 0.9998117469879517 0.7436412315930389 0.9998117469879517 0.6321954484605087 0.998117469879518 0.6321954484605087 0.9956701807228916 0.6298527443105756 0.9928463855421688 0.6291834002677376 0.9909638554216867 0.6268406961178045 0.9828689759036144 0.6211512717536813 0.9732680722891566 0.6174698795180723 0.9706325301204819 0.6154618473895582 0.9563253012048193 0.610441767068273 0.9533132530120482 0.6080990629183399 0.9487951807228916 0.606425702811245 0.9420180722891566 0.606091030789826 0.9282756024096386 0.6094377510040161 0.924887048192771 0.6111111111111112 0.9182981927710843 0.6331994645247656 0.9149096385542168 0.6395582329317269 0.9143448795180723 0.6495983935742972 0.9143448795180723 0.6716867469879517 0.916039156626506 0.67570281124498
8 0.5647590361445783 0.5153949129852744 0.5647590361445783 0.5237617135207496 0.5655120481927711 0.5294511378848727 0.5670180722891567 0.5327978580990629 0.567394578313253 0.539825970548862 0.5681475903614458 0.5428380187416332 0.5705948795180723 0.5468540829986613 0.5758659638554217 0.5478580990629184 0.5783132530120482 0.5491967871485944 0.5817018072289156 0.5528781793842035 0.5865963855421686 0.5552208835341366 0.5903614457831325 0.5639223560910308 0.5918674698795181 0.5659303882195448 0.6169051204819277 0.5645917001338687 0.6236822289156626 0.5629183400267738 0.6300828313253012 0.5575635876840696 0.6302710843373495 0.5515394912985274 0.6291415662650602 0.5431726907630522 0.6291415662650602 0.535809906291834 0.6278237951807228 0.5264390896921017 0.6285768072289157 0.5234270414993306 0.6283885542168675 0.5214190093708166 0.6261295180722891 0.5194109772423025 0.6244352409638554 0.5163989290495314 0.6234939759036144 0.5123828647925033 0.6214231927710843 0.5090361445783133 0.620105421686747 0.504016064257028 0.6127635542168675 0.4926372155287818 0.6069277108433734 0.4879518072289156 0.6041039156626505 0.48728246318607765 0.5992093373493975 0.4836010709504685 0.5960090361445783 0.48293172690763053 0.5897966867469879 0.4792503346720214 0.5843373493975904 0.4785809906291834 0.5815135542168675 0.4799196787148594 0.5736069277108433 0.48092369477911645 0.5681475903614458 0.4836010709504685 0.567394578313253 0.4852744310575635 0.566453313253012 0.4949799196787148 0.5660768072289156 0.5053547523427041 0.5647590361445783 0.5153949129852744
8 0.39664909638554213 0.4320615796519411 0.39683734939759036 0.43607764390896925 0.3979668674698795 0.43875502008032125 0.4009789156626506 0.4421017402945114 0.40436746987951805 0.4421017402945114 0.40719126506024095 0.4400937081659973 0.40756777108433734 0.4367469879518072 0.4083207831325301 0.4364123159303882 0.40926204819277107 0.4394243641231593 0.41152108433734935 0.4424364123159304 0.41152108433734935 0.4461178045515395 0.4135918674698795 0.45180722891566266 0.4216867469879518 0.4578313253012048 0.4290286144578313 0.45917001338688085 0.43128765060240964 0.45682730923694775 0.4314759036144578 0.4521419009370816 0.4339231927710844 0.4441097724230254 0.43618222891566266 0.44042838018741626 0.4367469879518072 0.4347389558232932 0.43561746987951805 0.42737617135207495 0.4322289156626506 0.4233601070950468 0.42884036144578314 0.4260374832663989 0.427710843373494 0.4233601070950468 0.4250753012048193 0.4210174029451138 0.4220632530120482 0.41499330655957156 0.4182981927710844 0.4119812583668005 0.4135918674698795 0.41298527443105754 0.41152108433734935 0.4163319946452476 0.40794427710843373 0.40997322623828647 0.40399096385542166 0.4086345381526104 0.40116716867469876 0.4103078982597055 0.3996611445783132 0.4143239625167336 0.39928463855421686 0.42402945113788487 0.39664909638554213 0.4320615796519411
1 0.7833207831325302 0.6398929049531459 0.7844503012048193 0.6569611780455153 0.7865210843373495 0.6653279785809906 0.7902861445783133 0.6690093708165997 0.7940512048192772 0.6696787148594376 0.7963102409638554 0.6683400267737617 0.799887048192771 0.6633199464524765 0.8010165662650602 0.6633199464524765 0.8077936746987951 0.6696787148594376 0.8234186746987951 0.67904953145917 0.8260542168674698 0.6820615796519411 0.8277484939759036 0.6900937081659974 0.8305722891566264 0.6991298527443106 0.8343373493975903 0.7038152610441766 0.8390436746987951 0.7048192771084337 0.8448795180722891 0.6994645247657295 0.8482680722891566 0.7004685408299866 0.8561746987951807 0.7004685408299866 0.8631400602409639 0.6984605087014726 0.878012048192771 0.6974564926372154 0.8834713855421688 0.6931057563587684 0.8849774096385542 0.6900937081659974 0.8870481927710843 0.6817269076305221 0.8876129518072289 0.6763721552878179 0.8874246987951807 0.6706827309236948 0.8849774096385542 0.6582998661311914 0.8832831325301205 0.6546184738955823 0.8787650602409639 0.6495983935742972 0.8746234939759036 0.643239625167336 0.8684111445783133 0.6382195448460508 0.8672816265060241 0.6345381526104418 0.8672816265060241 0.6298527443105756 0.8665286144578312 0.6285140562248996 0.8601280120481927 0.6231593038821954 0.8539156626506025 0.6124497991967871 0.8488328313253012 0.6057563587684069 0.8413027108433734 0.5990629183400267 0.833960843373494 0.5947121820615796 0.8177710843373495 0.5886880856760375 0.8062876506024096 0.5886880856760375 0.7951807228915663 0.5917001338688086 0.7902861445783133 0.5963855421686747 0.7880271084337349 0.6054216867469878 0.786144578313253 0.6080990629183399 0.7848268072289157 0.6127844712182061 0.7820030120481927 0.6174698795180723 0.7810617469879518 0.6238286479250335 0.7808734939759036 0.6338688085676037 0.7833207831325302 0.6398929049531459
1 0.14796686746987953 0.5535475234270415 0.1502259036144578 0.5545515394912985 0.16152108433734938 0.5542168674698795 0.17074548192771083 0.5522088353413654 0.18354668674698796 0.5512048192771084 0.1850527108433735 0.5502008032128514 0.18599397590361447 0.5475234270414993 0.18637048192771083 0.5321285140562249 0.1846762048192771 0.5237617135207496 0.1842996987951807 0.5167336010709505 0.182605421686747 0.5127175368139224 0.17488704819277107 0.5120481927710843 0.16848644578313254 0.5137215528781793 0.16509789156626506 0.5174029451137885 0.1594503012048193 0.5184069611780454 0.15775602409638553 0.5204149933065596 0.15737951807228914 0.5234270414993306 0.15549698795180722 0.5267737617135207 0.1538027108433735 0.5284471218206158 0.14947289156626506 0.5301204819277108 0.14777861445783133 0.5331325301204819 0.1462725903614458 0.5421686746987951 0.1462725903614458 0.5512048192771084 0.14796686746987953 0.5535475234270415
1 0.4495481927710844 0.4417670682730923 0.45124246987951805 0.44310575635876837 0.45368975903614456 0.4441097724230254 0.4708207831325301 0.44344042838018743 0.4730798192771084 0.4424364123159304 0.47402108433734935 0.44042838018741626 0.47402108433734935 0.4323962516733601 0.47289156626506024 0.4267068273092369 0.47044427710843373 0.4203480589022757 0.4659262048192771 0.41499330655957156 0.4627259036144578 0.4136546184738956 0.4553840361445783 0.4136546184738956 0.45274849397590355 0.4146586345381526 0.4487951807228916 0.4203480589022757 0.44804216867469876 0.4243641231593039 0.44841867469879515 0.4390896921017403 0.4495481927710844 0.4417670682730923
1 0.5528990963855421 0.644243641231593 0.5528990963855421 0.6616465863453814 0.5540286144578312 0.6703480589022758 0.5572289156626505 0.6750334672021419 0.5602409638554217 0.6740294511378848 0.5619352409638554 0.6746987951807228 0.5690888554216867 0.6834002677376171 0.5711596385542168 0.6874163319946452 0.5724774096385542 0.6877510040160643 0.5743599397590361 0.6914323962516733 0.5764307228915663 0.7018072289156626 0.578125 0.7061579651941097 0.5811370481927711 0.7078313253012047 0.5858433734939759 0.7064926372155287 0.6024096385542168 0.7081659973226238 0.6048569277108434 0.7071619812583668 0.6172816265060241 0.7061579651941097 0.620105421686747 0.7048192771084337 0.621046686746988 0.7028112449799196 0.6217996987951807 0.6937751004016064 0.6219879518072289 0.6663319946452476 0.6204819277108434 0.6593038821954484 0.6185993975903614 0.6546184738955823 0.6185993975903614 0.6475903614457832 0.6118222891566264 0.642235609103079 0.6095632530120482 0.6368808567603749 0.5980798192771084 0.6198125836680054 0.5922439759036144 0.6168005354752343 0.5865963855421686 0.6161311914323961 0.5764307228915663 0.6161311914323961 0.567394578313253 0.6178045515394913 0.5608057228915663 0.6234939759036144 0.5577936746987951 0.6295180722891566 0.5536521084337349 0.6338688085676037 0.5536521084337349 0.6405622489959839 0.5528990963855421 0.644243641231593
1 0.265625 0.45247657295850063 0.2680722891566265 0.4561579651941098 0.27183734939759036 0.45917001338688085 0.27259036144578314 0.45950468540829986 0.275414156626506 0.45716198125836677 0.28181475903614456 0.4561579651941098 0.28633283132530124 0.45649263721552874 0.28990963855421686 0.4581659973226238 0.2912274096385542 0.4554886211512717 0.2912274096385542 0.44511378848728245 0.28990963855421686 0.43775100401606426 0.28633283132530124 0.42938420348058903 0.2840737951807229 0.428045515394913 0.2740963855421687 0.428045515394913 0.2710843373493976 0.42904953145916996 0.26713102409638556 0.4323962516733601 0.2654367469879518 0.43540829986613117 0.26506024096385544 0.4380856760374833 0.26468373493975905 0.4424364123159304 0.265625 0.45247657295850063
1 0.7257153614457832 0.9186746987951807 0.7298569277108433 0.9327309236947791 0.7309864457831325 0.9491298527443105 0.7341867469879518 0.9621820615796518 0.7388930722891566 0.965194109772423 0.7419051204819277 0.9658634538152611 0.7492469879518071 0.9718875502008032 0.7532003012048193 0.9782463186077643 0.755835843373494 0.9805890227576974 0.7580948795180723 0.9856091030789825 0.7592243975903614 0.9862784471218206 0.7639307228915663 0.9943105756358768 0.7671310240963856 0.9973226238286479 0.7699548192771084 0.9979919678714859 0.7701430722891566 0.999665327978581 0.8783885542168675 0.999665327978581 0.8783885542168675 0.9979919678714859 0.8802710843373495 0.9949799196787148 0.8768825301204819 0.9899598393574296 0.870105421686747 0.9759036144578312 0.868222891566265 0.9738955823293173 0.8640813253012049 0.9628514056224899 0.8637048192771084 0.9574966532797858 0.8653990963855421 0.9528112449799196 0.8646460843373495 0.9457831325301205 0.8625753012048193 0.9441097724230254 0.8597515060240964 0.9464524765729585 0.858433734939759 0.9464524765729585 0.8559864457831325 0.9444444444444444 0.8480798192771084 0.930053547523427 0.8454442771084337 0.9236947791164658 0.8443147590361446 0.9226907630522088 0.8429969879518071 0.9190093708165997 0.8322665662650602 0.9019410977242303 0.8305722891566264 0.9009370816599732 0.8256777108433734 0.893239625167336 0.8117469879518071 0.8768406961178045 0.8036521084337349 0.8698125836680054 0.7963102409638554 0.8664658634538152 0.7844503012048193 0.8647925033467202 0.7804969879518071 0.8611111111111112 0.7722138554216867 0.8574297188755019 0.7612951807228916 0.856091030789826 0.748117469879518 0.8574297188755019 0.737387048192771 0.8611111111111112 0.7341867469879518 0.863788487282463 0.7306099397590361 0.8728246318607764 0.7272213855421688 0.8771753681392235 0.7260918674698795 0.8828647925033467 0.7243975903614457 0.9079651941097724 0.7257153614457832 0.9186746987951807
1 0.554781626506024 0.4956492637215529 0.5572289156626505 0.4993306559571619 0.5621234939759036 0.499665327978581 0.5643825301204819 0.501004016064257 0.5660768072289156 0.49866131191432395 0.5670180722891567 0.4956492637215529 0.5679593373493975 0.4859437751004016 0.5689006024096386 0.4832663989290495 0.5745481927710844 0.48058902275769744 0.5817018072289156 0.4795850066934404 0.5841490963855421 0.47724230254350736 0.5835843373493975 0.4735609103078982 0.5815135542168675 0.4702141900937082 0.5751129518072289 0.46686746987951805 0.5709713855421686 0.46686746987951805 0.5625 0.46887550200803213 0.5587349397590361 0.47289156626506024 0.5570406626506025 0.4735609103078982 0.5540286144578312 0.47757697456492637 0.5538403614457832 0.4892904953145917 0.554781626506024 0.4956492637215529
1 0.661144578313253 0.5635876840696118 0.6635918674698795 0.5682730923694779 0.6647213855421688 0.5692771084337349 0.672816265060241 0.5682730923694779 0.6803463855421688 0.572623828647925 0.683546686746988 0.5756358768406961 0.686558734939759 0.5826639892904952 0.6893825301204819 0.5856760374832664 0.6955948795180723 0.5840026773761713 0.7065135542168675 0.5836680053547523 0.7208207831325302 0.5809906291834003 0.7232680722891566 0.5789825970548862 0.724585843373494 0.574966532797858 0.724585843373494 0.5655957161981258 0.7206325301204819 0.5548862115127174 0.7161144578313253 0.5488621151271753 0.7140436746987951 0.5431726907630522 0.7100903614457832 0.5364792503346719 0.708019578313253 0.534805890227577 0.704066265060241 0.5291164658634537 0.6986069277108433 0.5247657295850067 0.6912650602409639 0.5224230254350736 0.6822289156626505 0.5227576974564926 0.6739457831325302 0.5247657295850067 0.6618975903614457 0.5304551539491298 0.660203313253012 0.5331325301204819 0.6594503012048193 0.5364792503346719 0.6594503012048193 0.5545515394912985 0.661144578313253 0.5635876840696118
8 0.3974021084337349 0.4400937081659973 0.3994728915662651 0.44109772423025434 0.4009789156626506 0.4437751004016064 0.40323795180722893 0.4441097724230254 0.40455572289156627 0.4464524765729585 0.41133283132530124 0.4467871485943775 0.4139683734939759 0.45180722891566266 0.4184864457831325 0.4561579651941098 0.42074548192771083 0.4578313253012048 0.4282756024096386 0.4601740294511379 0.432605421686747 0.4598393574297188 0.4329819277108434 0.45649263721552874 0.4322289156626506 0.45281124497991965 0.43373493975903615 0.4471218206157965 0.43599397590361444 0.44310575635876837 0.43712349397590355 0.4374163319946452 0.4367469879518072 0.42938420348058903 0.43599397590361444 0.42637215528781797 0.4333584337349397 0.4243641231593039 0.432605421686747 0.4223560910307898 0.4314759036144578 0.4223560910307898 0.42884036144578314 0.4250334672021419 0.4273343373493976 0.4223560910307898 0.4243222891566265 0.42001338688085676 0.42281626506024095 0.4163319946452476 0.4182981927710844 0.4119812583668005 0.4135918674698795 0.41298527443105754 0.41246234939759036 0.4136546184738956 0.41152108433734935 0.4159973226238286 0.40888554216867473 0.41064257028112444 0.40512048192771083 0.4086345381526104 0.40248493975903615 0.40930388219544844 0.40022590361445787 0.4113119143239625 0.39909638554216864 0.4163319946452476 0.39909638554216864 0.4216867469879518 0.3960843373493976 0.428045515394913 0.395519578313253 0.43607764390896925 0.3974021084337349 0.4400937081659973
4 0.23814006024096385 0.39926372155287815 0.2552710843373494 0.3999330655957162 0.25583584337349397 0.3972556894243641 0.25583584337349397 0.3838688085676037 0.25376506024096385 0.3798527443105756 0.2520707831325301 0.37851405622489953 0.24058734939759036 0.37851405622489953 0.2375753012048193 0.38286479250334665 0.2366340361445783 0.3868808567603748 0.2368222891566265 0.3972556894243641 0.23814006024096385 0.39926372155287815
1 0.883847891566265 0.789825970548862 0.8851656626506025 0.7931726907630522 0.8844126506024096 0.8005354752342704 0.8855421686746987 0.8089022757697456 0.8862951807228916 0.8119143239625167 0.8900602409638554 0.8186077643908969 0.8917545180722891 0.823627844712182 0.8938253012048193 0.8353413654618473 0.8977786144578312 0.8457161981258366 0.9011671686746987 0.8497322623828647 0.9045557228915663 0.8517402945113788 0.9083207831325302 0.8517402945113788 0.9117093373493975 0.8500669344042838 0.9149096385542168 0.8510709504685408 0.9203689759036144 0.8547523427041499 0.931664156626506 0.8671352074966533 0.9359939759036144 0.8694779116465864 0.9455948795180723 0.8805220883534136 0.9518072289156626 0.8852074966532797 0.9625376506024096 0.8979250334672021 0.9676204819277109 0.8999330655957162 0.9706325301204819 0.9049531459170013 0.973644578313253 0.9176706827309237 0.9777861445783133 0.9260374832663989 0.9809864457831325 0.930053547523427 0.9871987951807228 0.93239625167336 0.9913403614457832 0.9317269076305221 0.9945406626506025 0.92904953145917 0.9966114457831325 0.930388219544846 0.9998117469879517 0.930722891566265 0.9998117469879517 0.7928380187416332 0.9983057228915663 0.7928380187416332 0.9960466867469878 0.787817938420348 0.9919051204819277 0.7834672021419009 0.9749623493975903 0.7704149933065595 0.9623493975903614 0.7630522088353414 0.9506777108433734 0.7607095046854083 0.9314759036144579 0.7613788487282462 0.927710843373494 0.7587014725568942 0.9235692771084337 0.7576974564926372 0.9051204819277109 0.7583668005354752 0.8962725903614457 0.7613788487282462 0.890625 0.7660642570281124 0.8893072289156626 0.7707496653279785 0.8864834337349398 0.7747657295850067 0.8855421686746987 0.7784471218206157 0.8851656626506025 0.785809906291834 0.883847891566265 0.789825970548862
5 0.5640060240963854 0.4678714859437751 0.5762424698795181 0.46720214190093706 0.5800075301204819 0.46887550200803213 0.5824548192771084 0.4715528781793842 0.5854668674698795 0.4769076305220883 0.5939382530120482 0.47891566265060237 0.5980798192771084 0.4815930388219545 0.6005271084337349 0.48125836680053546 0.6024096385542168 0.47891566265060237 0.6031626506024096 0.46921017402945114 0.6022213855421688 0.464859437751004 0.6003388554216867 0.4605087014725569 0.5961972891566264 0.45649263721552874 0.5922439759036144 0.44946452476572957 0.5884789156626505 0.4464524765729585 0.5817018072289156 0.4441097724230254 0.5721009036144578 0.4457831325301204 0.5670180722891567 0.4487951807228916 0.5640060240963854 0.45281124497991965 0.5625 0.45682730923694775 0.5623117469879518 0.463855421686747 0.5640060240963854 0.4678714859437751
1 0.6221762048192772 0.6338688085676037 0.6223644578313253 0.6449129852744311 0.6229292168674698 0.6485943775100401 0.6221762048192772 0.6509370816599732 0.6221762048192772 0.6596385542168675 0.623117469879518 0.6666666666666666 0.6233057228915663 0.7064926372155287 0.6227409638554217 0.715528781793842 0.6229292168674698 0.7259036144578312 0.6221762048192772 0.7305890227576974 0.6221762048192772 0.7362784471218206 0.6229292168674698 0.7416331994645248 0.6223644578313253 0.7486613119143238 0.6236822289156626 0.75 0.6248117469879518 0.7560240963855421 0.6285768072289157 0.7610441767068273 0.6282003012048193 0.7724230254350736 0.6295180722891566 0.7761044176706827 0.629894578313253 0.7797858099062919 0.6314006024096386 0.7827978580990629 0.6370481927710843 0.7901606425702811 0.6475903614457832 0.7884872824631861 0.6536144578313253 0.7998661311914324 0.6588855421686747 0.8048862115127174 0.661144578313253 0.8085676037483266 0.6628388554216867 0.8095716198125836 0.6684864457831325 0.820615796519411 0.6737575301204819 0.8273092369477912 0.6750753012048193 0.8380187416331994 0.6809111445783133 0.8557563587684069 0.6827936746987951 0.858433734939759 0.6859939759036144 0.858433734939759 0.6890060240963856 0.8510709504685408 0.6925828313253012 0.8534136546184738 0.6946536144578312 0.856760374832664 0.7068900602409639 0.859772423025435 0.7204442771084337 0.8587684069611781 0.723644578313253 0.8574297188755019 0.7390813253012049 0.856760374832664 0.746046686746988 0.8540829986613119 0.7528237951807228 0.8470548862115126 0.7541415662650602 0.8410307898259705 0.7541415662650602 0.8199464524765729 0.7528237951807228 0.8099062918340026 0.7505647590361446 0.8028781793842035 0.7494352409638554 0.7965194109772423 0.7387048192771084 0.7757697456492637 0.7332454819277109 0.7697456492637216 0.7300451807228916 0.7647255689424364 0.7287274096385542 0.7587014725568942 0.7268448795180723 0.7566934404283802 0.721762048192771 0.7479919678714859 0.716867469879518 0.7349397590361446 0.713855421686747 0.7312583668005355 0.714796686746988 0.7285809906291834 0.7155496987951807 0.7208835341365462 0.7151731927710843 0.715528781793842 0.7159262048192772 0.7054886211512718 0.7134789156626505 0.6890896921017402 0.7106551204819277 0.6576305220883534 0.7078313253012049 0.6502677376171351 0.7046310240963856 0.6482597054886211 0.6942771084337349 0.6372155287817939 0.6848644578313253 0.6348728246318608 0.6827936746987951 0.6298527443105756 0.6790286144578312 0.6261713520749665 0.6773343373493975 0.6224899598393573 0.6675451807228916 0.6154618473895582 0.6583207831325302 0.6151271753681392 0.6346009036144579 0.6188085676037482 0.6261295180722891 0.6188085676037482 0.6233057228915663 0.6211512717536813 0.6223644578313253 0.6251673360107094 0.6229292168674698 0.6295180722891566 0.6221762048192772 0.6338688085676037
1 0.5137424698795181 0.609772423025435 0.5154367469879518 0.6164658634538152 0.5208960843373494 0.6191432396251673 0.5227786144578312 0.6208165997322623 0.5261671686746988 0.6265060240963856 0.5304969879518072 0.6291834002677376 0.536144578313253 0.6345381526104418 0.5397213855421686 0.6335341365461846 0.5510165662650602 0.6335341365461846 0.5551581325301205 0.6291834002677376 0.5594879518072289 0.6221552878179385 0.5645707831325301 0.6184738955823292 0.5660768072289156 0.6161311914323961 0.5660768072289156 0.6121151271753681 0.5643825301204819 0.6050870147255689 0.5611822289156626 0.5967202141900937 0.5619352409638554 0.5873493975903614 0.5611822289156626 0.5860107095046854 0.556664156626506 0.5840026773761713 0.5510165662650602 0.571619812583668 0.5464984939759036 0.5669344042838018 0.5431099397590361 0.5655957161981258 0.5293674698795181 0.5652610441767069 0.5225903614457832 0.5625836680053548 0.5186370481927711 0.5686077643908969 0.5175075301204819 0.572623828647925 0.5154367469879518 0.5759705488621152 0.5133659638554217 0.5876840696117804 0.5129894578313253 0.6027443105756359 0.5137424698795181 0.609772423025435
1 0.4900225903614458 0.5458500669344043 0.4907756024096386 0.5542168674698795 0.49134036144578314 0.5572289156626505 0.49529367469879515 0.5659303882195448 0.49774096385542166 0.5672690763052208 0.5158132530120482 0.5665997322623828 0.5199548192771084 0.5645917001338687 0.5231551204819277 0.5595716198125836 0.5240963855421686 0.5545515394912985 0.5242846385542168 0.5471887550200802 0.5227786144578312 0.536144578313253 0.5239081325301205 0.5327978580990629 0.5231551204819277 0.5297858099062919 0.5212725903614458 0.5284471218206158 0.5193900602409639 0.5251004016064257 0.5190135542168675 0.5224230254350736 0.5178840361445783 0.5210843373493975 0.5158132530120482 0.5150602409638554 0.5131777108433735 0.5130522088353413 0.5096009036144578 0.5120481927710843 0.4979292168674699 0.5130522088353413 0.4958584337349397 0.5143908969210174 0.49284638554216864 0.5187416331994645 0.4907756024096386 0.5267737617135207 0.4900225903614458 0.534805890227577 0.4900225903614458 0.5458500669344043
1 0.484375 0.4320615796519411 0.48550451807228917 0.4357429718875502 0.4879518072289156 0.43875502008032125 0.4915286144578313 0.4374163319946452 0.4979292168674699 0.44310575635876837 0.504894578313253 0.4417670682730923 0.5126129518072289 0.4421017402945114 0.5150602409638554 0.4390896921017403 0.5158132530120482 0.43340026773761714 0.5150602409638554 0.428045515394913 0.512801204819277 0.42369477911646586 0.5052710843373494 0.4136546184738956 0.49134036144578314 0.4136546184738956 0.48719879518072284 0.4166666666666667 0.4851280120481928 0.4193440428380187 0.484375 0.4210174029451138 0.484375 0.4320615796519411
1 0.680722891566265 0.6278447121820615 0.6895707831325302 0.6335341365461846 0.6974774096385542 0.6368808567603749 0.702183734939759 0.6439089692101739 0.7083960843373495 0.6485943775100401 0.7110316265060241 0.6542838018741634 0.7117846385542168 0.6582998661311914 0.712914156626506 0.67904953145917 0.7159262048192772 0.7011378848728247 0.7161144578313253 0.7325970548862115 0.7198795180722891 0.7429718875502007 0.7272213855421688 0.7560240963855421 0.7307981927710843 0.7583668005354752 0.7345632530120482 0.7583668005354752 0.7407756024096386 0.7553547523427041 0.7586596385542168 0.7563587684069611 0.7618599397590361 0.753012048192771 0.7643072289156626 0.7479919678714859 0.7675075301204819 0.7446452476572958 0.7690135542168675 0.7402945113788486 0.7692018072289157 0.7322623828647925 0.7701430722891566 0.7282463186077643 0.7699548192771084 0.7235609103078983 0.7692018072289157 0.7208835341365462 0.7690135542168675 0.7095046854082999 0.7678840361445783 0.7068273092369478 0.7675075301204819 0.7031459170013387 0.766566265060241 0.7014725568942436 0.7620481927710843 0.7001338688085675 0.7573418674698794 0.6964524765729585 0.7492469879518071 0.6854082998661312 0.7469879518072289 0.6834002677376171 0.746046686746988 0.680722891566265 0.7469879518072289 0.67570281124498 0.7467996987951807 0.6710174029451138 0.7452936746987951 0.6680053547523427 0.7417168674698794 0.6673360107095045 0.7396460843373495 0.6643239625167335 0.7347515060240964 0.6519410977242303 0.7319277108433734 0.6475903614457832 0.7221385542168675 0.6358768406961177 0.7033132530120482 0.6191432396251673 0.6844879518072289 0.6198125836680054 0.6790286144578312 0.6224899598393573 0.6788403614457832 0.6244979919678715 0.680722891566265 0.6278447121820615
4 0.6479668674698795 0.5050200803212851 0.6517319277108434 0.5113788487282463 0.654367469879518 0.5220883534136546 0.6577560240963856 0.5251004016064257 0.6607680722891566 0.5240963855421686 0.6696159638554217 0.5244310575635877 0.6814759036144579 0.5220883534136546 0.6910768072289157 0.5220883534136546 0.699171686746988 0.5244310575635877 0.7035015060240964 0.5274431057563588 0.706137048192771 0.5307898259705488 0.7100903614457832 0.5307898259705488 0.7117846385542168 0.5257697456492637 0.711972891566265 0.5184069611780454 0.7114081325301205 0.5140562248995983 0.7065135542168675 0.5043507362784472 0.7019954819277109 0.4993306559571619 0.6999246987951807 0.4949799196787148 0.693335843373494 0.48661311914323957 0.6875 0.48293172690763053 0.6854292168674698 0.4802543507362784 0.680722891566265 0.47891566265060237 0.6754518072289157 0.47891566265060237 0.6666039156626505 0.48058902275769744 0.6564382530120482 0.4859437751004016 0.6490963855421688 0.4876171352074966 0.6475903614457832 0.48962516733601064 0.6474021084337349 0.497991967871486 0.6479668674698795 0.5050200803212851
1 0.2889683734939759 0.7071619812583668 0.29066265060240964 0.7098393574297189 0.2885918674698795 0.7232262382864791 0.2880271084337349 0.7346050870147255 0.2867093373493976 0.7402945113788486 0.2855798192771084 0.753681392235609 0.2855798192771084 0.7700803212851405 0.2865210843373494 0.7774431057563588 0.2865210843373494 0.786813922356091 0.2885918674698795 0.7901606425702811 0.28990963855421686 0.7914993306559571 0.29273343373493976 0.785809906291834 0.29555722891566266 0.7831325301204819 0.3057228915662651 0.7801204819277109 0.32850150602409633 0.7774431057563588 0.33189006024096385 0.7787817938420347 0.3352786144578313 0.7841365461847389 0.338855421686747 0.784471218206158 0.34073795180722893 0.782463186077644 0.34224397590361444 0.7781124497991968 0.34243222891566266 0.7730923694779116 0.34186746987951805 0.7677376171352074 0.34224397590361444 0.7513386880856759 0.34186746987951805 0.7483266398929049 0.3392319277108434 0.7416331994645248 0.3401731927710844 0.7329317269076305 0.34186746987951805 0.7282463186077643 0.34186746987951805 0.7212182061579652 0.3401731927710844 0.717202141900937 0.3413027108433735 0.713855421686747 0.3401731927710844 0.7098393574297189 0.3401731927710844 0.7051539491298527 0.3405496987951807 0.7028112449799196 0.34412650602409633 0.6977911646586344 0.34412650602409633 0.6954484605087013 0.34243222891566266 0.6937751004016064 0.33904367469879515 0.6934404283801874 0.333960843373494 0.6880856760374833 0.32906626506024095 0.6854082998661312 0.30741716867469876 0.6867469879518071 0.3000753012048193 0.6884203480589023 0.29819277108433734 0.6897590361445783 0.2966867469879518 0.6910977242302543 0.29292168674698793 0.6977911646586344 0.2889683734939759 0.6987951807228916 0.2857680722891566 0.7028112449799196 0.286144578313253 0.7051539491298527 0.2889683734939759 0.7071619812583668
5 0.4375 0.4678714859437751 0.43787650602409633 0.47088353413654616 0.4399472891566265 0.4738955823293172 0.44615963855421686 0.4762382864792503 0.4495481927710844 0.48125836680053546 0.4529367469879518 0.4839357429718876 0.45933734939759036 0.4856091030789826 0.4685617469879518 0.48460508701472554 0.46987951807228917 0.4839357429718876 0.47138554216867473 0.48125836680053546 0.47157379518072284 0.4735609103078982 0.47044427710843373 0.46686746987951805 0.46724397590361444 0.4598393574297188 0.4597138554216867 0.4484605087014725 0.45594879518072284 0.4467871485943775 0.4497364457831325 0.4467871485943775 0.44126506024096385 0.45013386880856754 0.4390060240963855 0.4531459170013387 0.43881777108433734 0.45448460508701466 0.43862951807228917 0.46084337349397586 0.4375 0.4678714859437751
5 0.2211972891566265 0.41733601070950466 0.22270331325301204 0.41967871485943775 0.23456325301204817 0.4190093708165997 0.23606927710843373 0.41566265060240964 0.23606927710843373 0.40896921017402943 0.23531626506024098 0.4046184738955823 0.2311746987951807 0.3969210174029451 0.22797439759036142 0.39524765729585004 0.22402108433734938 0.39591700133868807 0.22025602409638553 0.4049531459170013 0.21950301204819275 0.40963855421686746 0.2211972891566265 0.41733601070950466
5 0.208019578313253 0.5880187416331994 0.21009036144578314 0.5906961178045516 0.21404367469879518 0.5900267737617134 0.2155496987951807 0.5913654618473895 0.21818524096385541 0.5947121820615796 0.22025602409638553 0.6017402945113788 0.22402108433734938 0.606760374832664 0.22759789156626506 0.6027443105756359 0.23079819277108432 0.6017402945113788 0.2347515060240964 0.6024096385542168 0.24943524096385541 0.6000669344042838 0.2520707831325301 0.6004016064257028 0.254894578313253 0.603078982597055 0.25865963855421686 0.6024096385542168 0.26167168674698793 0.5927041499330655 0.26185993975903615 0.5860107095046854 0.260730421686747 0.572958500669344 0.2567771084337349 0.5518741633199464 0.25414156626506024 0.5465194109772423 0.25188253012048195 0.5438420348058902 0.24623493975903615 0.539825970548862 0.24510542168674695 0.537817938420348 0.24152861445783133 0.534805890227577 0.2266566265060241 0.534805890227577 0.22251506024096385 0.539825970548862 0.21818524096385541 0.5421686746987951 0.21347891566265062 0.5465194109772423 0.20952560240963855 0.5525435073627845 0.208019578313253 0.5599062918340026 0.20689006024096385 0.573962516733601 0.20689006024096385 0.5850066934404283 0.208019578313253 0.5880187416331994
5 0.4759036144578313 0.5120481927710843 0.48060993975903615 0.5140562248995983 0.484375 0.5207496653279785 0.4879518072289156 0.5210843373493975 0.4909638554216867 0.5194109772423025 0.4971762048192771 0.5127175368139224 0.5052710843373494 0.5117135207496654 0.5086596385542168 0.5107095046854083 0.5101656626506025 0.5090361445783133 0.5088478915662651 0.49832663989290493 0.5041415662650602 0.48493975903614456 0.5028237951807228 0.48226238286479245 0.5005647590361446 0.4802543507362784 0.49849397590361444 0.4759036144578313 0.49604668674698793 0.4735609103078982 0.4875753012048193 0.4735609103078982 0.48475150602409633 0.47489959839357426 0.4811746987951807 0.4785809906291834 0.47646837349397586 0.48092369477911645 0.473644578313253 0.48895582329317266 0.47402108433734935 0.5090361445783133 0.4759036144578313 0.5120481927710843
6 0.6223644578313253 0.6372155287817939 0.6227409638554217 0.6452476572958501 0.6216114457831325 0.6509370816599732 0.6216114457831325 0.6603078982597055 0.6227409638554217 0.6666666666666666 0.6221762048192772 0.6894243641231592 0.6223644578313253 0.7018072289156626 0.6233057228915663 0.713855421686747 0.6227409638554217 0.7379518072289156 0.6236822289156626 0.7426372155287817 0.6238704819277109 0.7486613119143238 0.625 0.75334672021419 0.6265060240963856 0.7590361445783133 0.6276355421686747 0.7597054886211512 0.6285768072289157 0.7620481927710843 0.628953313253012 0.7727576974564926 0.6297063253012049 0.7767737617135206 0.6330948795180723 0.7838018741633199 0.6370481927710843 0.7881526104417671 0.6453313253012049 0.787483266398929 0.6475903614457832 0.7884872824631861 0.6517319277108434 0.7935073627844711 0.65625 0.8012048192771084 0.6628388554216867 0.8089022757697456 0.6684864457831325 0.8192771084337349 0.6694277108433734 0.8196117804551539 0.6739457831325302 0.8259705488621151 0.6756400602409639 0.8353413654618473 0.6782756024096386 0.8440428380187416 0.6803463855421688 0.8477242302543507 0.6822289156626505 0.8534136546184738 0.6848644578313253 0.856091030789826 0.6859939759036144 0.856091030789826 0.6871234939759036 0.8507362784471219 0.6893825301204819 0.8480589022757697 0.6927710843373495 0.8497322623828647 0.6955948795180723 0.8557563587684069 0.7001129518072289 0.857095046854083 0.7123493975903614 0.8577643908969209 0.7377635542168675 0.856760374832664 0.745105421686747 0.8540829986613119 0.7518825301204819 0.8450468540829986 0.7533885542168675 0.8326639892904952 0.7533885542168675 0.8199464524765729 0.7518825301204819 0.8095716198125836 0.7505647590361446 0.8058902275769746 0.7492469879518071 0.7978580990629183 0.7413403614457832 0.7814591700133868 0.735316265060241 0.7730923694779116 0.7326807228915663 0.7710843373493975 0.7298569277108433 0.7663989290495314 0.7279743975903614 0.7587014725568942 0.7198795180722891 0.7433065595716198 0.7166792168674698 0.7342704149933065 0.7164909638554217 0.7031459170013387 0.7131024096385542 0.6783801874163319 0.7114081325301205 0.6569611780455153 0.7083960843373495 0.6489290495314591 0.7063253012048193 0.6482597054886211 0.7050075301204819 0.645917001338688 0.6987951807228916 0.6412315930388219 0.6978539156626505 0.6388888888888888 0.6942771084337349 0.6358768406961177 0.6886295180722891 0.6338688085676037 0.6869352409638554 0.6295180722891566 0.6829819277108433 0.6278447121820615 0.6746987951807228 0.6198125836680054 0.6673569277108433 0.6154618473895582 0.6568147590361446 0.6154618473895582 0.6263177710843373 0.6194779116465864 0.6233057228915663 0.6231593038821954 0.6229292168674698 0.6265060240963856 0.623117469879518 0.6338688085676037 0.6223644578313253 0.6372155287817939
6 0.19427710843373494 0.7329317269076305 0.19634789156626506 0.7329317269076305 0.19785391566265062 0.7312583668005355 0.19691265060240964 0.7292503346720213 0.1948418674698795 0.7292503346720213 0.19390060240963855 0.7305890227576974 0.19427710843373494 0.7329317269076305
6 0.08000753012048192 0.6472556894243641 0.08000753012048192 0.6546184738955823 0.0805722891566265 0.6576305220883534 0.08019578313253012 0.6696787148594376 0.08207831325301206 0.68239625167336 0.08433734939759036 0.6897590361445783 0.08509036144578312 0.7028112449799196 0.08753765060240964 0.7232262382864791 0.08904367469879518 0.786144578313253 0.08960843373493975 0.7931726907630522 0.0907379518072289 0.7961847389558232 0.0909262048192771 0.8032128514056225 0.09186746987951808 0.8058902275769746 0.0960090361445783 0.8092369477911646 0.10711596385542167 0.8095716198125836 0.1376129518072289 0.8052208835341366 0.14815512048192772 0.8048862115127174 0.16170933734939757 0.8022088353413653 0.17526355421686746 0.8015394912985274 0.17846385542168675 0.8002008032128514 0.18072289156626506 0.7921686746987951 0.18448795180722893 0.786813922356091 0.18674698795180722 0.7764390896921016 0.1871234939759036 0.7694109772423026 0.18806475903614459 0.7657295850066933 0.18806475903614459 0.7553547523427041 0.19107680722891565 0.7486613119143238 0.1903237951807229 0.7416331994645248 0.19295933734939757 0.7376171352074967 0.19371234939759036 0.7342704149933065 0.19220632530120482 0.7325970548862115 0.19220632530120482 0.7275769745649263 0.19597138554216867 0.7255689424364122 0.19672439759036142 0.7228915662650601 0.19578313253012047 0.7205488621151273 0.19841867469879518 0.7178714859437751 0.1971009036144578 0.7128514056224899 0.1971009036144578 0.7001338688085675 0.19879518072289157 0.6924364123159304 0.20180722891566263 0.6830655957161981 0.20256024096385541 0.6770414993306559 0.2027484939759036 0.6626506024096386 0.20161897590361447 0.6338688085676037 0.20105421686746985 0.6318607764390897 0.2008659638554217 0.6221552878179385 0.20011295180722893 0.6164658634538152 0.2003012048192771 0.610776439089692 0.19879518072289157 0.6057563587684069 0.19954819277108432 0.5910307898259705 0.19785391566265062 0.5769745649263721 0.19785391566265062 0.5639223560910308 0.19691265060240964 0.5535475234270415 0.19465361445783133 0.5522088353413654 0.1897590361445783 0.5532128514056225 0.1814759036144578 0.5525435073627845 0.15888554216867468 0.5562248995983935 0.15097891566265062 0.5565595716198126 0.14420180722891565 0.5589022757697456 0.13403614457831325 0.5599062918340026 0.12895331325301204 0.5669344042838018 0.1278237951807229 0.571954484605087 0.12424698795180723 0.5786479250334672 0.11634036144578312 0.5883534136546185 0.11558734939759036 0.5927041499330655 0.11351656626506024 0.5973895582329317 0.11069277108433734 0.5990629183400267 0.1118222891566265 0.6024096385542168 0.11295180722891567 0.603078982597055 0.1146460843373494 0.606425702811245 0.11784638554216868 0.6161311914323961 0.11784638554216868 0.6214859437751004 0.11596385542168675 0.6265060240963856 0.11295180722891567 0.6285140562248996 0.10579819277108433 0.6298527443105756 0.10240963855421686 0.6291834002677376 0.10071536144578312 0.6265060240963856 0.10033885542168675 0.6208165997322623 0.0990210843373494 0.6181392235609103 0.09337349397590361 0.6144578313253012 0.08452560240963855 0.6178045515394913 0.08189006024096386 0.6211512717536813 0.0809487951807229 0.6255020080321285 0.08132530120481928 0.6305220883534136 0.08000753012048192 0.6472556894243641
4 0.7006777108433734 0.4949799196787148 0.707078313253012 0.5046854082998661 0.7106551204819277 0.5080321285140562 0.7136671686746987 0.5150602409638554 0.7176204819277109 0.5157295850066934 0.7206325301204819 0.5117135207496654 0.7234563253012049 0.5107095046854083 0.7272213855421688 0.5120481927710843 0.7319277108433734 0.5110441767068272 0.7379518072289157 0.5127175368139224 0.7413403614457832 0.5107095046854083 0.7419051204819277 0.5090361445783133 0.7430346385542168 0.4993306559571619 0.7426581325301205 0.48895582329317266 0.7419051204819277 0.4852744310575635 0.7355045180722891 0.47054886211512714 0.729480421686747 0.4618473895582329 0.7202560240963856 0.4601740294511379 0.7068900602409639 0.4618473895582329 0.6993599397590361 0.464524765729585 0.6927710843373495 0.464524765729585 0.6890060240963856 0.46619812583668 0.6882530120481927 0.46987951807228917 0.6873117469879518 0.48125836680053546 0.7006777108433734 0.4949799196787148
6 0.18373493975903615 0.5020080321285141 0.18411144578313254 0.5107095046854083 0.18580572289156624 0.5314591700133868 0.18731174698795178 0.5381526104417671 0.18881777108433737 0.5411646586345381 0.19277108433734938 0.5414993306559571 0.19691265060240964 0.5401606425702811 0.20256024096385541 0.5341365461847389 0.21743222891566263 0.5324631860776439 0.22063253012048192 0.5311244979919679 0.2215737951807229 0.5297858099062919 0.22307981927710843 0.5093708165997323 0.22251506024096385 0.500334672021419 0.22289156626506024 0.49230254350736274 0.22213855421686746 0.4856091030789826 0.2215737951807229 0.465528781793842 0.22006777108433737 0.4481258366800535 0.22006777108433737 0.43507362784471215 0.21969126506024098 0.4327309236947791 0.2183734939759036 0.4307228915662651 0.21686746987951808 0.429718875502008 0.21291415662650603 0.429718875502008 0.2082078313253012 0.43105756358768405 0.19898343373493976 0.43105756358768405 0.1952183734939759 0.4323962516733601 0.1899472891566265 0.43607764390896925 0.18862951807228914 0.4390896921017403 0.18900602409638553 0.44344042838018743 0.1925828313253012 0.44544846050870146 0.19615963855421686 0.4508032128514056 0.19954819277108432 0.45281124497991965 0.20726656626506024 0.45281124497991965 0.2087725903614458 0.4558232931726907 0.2087725903614458 0.45716198125836677 0.20726656626506024 0.4611780455153949 0.20481927710843373 0.463855421686747 0.20180722891566263 0.464859437751004 0.19408885542168675 0.4715528781793842 0.1897590361445783 0.4735609103078982 0.18580572289156624 0.47757697456492637 0.18542921686746985 0.4799196787148594 0.18580572289156624 0.4916331994645248 0.18373493975903615 0.5020080321285141
3 0.763742469879518 0.5997322623828647 0.765625 0.6054216867469878 0.7673192771084337 0.607095046854083 0.7684487951807228 0.609772423025435 0.7733433734939759 0.6127844712182061 0.776355421686747 0.6131191432396251 0.7791792168674698 0.6147925033467202 0.7831325301204819 0.6147925033467202 0.7880271084337349 0.6027443105756359 0.7889683734939759 0.5980589022757697 0.7887801204819277 0.5910307898259705 0.7863328313253012 0.5786479250334672 0.7831325301204819 0.57429718875502 0.7765436746987951 0.5773092369477911 0.768637048192771 0.5759705488621152 0.765625 0.5783132530120482 0.7628012048192772 0.5903614457831325 0.7628012048192772 0.5957161981258366 0.763742469879518 0.5997322623828647
3 0.333019578313253 0.4902945113788487 0.33509036144578314 0.49129852744310576 0.33659638554216864 0.48293172690763053 0.33659638554216864 0.4762382864792503 0.3358433734939759 0.47322623828647925 0.33189006024096385 0.46921017402945114 0.3279367469879518 0.4702141900937082 0.328125 0.4802543507362784 0.333019578313253 0.4902945113788487
3 0.5086596385542168 0.4969879518072289 0.5086596385542168 0.49899598393574296 0.5114834337349398 0.5090361445783133 0.5158132530120482 0.5090361445783133 0.5167545180722891 0.5060240963855421 0.516566265060241 0.4819277108433735 0.5158132530120482 0.4792503346720214 0.5133659638554217 0.4792503346720214 0.5112951807228916 0.48058902275769744 0.5069653614457832 0.4879518072289156 0.5067771084337349 0.4916331994645248 0.5086596385542168 0.4969879518072289