8 0.2850302419354839 0.4425403225806452 0.2852822580645161 0.4502688172043011 0.2830141129032258 0.4553091397849463 0.2799899193548387 0.45598118279569894 0.2794858870967742 0.456989247311828 0.2855342741935484 0.46135752688172044 0.28704637096774194 0.46505376344086025 0.2872983870967742 0.47883064516129037 0.2890625 0.497983870967742 0.2923387096774194 0.5124327956989247 0.2963709677419355 0.5154569892473119 0.3009072580645161 0.5157930107526882 0.3172883064516129 0.508736559139785 0.3238407258064516 0.5084005376344086 0.32661290322580644 0.5063844086021506 0.3314012096774193 0.5067204301075269 0.33417338709677424 0.5053763440860215 0.34450604838709675 0.5050403225806451 0.3558467741935484 0.5060483870967742 0.35761088709677424 0.5020161290322581 0.35811491935483875 0.49092741935483875 0.3550907258064516 0.4563172043010753 0.359375 0.44993279569892475 0.3596270161290323 0.4459005376344087 0.35912298387096775 0.4448924731182796 0.3555947580645161 0.4448924731182796 0.35282258064516125 0.4408602150537635 0.3480342741935484 0.41969086021505375 0.3432459677419355 0.40356182795698925 0.34122983870967744 0.3914650537634409 0.33719758064516125 0.37701612903225806 0.33694556451612906 0.37197580645161293 0.33568548387096775 0.36760752688172044 0.3316532258064516 0.3649193548387097 0.3155241935483871 0.36424731182795705 0.30645161290322576 0.36424731182795705 0.2933467741935484 0.36659946236559143 0.29183467741935487 0.3672715053763441 0.28931451612903225 0.37163978494623656 0.28629032258064513 0.38844086021505375 0.28704637096774194 0.4190188172043011 0.2850302419354839 0.4425403225806452
8 0.3989415322580645 0.5151209677419355 0.40448588709677424 0.5356182795698925 0.40599798387096775 0.5383064516129032 0.4112903225806452 0.5611559139784946 0.41305443548387094 0.5655241935483871 0.4145665322580645 0.5742607526881721 0.4168346774193548 0.5813172043010754 0.4175907258064516 0.5900537634408602 0.42011088709677424 0.5957661290322581 0.42162298387096775 0.6038306451612904 0.4241431451612903 0.6085349462365592 0.42792338709677424 0.6108870967741936 0.43573588709677424 0.6112231182795699 0.4561491935483871 0.6075268817204302 0.45992943548387094 0.6081989247311829 0.484375 0.6021505376344086 0.4916834677419355 0.5994623655913979 0.49747983870967744 0.5954301075268817 0.5 0.5910618279569892 0.501008064516129 0.5709005376344086 0.49798387096774194 0.5416666666666667 0.4957157258064516 0.5329301075268817 0.4957157258064516 0.5241935483870969 0.4866431451612903 0.4993279569892473 0.4848790322580645 0.49092741935483875 0.4810987903225807 0.48051075268817206 0.47404233870967744 0.46538978494623656 0.4690020161290323 0.4566532258064516 0.4637096774193548 0.4425403225806452 0.45917338709677424 0.43481182795698925 0.4536290322580645 0.4206989247311828 0.45110887096774194 0.4166666666666667 0.44632056451612906 0.41229838709677424 0.4417842741935484 0.4109543010752688 0.4274193548387097 0.4109543010752688 0.4175907258064516 0.41229838709677424 0.40801411290322576 0.41397849462365593 0.4027217741935484 0.41633064516129037 0.39944556451612906 0.4193548387096775 0.39717741935483875 0.42439516129032256 0.3941532258064516 0.4422043010752688 0.3941532258064516 0.47748655913978494 0.3989415322580645 0.5151209677419355
1 0.3727318548387097 0.42439516129032256 0.37348790322580644 0.43447580645161293 0.37651209677419356 0.44926075268817206 0.3792842741935484 0.4563172043010753 0.3797883064516129 0.4663978494623656 0.38256048387096775 0.47983870967741943 0.38356854838709675 0.4828629032258065 0.3868447580645161 0.48588709677419356 0.390625 0.48588709677419356 0.39238911290322576 0.48387096774193555 0.3939012096774193 0.47513440860215056 0.3933971774193548 0.4553091397849463 0.3941532258064516 0.43918010752688175 0.3979334677419355 0.42204301075268824 0.4022177419354839 0.4166666666666667 0.40801411290322576 0.4136424731182796 0.42086693548387094 0.4112903225806452 0.42439516129032256 0.4096102150537635 0.4254032258064516 0.40759408602150543 0.42288306451612906 0.39818548387096775 0.4221270161290323 0.39045698924731187 0.42061491935483875 0.38743279569892475 0.4183467741935484 0.38608870967741943 0.4112903225806452 0.38608870967741943 0.39667338709677424 0.3894489247311828 0.38356854838709675 0.3901209677419355 0.3752520161290323 0.3948252688172043 0.37298387096774194 0.3975134408602151 0.3722278225806452 0.40120967741935487 0.3709677419354839 0.41498655913978494 0.3727318548387097 0.42439516129032256
5 0.2951108870967742 0.5651881720430109 0.29435483870967744 0.571236559139785 0.2928427419354839 0.5756048387096775 0.2878024193548387 0.5793010752688172 0.28704637096774194 0.582997311827957 0.28755040322580644 0.5850134408602151 0.2928427419354839 0.5883736559139785 0.29485887096774194 0.5920698924731183 0.2956149193548387 0.6028225806451614 0.2956149193548387 0.6286962365591399 0.29763104838709675 0.6374327956989247 0.2991431451612903 0.6525537634408602 0.3004032258064516 0.6579301075268817 0.30267137096774194 0.6622983870967742 0.30594758064516125 0.6646505376344086 0.3089717741935484 0.6653225806451614 0.3230846774193548 0.6666666666666666 0.3321572580645161 0.6659946236559141 0.3404737903225807 0.662970430107527 0.3467741935483871 0.6622983870967742 0.35080645161290325 0.6602822580645161 0.3649193548387097 0.6569220430107527 0.3755040322580645 0.6522177419354839 0.3800403225806452 0.6478494623655914 0.38180443548387094 0.6404569892473119 0.38180443548387094 0.6320564516129032 0.3800403225806452 0.6135752688172043 0.3797883064516129 0.6011424731182795 0.3744959677419355 0.5772849462365591 0.3744959677419355 0.5742607526881721 0.3790322580645161 0.5688844086021506 0.3800403225806452 0.5641801075268817 0.3785282258064516 0.5621639784946237 0.37373991935483875 0.560483870967742 0.3719758064516129 0.5581317204301075 0.36970766129032256 0.550739247311828 0.36844758064516125 0.5386424731182796 0.3649193548387097 0.5265456989247312 0.3588709677419355 0.5147849462365591 0.3545866935483871 0.509744623655914 0.3485383064516129 0.5070564516129032 0.3321572580645161 0.5070564516129032 0.32888104838709675 0.5094086021505377 0.3162802419354839 0.509744623655914 0.31350806451612906 0.5124327956989247 0.30645161290322576 0.5141129032258065 0.3024193548387097 0.5168010752688172 0.29889112903225806 0.5225134408602151 0.2956149193548387 0.5366263440860215 0.29485887096774194 0.5430107526881721 0.2951108870967742 0.5651881720430109
1 0.4485887096774193 0.4112903225806452 0.4508568548387097 0.4129704301075269 0.45488911290322576 0.4193548387096775 0.45992943548387094 0.4321236559139785 0.46219758064516125 0.43413978494623656 0.4654737903225807 0.43985215053763443 0.47026209677419356 0.45430107526881724 0.4725302419354839 0.4563172043010753 0.47479838709677424 0.4563172043010753 0.47731854838709675 0.45295698924731187 0.47807459677419356 0.44926075268817206 0.4800907258064516 0.44758064516129037 0.5015120967741935 0.44455645161290325 0.5035282258064516 0.4401881720430108 0.5078125 0.435483870967742 0.5226814516129032 0.42909946236559143 0.5239415322580645 0.4254032258064516 0.5229334677419355 0.415994623655914 0.5189012096774194 0.4055779569892473 0.514616935483871 0.3975134408602151 0.5173891129032258 0.39045698924731187 0.5168850806451613 0.38844086021505375 0.515625 0.38676075268817206 0.5120967741935484 0.3881048387096775 0.5105846774193549 0.3864247311827957 0.5050403225806451 0.375 0.49899193548387094 0.36592741935483875 0.4926915322580645 0.3585349462365592 0.4879032258064516 0.35584677419354843 0.4821068548387097 0.3541666666666667 0.4692540322580645 0.3541666666666667 0.45967741935483875 0.3568548387096775 0.4564012096774193 0.3585349462365592 0.4503528225806452 0.36693548387096775 0.44657258064516125 0.36895161290322587 0.44506048387096775 0.37399193548387094 0.44606854838709675 0.394489247311828 0.4485887096774193 0.4112903225806452
1 0.2855342741935484 0.372983870967742 0.28629032258064513 0.3743279569892473 0.28981854838709675 0.37231182795698925 0.2930947580645161 0.3686155913978495 0.30342741935483875 0.3655913978494624 0.3170362903225807 0.36424731182795705 0.3283770161290323 0.3649193548387097 0.3311491935483871 0.36424731182795705 0.3321572580645161 0.3629032258064516 0.3258568548387097 0.3481182795698925 0.32106854838709675 0.34475806451612906 0.3016633064516129 0.34408602150537637 0.2963709677419355 0.34274193548387094 0.2933467741935484 0.34072580645161293 0.29183467741935487 0.34509408602150543 0.28805443548387094 0.3702956989247312 0.2855342741935484 0.372983870967742
1 0.3626512096774193 0.3998655913978495 0.36567540322580644 0.40994623655913986 0.3694556451612903 0.41263440860215056 0.3707157258064516 0.41162634408602156 0.3712197580645161 0.40188172043010756 0.37323588709677424 0.3951612903225807 0.3860887096774193 0.3897849462365592 0.3951612903225807 0.3894489247311828 0.40801411290322576 0.38709677419354843 0.41280241935483875 0.3834005376344087 0.41255040322580644 0.3797043010752688 0.4107862903225807 0.37701612903225806 0.41204637096774194 0.3696236559139785 0.4117943548387097 0.3655913978494624 0.40473790322580644 0.36189516129032256 0.3979334677419355 0.3487903225806452 0.3933971774193548 0.34408602150537637 0.3860887096774193 0.3434139784946237 0.36970766129032256 0.3467741935483871 0.3626512096774193 0.3471102150537635 0.35912298387096775 0.35215053763440857 0.35786290322580644 0.36189516129032256 0.35735887096774194 0.37231182795698925 0.3626512096774193 0.3998655913978495
1 0.7064012096774194 0.5994623655913979 0.7089213709677419 0.6075268817204302 0.7127016129032258 0.6155913978494624 0.7134576612903225 0.6270161290322581 0.7167338709677419 0.6367607526881721 0.7205141129032258 0.6407930107526881 0.7318548387096775 0.6424731182795699 0.7394153225806451 0.6491935483870969 0.7447076612903225 0.6579301075268817 0.7593245967741935 0.6730510752688171 0.7658770161290323 0.6821236559139785 0.7711693548387096 0.6868279569892474 0.7807459677419355 0.6989247311827957 0.7847782258064515 0.7130376344086022 0.7865423387096775 0.7153897849462366 0.7951108870967742 0.7150537634408602 0.8004032258064515 0.7116935483870969 0.8245967741935485 0.7073252688172043 0.8283770161290323 0.7053091397849462 0.8351814516129032 0.7046370967741936 0.8392137096774194 0.7022849462365592 0.8490423387096775 0.7012768817204302 0.859375 0.6975806451612904 0.8704637096774194 0.695228494623656 0.8800403225806451 0.695228494623656 0.8833165322580646 0.6982526881720431 0.8870967741935485 0.6992607526881721 0.8878528225806451 0.6817876344086022 0.8845766129032258 0.6683467741935485 0.8802923387096775 0.6599462365591399 0.8669354838709677 0.6448252688172043 0.8581149193548386 0.6300403225806451 0.8576108870967742 0.6263440860215055 0.8591229838709677 0.6243279569892474 0.8598790322580646 0.6206317204301075 0.859375 0.6162634408602151 0.8558467741935485 0.6162634408602151 0.8523185483870968 0.6196236559139785 0.8429939516129032 0.6081989247311829 0.8387096774193549 0.6011424731182795 0.8251008064516129 0.5853494623655914 0.8061995967741935 0.5672043010752689 0.7928427419354839 0.5571236559139785 0.7867943548387096 0.5547715053763441 0.772429435483871 0.5534274193548387 0.765625 0.5487231182795699 0.758820564516129 0.5473790322580646 0.7472278225806451 0.5477150537634409 0.7331149193548386 0.5500672043010754 0.7237903225806451 0.5534274193548387 0.7159778225806451 0.5588037634408602 0.7101814516129032 0.5678763440860215 0.7089213709677419 0.5742607526881721 0.7064012096774194 0.5799731182795699 0.7058971774193549 0.5840053763440861 0.7056451612903225 0.5944220430107527 0.7064012096774194 0.5994623655913979
1 0.3233366935483871 0.2439516129032258 0.32888104838709675 0.2530241935483871 0.33518145161290325 0.25470430107526887 0.33719758064516125 0.25638440860215056 0.3397177419354839 0.25638440860215056 0.34551411290322576 0.25571236559139787 0.3487903225806452 0.2540322580645161 0.35030241935483875 0.25201612903225806 0.35080645161290325 0.24462365591397853 0.3492943548387097 0.23723118279569894 0.34576612903225806 0.22950268817204303 0.34173387096774194 0.22379032258064518 0.3387096774193548 0.2211021505376344 0.3316532258064516 0.22412634408602153 0.32736895161290325 0.22479838709677422 0.3203125 0.23017473118279572 0.3198084677419355 0.2308467741935484 0.3233366935483871 0.2439516129032258
1 0.28276209677419356 0.28595430107526887 0.28402217741935487 0.2906586021505377 0.28629032258064513 0.29368279569892475 0.28981854838709675 0.29200268817204306 0.29183467741935487 0.2799059139784946 0.2956149193548387 0.2748655913978495 0.29889112903225806 0.27385752688172044 0.31123991935483875 0.27419354838709675 0.3130040322580645 0.27251344086021506 0.31325604838709675 0.2688172043010753 0.31048387096774194 0.25772849462365593 0.3074596774193548 0.25168010752688175 0.30367943548387094 0.24798387096774197 0.28805443548387094 0.248991935483871 0.2842741935483871 0.2506720430107527 0.2825100806451613 0.2543682795698925 0.28200604838709675 0.27788978494623656 0.28276209677419356 0.28595430107526887
1 0.3475302419354839 0.33098118279569894 0.35005040322580644 0.3420698924731183 0.3518145161290323 0.34543010752688175 0.359375 0.34610215053763443 0.3634072580645161 0.34475806451612906 0.38104838709677424 0.34274193548387094 0.3870967741935484 0.34038978494623656 0.3870967741935484 0.3262768817204301 0.38432459677419356 0.31451612903225806 0.38432459677419356 0.31048387096774194 0.38155241935483875 0.3077956989247312 0.37323588709677424 0.29469086021505375 0.3666834677419355 0.29301075268817206 0.3596270161290323 0.29301075268817206 0.35307459677419356 0.2956989247311828 0.3477822580645161 0.3014112903225807 0.3460181451612903 0.31048387096774194 0.34576612903225806 0.3155241935483871 0.3475302419354839 0.33098118279569894
5 0.5914818548387097 0.4912634408602151 0.5914818548387097 0.4946236559139785 0.5889616935483871 0.4983198924731183 0.5889616935483871 0.5000000000000001 0.5892137096774194 0.5013440860215054 0.5924899193548387 0.5047043010752689 0.5924899193548387 0.5080645161290323 0.59375 0.5120967741935485 0.5965221774193549 0.5174731182795699 0.6035786290322581 0.5235215053763441 0.6123991935483871 0.5362903225806451 0.618195564516129 0.5416666666666667 0.6267641129032258 0.5530913978494625 0.6287802419354839 0.5638440860215054 0.6305443548387096 0.5675403225806451 0.6449092741935485 0.5729166666666667 0.6507056451612904 0.5762768817204301 0.665070564516129 0.5782930107526882 0.6811995967741935 0.5766129032258065 0.6960685483870968 0.5729166666666667 0.7046370967741935 0.5678763440860215 0.7081653225806451 0.5641801075268817 0.709929435483871 0.5577956989247312 0.7104334677419355 0.539986559139785 0.703125 0.5215053763440861 0.6895161290322581 0.5023521505376345 0.6892641129032258 0.501008064516129 0.6915322580645161 0.4946236559139785 0.6892641129032258 0.49260752688172044 0.6857358870967742 0.4929435483870968 0.6819556451612904 0.4899193548387097 0.6673387096774194 0.46908602150537637 0.6544858870967742 0.456989247311828 0.6456653225806451 0.4522849462365592 0.6113911290322581 0.4526209677419355 0.5952620967741935 0.45732526881720437 0.5919858870967742 0.45967741935483875 0.5892137096774194 0.4633736559139785 0.5877016129032258 0.46774193548387105 0.5864415322580645 0.48420698924731187 0.5914818548387097 0.4912634408602151
1 0.2930947580645161 0.3121639784946237 0.29536290322580644 0.30880376344086025 0.2998991935483871 0.30510752688172044 0.30367943548387094 0.30510752688172044 0.3092237903225807 0.30342741935483875 0.3162802419354839 0.30342741935483875 0.3245967741935484 0.3061155913978495 0.3258568548387097 0.3037634408602151 0.3238407258064516 0.28998655913978494 0.32182459677419356 0.2866263440860215 0.3203125 0.2809139784946237 0.3127520161290323 0.27251344086021506 0.3102318548387097 0.2718413978494624 0.3074596774193548 0.2735215053763441 0.3019153225806452 0.27284946236559143 0.2956149193548387 0.27419354838709675 0.2920866935483871 0.27856182795698925 0.29007056451612906 0.2866263440860215 0.29007056451612906 0.30409946236559143 0.2930947580645161 0.3121639784946237
1 0.9790826612903225 0.8108198924731184 0.9881552419354839 0.8195564516129032 0.9939516129032258 0.8266129032258065 0.9982358870967742 0.8296370967741936 0.9997479838709677 0.8296370967741936 0.9997479838709677 0.7906586021505376 0.9944556451612904 0.7903225806451614 0.9732862903225806 0.7946908602150538 0.9695060483870968 0.7963709677419355 0.9700100806451614 0.8004032258064517 0.9790826612903225 0.8108198924731184
1 0.49873991935483875 0.49428763440860224 0.49873991935483875 0.508736559139785 0.4994959677419355 0.5120967741935485 0.5017641129032258 0.5151209677419355 0.5052923387096774 0.5154569892473119 0.5083165322580645 0.5191532258064516 0.5118447580645161 0.528225806451613 0.5171370967741935 0.5356182795698925 0.5206653225806451 0.5433467741935485 0.5236895161290323 0.5514112903225806 0.5257056451612903 0.5611559139784946 0.5297379032258065 0.5675403225806451 0.5395665322580645 0.5719086021505377 0.5435987903225806 0.5725806451612904 0.5690524193548387 0.5709005376344086 0.5786290322580645 0.5675403225806451 0.5816532258064516 0.5651881720430109 0.5884576612903226 0.5645161290322581 0.5919858870967742 0.5628360215053764 0.5970262096774194 0.5574596774193549 0.5980342741935485 0.549731182795699 0.5962701612903225 0.5329301075268817 0.5922379032258065 0.5171370967741935 0.5854334677419355 0.5016801075268817 0.5864415322580645 0.49663978494623656 0.5884576612903226 0.49495967741935487 0.5884576612903226 0.49092741935483875 0.584929435483871 0.48924731182795705 0.5821572580645161 0.49193548387096775 0.5811491935483871 0.49159946236559143 0.5657762096774194 0.4553091397849463 0.561491935483871 0.44926075268817206 0.5473790322580645 0.43380376344086025 0.5408266129032258 0.43010752688172044 0.5325100806451613 0.43010752688172044 0.5118447580645161 0.43413978494623656 0.5075604838709677 0.4368279569892473 0.5037802419354839 0.44287634408602156 0.49924395161290325 0.46303763440860224 0.49823588709677424 0.4714381720430108 0.49798387096774194 0.4905913978494624 0.49873991935483875 0.49428763440860224
1 0.3399697580645161 0.29805107526881724 0.34198588709677424 0.3101478494623656 0.3432459677419355 0.31384408602150543 0.34526209677419356 0.3155241935483871 0.34627016129032256 0.31418010752688175 0.3472782258064516 0.30645161290322587 0.34904233870967744 0.3004032258064516 0.35307459677419356 0.2956989247311828 0.3626512096774193 0.29334677419354843 0.37323588709677424 0.2953629032258065 0.37424395161290325 0.29334677419354843 0.37323588709677424 0.28393817204301075 0.3717237903225807 0.27923387096774194 0.3649193548387097 0.2691532258064516 0.3629032258064516 0.26747311827956993 0.3566028225806452 0.2664650537634409 0.34475806451612906 0.26713709677419356 0.33719758064516125 0.27251344086021506 0.33568548387096775 0.2758736559139785 0.33492943548387094 0.280241935483871 0.3399697580645161 0.29805107526881724
1 0.4495967741935484 0.6733870967741936 0.4495967741935484 0.6817876344086022 0.453125 0.7096774193548389 0.4609375 0.7301747311827957 0.4614415322580645 0.7385752688172043 0.46799395161290325 0.756720430107527 0.4717741935483871 0.7735215053763441 0.47580645161290325 0.7842741935483871 0.4788306451612903 0.7973790322580646 0.4808467741935484 0.8198924731182797 0.4838709677419355 0.8316532258064517 0.4886592741935484 0.8417338709677419 0.4949596774193548 0.8491263440860216 0.5040322580645161 0.8558467741935485 0.5085685483870968 0.8571908602150538 0.5183971774193549 0.8571908602150538 0.5498991935483871 0.851478494623656 0.5745967741935484 0.8417338709677419 0.5808971774193549 0.8383736559139785 0.5844254032258065 0.8350134408602151 0.5884576612903226 0.8262768817204302 0.5892137096774194 0.8104838709677419 0.5884576612903226 0.7913306451612904 0.5816532258064516 0.7610887096774194 0.5745967741935484 0.7402553763440861 0.5672883064516129 0.7237903225806451 0.5677923387096774 0.71875 0.5735887096774194 0.7130376344086022 0.5748487903225806 0.7103494623655914 0.5745967741935484 0.707997311827957 0.5740927419354839 0.7066532258064517 0.571320564516129 0.7053091397849462 0.5677923387096774 0.7053091397849462 0.5640120967741935 0.7110215053763441 0.5599798387096774 0.7053091397849462 0.553679435483871 0.6891801075268817 0.5420866935483871 0.6653225806451614 0.5398185483870968 0.6589381720430109 0.5206653225806451 0.6229838709677419 0.5153729838709677 0.6162634408602151 0.5085685483870968 0.6139112903225807 0.49042338709677424 0.6152553763440861 0.4735383064516129 0.6206317204301075 0.46950604838709675 0.6226478494623656 0.4654737903225807 0.6263440860215055 0.45992943548387094 0.6377688172043011 0.453125 0.6458333333333334 0.45186491935483875 0.6508736559139785 0.45136088709677424 0.6622983870967742 0.4495967741935484 0.6733870967741936
1 0.5806451612903226 0.6313844086021505 0.5808971774193549 0.6407930107526881 0.5864415322580645 0.6686827956989247 0.5879536290322581 0.6720430107526882 0.5912298387096774 0.6754032258064517 0.5952620967741935 0.675739247311828 0.5992943548387096 0.6804435483870969 0.6141633064516129 0.7063172043010753 0.6222278225806451 0.7234543010752689 0.6277721774193549 0.7318548387096775 0.6333165322580646 0.7442876344086022 0.6360887096774194 0.7476478494623656 0.640625 0.7698252688172043 0.6439012096774194 0.7788978494623656 0.6476814516129032 0.7832661290322581 0.6507056451612904 0.7862903225806451 0.6585181451612904 0.7883064516129032 0.6706149193548386 0.7973790322580646 0.6945564516129032 0.800739247311828 0.7043850806451614 0.8004032258064517 0.7237903225806451 0.7963709677419355 0.7310987903225806 0.7940188172043011 0.7449596774193549 0.7856182795698926 0.7482358870967742 0.7792338709677419 0.7494959677419355 0.7728494623655914 0.7497479838709677 0.7439516129032259 0.7517641129032258 0.7251344086021506 0.7505040322580646 0.7190860215053765 0.7386592741935485 0.6948924731182795 0.7253024193548386 0.675739247311828 0.7212701612903225 0.6683467741935485 0.7212701612903225 0.6643145161290323 0.7237903225806451 0.6612903225806451 0.7253024193548386 0.6575940860215055 0.7253024193548386 0.6508736559139785 0.7237903225806451 0.6495295698924731 0.7167338709677419 0.6559139784946237 0.7124495967741935 0.6508736559139785 0.7048891129032258 0.6370967741935485 0.6930443548387096 0.6186155913978495 0.6791834677419355 0.6001344086021505 0.6640625 0.5843413978494625 0.6504536290322581 0.5796370967741936 0.6476814516129032 0.5769489247311829 0.6368447580645161 0.571236559139785 0.6280241935483871 0.5702284946236559 0.6038306451612904 0.5745967741935485 0.5962701612903225 0.5769489247311829 0.5884576612903226 0.580981182795699 0.5816532258064516 0.5920698924731183 0.5793850806451613 0.6055107526881721 0.5796370967741935 0.6266801075268817 0.5806451612903226 0.6313844086021505
1 0.31098790322580644 0.22379032258064518 0.3130040322580645 0.22748655913978497 0.3172883064516129 0.23151881720430112 0.3208165322580645 0.23118279569892475 0.3326612903225807 0.22513440860215056 0.34122983870967744 0.22379032258064518 0.34122983870967744 0.2163978494623656 0.3387096774193548 0.20732526881720434 0.33492943548387094 0.20228494623655915 0.3316532258064516 0.20060483870967744 0.33014112903225806 0.20329301075268819 0.32787298387096775 0.20497311827956993 0.3175403225806452 0.20732526881720434 0.3125 0.21001344086021506 0.30997983870967744 0.21337365591397853 0.31098790322580644 0.22379032258064518
5 0.4183467741935484 0.35080645161290325 0.42036290322580644 0.35551075268817206 0.42363911290322576 0.35954301075268824 0.43220766129032256 0.375 0.4425403225806452 0.37567204301075274 0.44430443548387094 0.3736559139784947 0.44606854838709675 0.36760752688172044 0.453125 0.36088709677419356 0.4569052419354839 0.3551747311827957 0.45917338709677424 0.353494623655914 0.46975806451612906 0.35080645161290325 0.4717741935483871 0.34912634408602156 0.47076612903225806 0.34475806451612906 0.46748991935483875 0.33870967741935487 0.4690020161290323 0.3350134408602151 0.46849798387096775 0.3316532258064516 0.46345766129032256 0.3286290322580645 0.4561491935483871 0.31787634408602156 0.4495967741935484 0.31149193548387094 0.44606854838709675 0.3111559139784947 0.43926411290322576 0.31317204301075274 0.4251512096774193 0.31451612903225806 0.4213709677419355 0.3158602150537635 0.4196068548387097 0.3175403225806452 0.4183467741935484 0.3205645161290323 0.4173387096774193 0.32795698924731187 0.4170866935483871 0.3370295698924731 0.4183467741935484 0.35080645161290325
1 0.32006048387096775 0.7573924731182795 0.32157258064516125 0.7765456989247312 0.3235887096774193 0.7825940860215055 0.3230846774193548 0.7973790322580646 0.3243447580645161 0.8111559139784946 0.32636088709677424 0.8209005376344086 0.32636088709677424 0.8256048387096775 0.3258568548387097 0.8279569892473119 0.3245967741935484 0.8289650537634409 0.3172883064516129 0.830981182795699 0.3160282258064516 0.8333333333333334 0.3157762096774193 0.8370295698924731 0.3175403225806452 0.8413978494623656 0.32610887096774194 0.8450940860215055 0.32787298387096775 0.8487903225806451 0.32938508064516125 0.8639112903225807 0.32938508064516125 0.8746639784946237 0.328125 0.8857526881720431 0.3286290322580645 0.9045698924731184 0.33064516129032256 0.9180107526881721 0.3329133064516129 0.9250672043010754 0.3329133064516129 0.9287634408602151 0.33392137096774194 0.9317876344086022 0.33492943548387094 0.9415322580645161 0.33442540322580644 0.9502688172043011 0.3359375 0.9596774193548389 0.3382056451612903 0.9667338709677421 0.3460181451612903 0.977486559139785 0.35257056451612906 0.9818548387096775 0.3631552419354839 0.9845430107526882 0.3873487903225807 0.9845430107526882 0.40095766129032256 0.9828629032258065 0.4112903225806452 0.9795026881720431 0.42162298387096775 0.9741263440860216 0.4337197580645161 0.965725806451613 0.43901209677419356 0.9640456989247312 0.4448084677419355 0.9600134408602151 0.4536290322580645 0.9492607526881721 0.45917338709677424 0.9321236559139785 0.45992943548387094 0.924731182795699 0.45917338709677424 0.9069220430107527 0.4569052419354839 0.894489247311828 0.4564012096774193 0.881720430107527 0.4533770161290323 0.8605510752688174 0.4480846774193548 0.8450940860215055 0.44657258064516125 0.8377016129032259 0.44329637096774194 0.8299731182795699 0.4402721774193548 0.8145161290322581 0.4475806451612903 0.8040994623655914 0.4475806451612903 0.7967069892473119 0.44506048387096775 0.7950268817204302 0.4417842741935484 0.7953629032258065 0.43876008064516125 0.7973790322580646 0.43724798387096775 0.7953629032258065 0.4352318548387097 0.788978494623656 0.4332157258064516 0.7752016129032259 0.4296875 0.7661290322580646 0.42867943548387094 0.7479838709677419 0.42162298387096775 0.7204301075268817 0.41229838709677424 0.6959005376344086 0.4029737903225807 0.6821236559139785 0.3989415322580645 0.6730510752688171 0.39742943548387094 0.6670026881720431 0.3939012096774193 0.6626344086021505 0.38205645161290325 0.6646505376344086 0.3719758064516129 0.6646505376344086 0.35332661290322576 0.6703629032258065 0.34526209677419356 0.6717069892473119 0.34173387096774194 0.6743951612903226 0.3331653225806452 0.6764112903225807 0.3311491935483871 0.6790994623655914 0.32736895161290325 0.6975806451612904 0.3235887096774193 0.7063172043010753 0.3205645161290323 0.719758064516129 0.31880040322580644 0.7338709677419355 0.31854838709677424 0.7483198924731184 0.32006048387096775 0.7573924731182795
2 0.8555947580645161 0.32258064516129037 0.8558467741935485 0.3276209677419355 0.8586189516129032 0.32930107526881724 0.866179435483871 0.32829301075268824 0.8684475806451614 0.31317204301075274 0.8684475806451614 0.30477150537634407 0.866179435483871 0.28696236559139787 0.8649193548387096 0.28259408602150543 0.8618951612903225 0.2819220430107527 0.8601310483870968 0.28326612903225806 0.859375 0.2856182795698925 0.8591229838709677 0.29301075268817206 0.8555947580645161 0.3020833333333333 0.8543346774193549 0.31821236559139787 0.8555947580645161 0.32258064516129037
2 0.05670362903225806 0.1028225806451613 0.06048387096774194 0.10618279569892473 0.06376008064516128 0.1051747311827957 0.06653225806451613 0.1028225806451613 0.06930443548387097 0.09879032258064517 0.06980846774193548 0.09543010752688172 0.06804435483870967 0.09173387096774194 0.06653225806451613 0.0913978494623656 0.06401209677419355 0.0913978494623656 0.05821572580645161 0.09543010752688172 0.05670362903225806 0.09845430107526883 0.05670362903225806 0.1028225806451613
2 0.05695564516129032 0.07526881720430108 0.05871975806451613 0.08131720430107528 0.059979838709677415 0.082997311827957 0.06527217741935484 0.082997311827957 0.07056451612903226 0.07963709677419356 0.08140120967741936 0.0769489247311828 0.08190524193548387 0.07022849462365592 0.07862903225806452 0.05813172043010753 0.07459677419354839 0.03259408602150538 0.07132056451612903 0.026545698924731184 0.07106854838709678 0.017137096774193547 0.06754032258064516 0.00571236559139785 0.06426411290322581 0.003696236559139785 0.06224798387096774 0.005040322580645162 0.06098790322580645 0.00806451612903226 0.06098790322580645 0.012096774193548388 0.06224798387096774 0.017809139784946238 0.06401209677419355 0.023185483870967746 0.06628024193548387 0.025873655913978496 0.06880040322580645 0.026881720430107527 0.07006048387096774 0.02923387096774194 0.06426411290322581 0.034274193548387094 0.06023185483870968 0.03931451612903226 0.05745967741935484 0.043682795698924734 0.05619959677419355 0.0480510752688172 0.05594758064516129 0.06250000000000001 0.05695564516129032 0.07526881720430108
2 0.46698588709677424 0.22815860215053765 0.46799395161290325 0.23051075268817206 0.4710181451612903 0.23118279569892475 0.4725302419354839 0.228494623655914 0.47404233870967744 0.21303763440860218 0.4722782258064516 0.20530913978494625 0.47026209677419356 0.20161290322580647 0.46673387096774194 0.20295698924731184 0.4654737903225807 0.21001344086021506 0.4649697580645161 0.21370967741935484 0.46698588709677424 0.22815860215053765
2 0.8666834677419355 0.4210349462365592 0.8671875 0.42909946236559143 0.8699596774193549 0.43010752688172044 0.8729838709677419 0.42775537634408606 0.8802923387096775 0.42775537634408606 0.8840725806451614 0.425739247311828 0.8848286290322581 0.4213709677419355 0.8823084677419355 0.41263440860215056 0.8835685483870968 0.40658602150537637 0.8835685483870968 0.39348118279569894 0.8848286290322581 0.38508064516129037 0.8848286290322581 0.3800403225806452 0.8835685483870968 0.37701612903225806 0.8797883064516129 0.37567204301075274 0.8772681451612904 0.3780241935483871 0.8752520161290323 0.3834005376344087 0.8719758064516129 0.3887768817204301 0.8704637096774194 0.39784946236559143 0.8656754032258065 0.4112903225806452 0.8649193548387096 0.4146505376344087 0.8666834677419355 0.4210349462365592
2 0.1849798387096774 0.05880376344086022 0.19506048387096775 0.05846774193548388 0.19480846774193547 0.06485215053763442 0.18876008064516128 0.06518817204301076 0.18472782258064516 0.06754032258064517 0.18800403225806453 0.07123655913978495 0.2056451612903226 0.07022849462365592 0.20942540322580644 0.06854838709677419 0.21370967741935484 0.06888440860215055 0.21522177419354838 0.06754032258064517 0.21370967741935484 0.06350806451612903 0.21144153225806453 0.06283602150537636 0.20992943548387097 0.06081989247311829 0.21118951612903225 0.05342741935483871 0.20816532258064516 0.04603494623655914 0.20438508064516128 0.0396505376344086 0.20287298387096775 0.026545698924731184 0.19984879032258063 0.023185483870967746 0.1927923387096774 0.021505376344086023 0.18876008064516128 0.0228494623655914 0.18699596774193547 0.03192204301075269 0.18724798387096775 0.0396505376344086 0.1822076612903226 0.05342741935483871 0.18195564516129034 0.0571236559139785 0.1849798387096774 0.05880376344086022
2 0.7794858870967742 0.39045698924731187 0.7862903225806451 0.39045698924731187 0.7875504032258065 0.37869623655913975 0.7905745967741935 0.372983870967742 0.7915826612903225 0.3662634408602151 0.7910786290322581 0.35584677419354843 0.7885584677419355 0.35013440860215056 0.7878024193548386 0.34442204301075274 0.7862903225806451 0.34072580645161293 0.7827620967741935 0.34005376344086025 0.78125 0.34173387096774194 0.7804939516129032 0.35147849462365593 0.7772177419354839 0.3625672043010753 0.7784778225806451 0.3881048387096775 0.7794858870967742 0.39045698924731187
2 0.22731854838709678 0.0961021505376344 0.22857862903225806 0.09845430107526883 0.2283266129032258 0.11256720430107528 0.23084677419354838 0.12063172043010753 0.23286290322580644 0.11693548387096776 0.23311491935483872 0.10651881720430109 0.23109879032258063 0.09946236559139786 0.23059475806451615 0.08938172043010753 0.22731854838709678 0.0913978494623656 0.22731854838709678 0.0961021505376344
2 0.21471774193548387 0.06653225806451613 0.22076612903225806 0.07090053763440861 0.22379032258064516 0.0799731182795699 0.23084677419354838 0.07963709677419356 0.23160282258064516 0.07795698924731183 0.23135080645161288 0.07224462365591398 0.22958669354838712 0.06418010752688172 0.22731854838709678 0.062163978494623656 0.21925403225806453 0.06182795698924731 0.21421370967741937 0.06418010752688172 0.21471774193548387 0.06653225806451613
2 0.20791330645161288 0.0456989247311828 0.20942540322580644 0.05073924731182796 0.21194556451612903 0.05443548387096775 0.2169858870967742 0.05846774193548388 0.22026209677419356 0.059475806451612906 0.22731854838709678 0.05880376344086022 0.22933467741935484 0.056787634408602156 0.23009072580645162 0.053763440860215055 0.22757056451612903 0.04536290322580645 0.22076612903225806 0.0396505376344086 0.22101814516129034 0.029905913978494625 0.22026209677419356 0.025873655913978496 0.2169858870967742 0.02352150537634409 0.20967741935483872 0.02352150537634409 0.20715725806451615 0.026209677419354843 0.2056451612903226 0.030913978494623656 0.20614919354838712 0.043010752688172046 0.20791330645161288 0.0456989247311828
2 0.6648185483870968 0.3585349462365592 0.6683467741935485 0.3541666666666667 0.6711189516129032 0.3487903225806452 0.6706149193548386 0.34173387096774194 0.6721270161290323 0.33131720430107525 0.6678427419354839 0.32829301075268824 0.6643145161290323 0.32997311827956993 0.6622983870967742 0.3333333333333333 0.6620463709677419 0.34005376344086025 0.6648185483870968 0.3585349462365592
2 0.6023185483870968 0.34576612903225806 0.6045866935483871 0.3531586021505376 0.609375 0.3565188172043011 0.6106350806451614 0.3528225806451613 0.6108870967741935 0.331989247311828 0.6123991935483871 0.3172043010752688 0.6111391129032258 0.31350806451612906 0.608366935483871 0.30981182795698925 0.6071068548387096 0.30443548387096775 0.6058467741935485 0.3024193548387097 0.6033266129032258 0.30443548387096775 0.6018145161290323 0.3108198924731183 0.5990423387096775 0.31518817204301075 0.5985383064516129 0.32123655913978494 0.6023185483870968 0.34576612903225806
2 0.24445564516129034 0.06888440860215055 0.24621975806451615 0.06888440860215055 0.26058467741935487 0.06754032258064517 0.26285282258064513 0.06485215053763442 0.26310483870967744 0.06149193548387097 0.2620967741935484 0.05981182795698925 0.2600806451612903 0.059475806451612906 0.24722782258064516 0.059475806451612906 0.24319556451612903 0.06317204301075269 0.24319556451612903 0.06754032258064517 0.24445564516129034 0.06888440860215055
2 0.2361391129032258 0.03931451612903226 0.23588709677419356 0.046706989247311835 0.23765120967741937 0.05342741935483871 0.24117943548387097 0.05477150537634409 0.24672379032258063 0.05510752688172044 0.2595766129032258 0.05342741935483871 0.2613407258064516 0.05174731182795699 0.2610887096774194 0.046706989247311835 0.25932459677419356 0.041666666666666664 0.2522681451612903 0.036290322580645164 0.25100806451612906 0.023185483870967746 0.24949596774193547 0.020497311827956992 0.2447076612903226 0.018481182795698926 0.24319556451612903 0.019153225806451617 0.23790322580645162 0.022177419354838714 0.23513104838709678 0.028225806451612906 0.23487903225806453 0.03293010752688172 0.2361391129032258 0.03931451612903226
2 0.49344758064516125 0.07795698924731183 0.49798387096774194 0.07762096774193548 0.49974798387096775 0.07426075268817206 0.5015120967741935 0.0571236559139785 0.49798387096774194 0.04502688172043011 0.4944556451612903 0.04334677419354839 0.49092741935483875 0.0571236559139785 0.49117943548387094 0.07526881720430108 0.49344758064516125 0.07795698924731183
5 0.2923387096774194 0.3316532258064516 0.2930947580645161 0.34038978494623656 0.2946068548387097 0.3424059139784947 0.30267137096774194 0.34408602150537637 0.3208165322580645 0.34475806451612906 0.3251008064516129 0.34744623655913975 0.3311491935483871 0.35618279569892475 0.3329133064516129 0.35483870967741943 0.33392137096774194 0.35215053763440857 0.33442540322580644 0.3467741935483871 0.3321572580645161 0.32795698924731187 0.32787298387096775 0.31485215053763443 0.3238407258064516 0.3071236559139785 0.32207661290322576 0.3054435483870968 0.3175403225806452 0.3030913978494624 0.30670362903225806 0.3020833333333333 0.29788306451612906 0.3061155913978495 0.29435483870967744 0.30981182795698925 0.29183467741935487 0.3175403225806452 0.29158266129032256 0.3215725806451613 0.28931451612903225 0.32493279569892475 0.2885584677419355 0.32795698924731187 0.2923387096774194 0.3316532258064516
0 0.3629032258064516 0.19926075268817206 0.3636592741935484 0.20228494623655915 0.3629032258064516 0.20329301075268819 0.3699596774193548 0.19623655913978497 0.36895161290322576 0.19690860215053765 0.36819556451612906 0.19590053763440862 0.36542338709677424 0.19590053763440862 0.36466733870967744 0.19791666666666666 0.3629032258064516 0.19926075268817206
0 0.3629032258064516 0.21370967741935484 0.36466733870967744 0.21673387096774197 0.3629032258064516 0.21942204301075272 0.3629032258064516 0.22379032258064518 0.3649193548387097 0.22681451612903225 0.36617943548387094 0.2368951612903226 0.37323588709677424 0.25336021505376344 0.37399193548387094 0.26680107526881724 0.37600806451612906 0.2819220430107527 0.37676411290322576 0.28360215053763443 0.38029233870967744 0.2856182795698925 0.3865927419354839 0.30275537634408606 0.390625 0.30510752688172044 0.3928931451612903 0.31418010752688175 0.39667338709677424 0.32123655913978494 0.40045362903225806 0.322244623655914 0.41532258064516125 0.32123655913978494 0.42011088709677424 0.31821236559139787 0.4251512096774193 0.3165322580645161 0.4430443548387097 0.31418010752688175 0.44682459677419356 0.31149193548387094 0.44682459677419356 0.29973118279569894 0.44506048387096775 0.28125000000000006 0.4448084677419355 0.2651209677419355 0.44354838709677424 0.2604166666666667 0.44329637096774194 0.2550403225806452 0.44002016129032256 0.2452956989247312 0.4329637096774193 0.23555107526881722 0.42817540322580644 0.23118279569892475 0.4191028225806452 0.21942204301075272 0.40751008064516125 0.21068548387096775 0.40473790322580644 0.20631720430107528 0.4029737903225807 0.20530913978494625 0.40095766129032256 0.20228494623655915 0.3986895161290323 0.20161290322580647 0.39742943548387094 0.19926075268817206 0.39642137096774194 0.1995967741935484 0.3954133064516129 0.20329301075268819 0.3928931451612903 0.20362903225806453 0.39037298387096775 0.20127688172043012 0.38911290322580644 0.20127688172043012 0.3883568548387097 0.19926075268817206 0.3858366935483871 0.19858870967741937 0.38457661290322576 0.1948924731182796 0.38256048387096775 0.19455645161290322 0.37575604838709675 0.19623655913978497 0.37575604838709675 0.19926075268817206 0.3744959677419355 0.20094086021505378 0.37298387096774194 0.19791666666666666 0.3719758064516129 0.19825268817204303 0.3714717741935484 0.19993279569892475 0.37247983870967744 0.20127688172043012 0.37373991935483875 0.20127688172043012 0.37399193548387094 0.20362903225806453 0.36567540322580644 0.20396505376344087 0.3641633064516129 0.20497311827956993 0.3629032258064516 0.21001344086021506 0.3629032258064516 0.21370967741935484
6 0.35912298387096775 0.20766129032258066 0.36013104838709675 0.22143817204301078 0.36189516129032256 0.23252688172043012 0.36844758064516125 0.2466397849462366 0.36970766129032256 0.24831989247311828 0.37298387096774194 0.24932795698924734 0.3744959677419355 0.24462365591397853 0.3744959677419355 0.23723118279569894 0.37298387096774194 0.22647849462365593 0.37399193548387094 0.21875 0.3755040322580645 0.21572580645161293 0.3800403225806452 0.21303763440860218 0.3865927419354839 0.21135752688172044 0.40448588709677424 0.2127016129032258 0.4067540322580645 0.21169354838709678 0.40776209677419356 0.21001344086021506 0.40625 0.20665322580645162 0.39717741935483875 0.1948924731182796 0.39037298387096775 0.1911962365591398 0.3795362903225807 0.19186827956989247 0.37676411290322576 0.19052419354838712 0.36567540322580644 0.19052419354838712 0.3629032258064516 0.19153225806451615 0.36088709677419356 0.19623655913978497 0.36038306451612906 0.20329301075268819 0.35912298387096775 0.20766129032258066
0 0.36063508064516125 0.20967741935483875 0.3616431451612903 0.2127016129032258 0.3616431451612903 0.22311827956989247 0.3639112903225807 0.23420698924731184 0.37373991935483875 0.25268817204301075 0.37424395161290325 0.2627688172043011 0.3755040322580645 0.2698252688172043 0.375 0.2758736559139785 0.37676411290322576 0.28360215053763443 0.3777721774193548 0.2862903225806452 0.38155241935483875 0.28897849462365593 0.38533266129032256 0.29973118279569894 0.3883568548387097 0.30477150537634407 0.3928931451612903 0.30846774193548393 0.3949092741935484 0.3172043010752688 0.39768145161290325 0.32123655913978494 0.4012096774193548 0.322244623655914 0.4135584677419355 0.3215725806451613 0.4196068548387097 0.31955645161290325 0.4213709677419355 0.3175403225806452 0.42389112903225806 0.3165322580645161 0.4402721774193548 0.31518817204301075 0.44732862903225806 0.3121639784946237 0.44783266129032256 0.29872311827956993 0.44606854838709675 0.2805779569892473 0.44632056451612906 0.26848118279569894 0.4448084677419355 0.2610887096774194 0.44405241935483875 0.25168010752688175 0.4410282258064516 0.24428763440860218 0.4339717741935484 0.23454301075268819 0.4291834677419355 0.22983870967741937 0.42111895161290325 0.21942204301075272 0.4105342741935484 0.21068548387096775 0.39818548387096775 0.19590053763440862 0.3949092741935484 0.19354838709677422 0.39163306451612906 0.1922043010752688 0.3671875 0.1922043010752688 0.3644153225806452 0.19422043010752688 0.3616431451612903 0.1995967741935484 0.3616431451612903 0.20530913978494625 0.36063508064516125 0.20967741935483875