8 0.40546875000000004 0.6388888888888888 0.4140625 0.6763888888888888 0.41796875 0.725 0.42265625 0.7402777777777778 0.43359375 0.75 0.46406250000000004 0.7472222222222222 0.48515625 0.7402777777777778 0.4890625 0.7277777777777777 0.48750000000000004 0.6666666666666666 0.4921875 0.6597222222222222 0.4921875 0.6513888888888888 0.49062500000000003 0.6458333333333334 0.48281250000000003 0.6388888888888888 0.478125 0.6097222222222222 0.45546875000000003 0.5291666666666667 0.4453125 0.5166666666666666 0.41640625000000003 0.5180555555555555 0.4109375 0.5249999999999999 0.40703125 0.5472222222222222 0.40468750000000003 0.5694444444444444 0.40546875000000004 0.6388888888888888
1 0.28750000000000003 0.2013888888888889 0.2859375 0.1875 0.27734375000000006 0.1875 0.27578125000000003 0.2013888888888889 0.28750000000000003 0.2013888888888889
1 0.35546875 0.20416666666666666 0.35390625000000003 0.18888888888888888 0.34609375000000003 0.1875 0.34453125 0.20277777777777775 0.35546875 0.20416666666666666
4 0.27968750000000003 0.26249999999999996 0.296875 0.2611111111111111 0.2984375 0.25 0.29453125 0.23333333333333334 0.28125000000000006 0.23333333333333334 0.278125 0.2388888888888889 0.27968750000000003 0.26249999999999996
1 0.7273437500000001 0.661111111111111 0.7273437500000001 0.6916666666666667 0.734375 0.7027777777777777 0.7429687500000001 0.7027777777777777 0.7601562500000001 0.7263888888888889 0.775 0.7513888888888888 0.7820312500000001 0.7763888888888888 0.83125 0.7777777777777778 0.84921875 0.7638888888888888 0.8445312500000001 0.7444444444444444 0.8460937500000001 0.7291666666666666 0.84375 0.7194444444444444 0.8367187500000001 0.7097222222222221 0.828125 0.6833333333333333 0.79296875 0.623611111111111 0.77265625 0.6013888888888889 0.76171875 0.5958333333333333 0.7453125 0.5972222222222222 0.7265625 0.6166666666666666 0.7250000000000001 0.6486111111111111 0.7273437500000001 0.661111111111111
1 0.42734375 0.25 0.44375000000000003 0.2486111111111111 0.44296875 0.2361111111111111 0.43828125 0.225 0.43125 0.2222222222222222 0.42578125 0.2263888888888889 0.42500000000000004 0.24583333333333335 0.42734375 0.25
1 0.42812500000000003 0.4208333333333333 0.43671875000000004 0.4472222222222222 0.4625 0.44861111111111107 0.46953125 0.4444444444444444 0.46640625 0.4111111111111111 0.45390625 0.3847222222222222 0.43671875000000004 0.3819444444444444 0.43125 0.38611111111111107 0.42812500000000003 0.39444444444444443 0.42812500000000003 0.4208333333333333
1 0.13671875000000003 0.6694444444444444 0.14609375000000002 0.6625 0.16875 0.6625 0.17890625000000002 0.6597222222222222 0.1859375 0.6527777777777778 0.1921875 0.6541666666666666 0.19921875 0.6416666666666666 0.2015625 0.6180555555555556 0.21171875 0.5902777777777778 0.2109375 0.5597222222222222 0.20625000000000002 0.5499999999999999 0.15390625000000002 0.5583333333333333 0.1453125 0.5680555555555555 0.12890625000000003 0.623611111111111 0.13125 0.6527777777777778 0.13671875000000003 0.6694444444444444
1 0.28906250000000006 0.3805555555555556 0.30234375 0.3763888888888889 0.3140625 0.3805555555555556 0.3171875 0.37777777777777777 0.3171875 0.3430555555555555 0.3125 0.3347222222222222 0.29531250000000003 0.3333333333333333 0.28750000000000003 0.3430555555555555 0.28671875 0.3736111111111111 0.28906250000000006 0.3805555555555556
1 0.31015625 0.18888888888888888 0.30859375 0.17777777777777778 0.3015625 0.17777777777777778 0.30078125 0.19166666666666665 0.31015625 0.18888888888888888
1 0.32656250000000003 0.2236111111111111 0.32421875 0.20416666666666666 0.31562500000000004 0.20416666666666666 0.31328125 0.20833333333333334 0.3140625 0.2222222222222222 0.32656250000000003 0.2236111111111111
5 0.51484375 0.3736111111111111 0.5359375000000001 0.3763888888888889 0.5398437500000001 0.3722222222222222 0.5359375000000001 0.3458333333333333 0.5265625 0.33194444444444443 0.51484375 0.32916666666666666 0.5046875000000001 0.33749999999999997 0.5039062500000001 0.3611111111111111 0.51484375 0.3736111111111111
1 0.3953125 0.24166666666666664 0.4078125 0.24305555555555555 0.41015625 0.2375 0.40546875000000004 0.22083333333333333 0.39687500000000003 0.22083333333333333 0.39375000000000004 0.22916666666666666 0.39296875000000003 0.2361111111111111 0.3953125 0.24166666666666664
1 0.37265625 0.2652777777777778 0.37265625 0.2472222222222222 0.36875 0.2347222222222222 0.35781250000000003 0.23333333333333334 0.35468750000000004 0.24027777777777778 0.35546875 0.2652777777777778 0.37265625 0.2652777777777778
1 0.384375 0.325 0.38359375 0.30277777777777776 0.37890625 0.28888888888888886 0.3671875 0.2861111111111111 0.36171875000000003 0.2944444444444444 0.36250000000000004 0.3277777777777778 0.384375 0.325
1 0.4890625 0.4208333333333333 0.49140625000000004 0.4347222222222222 0.49531250000000004 0.4347222222222222 0.5 0.42777777777777776 0.5156250000000001 0.42777777777777776 0.5195312500000001 0.4347222222222222 0.5242187500000001 0.4319444444444444 0.525 0.4055555555555555 0.5156250000000001 0.37777777777777777 0.50546875 0.36527777777777776 0.49296875 0.3597222222222222 0.48750000000000004 0.3597222222222222 0.48203125 0.3722222222222222 0.48046875 0.4069444444444444 0.4890625 0.4208333333333333
1 0.39921875 0.1902777777777778 0.39687500000000003 0.17777777777777778 0.38828125 0.17916666666666664 0.38906250000000003 0.19166666666666665 0.39921875 0.1902777777777778
8 0.32656250000000003 0.19999999999999998 0.32734375000000004 0.18333333333333335 0.32109375 0.1763888888888889 0.31640625 0.18055555555555555 0.31640625 0.19999999999999998 0.32656250000000003 0.19999999999999998
6 0.30625 0.27638888888888885 0.32421875 0.27499999999999997 0.32578125 0.2611111111111111 0.32265625000000003 0.22777777777777775 0.3046875 0.22777777777777775 0.30390625000000004 0.25416666666666665 0.30625 0.27638888888888885
6 0.36640625000000004 0.1902777777777778 0.36640625000000004 0.1638888888888889 0.35859375000000004 0.1625 0.35859375000000004 0.18888888888888888 0.36640625000000004 0.1902777777777778