8 0.31562500000000004 0.3333333333333333 0.32734375000000004 0.3347222222222222 0.32890625 0.3194444444444444 0.32421875 0.3097222222222222 0.3171875 0.3111111111111111 0.31484375000000003 0.31527777777777777 0.31562500000000004 0.3333333333333333
8 0.40390625 0.375 0.41640625000000003 0.375 0.41796875 0.3583333333333333 0.41484375 0.3430555555555555 0.40937500000000004 0.33749999999999997 0.39921875 0.3402777777777778 0.39921875 0.3694444444444444 0.40390625 0.375
8 0.12578125 0.9958333333333333 0.22031250000000002 0.9958333333333333 0.22812500000000002 0.9708333333333333 0.2265625 0.9597222222222221 0.22890625 0.9333333333333333 0.240625 0.8541666666666666 0.240625 0.786111111111111 0.24609375 0.7791666666666666 0.24531250000000002 0.775 0.23750000000000002 0.775 0.23125 0.7611111111111112 0.22578125000000002 0.7569444444444444 0.1953125 0.7583333333333333 0.1640625 0.7694444444444444 0.13203125000000002 0.8694444444444444 0.12421875 0.9249999999999999 0.1234375 0.9625 0.12578125 0.9958333333333333
8 0.32734375000000004 0.31527777777777777 0.32265625000000003 0.3013888888888889 0.31484375000000003 0.30277777777777776 0.31562500000000004 0.31527777777777777 0.32734375000000004 0.31527777777777777
1 0.359375 0.30306666666666665 0.36171875000000003 0.29473333333333335 0.36015625 0.2864 0.35234375 0.2836222222222222 0.35234375 0.2975111111111111 0.359375 0.30306666666666665
8 0.46484375 0.7611111111111112 0.4765625 0.7972222222222222 0.47578125000000004 0.8222222222222222 0.47890625000000003 0.8319444444444444 0.5046875000000001 0.8347222222222221 0.540625 0.8291666666666666 0.54453125 0.825 0.5453125000000001 0.7819444444444444 0.5359375000000001 0.7430555555555556 0.5398437500000001 0.7263888888888889 0.5320312500000001 0.7208333333333333 0.52265625 0.6888888888888888 0.5039062500000001 0.6472222222222221 0.49843750000000003 0.6430555555555556 0.46406250000000004 0.6472222222222221 0.45859375 0.6583333333333333 0.45546875000000003 0.6819444444444444 0.45546875000000003 0.7472222222222222 0.46484375 0.7611111111111112
1 0.27421875 0.3347222222222222 0.27265625000000004 0.31666666666666665 0.26171875000000006 0.3194444444444444 0.2625 0.3361111111111111 0.27421875 0.3347222222222222
1 0.20468750000000002 0.4888888888888889 0.21484375 0.4819444444444444 0.22578125000000002 0.4819444444444444 0.23125 0.4875 0.23828125 0.4736111111111111 0.23750000000000002 0.4513888888888889 0.23046875 0.44027777777777777 0.2109375 0.4388888888888889 0.20468750000000002 0.4513888888888889 0.20234375000000002 0.4666666666666667 0.20468750000000002 0.4888888888888889
1 0.20234375000000002 0.3958333333333333 0.22031250000000002 0.3930555555555555 0.22265625 0.38611111111111107 0.22265625 0.3736111111111111 0.21796875000000002 0.36527777777777776 0.20546875 0.36527777777777776 0.2 0.375 0.19921875 0.3902777777777778 0.20234375000000002 0.3958333333333333
1 0.26484375000000004 0.2861111111111111 0.26875000000000004 0.2944444444444444 0.27265625000000004 0.28888888888888886 0.26875000000000004 0.2777777777777778 0.2625 0.28194444444444444 0.26171875000000006 0.2861111111111111 0.26484375000000004 0.2861111111111111
1 0.37890625 0.3486111111111111 0.37421875000000004 0.32916666666666666 0.36640625000000004 0.3277777777777778 0.3640625 0.3347222222222222 0.36484375 0.35 0.37890625 0.3486111111111111
1 0.57734375 0.7958333333333334 0.58125 0.8027777777777778 0.5882812500000001 0.7999999999999999 0.59375 0.8097222222222222 0.6062500000000001 0.8375 0.60859375 0.8597222222222222 0.6125 0.8722222222222222 0.6453125000000001 0.8791666666666667 0.6734375 0.873611111111111 0.67890625 0.8680555555555556 0.6820312500000001 0.8458333333333333 0.6796875 0.8236111111111112 0.67734375 0.8138888888888888 0.66171875 0.7847222222222222 0.6640625 0.7722222222222221 0.6578125 0.7708333333333334 0.6507812500000001 0.7513888888888888 0.63046875 0.7180555555555556 0.6195312500000001 0.7069444444444444 0.596875 0.7055555555555556 0.5875 0.7097222222222221 0.57734375 0.7305555555555555 0.5742187500000001 0.748611111111111 0.57734375 0.7958333333333334
1 0.32343750000000004 0.3458333333333333 0.32890625 0.3472222222222222 0.32734375000000004 0.3333333333333333 0.31640625 0.3333333333333333 0.31640625 0.35138888888888886 0.32343750000000004 0.3458333333333333
1 0.28437500000000004 0.30277777777777776 0.28515625000000006 0.29027777777777775 0.2828125 0.2861111111111111 0.278125 0.28888888888888886 0.27734375000000006 0.30277777777777776 0.28437500000000004 0.30277777777777776
1 0.38984375000000004 0.3416666666666667 0.39296875000000003 0.33749999999999997 0.3875 0.3208333333333333 0.38046875 0.32361111111111107 0.38046875 0.3402777777777778 0.38984375000000004 0.3416666666666667
1 0.16015625 0.4833333333333333 0.17890625000000002 0.4861111111111111 0.18515625000000002 0.4722222222222222 0.18515625000000002 0.4513888888888889 0.17500000000000002 0.4388888888888889 0.15546875000000002 0.44166666666666665 0.15078125 0.4555555555555555 0.15078125 0.4888888888888889 0.16015625 0.4833333333333333
1 0.3640625 0.3208333333333333 0.359375 0.3055555555555556 0.35234375 0.3055555555555556 0.3515625 0.32361111111111107 0.3640625 0.3208333333333333
1 0.26171875000000006 0.3138888888888889 0.2625 0.3069444444444444 0.25859375 0.2986111111111111 0.2515625 0.30277777777777776 0.2515625 0.3138888888888889 0.26171875000000006 0.3138888888888889
1 0.31640625 0.3361111111111111 0.32734375000000004 0.3347222222222222 0.32890625 0.3208333333333333 0.32421875 0.3097222222222222 0.3171875 0.3097222222222222 0.31484375000000003 0.3138888888888889 0.3140625 0.3305555555555555 0.31640625 0.3361111111111111
1 0.31328125 0.3041666666666667 0.32109375 0.3 0.3203125 0.29305555555555557 0.31093750000000003 0.29027777777777775 0.31015625 0.2972222222222222 0.31328125 0.3041666666666667
1 0.26171875000000006 0.3013888888888889 0.26875000000000004 0.29305555555555557 0.26640625 0.2847222222222222 0.25703125000000004 0.28888888888888886 0.25625000000000003 0.29583333333333334 0.26171875000000006 0.3013888888888889
1 0.246875 0.5222222222222223 0.24921875000000002 0.5416666666666666 0.2828125 0.5361111111111111 0.28359375000000003 0.4944444444444444 0.27187500000000003 0.4875 0.259375 0.4888888888888889 0.2484375 0.5 0.25 0.5083333333333333 0.246875 0.5222222222222223
1 0.29296875000000006 0.3986111111111111 0.29296875000000006 0.3805555555555556 0.290625 0.3736111111111111 0.28515625000000006 0.3708333333333333 0.27421875 0.375 0.27421875 0.39999999999999997 0.29296875000000006 0.3986111111111111
1 0.33671875 0.5333333333333333 0.33828125000000003 0.5652777777777778 0.371875 0.561111111111111 0.371875 0.5222222222222223 0.36796875 0.5180555555555555 0.36250000000000004 0.5013888888888889 0.34375 0.5 0.3359375 0.5166666666666666 0.33437500000000003 0.5291666666666667 0.33671875 0.5333333333333333
1 0.384375 0.4958333333333333 0.41250000000000003 0.4944444444444444 0.41171875 0.46249999999999997 0.40156250000000004 0.44166666666666665 0.38671875 0.44027777777777777 0.38125000000000003 0.45 0.3796875 0.4777777777777778 0.384375 0.4958333333333333
1 0.29453125 0.3208333333333333 0.29609375000000004 0.31666666666666665 0.29375 0.3 0.28671875 0.3013888888888889 0.28671875 0.3208333333333333 0.29453125 0.3208333333333333
1 0.32578125 0.3694444444444444 0.3328125 0.3638888888888889 0.328125 0.3458333333333333 0.31640625 0.35 0.3171875 0.3694444444444444 0.32578125 0.3694444444444444
1 0.31640625 0.3194444444444444 0.328125 0.31666666666666665 0.32109375 0.2986111111111111 0.3140625 0.3013888888888889 0.31328125 0.3097222222222222 0.31640625 0.3194444444444444
1 0.34218750000000003 0.30277777777777776 0.34296875000000004 0.29583333333333334 0.340625 0.2916666666666667 0.33515625000000004 0.29027777777777775 0.3328125 0.2944444444444444 0.3328125 0.3013888888888889 0.34218750000000003 0.30277777777777776
1 0.27109375 0.3625 0.27187500000000003 0.3527777777777778 0.26875000000000004 0.3458333333333333 0.2546875 0.3458333333333333 0.2546875 0.3666666666666667 0.27109375 0.3625
1 0.46718750000000003 0.4680555555555555 0.4703125 0.47638888888888886 0.49765625 0.47638888888888886 0.49453125000000003 0.4430555555555556 0.484375 0.4236111111111111 0.46640625 0.4194444444444444 0.4625 0.4236111111111111 0.4609375 0.4333333333333333 0.4609375 0.46249999999999997 0.46718750000000003 0.4680555555555555
1 0.321875 0.39999999999999997 0.33984375 0.39999999999999997 0.33984375 0.3833333333333333 0.3359375 0.3708333333333333 0.33046875000000003 0.3680555555555556 0.32265625000000003 0.375 0.3203125 0.3833333333333333 0.321875 0.39999999999999997
5 0.08828125 0.5152777777777777 0.1203125 0.5111111111111111 0.1296875 0.4930555555555556 0.1296875 0.47638888888888886 0.11875000000000001 0.4652777777777778 0.09921875000000001 0.4652777777777778 0.09140625000000001 0.475 0.0859375 0.4930555555555556 0.08515625 0.5055555555555555 0.08828125 0.5152777777777777
1 0 0.7208333333333333 0.004687500000000001 0.7277777777777777 0.0203125 0.7208333333333333 0.06015625 0.7208333333333333 0.06406250000000001 0.7152777777777778 0.065625 0.6916666666666667 0.0734375 0.6805555555555556 0.08125 0.6777777777777778 0.08515625 0.6680555555555555 0.08515625 0.6430555555555556 0.08281250000000001 0.6333333333333333 0.06406250000000001 0.623611111111111 0.026562500000000003 0.6263888888888888 0.017968750000000002 0.6333333333333333 0.00703125 0.65 0 0.661111111111111 0 0.7208333333333333
1 0.29296875000000006 0.2972222222222222 0.29531250000000003 0.29305555555555557 0.29453125 0.2847222222222222 0.28906250000000006 0.2847222222222222 0.28906250000000006 0.29305555555555557 0.29296875000000006 0.2972222222222222
1 0.6156250000000001 0.6986111111111112 0.63671875 0.7194444444444444 0.6531250000000001 0.7513888888888888 0.6671875 0.7444444444444444 0.6898437500000001 0.7430555555555556 0.69921875 0.7472222222222222 0.70625 0.7388888888888888 0.70703125 0.7194444444444444 0.703125 0.6958333333333333 0.6921875000000001 0.6805555555555556 0.67890625 0.6486111111111111 0.6578125 0.6222222222222222 0.6453125000000001 0.6124999999999999 0.625 0.6124999999999999 0.6195312500000001 0.6180555555555556 0.6125 0.6375 0.6117187500000001 0.6805555555555556 0.6156250000000001 0.6986111111111112
1 0.34296875000000004 0.2861111111111111 0.34140625 0.2791666666666667 0.3359375 0.2777777777777778 0.33671875 0.28888888888888886 0.34296875000000004 0.2861111111111111
1 0.34140625 0.31666666666666665 0.340625 0.30277777777777776 0.33437500000000003 0.3013888888888889 0.33125000000000004 0.3055555555555556 0.33125000000000004 0.31666666666666665 0.34140625 0.31666666666666665
5 0.35000000000000003 0.33194444444444443 0.35000000000000003 0.3222222222222222 0.34609375000000003 0.31666666666666665 0.34218750000000003 0.31527777777777777 0.33828125000000003 0.3208333333333333 0.33828125000000003 0.3347222222222222 0.35000000000000003 0.33194444444444443
5 0.34296875000000004 0.7430555555555556 0.34609375000000003 0.75 0.34921875 0.8138888888888888 0.36015625 0.8208333333333333 0.38593750000000004 0.8208333333333333 0.40390625 0.8152777777777778 0.4078125 0.8083333333333333 0.40859375000000003 0.7819444444444444 0.40468750000000003 0.7402777777777778 0.40859375000000003 0.7305555555555555 0.40156250000000004 0.7222222222222222 0.390625 0.6833333333333333 0.38515625000000003 0.6791666666666666 0.35546875 0.6819444444444444 0.3484375 0.6888888888888888 0.3453125 0.7083333333333334 0.3453125 0.7347222222222222 0.34296875000000004 0.7430555555555556
4 0.33359375 0.4694444444444444 0.34140625 0.4638888888888889 0.359375 0.4666666666666667 0.35859375000000004 0.4319444444444444 0.35390625000000003 0.4208333333333333 0.33984375 0.4166666666666667 0.33125000000000004 0.4236111111111111 0.32890625 0.44166666666666665 0.33359375 0.4694444444444444
4 0.37265625 0.3972222222222222 0.37421875000000004 0.37916666666666665 0.37031250000000004 0.3625 0.35468750000000004 0.3583333333333333 0.353125 0.39444444444444443 0.37265625 0.3972222222222222
1 0.36328125 0.3097222222222222 0.37031250000000004 0.3069444444444444 0.3671875 0.2972222222222222 0.36171875000000003 0.29583333333333334 0.36015625 0.3041666666666667 0.36328125 0.3097222222222222
1 0.09140625000000001 0.786111111111111 0.153125 0.7694444444444444 0.15625 0.7513888888888888 0.17109375000000002 0.7138888888888888 0.17109375000000002 0.6833333333333333 0.16484375 0.6722222222222222 0.14453125000000003 0.6722222222222222 0.11171875 0.6819444444444444 0.10234375000000001 0.6916666666666667 0.1 0.7069444444444444 0.0859375 0.7458333333333333 0.08671875000000001 0.7791666666666666 0.09140625000000001 0.786111111111111