8 0.05946180555555555 0.4771412037037037 0.05946180555555555 0.48061342592592593 0.060112847222222224 0.48292824074074076 0.06336805555555555 0.4869791666666667 0.06380208333333333 0.49623842592592593 0.06575520833333333 0.4988425925925926 0.0705295138888889 0.49971064814814814 0.0779079861111111 0.5037615740740741 0.0798611111111111 0.5037615740740741 0.08637152777777778 0.5023148148148148 0.10698784722222222 0.5017361111111112 0.11263020833333333 0.5002893518518519 0.11870659722222222 0.4965277777777778 0.12369791666666667 0.49537037037037035 0.1284722222222222 0.48842592592592593 0.13671875 0.4788773148148148 0.1401909722222222 0.4754050925925926 0.1427951388888889 0.4742476851851852 0.1449652777777778 0.46730324074074076 0.1460503472222222 0.4525462962962963 0.1449652777777778 0.4476273148148148 0.14322916666666666 0.44386574074074076 0.14344618055555555 0.4392361111111111 0.1421440972222222 0.43778935185185186 0.1388888888888889 0.4288194444444444 0.1351996527777778 0.421875 0.12977430555555555 0.41608796296296297 0.12217881944444445 0.4140625 0.10785590277777778 0.4166666666666667 0.09526909722222222 0.41782407407407407 0.08658854166666667 0.42158564814814814 0.07942708333333333 0.42766203703703703 0.072265625 0.4322916666666667 0.06727430555555555 0.4375 0.064453125 0.4427083333333333 0.06336805555555555 0.4508101851851852 0.06163194444444445 0.45717592592592593 0.06141493055555555 0.47164351851851855 0.05946180555555555 0.4771412037037037
8 0.1796875 0.3767361111111111 0.18250868055555555 0.3773148148148148 0.19010416666666666 0.3822337962962963 0.19639756944444445 0.3894675925925926 0.1996527777777778 0.39091435185185186 0.2065972222222222 0.3917824074074074 0.2094184027777778 0.39091435185185186 0.2105034722222222 0.38917824074074076 0.2111545138888889 0.37876157407407407 0.20985243055555555 0.3732638888888889 0.2094184027777778 0.36574074074074076 0.20789930555555555 0.35648148148148145 0.2065972222222222 0.3532986111111111 0.19921875 0.3532986111111111 0.1937934027777778 0.35648148148148145 0.1840277777777778 0.359375 0.1812065972222222 0.3619791666666667 0.1801215277777778 0.3683449074074074 0.17838541666666666 0.3723958333333333 0.17860243055555555 0.37528935185185186 0.1796875 0.3767361111111111
6 0.11284722222222222 0.4134837962962963 0.12000868055555555 0.4134837962962963 0.12261284722222222 0.4146412037037037 0.1267361111111111 0.4146412037037037 0.1310763888888889 0.4163773148148148 0.13541666666666666 0.42158564814814814 0.138671875 0.4270833333333333 0.1404079861111111 0.43258101851851855 0.1430121527777778 0.4375 0.14453125 0.4429976851851852 0.1484375 0.4508101851851852 0.15104166666666666 0.4513888888888889 0.1599392361111111 0.44126157407407407 0.1742621527777778 0.43547453703703703 0.17708333333333334 0.43258101851851855 0.1773003472222222 0.4253472222222222 0.17838541666666666 0.42158564814814814 0.1781684027777778 0.41811342592592593 0.17708333333333334 0.4152199074074074 0.1759982638888889 0.4134837962962963 0.1733940972222222 0.41261574074074076 0.169921875 0.4097222222222222 0.1579861111111111 0.3958333333333333 0.13736979166666666 0.3975694444444444 0.1228298611111111 0.39988425925925924 0.1150173611111111 0.40306712962962965 0.11284722222222222 0.4045138888888889 0.111328125 0.4068287037037037 0.11089409722222222 0.40827546296296297 0.11284722222222222 0.4134837962962963
1 0.18619791666666666 0.5920138888888888 0.1892361111111111 0.6006944444444444 0.205078125 0.5960648148148148 0.2172309027777778 0.5954861111111112 0.23350694444444445 0.5928819444444444 0.24283854166666666 0.5931712962962963 0.24479166666666666 0.5940393518518519 0.2484809027777778 0.5931712962962963 0.2521701388888889 0.5870949074074074 0.2536892361111111 0.5807291666666666 0.2554253472222222 0.5784143518518519 0.2569444444444444 0.5726273148148148 0.2586805555555556 0.5694444444444444 0.2606336805555556 0.5622106481481481 0.2625868055555556 0.5578703703703703 0.2643229166666667 0.5436921296296297 0.2638888888888889 0.5338541666666666 0.2625868055555556 0.5274884259259259 0.2621527777777778 0.5257523148148148 0.2599826388888889 0.5234375 0.2552083333333333 0.5205439814814815 0.2502170138888889 0.515625 0.2426215277777778 0.5135995370370371 0.240234375 0.5121527777777778 0.2387152777777778 0.5098379629629629 0.2345920138888889 0.5078125 0.23046875 0.5086805555555556 0.2250434027777778 0.5135995370370371 0.21484375 0.5150462962962963 0.2068142361111111 0.5179398148148148 0.1970486111111111 0.5298032407407407 0.1898871527777778 0.5523726851851852 0.185546875 0.5607638888888888 0.1851128472222222 0.5853587962962963 0.18619791666666666 0.5920138888888888
1 0.4674479166666667 0.36313657407407407 0.4691840277777778 0.37181712962962965 0.4694010416666667 0.37644675925925924 0.4717881944444444 0.3784722222222222 0.4739583333333333 0.3819444444444444 0.4819878472222222 0.38310185185185186 0.4832899305555556 0.3819444444444444 0.4861111111111111 0.375 0.4898003472222222 0.37123842592592593 0.4924045138888889 0.37008101851851855 0.4943576388888889 0.3663194444444444 0.4943576388888889 0.3628472222222222 0.4930555555555556 0.3587962962962963 0.4891493055555556 0.3538773148148148 0.4852430555555556 0.35127314814814814 0.47265625 0.35011574074074076 0.4702690972222222 0.3515625 0.4683159722222222 0.35648148148148145 0.4674479166666667 0.35908564814814814 0.4674479166666667 0.36313657407407407
1 0.4307725694444444 0.3237847222222222 0.4325086805555556 0.32841435185185186 0.4348958333333333 0.3315972222222222 0.4390190972222222 0.33304398148148145 0.4427083333333333 0.33275462962962965 0.4435763888888889 0.3315972222222222 0.4459635416666667 0.3246527777777778 0.4463975694444444 0.3211805555555556 0.4427083333333333 0.3125 0.4353298611111111 0.31221064814814814 0.431640625 0.3151041666666667 0.4303385416666667 0.31741898148148145 0.4301215277777778 0.3214699074074074 0.4307725694444444 0.3237847222222222
1 0.3773871527777778 0.33217592592592593 0.3908420138888889 0.33217592592592593 0.3938802083333333 0.33130787037037035 0.3949652777777778 0.3287037037037037 0.3947482638888889 0.3211805555555556 0.3904079861111111 0.3151041666666667 0.3802083333333333 0.3151041666666667 0.3780381944444444 0.3168402777777778 0.375 0.3220486111111111 0.375 0.32841435185185186 0.3773871527777778 0.33217592592592593
1 0.3802083333333333 0.3637152777777778 0.3836805555555556 0.3628472222222222 0.3851996527777778 0.35792824074074076 0.3871527777777778 0.3559027777777778 0.3878038194444444 0.3532986111111111 0.3904079861111111 0.3492476851851852 0.3982204861111111 0.34866898148148145 0.3995225694444444 0.34664351851851855 0.3967013888888889 0.3385416666666667 0.3938802083333333 0.33449074074074076 0.3836805555555556 0.33564814814814814 0.3802083333333333 0.3370949074074074 0.37890625 0.3394097222222222 0.3776041666666667 0.3454861111111111 0.3776041666666667 0.3524305555555556 0.3802083333333333 0.3637152777777778
1 0.4854600694444444 0.40162037037037035 0.4900173611111111 0.40914351851851855 0.4915364583333333 0.41030092592592593 0.4947916666666667 0.40943287037037035 0.4958767361111111 0.40625 0.4993489583333333 0.40162037037037035 0.5034722222222222 0.390625 0.5084635416666666 0.38483796296296297 0.5147569444444444 0.3804976851851852 0.5154079861111112 0.3767361111111111 0.5121527777777778 0.3732638888888889 0.5082465277777778 0.37123842592592593 0.4947916666666667 0.3680555555555556 0.4876302083333333 0.37355324074074076 0.484375 0.37876157407407407 0.4837239583333333 0.3810763888888889 0.4839409722222222 0.39525462962962965 0.4854600694444444 0.40162037037037035
5 0 0.5086805555555556 0 0.5697337962962963 0.012152777777777778 0.5694444444444444 0.023003472222222224 0.5717592592592593 0.03624131944444445 0.5674189814814815 0.0390625 0.5688657407407407 0.04318576388888889 0.5688657407407407 0.04709201388888889 0.5639467592592593 0.048394097222222224 0.5596064814814815 0.05186631944444445 0.5558449074074074 0.062065972222222224 0.5471643518518519 0.0703125 0.5381944444444444 0.07682291666666667 0.5367476851851852 0.07921006944444445 0.5341435185185185 0.08116319444444445 0.5292245370370371 0.0818142361111111 0.5237268518518519 0.08138020833333333 0.5162037037037037 0.07855902777777778 0.5078125 0.07486979166666667 0.5037615740740741 0.05381944444444445 0.4988425925925926 0.03884548611111111 0.49681712962962965 0.03233506944444445 0.49681712962962965 0.028211805555555556 0.49797453703703703 0.013454861111111112 0.4994212962962963 0.0078125 0.5017361111111112 0.002170138888888889 0.5083912037037037 0 0.5086805555555556
1 0.3990885416666667 0.4253472222222222 0.3990885416666667 0.43258101851851855 0.4012586805555556 0.4392361111111111 0.4010416666666667 0.4464699074074074 0.4079861111111111 0.4464699074074074 0.412109375 0.4441550925925926 0.4177517361111111 0.44328703703703703 0.4233940972222222 0.4435763888888889 0.4286024305555556 0.44241898148148145 0.4351128472222222 0.4429976851851852 0.4377170138888889 0.44126157407407407 0.4390190972222222 0.4392361111111111 0.4390190972222222 0.41811342592592593 0.4340277777777778 0.4045138888888889 0.4286024305555556 0.39554398148148145 0.4251302083333333 0.3932291666666667 0.4164496527777778 0.3914930555555556 0.4055989583333333 0.3932291666666667 0.40234375 0.39554398148148145 0.400390625 0.39814814814814814 0.3995225694444444 0.40422453703703703 0.3980034722222222 0.4085648148148148 0.3980034722222222 0.4201388888888889 0.3990885416666667 0.4253472222222222
5 0.6788194444444444 0.6660879629629629 0.6803385416666666 0.6831597222222222 0.681640625 0.6883680555555556 0.685546875 0.6932870370370371 0.6927083333333334 0.6938657407407407 0.6966145833333334 0.6973379629629629 0.7048611111111112 0.7080439814814815 0.7061631944444444 0.7112268518518519 0.7113715277777778 0.7184606481481481 0.7126736111111112 0.7219328703703703 0.7204861111111112 0.7323495370370371 0.7230902777777778 0.734375 0.7252604166666666 0.7395833333333334 0.7265625 0.7502893518518519 0.7300347222222222 0.7615740740740741 0.7341579861111112 0.7679398148148148 0.7374131944444444 0.7693865740740741 0.7415364583333334 0.7679398148148148 0.75 0.7737268518518519 0.7547743055555556 0.7745949074074074 0.7623697916666666 0.7777777777777778 0.7730034722222222 0.7798032407407407 0.7849392361111112 0.7806712962962963 0.8068576388888888 0.7792245370370371 0.8179253472222222 0.7771990740740741 0.8248697916666666 0.7740162037037037 0.8283420138888888 0.7711226851851852 0.8296440972222222 0.7664930555555556 0.8292100694444444 0.7586805555555556 0.8307291666666666 0.7494212962962963 0.8302951388888888 0.7375578703703703 0.8287760416666666 0.7265625 0.8109809027777778 0.6970486111111112 0.8083767361111112 0.6938657407407407 0.8062065972222222 0.6892361111111112 0.8051215277777778 0.6837384259259259 0.8038194444444444 0.6825810185185185 0.8018663194444444 0.6770833333333334 0.7925347222222222 0.6652199074074074 0.7779947916666666 0.6429398148148148 0.7688802083333334 0.6345486111111112 0.7671440972222222 0.6322337962962963 0.7664930555555556 0.6299189814814815 0.7625868055555556 0.6258680555555556 0.7523871527777778 0.6223958333333334 0.7484809027777778 0.6221064814814815 0.7437065972222222 0.6195023148148148 0.7241753472222222 0.6180555555555556 0.7217881944444444 0.6171875 0.7122395833333334 0.6180555555555556 0.6990017361111112 0.6177662037037037 0.6890190972222222 0.6189236111111112 0.6833767361111112 0.6223958333333334 0.6796875 0.6273148148148148 0.6788194444444444 0.6336805555555556 0.67578125 0.6455439814814815 0.67578125 0.6542245370370371 0.6788194444444444 0.6660879629629629
1 0.4114583333333333 0.33912037037037035 0.4149305555555556 0.3446180555555556 0.4184027777777778 0.3428819444444444 0.4214409722222222 0.33998842592592593 0.4279513888888889 0.33969907407407407 0.4309895833333333 0.3402777777777778 0.4322916666666667 0.3414351851851852 0.4325086805555556 0.34085648148148145 0.4327256944444444 0.33130787037037035 0.4318576388888889 0.32783564814814814 0.4286024305555556 0.3229166666666667 0.4262152777777778 0.3203125 0.4233940972222222 0.31886574074074076 0.4223090277777778 0.31712962962962965 0.4203559027777778 0.31712962962962965 0.4186197916666667 0.3185763888888889 0.4136284722222222 0.3203125 0.4116753472222222 0.3229166666666667 0.4099392361111111 0.3275462962962963 0.41015625 0.3350694444444444 0.4114583333333333 0.33912037037037035
1 0.5946180555555556 0.39699074074074076 0.5974392361111112 0.39872685185185186 0.6063368055555556 0.3990162037037037 0.6102430555555556 0.4001736111111111 0.6271701388888888 0.39814814814814814 0.6293402777777778 0.3961226851851852 0.6328125 0.3894675925925926 0.6358506944444444 0.3871527777777778 0.6373697916666666 0.3836805555555556 0.6380208333333334 0.3660300925925926 0.6369357638888888 0.36429398148148145 0.6343315972222222 0.3628472222222222 0.6195746527777778 0.36342592592592593 0.609375 0.3660300925925926 0.5989583333333334 0.37210648148148145 0.5950520833333334 0.37644675925925924 0.59375 0.3802083333333333 0.5928819444444444 0.38657407407407407 0.5928819444444444 0.39438657407407407 0.5946180555555556 0.39699074074074076
4 0.16319444444444445 0.4010416666666667 0.1640625 0.4039351851851852 0.1697048611111111 0.40914351851851855 0.17643229166666666 0.4131944444444444 0.17881944444444445 0.41724537037037035 0.1857638888888889 0.41695601851851855 0.18880208333333334 0.41377314814814814 0.1935763888888889 0.4117476851851852 0.19618055555555555 0.4053819444444444 0.19791666666666666 0.3978587962962963 0.19661458333333334 0.39033564814814814 0.19075520833333334 0.3828125 0.1859809027777778 0.3793402777777778 0.1792534722222222 0.3776041666666667 0.16514756944444445 0.3802083333333333 0.16297743055555555 0.3822337962962963 0.15755208333333334 0.39033564814814814 0.15755208333333334 0.39467592592592593 0.16319444444444445 0.4010416666666667
1 0 0.9884259259259259 0.0026041666666666665 0.9878472222222222 0.0015190972222222222 0.9849537037037037 0 0.9849537037037037 0 0.9884259259259259
1 0 0.9837962962962963 0.001736111111111111 0.9837962962962963 0.0028211805555555555 0.9811921296296297 0.002387152777777778 0.9736689814814815 0.0015190972222222222 0.9719328703703703 0 0.9719328703703703 0 0.9837962962962963
1 0 0.9693287037037037 0.0015190972222222222 0.9693287037037037 0.0026041666666666665 0.9670138888888888 0.001736111111111111 0.9632523148148148 0.0026041666666666665 0.9615162037037037 0.0030381944444444445 0.9565972222222222 0.0015190972222222222 0.9545717592592593 0 0.9545717592592593 0 0.9693287037037037
3 0 0.6452546296296297 0 0.7910879629629629 0.002170138888888889 0.7910879629629629 0.004991319444444444 0.7881944444444444 0.008463541666666666 0.7870370370370371 0.012369791666666666 0.7876157407407407 0.03298611111111111 0.7861689814814815 0.035807291666666664 0.7876157407407407 0.03993055555555555 0.7873263888888888 0.04709201388888889 0.7826967592592593 0.05099826388888889 0.7763310185185185 0.053385416666666664 0.7664930555555556 0.05099826388888889 0.7445023148148148 0.052300347222222224 0.7416087962962963 0.055338541666666664 0.7381365740740741 0.057074652777777776 0.7311921296296297 0.056206597222222224 0.7274305555555556 0.06076388888888889 0.7216435185185185 0.0627170138888889 0.7155671296296297 0.06293402777777778 0.7132523148148148 0.061197916666666664 0.703125 0.059244791666666664 0.6990740740740741 0.05967881944444445 0.6892361111111112 0.05837673611111111 0.6811342592592593 0.057942708333333336 0.6684027777777778 0.048394097222222224 0.6550925925925926 0.048177083333333336 0.6504629629629629 0.04991319444444445 0.6440972222222222 0.049479166666666664 0.6403356481481481 0.04709201388888889 0.6365740740740741 0.025824652777777776 0.6310763888888888 0.019097222222222224 0.6325231481481481 0.014973958333333334 0.6362847222222222 0.007595486111111111 0.6400462962962963 0.0015190972222222222 0.6452546296296297 0 0.6452546296296297
1 0.3977864583333333 0.3732638888888889 0.3975694444444444 0.3723958333333333 0.3971354166666667 0.3732638888888889 0.3977864583333333 0.3732638888888889
1 0.380859375 0.3767361111111111 0.3836805555555556 0.3810763888888889 0.3888888888888889 0.37528935185185186 0.3897569444444444 0.3732638888888889 0.3893229166666667 0.3695023148148148 0.3904079861111111 0.3660300925925926 0.3949652777777778 0.36574074074074076 0.3977864583333333 0.3677662037037037 0.400390625 0.3654513888888889 0.4045138888888889 0.36574074074074076 0.4077690972222222 0.3695023148148148 0.4114583333333333 0.3683449074074074 0.4123263888888889 0.3663194444444444 0.4088541666666667 0.3559027777777778 0.4069010416666667 0.35474537037037035 0.4012586805555556 0.34837962962962965 0.3975694444444444 0.34751157407407407 0.3899739583333333 0.3489583333333333 0.3825954861111111 0.3559027777777778 0.3806423611111111 0.3619791666666667 0.3802083333333333 0.3741319444444444 0.380859375 0.3767361111111111
1 0 0.6495949074074074 0.0015190972222222222 0.6495949074074074 0.002387152777777778 0.6478587962962963 0.001736111111111111 0.6472800925925926 0 0.6472800925925926 0 0.6495949074074074
3 0.11588541666666667 0.6996527777777778 0.1171875 0.7022569444444444 0.1171875 0.7068865740740741 0.11783854166666667 0.7089120370370371 0.11783854166666667 0.7300347222222222 0.119140625 0.7523148148148148 0.12065972222222222 0.7621527777777778 0.12239583333333333 0.7644675925925926 0.1273871527777778 0.7647569444444444 0.13346354166666666 0.7633101851851852 0.1349826388888889 0.7612847222222222 0.1362847222222222 0.7549189814814815 0.1371527777777778 0.7534722222222222 0.1440972222222222 0.7537615740740741 0.1462673611111111 0.7554976851851852 0.15125868055555555 0.7554976851851852 0.15733506944444445 0.7534722222222222 0.16145833333333334 0.7546296296296297 0.16319444444444445 0.7537615740740741 0.1657986111111111 0.7491319444444444 0.1714409722222222 0.7468171296296297 0.18250868055555555 0.7476851851851852 0.1840277777777778 0.7505787037037037 0.18489583333333334 0.7554976851851852 0.18663194444444445 0.7566550925925926 0.1994357638888889 0.7563657407407407 0.2007378472222222 0.7554976851851852 0.20182291666666666 0.7531828703703703 0.2035590277777778 0.7453703703703703 0.2033420138888889 0.7265625 0.2016059027777778 0.7184606481481481 0.19986979166666666 0.7146990740740741 0.19856770833333334 0.7138310185185185 0.1976996527777778 0.7112268518518519 0.2013888888888889 0.6929976851851852 0.20203993055555555 0.6863425925925926 0.2013888888888889 0.6727430555555556 0.1990017361111111 0.6516203703703703 0.1994357638888889 0.6429398148148148 0.1931423611111111 0.6255787037037037 0.1916232638888889 0.6163194444444444 0.1877170138888889 0.6119791666666666 0.1820746527777778 0.6108217592592593 0.17881944444444445 0.6076388888888888 0.1753472222222222 0.6061921296296297 0.16861979166666666 0.6073495370370371 0.16471354166666666 0.6090856481481481 0.16319444444444445 0.6128472222222222 0.1564670138888889 0.6206597222222222 0.150390625 0.625 0.1443142361111111 0.6310763888888888 0.12999131944444445 0.6510416666666666 0.1273871527777778 0.6568287037037037 0.12065972222222222 0.6649305555555556 0.11957465277777778 0.6681134259259259 0.12000868055555555 0.6721643518518519 0.1169704861111111 0.6756365740740741 0.11414930555555555 0.6857638888888888 0.11393229166666667 0.6892361111111112 0.11588541666666667 0.6996527777777778
1 0.447265625 0.4429976851851852 0.4483506944444444 0.4441550925925926 0.4596354166666667 0.44675925925925924 0.4709201388888889 0.4464699074074074 0.4791666666666667 0.44820601851851855 0.4811197916666667 0.44820601851851855 0.4826388888888889 0.4461805555555556 0.4839409722222222 0.4398148148148148 0.4837239583333333 0.4224537037037037 0.4815538194444444 0.41377314814814814 0.4782986111111111 0.4071180555555556 0.4774305555555556 0.40248842592592593 0.4750434027777778 0.39988425925925924 0.4733072916666667 0.3993055555555556 0.466796875 0.40046296296296297 0.4592013888888889 0.3984375 0.4542100694444444 0.3984375 0.451171875 0.4010416666666667 0.4485677083333333 0.4056712962962963 0.4459635416666667 0.4140625 0.4459635416666667 0.43778935185185186 0.447265625 0.4429976851851852
1 0.2107204861111111 0.5138888888888888 0.21766493055555555 0.5147569444444444 0.2269965277777778 0.5124421296296297 0.23111979166666666 0.5101273148148148 0.2378472222222222 0.5101273148148148 0.240234375 0.5118634259259259 0.2497829861111111 0.5153356481481481 0.2552083333333333 0.5199652777777778 0.2588975694444444 0.5205439814814815 0.2621527777777778 0.5225694444444444 0.2643229166666667 0.5179398148148148 0.2643229166666667 0.5057870370370371 0.2625868055555556 0.48813657407407407 0.2621527777777778 0.4722222222222222 0.2610677083333333 0.4670138888888889 0.2588975694444444 0.46469907407407407 0.2510850694444444 0.4652777777777778 0.244140625 0.46412037037037035 0.23046875 0.4661458333333333 0.2204861111111111 0.4704861111111111 0.212890625 0.4832175925925926 0.21158854166666666 0.49247685185185186 0.2085503472222222 0.5014467592592593 0.2087673611111111 0.5118634259259259 0.2107204861111111 0.5138888888888888
1 0.4151475694444444 0.49797453703703703 0.41796875 0.5031828703703703 0.4251302083333333 0.5063657407407407 0.4574652777777778 0.5060763888888888 0.4635416666666667 0.5107060185185185 0.4676649305555556 0.5107060185185185 0.4689670138888889 0.5069444444444444 0.4702690972222222 0.49537037037037035 0.4698350694444444 0.4774305555555556 0.4646267361111111 0.4693287037037037 0.4631076388888889 0.46383101851851855 0.4631076388888889 0.45949074074074076 0.4620225694444444 0.4554398148148148 0.4574652777777778 0.4479166666666667 0.4529079861111111 0.4464699074074074 0.4427083333333333 0.4464699074074074 0.4396701388888889 0.4453125 0.4253472222222222 0.4470486111111111 0.421875 0.4496527777777778 0.4201388888888889 0.4522569444444444 0.4149305555555556 0.4557291666666667 0.4140625 0.46238425925925924 0.4140625 0.49074074074074076 0.4151475694444444 0.49797453703703703
1 0.4253472222222222 0.3666087962962963 0.4281684027777778 0.3654513888888889 0.4329427083333333 0.3660300925925926 0.4351128472222222 0.36516203703703703 0.4442274305555556 0.36516203703703703 0.4463975694444444 0.3660300925925926 0.4479166666666667 0.36429398148148145 0.4476996527777778 0.3616898148148148 0.4461805555555556 0.3587962962962963 0.4422743055555556 0.3541666666666667 0.4392361111111111 0.3524305555555556 0.4357638888888889 0.34577546296296297 0.4338107638888889 0.35011574074074076 0.4288194444444444 0.3532986111111111 0.4273003472222222 0.35532407407407407 0.4244791666666667 0.36140046296296297 0.4244791666666667 0.3648726851851852 0.4253472222222222 0.3666087962962963
1 0.3825954861111111 0.40162037037037035 0.3836805555555556 0.4079861111111111 0.3845486111111111 0.40914351851851855 0.3882378472222222 0.41030092592592593 0.3940972222222222 0.4105902777777778 0.3973524305555556 0.4074074074074074 0.3995225694444444 0.3984375 0.4021267361111111 0.39438657407407407 0.4060329861111111 0.39207175925925924 0.4127604166666667 0.39091435185185186 0.4162326388888889 0.3883101851851852 0.4164496527777778 0.37991898148148145 0.4149305555555556 0.3767361111111111 0.4090711805555556 0.3741319444444444 0.3901909722222222 0.3755787037037037 0.3856336805555556 0.37991898148148145 0.3832465277777778 0.3900462962962963 0.3834635416666667 0.3961226851851852 0.3825954861111111 0.40162037037037035
1 0.3845486111111111 0.37876157407407407 0.3860677083333333 0.3804976851851852 0.3873697916666667 0.3804976851851852 0.3884548611111111 0.3784722222222222 0.3901909722222222 0.3773148148148148 0.3934461805555556 0.37644675925925924 0.4140625 0.3773148148148148 0.4155815972222222 0.3767361111111111 0.4155815972222222 0.3723958333333333 0.4136284722222222 0.3663194444444444 0.4079861111111111 0.3585069444444444 0.404296875 0.3585069444444444 0.3977864583333333 0.35648148148148145 0.390625 0.3567708333333333 0.3856336805555556 0.3663194444444444 0.3843315972222222 0.3773148148148148 0.3845486111111111 0.37876157407407407
1 0.591796875 0.4458912037037037 0.5961371527777778 0.4476273148148148 0.6022135416666666 0.45167824074074076 0.6139322916666666 0.45601851851851855 0.6174045138888888 0.45630787037037035 0.6234809027777778 0.4537037037037037 0.6265190972222222 0.45109953703703703 0.6408420138888888 0.4496527777777778 0.6436631944444444 0.44820601851851855 0.6451822916666666 0.4458912037037037 0.6462673611111112 0.44039351851851855 0.6462673611111112 0.4357638888888889 0.6493055555555556 0.42679398148148145 0.6540798611111112 0.42332175925925924 0.6603732638888888 0.4224537037037037 0.6627604166666666 0.42332175925925924 0.6644965277777778 0.42650462962962965 0.6651475694444444 0.4314236111111111 0.6649305555555556 0.4392361111111111 0.6666666666666666 0.4458912037037037 0.6684027777777778 0.4476273148148148 0.6716579861111112 0.44820601851851855 0.6759982638888888 0.44502314814814814 0.6799045138888888 0.4357638888888889 0.6818576388888888 0.4288194444444444 0.6822916666666666 0.41811342592592593 0.6807725694444444 0.4140625 0.6788194444444444 0.41261574074074076 0.6664496527777778 0.4105902777777778 0.6590711805555556 0.40625 0.6545138888888888 0.40480324074074076 0.6451822916666666 0.4045138888888889 0.6365017361111112 0.4056712962962963 0.6299913194444444 0.4074074074074074 0.623046875 0.41116898148148145 0.6184895833333334 0.4140625 0.6130642361111112 0.41984953703703703 0.5993923611111112 0.4244791666666667 0.5946180555555556 0.4288194444444444 0.591796875 0.43287037037037035 0.5907118055555556 0.4363425925925926 0.5902777777777778 0.4429976851851852 0.591796875 0.4458912037037037
1 0.443359375 0.3394097222222222 0.4453125 0.34780092592592593 0.4461805555555556 0.34953703703703703 0.44921875 0.34751157407407407 0.4533420138888889 0.34837962962962965 0.4572482638888889 0.3425925925925926 0.4576822916666667 0.33998842592592593 0.4572482638888889 0.3347800925925926 0.4552951388888889 0.3287037037037037 0.4533420138888889 0.32523148148148145 0.4503038194444444 0.3229166666666667 0.4461805555555556 0.3226273148148148 0.4450954861111111 0.3246527777777778 0.443359375 0.3333333333333333 0.443359375 0.3394097222222222
1 0.0915798611111111 0.5685763888888888 0.09657118055555555 0.5688657407407407 0.11046006944444445 0.5674189814814815 0.11631944444444445 0.5688657407407407 0.12369791666666667 0.5685763888888888 0.1325954861111111 0.5700231481481481 0.1365017361111111 0.5717592592592593 0.1404079861111111 0.5714699074074074 0.14388020833333334 0.5697337962962963 0.150390625 0.5685763888888888 0.15494791666666666 0.5697337962962963 0.15711805555555555 0.5682870370370371 0.1584201388888889 0.5653935185185185 0.15950520833333334 0.5538194444444444 0.16276041666666666 0.5509259259259259 0.16796875 0.5439814814814815 0.171875 0.5413773148148148 0.17513020833333334 0.5419560185185185 0.1759982638888889 0.5393518518518519 0.17664930555555555 0.5300925925925926 0.1759982638888889 0.5150462962962963 0.1740451388888889 0.5089699074074074 0.17122395833333334 0.5049189814814815 0.16883680555555555 0.5034722222222222 0.16471354166666666 0.5031828703703703 0.1545138888888889 0.49594907407407407 0.14756944444444445 0.49537037037037035 0.126953125 0.49710648148148145 0.11480034722222222 0.5011574074074074 0.1091579861111111 0.5049189814814815 0.10503472222222222 0.5115740740740741 0.09895833333333333 0.5234375 0.09657118055555555 0.5315393518518519 0.09375 0.5358796296296297 0.09049479166666667 0.5445601851851852 0.087890625 0.546875 0.08745659722222222 0.5489004629629629 0.0876736111111111 0.5639467592592593 0.0915798611111111 0.5685763888888888
1 0.4947916666666667 0.42997685185185186 0.5160590277777778 0.43258101851851855 0.5210503472222222 0.4166666666666667 0.5234375 0.4131944444444444 0.5290798611111112 0.4097222222222222 0.5425347222222222 0.40914351851851855 0.5470920138888888 0.4045138888888889 0.5477430555555556 0.40162037037037035 0.5477430555555556 0.39380787037037035 0.5470920138888888 0.3900462962962963 0.5460069444444444 0.3883101851851852 0.5451388888888888 0.3836805555555556 0.5434027777777778 0.38078703703703703 0.5412326388888888 0.37962962962962965 0.5301649305555556 0.37818287037037035 0.515625 0.37962962962962965 0.5101996527777778 0.3828125 0.5036892361111112 0.39033564814814814 0.5030381944444444 0.3940972222222222 0.5 0.3984375 0.4993489583333333 0.40162037037037035 0.494140625 0.4088541666666667 0.4937065972222222 0.41087962962962965 0.4932725694444444 0.42505787037037035 0.4947916666666667 0.42997685185185186
1 0.14756944444444445 0.4930555555555556 0.150390625 0.49537037037037035 0.15690104166666666 0.49710648148148145 0.16124131944444445 0.5002893518518519 0.1716579861111111 0.5002893518518519 0.17708333333333334 0.4988425925925926 0.1929253472222222 0.49855324074074076 0.19661458333333334 0.4976851851851852 0.1994357638888889 0.49623842592592593 0.20203993055555555 0.4895833333333333 0.20399305555555555 0.4866898148148148 0.2068142361111111 0.4835069444444444 0.21006944444444445 0.4820601851851852 0.21354166666666666 0.4774305555555556 0.21375868055555555 0.4759837962962963 0.21354166666666666 0.4609375 0.20985243055555555 0.4479166666666667 0.20008680555555555 0.4386574074074074 0.19270833333333334 0.43547453703703703 0.1792534722222222 0.4375 0.1736111111111111 0.4375 0.16015625 0.44241898148148145 0.1577690972222222 0.4444444444444444 0.14930555555555555 0.45688657407407407 0.1482204861111111 0.4597800925925926 0.14713541666666666 0.4670138888888889 0.1460503472222222 0.4774305555555556 0.14756944444444445 0.4930555555555556
1 0.2515190972222222 0.4085648148148148 0.2536892361111111 0.4079861111111111 0.2528211805555556 0.4071180555555556 0.2513020833333333 0.4074074074074074 0.2508680555555556 0.4079861111111111 0.2515190972222222 0.4085648148148148
1 0.2556423611111111 0.40480324074074076 0.2549913194444444 0.4045138888888889 0.2552083333333333 0.4056712962962963 0.2556423611111111 0.40480324074074076
1 0.8174913194444444 0.8527199074074074 0.8190104166666666 0.8553240740740741 0.8213975694444444 0.8628472222222222 0.8226996527777778 0.8645833333333334 0.8248697916666666 0.8721064814814815 0.8250868055555556 0.8940972222222222 0.8266059027777778 0.8978587962962963 0.8272569444444444 0.9048032407407407 0.8296440972222222 0.9120370370370371 0.833984375 0.9212962962962963 0.837890625 0.9256365740740741 0.8422309027777778 0.9285300925925926 0.8459201388888888 0.9291087962962963 0.8524305555555556 0.9239004629629629 0.8559027777777778 0.9273726851851852 0.8639322916666666 0.9375 0.8728298611111112 0.9508101851851852 0.8745659722222222 0.9522569444444444 0.8817274305555556 0.9638310185185185 0.8873697916666666 0.9713541666666666 0.8899739583333334 0.9768518518518519 0.8940972222222222 0.9809027777777778 0.8962673611111112 0.9855324074074074 0.8988715277777778 0.9890046296296297 0.9001736111111112 0.9936342592592593 0.9016927083333334 0.9953703703703703 0.9058159722222222 0.9971064814814815 0.9073350694444444 0.9985532407407407 0.9073350694444444 0.9997106481481481 0.9383680555555556 0.9997106481481481 0.9388020833333334 0.9979745370370371 0.9411892361111112 0.9982638888888888 0.94140625 0.9997106481481481 0.9435763888888888 0.9997106481481481 0.9440104166666666 0.9979745370370371 0.9457465277777778 0.9976851851851852 0.9487847222222222 0.9979745370370371 0.94921875 0.9997106481481481 0.9782986111111112 0.9997106481481481 0.9789496527777778 0.9979745370370371 0.9852430555555556 0.9979745370370371 0.9874131944444444 0.9968171296296297 0.9952256944444444 0.9959490740740741 0.9971788194444444 0.9950810185185185 0.998046875 0.9930555555555556 0.9997829861111112 0.9927662037037037 0.9997829861111112 0.8723958333333334 0.998046875 0.8721064814814815 0.9963107638888888 0.8692129629629629 0.984375 0.8576388888888888 0.9752604166666666 0.8457754629629629 0.9665798611111112 0.8391203703703703 0.9592013888888888 0.8307291666666666 0.9490017361111112 0.8237847222222222 0.9416232638888888 0.8171296296296297 0.9220920138888888 0.8107638888888888 0.9155815972222222 0.8104745370370371 0.9008246527777778 0.8020833333333334 0.8873697916666666 0.7965856481481481 0.8763020833333334 0.7942708333333334 0.8626302083333334 0.7931134259259259 0.853515625 0.7942708333333334 0.83984375 0.7994791666666666 0.8292100694444444 0.8087384259259259 0.8268229166666666 0.8119212962962963 0.8240017361111112 0.8139467592592593 0.8216145833333334 0.8177083333333334 0.8203125 0.8240740740740741 0.8174913194444444 0.8307291666666666 0.8159722222222222 0.8382523148148148 0.8157552083333334 0.8446180555555556 0.8174913194444444 0.8527199074074074
1 0.4273003472222222 0.3912037037037037 0.4325086805555556 0.3978587962962963 0.4359809027777778 0.3995949074074074 0.4379340277777778 0.3972800925925926 0.4398871527777778 0.3914930555555556 0.4405381944444444 0.3836805555555556 0.4442274305555556 0.3793402777777778 0.4476996527777778 0.37789351851851855 0.4505208333333333 0.37528935185185186 0.4509548611111111 0.37297453703703703 0.4503038194444444 0.3697916666666667 0.4461805555555556 0.36400462962962965 0.4348958333333333 0.36400462962962965 0.4253472222222222 0.3671875 0.423828125 0.3773148148148148 0.4273003472222222 0.3912037037037037
1 0.5186631944444444 0.4496527777777778 0.5225694444444444 0.4586226851851852 0.5260416666666666 0.46238425925925924 0.5366753472222222 0.46469907407407407 0.5414496527777778 0.46122685185185186 0.5451388888888888 0.4539930555555556 0.5457899305555556 0.44994212962962965 0.5453559027777778 0.4458912037037037 0.5466579861111112 0.4418402777777778 0.5481770833333334 0.44328703703703703 0.5486111111111112 0.4525462962962963 0.5501302083333334 0.4548611111111111 0.5538194444444444 0.4548611111111111 0.5553385416666666 0.45283564814814814 0.5592447916666666 0.4508101851851852 0.5611979166666666 0.44502314814814814 0.5627170138888888 0.4429976851851852 0.5627170138888888 0.43894675925925924 0.5611979166666666 0.4291087962962963 0.5583767361111112 0.42332175925925924 0.5572916666666666 0.4192708333333333 0.5540364583333334 0.4140625 0.5514322916666666 0.4114583333333333 0.5483940972222222 0.41030092592592593 0.5466579861111112 0.4085648148148148 0.5401475694444444 0.4105902777777778 0.5262586805555556 0.41087962962962965 0.5223524305555556 0.4149305555555556 0.5208333333333334 0.4195601851851852 0.5190972222222222 0.421875 0.5184461805555556 0.4253472222222222 0.517578125 0.43431712962962965 0.5186631944444444 0.4496527777777778
1 0.4038628472222222 0.3287037037037037 0.4079861111111111 0.3353587962962963 0.4116753472222222 0.33622685185185186 0.4118923611111111 0.3304398148148148 0.4131944444444444 0.3246527777777778 0.4151475694444444 0.32233796296296297 0.41796875 0.32002314814814814 0.4220920138888889 0.32060185185185186 0.4220920138888889 0.31741898148148145 0.4207899305555556 0.31626157407407407 0.4186197916666667 0.31105324074074076 0.4149305555555556 0.30671296296296297 0.4114583333333333 0.3058449074074074 0.40234375 0.30960648148148145 0.400390625 0.3125 0.400390625 0.32002314814814814 0.4038628472222222 0.3287037037037037
1 0.19032118055555555 0.3822337962962963 0.19618055555555555 0.3900462962962963 0.19856770833333334 0.39091435185185186 0.2092013888888889 0.39091435185185186 0.2105034722222222 0.3888888888888889 0.2124565972222222 0.38078703703703703 0.2107204861111111 0.3732638888888889 0.2105034722222222 0.36342592592592593 0.2065972222222222 0.3515625 0.1996527777777778 0.3524305555555556 0.1935763888888889 0.35648148148148145 0.1892361111111111 0.35648148148148145 0.18815104166666666 0.3576388888888889 0.1831597222222222 0.359375 0.1812065972222222 0.3616898148148148 0.1801215277777778 0.3683449074074074 0.17838541666666666 0.3723958333333333 0.17903645833333334 0.3767361111111111 0.19032118055555555 0.3822337962962963
8 0.5907122395833333 0.5329861111111112 0.5909292534722221 0.5373263888888888 0.5928823784722221 0.5465856481481481 0.5954865451388889 0.5535300925925926 0.5965716145833333 0.5610532407407407 0.6002608506944443 0.5642361111111112 0.6032990451388889 0.5645254629629629 0.6048181423611111 0.5659722222222222 0.6130646701388889 0.5789930555555556 0.6152348090277777 0.5804398148148148 0.6191410590277777 0.5859375 0.6226132812499999 0.5949074074074074 0.6236983506944443 0.6024305555555556 0.6276046006944443 0.6070601851851852 0.6497400173611111 0.6079282407407407 0.6521271701388889 0.6087962962962963 0.6655820312499999 0.6096643518518519 0.6790368923611111 0.6090856481481481 0.6896705729166667 0.6070601851851852 0.6937938368055555 0.6044560185185185 0.6953129340277777 0.6024305555555556 0.6972660590277777 0.5960648148148148 0.6972660590277777 0.5821759259259259 0.6955299479166667 0.5642361111111112 0.6940108506944443 0.5561342592592593 0.6861983506944443 0.5419560185185185 0.6799049479166667 0.5254629629629629 0.6781688368055555 0.5237268518518519 0.6751306423611111 0.515625 0.6601566840277777 0.4973958333333333 0.6534292534722221 0.4927662037037037 0.6486549479166667 0.4869791666666667 0.6419275173611111 0.48292824074074076 0.6375872395833333 0.4826388888888889 0.6349830729166667 0.4809027777777778 0.6232643229166667 0.48234953703703703 0.6178389756944443 0.47974537037037035 0.6069882812499999 0.4791666666666667 0.6026480034722221 0.48148148148148145 0.5991757812499999 0.48640046296296297 0.5967886284722221 0.4916087962962963 0.5952695312499999 0.5017361111111112 0.5926653645833333 0.5086805555555556 0.5928823784722221 0.5162037037037037 0.5907122395833333 0.5329861111111112
1 0.4403211805555556 0.39091435185185186 0.4390190972222222 0.39380787037037035 0.4379340277777778 0.40219907407407407 0.4390190972222222 0.40827546296296297 0.4427083333333333 0.4152199074074074 0.4461805555555556 0.4157986111111111 0.4505208333333333 0.40596064814814814 0.4535590277777778 0.4019097222222222 0.4618055555555556 0.4007523148148148 0.4739583333333333 0.40422453703703703 0.4752604166666667 0.4039351851851852 0.4767795138888889 0.4019097222222222 0.4767795138888889 0.3972800925925926 0.4739583333333333 0.38425925925925924 0.4709201388888889 0.37991898148148145 0.4672309027777778 0.3776041666666667 0.4602864583333333 0.37471064814814814 0.4507378472222222 0.37471064814814814 0.4442274305555556 0.37876157407407407 0.4427083333333333 0.3810763888888889 0.439453125 0.3836805555555556 0.4403211805555556 0.38599537037037035 0.4403211805555556 0.39091435185185186
1 0.4561631944444444 0.3599537037037037 0.4598524305555556 0.3637152777777778 0.4635416666666667 0.35619212962962965 0.4670138888888889 0.35648148148148145 0.4683159722222222 0.3527199074074074 0.4713541666666667 0.3492476851851852 0.4709201388888889 0.34577546296296297 0.4691840277777778 0.3420138888888889 0.4674479166666667 0.33998842592592593 0.4637586805555556 0.33796296296296297 0.4594184027777778 0.3385416666666667 0.4548611111111111 0.3460648148148148 0.4546440972222222 0.35185185185185186 0.4561631944444444 0.3599537037037037
1 0.5546875 0.48726851851851855 0.5570746527777778 0.4898726851851852 0.5607638888888888 0.4910300925925926 0.5646701388888888 0.4945023148148148 0.5703125 0.5028935185185185 0.5726996527777778 0.5049189814814815 0.576171875 0.5153356481481481 0.5779079861111112 0.5176504629629629 0.5811631944444444 0.5188078703703703 0.5855034722222222 0.5173611111111112 0.5889756944444444 0.5173611111111112 0.5911458333333334 0.5159143518518519 0.5944010416666666 0.4973958333333333 0.5967881944444444 0.4895833333333333 0.6013454861111112 0.48119212962962965 0.6148003472222222 0.4777199074074074 0.6163194444444444 0.4759837962962963 0.6200086805555556 0.4742476851851852 0.6197916666666666 0.47280092592592593 0.6171875 0.47193287037037035 0.6139322916666666 0.4693287037037037 0.6078559027777778 0.4583333333333333 0.6022135416666666 0.453125 0.5974392361111112 0.45109953703703703 0.5961371527777778 0.4496527777777778 0.5915798611111112 0.44849537037037035 0.5885416666666666 0.4461805555555556 0.5857204861111112 0.4453125 0.5798611111111112 0.4458912037037037 0.576171875 0.4441550925925926 0.5746527777777778 0.44212962962962965 0.5720486111111112 0.4418402777777778 0.5674913194444444 0.4427083333333333 0.5668402777777778 0.4458912037037037 0.5646701388888888 0.44907407407407407 0.560546875 0.45023148148148145 0.556640625 0.4542824074074074 0.5546875 0.4626736111111111 0.5538194444444444 0.47077546296296297 0.5538194444444444 0.4852430555555556 0.5546875 0.48726851851851855
1 0.008897569444444444 0.8596643518518519 0.0078125 0.8608217592592593 0.007378472222222222 0.8628472222222222 0.002387152777777778 0.8718171296296297 0.0015190972222222222 0.8729745370370371 0 0.8729745370370371 0 0.9924768518518519 0.002170138888888889 0.9927662037037037 0.003472222222222222 0.9953703703703703 0.004991319444444444 0.9962384259259259 0.022786458333333332 0.9959490740740741 0.025824652777777776 0.9976851851851852 0.030164930555555556 0.9968171296296297 0.032552083333333336 0.9979745370370371 0.037760416666666664 0.9979745370370371 0.03819444444444445 0.9997106481481481 0.041449652777777776 0.9997106481481481 0.041449652777777776 0.9985532407407407 0.042534722222222224 0.9976851851851852 0.055121527777777776 0.9976851851851852 0.057291666666666664 0.9968171296296297 0.05967881944444445 0.9979745370370371 0.059895833333333336 0.9997106481481481 0.1130642361111111 0.9997106481481481 0.1130642361111111 0.9982638888888888 0.1154513888888889 0.9945023148148148 0.11566840277777778 0.9913194444444444 0.1193576388888889 0.9872685185185185 0.12174479166666667 0.9820601851851852 0.12456597222222222 0.9704861111111112 0.1271701388888889 0.9629629629629629 0.1306423611111111 0.9476273148148148 0.13172743055555555 0.9461805555555556 0.13606770833333334 0.9322916666666666 0.1408420138888889 0.9224537037037037 0.1501736111111111 0.8929398148148148 0.15321180555555555 0.8865740740740741 0.1599392361111111 0.8807870370370371 0.1623263888888889 0.8747106481481481 0.1638454861111111 0.8628472222222222 0.16297743055555555 0.8530092592592593 0.16319444444444445 0.8200231481481481 0.1623263888888889 0.8151041666666666 0.1603732638888889 0.8110532407407407 0.1558159722222222 0.8078703703703703 0.15104166666666666 0.8017939814814815 0.1469184027777778 0.7994791666666666 0.12348090277777778 0.7977430555555556 0.09114583333333333 0.8017939814814815 0.06163194444444445 0.8125 0.04861111111111111 0.8223379629629629 0.04014756944444445 0.8327546296296297 0.021484375 0.8408564814814815 0.011067708333333334 0.8515625 0.009331597222222222 0.8561921296296297 0.008897569444444444 0.8596643518518519
2 0.1015625 0.41550925925925924 0.10590277777777778 0.4163773148148148 0.1115451388888889 0.4149305555555556 0.11176215277777778 0.4114583333333333 0.11002604166666667 0.40596064814814814 0.10611979166666667 0.39814814814814814 0.10243055555555555 0.3995949074074074 0.10112847222222222 0.4045138888888889 0.10091145833333333 0.41203703703703703 0.1015625 0.41550925925925924
2 0.384765625 0.45283564814814814 0.3871527777777778 0.45601851851851855 0.3882378472222222 0.45601851851851855 0.3904079861111111 0.45341435185185186 0.3904079861111111 0.4444444444444444 0.3919270833333333 0.44155092592592593 0.3940972222222222 0.44039351851851855 0.3962673611111111 0.44241898148148145 0.3975694444444444 0.44994212962962965 0.3988715277777778 0.44675925925925924 0.3990885416666667 0.4270833333333333 0.3969184027777778 0.4175347222222222 0.3940972222222222 0.4140625 0.38671875 0.4152199074074074 0.3856336805555556 0.4184027777777778 0.3845486111111111 0.4285300925925926 0.3841145833333333 0.44936342592592593 0.384765625 0.45283564814814814
2 0.6059027777777778 0.4195601851851852 0.607421875 0.4207175925925926 0.6095920138888888 0.42158564814814814 0.6134982638888888 0.4201388888888889 0.6163194444444444 0.41782407407407407 0.6176215277777778 0.4149305555555556 0.6178385416666666 0.41116898148148145 0.6158854166666666 0.40046296296296297 0.6141493055555556 0.39814814814814814 0.6124131944444444 0.3978587962962963 0.609375 0.3995949074074074 0.6052517361111112 0.4079861111111111 0.6046006944444444 0.4157986111111111 0.6059027777777778 0.4195601851851852
2 0.02734375 0.7063078703703703 0.028862847222222224 0.7103587962962963 0.032552083333333336 0.7120949074074074 0.03927951388888889 0.7112268518518519 0.044487847222222224 0.7051504629629629 0.046440972222222224 0.7039930555555556 0.05056423611111111 0.7039930555555556 0.05186631944444445 0.7048611111111112 0.052734375 0.7089120370370371 0.05381944444444445 0.7106481481481481 0.057291666666666664 0.7094907407407407 0.06076388888888889 0.7063078703703703 0.061197916666666664 0.7045717592592593 0.06076388888888889 0.6999421296296297 0.05750868055555555 0.6967592592592593 0.048177083333333336 0.6932870370370371 0.04578993055555555 0.6889467592592593 0.04513888888888889 0.6843171296296297 0.04014756944444445 0.6776620370370371 0.036458333333333336 0.6779513888888888 0.031901041666666664 0.6822916666666666 0.029296875 0.6875 0.02734375 0.6953125 0.026475694444444444 0.6993634259259259 0.02734375 0.7063078703703703
5 0.416015625 0.3648726851851852 0.41796875 0.36689814814814814 0.4220920138888889 0.3683449074074074 0.4236111111111111 0.36255787037037035 0.4270833333333333 0.3567708333333333 0.4305555555555556 0.35358796296296297 0.4353298611111111 0.35185185185185186 0.4364149305555556 0.34837962962962965 0.4357638888888889 0.34577546296296297 0.4322916666666667 0.33969907407407407 0.4288194444444444 0.3385416666666667 0.4214409722222222 0.33912037037037035 0.41796875 0.3411458333333333 0.4157986111111111 0.3454861111111111 0.4147135416666667 0.35127314814814814 0.4147135416666667 0.35966435185185186 0.416015625 0.3648726851851852
5 0.031032986111111112 0.6307870370370371 0.04578993055555555 0.6345486111111112 0.04904513888888889 0.6368634259259259 0.051215277777777776 0.640625 0.05164930555555555 0.6429398148148148 0.05164930555555555 0.6443865740740741 0.050130208333333336 0.6472800925925926 0.050347222222222224 0.6539351851851852 0.052734375 0.6585648148148148 0.05881076388888889 0.6655092592592593 0.061197916666666664 0.6695601851851852 0.08485243055555555 0.6695601851851852 0.0939670138888889 0.6669560185185185 0.10221354166666667 0.6631944444444444 0.10546875 0.6657986111111112 0.1095920138888889 0.6660879629629629 0.11197916666666667 0.6611689814814815 0.11241319444444445 0.6504629629629629 0.1130642361111111 0.6446759259259259 0.11393229166666667 0.6426504629629629 0.1306423611111111 0.6180555555555556 0.13780381944444445 0.6122685185185185 0.1388888888888889 0.6079282407407407 0.13953993055555555 0.5992476851851852 0.1388888888888889 0.5830439814814815 0.1371527777777778 0.5752314814814815 0.13541666666666666 0.5729166666666666 0.1273871527777778 0.5703125 0.12217881944444445 0.5700231481481481 0.11957465277777778 0.5708912037037037 0.1115451388888889 0.5691550925925926 0.08745659722222222 0.5691550925925926 0.07769097222222222 0.5700231481481481 0.06336805555555555 0.5729166666666666 0.05772569444444445 0.5749421296296297 0.054036458333333336 0.5787037037037037 0.05056423611111111 0.5807291666666666 0.046875 0.5847800925925926 0.0390625 0.5975115740740741 0.03125 0.6145833333333334 0.027126736111111112 0.6267361111111112 0.031032986111111112 0.6307870370370371
5 0.19249131944444445 0.43344907407407407 0.203125 0.4398148148148148 0.2185329861111111 0.4383680555555556 0.23111979166666666 0.43952546296296297 0.2345920138888889 0.4369212962962963 0.23763020833333334 0.43258101851851855 0.2398003472222222 0.41898148148148145 0.23936631944444445 0.41087962962962965 0.23741319444444445 0.4056712962962963 0.2289496527777778 0.3978587962962963 0.2202690972222222 0.3958333333333333 0.2126736111111111 0.3958333333333333 0.2029079861111111 0.40046296296296297 0.19921875 0.4050925925925926 0.1931423611111111 0.421875 0.19227430555555555 0.42679398148148145 0.1918402777777778 0.43258101851851855 0.19249131944444445 0.43344907407407407
0 0.20811631944444445 0.33969907407407407 0.208984375 0.35561342592592593 0.21158854166666666 0.3654513888888889 0.21180555555555555 0.3741319444444444 0.212890625 0.37789351851851855 0.21549479166666666 0.3828125 0.21809895833333334 0.39351851851851855 0.220703125 0.3949652777777778 0.22743055555555555 0.39554398148148145 0.2309027777777778 0.39699074074074076 0.2378472222222222 0.3967013888888889 0.24110243055555555 0.3978587962962963 0.2515190972222222 0.39814814814814814 0.2536892361111111 0.3990162037037037 0.2562934027777778 0.39814814814814814 0.2571614583333333 0.39525462962962965 0.2575954861111111 0.3732638888888889 0.2567274305555556 0.3660300925925926 0.2567274305555556 0.3585069444444444 0.2554253472222222 0.3509837962962963 0.2532552083333333 0.3070023148148148 0.2517361111111111 0.3055555555555556 0.2495659722222222 0.3052662037037037 0.23719618055555555 0.30671296296296297 0.2302517361111111 0.3098958333333333 0.2211371527777778 0.31568287037037035 0.2165798611111111 0.31712962962962965 0.2109375 0.3203125 0.2087673611111111 0.3229166666666667 0.20811631944444445 0.3246527777777778 0.20811631944444445 0.33969907407407407
3 0.54296875 0.3576388888888889 0.5464409722222222 0.36226851851851855 0.5503472222222222 0.36255787037037035 0.5514322916666666 0.3599537037037037 0.5533854166666666 0.3492476851851852 0.5529513888888888 0.3454861111111111 0.5490451388888888 0.3411458333333333 0.546875 0.3402777777777778 0.5436197916666666 0.3428819444444444 0.5418836805555556 0.34866898148148145 0.5416666666666666 0.35300925925925924 0.54296875 0.3576388888888889