8 0.18146929824561403 0.6681286549707601 0.1888706140350877 0.6692251461988304 0.18996710526315788 0.6714181286549707 0.18969298245614036 0.6926169590643275 0.19133771929824558 0.7167397660818713 0.1907894736842105 0.7342836257309941 0.1962719298245614 0.7624269005847952 0.1992872807017544 0.7675438596491228 0.2124451754385965 0.7733918128654971 0.2182017543859649 0.7744883040935672 0.24479166666666666 0.7737573099415204 0.24780701754385961 0.7755847953216374 0.2631578947368421 0.775219298245614 0.26918859649122806 0.7741228070175438 0.2754934210526316 0.7711988304093567 0.28947368421052627 0.769736842105263 0.3075657894736842 0.7660818713450291 0.3179824561403508 0.7598684210526315 0.3223684210526315 0.7551169590643275 0.32593201754385964 0.7474415204678363 0.32730263157894735 0.7317251461988304 0.32730263157894735 0.722953216374269 0.32648026315789475 0.7189327485380117 0.32757675438596484 0.7090643274853802 0.32730263157894735 0.6937134502923976 0.32483552631578944 0.6787280701754386 0.32483552631578944 0.6589912280701754 0.32620614035087714 0.6564327485380117 0.331140350877193 0.6542397660818713 0.3355263157894737 0.6476608187134503 0.3349780701754386 0.6388888888888888 0.3294956140350877 0.6301169590643275 0.331140350877193 0.6136695906432749 0.33031798245614036 0.6052631578947368 0.3314144736842105 0.5964912280701754 0.3314144736842105 0.5745614035087718 0.3325109649122807 0.5701754385964912 0.3336074561403508 0.5555555555555556 0.33415570175438597 0.5047514619883041 0.3325109649122807 0.45869883040935666 0.32976973684210525 0.4371345029239766 0.3204495614035088 0.41118421052631576 0.31743421052631576 0.40643274853801165 0.3138706140350877 0.4031432748538012 0.305921052631579 0.40058479532163743 0.2760416666666667 0.3991228070175438 0.2557565789473684 0.40021929824561403 0.24780701754385961 0.4016812865497076 0.2425986842105263 0.40423976608187134 0.2401315789473684 0.40752923976608185 0.23684210526315788 0.4159356725146199 0.234375 0.42909356725146197 0.22971491228070173 0.4462719298245614 0.22258771929824558 0.4861111111111111 0.203125 0.5705409356725146 0.19791666666666666 0.5994152046783625 0.19709429824561403 0.616593567251462 0.19161184210526316 0.6549707602339181 0.18914473684210525 0.6619152046783625 0.1855811403508772 0.6535087719298246 0.18092105263157893 0.652046783625731 0.17489035087719298 0.6542397660818713 0.17543859649122806 0.6648391812865497 0.18146929824561403 0.6681286549707601
1 0.303453947368421 0.005482456140350877 0.30455043859649117 0.008406432748538011 0.3067434210526315 0.009137426900584795 0.31743421052631576 0.009137426900584795 0.3196271929824561 0.005482456140350877 0.3199013157894737 0 0.303453947368421 0 0.303453947368421 0.005482456140350877
5 0.27521929824561403 0.37999524853801164 0.2730263157894737 0.38365021929824555 0.26726973684210525 0.3854777046783625 0.2675438596491228 0.3891326754385964 0.2719298245614035 0.3927876461988304 0.2757675438596491 0.3938841374269005 0.27905701754385964 0.39644261695906424 0.3053728070175438 0.39753910818713445 0.3100328947368421 0.3986355994152046 0.3157894736842105 0.40192507309941516 0.31880482456140347 0.4052145467836257 0.3223684210526315 0.4121589912280701 0.32922149122807015 0.42933735380116955 0.33305921052631576 0.4483432017543859 0.33415570175438597 0.4662525584795321 0.3349780701754386 0.4673490497076023 0.33908991228070173 0.4669835526315789 0.3451206140350877 0.46332858187134496 0.3495065789473684 0.4574806286549707 0.3511513157894737 0.45017068713450287 0.350328947368421 0.39607711988304084 0.3508771929824561 0.3931531432748538 0.3538925438596491 0.3891326754385964 0.35471491228070173 0.3862086988304093 0.3536184210526315 0.38291922514619875 0.350328947368421 0.3785332602339181 0.3495065789473684 0.3533139619883041 0.3453947368421052 0.3346736111111111 0.34183114035087714 0.32809466374269003 0.3388157894736842 0.3269981725146199 0.32757675438596484 0.3255361842105263 0.3242872807017544 0.32590168128654967 0.32017543859649117 0.32846016081871343 0.31743421052631576 0.32809466374269003 0.31496710526315785 0.3255361842105263 0.3125 0.3248051900584795 0.2933114035087719 0.32590168128654967 0.2889254385964912 0.32882565789473683 0.2859100877192982 0.3339426169590643 0.2793311403508772 0.3555069444444445 0.27521929824561403 0.37999524853801164
5 0.3881578947368421 0.3318713450292397 0.39007675438596484 0.3501461988304093 0.39281798245614036 0.35855263157894735 0.3933662280701754 0.37646198830409355 0.39555921052631576 0.383406432748538 0.3977521929824561 0.38559941520467833 0.40433114035087714 0.3885233918128655 0.42543859649122806 0.39108187134502925 0.42872807017543857 0.3841374269005848 0.428453947368421 0.3801169590643274 0.4311951754385965 0.3545321637426901 0.43421052631578944 0.3501461988304093 0.4388706140350877 0.3468567251461988 0.4547697368421052 0.3453947368421052 0.45559210526315785 0.34173976608187134 0.453125 0.331140350877193 0.4572368421052631 0.3267543859649123 0.45805921052631576 0.32419590643274854 0.45668859649122806 0.3220029239766082 0.45285087719298245 0.3223684210526315 0.44983552631578944 0.319078947368421 0.44517543859649117 0.3062865497076023 0.43996710526315785 0.2880116959064327 0.43722587719298245 0.2843567251461988 0.4322916666666667 0.28179824561403505 0.4078947368421052 0.2807017543859649 0.39418859649122806 0.28143274853801165 0.3895285087719298 0.285453216374269 0.3867872807017544 0.30080409356725146 0.38596491228070173 0.3252923976608187 0.3881578947368421 0.3318713450292397
5 0.768092105263158 0.4217836257309941 0.7689144736842104 0.4364035087719298 0.772203947368421 0.4437134502923976 0.7754934210526315 0.44554093567251457 0.78125 0.4437134502923976 0.7839912280701754 0.444078947368421 0.7985197368421053 0.46271929824561403 0.8045504385964912 0.47295321637426896 0.8114035087719297 0.4773391812865497 0.8182565789473684 0.4798976608187134 0.8330592105263157 0.4919590643274854 0.8481359649122807 0.508406432748538 0.8536184210526315 0.5127923976608186 0.862390350877193 0.523391812865497 0.8697916666666666 0.5266812865497076 0.8941885964912281 0.525219298245614 0.8985745614035088 0.5226608187134503 0.9057017543859649 0.5091374269005848 0.9076206140350876 0.5025584795321637 0.9078947368421053 0.49634502923976603 0.90625 0.48757309941520466 0.9018640350877193 0.47404970760233917 0.8939144736842104 0.46235380116959063 0.8900767543859649 0.45869883040935666 0.884594298245614 0.444078947368421 0.875548245614035 0.42872807017543857 0.8703399122807016 0.4217836257309941 0.8673245614035088 0.4148391812865497 0.8566337719298245 0.4027777777777778 0.8522478070175438 0.3961988304093567 0.844298245614035 0.3932748538011696 0.8382675438596491 0.3892543859649123 0.8245614035087719 0.3870614035087719 0.8081140350877193 0.381578947368421 0.7987938596491228 0.3801169590643274 0.7875548245614035 0.3804824561403508 0.7793311403508771 0.38267543859649117 0.7754934210526315 0.38596491228070173 0.7689144736842104 0.39692982456140347 0.7664473684210527 0.40606725146198824 0.766173245614035 0.4141081871345029 0.768092105263158 0.4217836257309941
1 0.28289473684210525 0.30080409356725146 0.2826206140350877 0.3125 0.2864583333333333 0.3296783625730994 0.2897478070175439 0.3296783625730994 0.2930372807017544 0.3267543859649123 0.3040021929824561 0.3249269005847953 0.3070175438596491 0.32346491228070173 0.3240131578947368 0.3267543859649123 0.3388157894736842 0.32711988304093564 0.34018640350877194 0.3260233918128655 0.34183114035087714 0.3223684210526315 0.34347587719298245 0.31432748538011696 0.34347587719298245 0.29970760233918126 0.3453947368421052 0.28691520467836257 0.34621710526315785 0.26900584795321636 0.3440241228070175 0.25475146198830406 0.3385416666666667 0.2448830409356725 0.3349780701754386 0.24269005847953215 0.3319627192982456 0.2452485380116959 0.328125 0.2445175438596491 0.3209978070175438 0.2404970760233918 0.3144188596491228 0.23501461988304093 0.30893640350877194 0.23318713450292397 0.303453947368421 0.23355263157894737 0.29934210526315785 0.23647660818713448 0.29632675438596484 0.2404970760233918 0.287828947368421 0.26608187134502925 0.28426535087719296 0.26900584795321636 0.28289473684210525 0.2715643274853801 0.28618421052631576 0.27923976608187134 0.28289473684210525 0.30080409356725146
1 0.4180372807017544 0.567251461988304 0.4183114035087719 0.5869883040935672 0.4232456140350877 0.6162280701754386 0.42269736842105265 0.6264619883040935 0.4259868421052631 0.639985380116959 0.4262609649122807 0.6472953216374268 0.4276315789473684 0.6513157894736842 0.4336622807017544 0.6856725146198831 0.43475877192982454 0.6984649122807016 0.43612938596491224 0.7032163742690059 0.43558114035087714 0.7134502923976608 0.4377741228070175 0.7203947368421053 0.43832236842105265 0.7284356725146198 0.44106359649122806 0.7423245614035088 0.4459978070175438 0.7576754385964912 0.4662828947368421 0.7690058479532164 0.47368421052631576 0.7722953216374268 0.4808114035087719 0.7733918128654971 0.4890350877192982 0.7730263157894736 0.5265899122807017 0.766812865497076 0.5298793859649122 0.7653508771929823 0.5381030701754386 0.7584064327485379 0.5416666666666666 0.7525584795321637 0.5487938596491228 0.7441520467836257 0.5507127192982456 0.7383040935672514 0.5520833333333334 0.7258771929824561 0.5520833333333334 0.719298245614035 0.5512609649122807 0.7167397660818713 0.5512609649122807 0.692251461988304 0.5471491228070176 0.6717836257309941 0.5455043859649122 0.6684941520467836 0.5435855263157895 0.6597222222222222 0.5372807017543859 0.639985380116959 0.5353618421052632 0.6308479532163742 0.5361842105263158 0.6246345029239765 0.5400219298245614 0.6231725146198831 0.540844298245614 0.6202485380116959 0.5433114035087718 0.6206140350877193 0.543859649122807 0.6195175438596491 0.543859649122807 0.6125730994152045 0.5430372807017544 0.6111111111111112 0.5397478070175438 0.6103801169590644 0.537828947368421 0.6129385964912281 0.5364583333333334 0.6173245614035088 0.5326206140350878 0.6154970760233918 0.518640350877193 0.5687134502923976 0.5158991228070176 0.5537280701754386 0.49917763157894735 0.5142543859649122 0.4917763157894737 0.5069444444444444 0.4846491228070175 0.5040204678362573 0.4775219298245614 0.5029239766081871 0.46683114035087714 0.5018274853801169 0.4550438596491228 0.5025584795321637 0.43585526315789475 0.5058479532163742 0.42790570175438597 0.5098684210526315 0.42297149122807015 0.5157163742690059 0.41858552631578944 0.5288742690058479 0.4180372807017544 0.5358187134502924 0.4166666666666667 0.5398391812865496 0.4161184210526315 0.5537280701754386 0.4180372807017544 0.567251461988304
1 0.07510964912280702 0.4181286549707602 0.07456140350877193 0.4323830409356725 0.07593201754385966 0.4422514619883041 0.08031798245614034 0.45175438596491224 0.08141447368421052 0.456140350877193 0.0849780701754386 0.4612573099415204 0.08771929824561403 0.46271929824561403 0.1175986842105263 0.46673976608187134 0.14830043859649122 0.464546783625731 0.15158991228070173 0.46564327485380114 0.1543311403508772 0.46893274853801165 0.1576206140350877 0.46783625730994155 0.16145833333333334 0.46235380116959063 0.16474780701754385 0.45979532163742687 0.17489035087719298 0.46016081871345027 0.17845394736842105 0.4576023391812865 0.18037280701754385 0.45394736842105265 0.18229166666666666 0.44809941520467833 0.18311403508771928 0.4364035087719298 0.18859649122807018 0.42507309941520466 0.19736842105263155 0.4016812865497076 0.20010964912280702 0.39656432748538006 0.20367324561403508 0.3929093567251462 0.2064144736842105 0.3874269005847953 0.20723684210526316 0.37719298245614036 0.20696271929824558 0.35891812865497075 0.2044956140350877 0.34502923976608185 0.20148026315789472 0.3391812865497076 0.19654605263157893 0.3333333333333333 0.1883223684210526 0.3307748538011696 0.16885964912280702 0.32894736842105265 0.1543311403508772 0.32894736842105265 0.1356907894736842 0.3304093567251462 0.11787280701754385 0.33406432748538006 0.10910087719298245 0.34137426900584794 0.10224780701754385 0.3519736842105263 0.08826754385964912 0.3797514619883041 0.08059210526315788 0.402046783625731 0.0756578947368421 0.40716374269005845 0.07401315789473684 0.41045321637426896 0.07401315789473684 0.4148391812865497 0.07510964912280702 0.4181286549707602
1 0.28618421052631576 0.06944444444444445 0.287828947368421 0.070906432748538 0.3067434210526315 0.07273391812865497 0.31085526315789475 0.07200292397660818 0.31195175438596484 0.06505847953216375 0.3111293859649123 0.05482456140350877 0.3072916666666667 0.04495614035087719 0.3037280701754386 0.041666666666666664 0.29660087719298245 0.041301169590643276 0.2891995614035088 0.04532163742690058 0.2872807017543859 0.04824561403508772 0.2850877192982456 0.056286549707602336 0.2853618421052631 0.0668859649122807 0.28618421052631576 0.06944444444444445
1 0.2754934210526316 0.0445906432748538 0.2760416666666667 0.04605263157894737 0.2793311403508772 0.047514619883040926 0.2859100877192982 0.04678362573099415 0.2897478070175439 0.04495614035087719 0.3020833333333333 0.03691520467836257 0.30290570175438597 0.03508771929824561 0.30290570175438597 0.03289473684210526 0.3001644736842105 0.027412280701754384 0.2933114035087719 0.023757309941520463 0.28234649122807015 0.023757309941520463 0.27796052631578944 0.025950292397660817 0.2746710526315789 0.029605263157894735 0.2735745614035088 0.035453216374269 0.2754934210526316 0.0445906432748538
1 0.9997258771929823 0.8823099415204678 0.9997258771929823 0.8775584795321637 0.9983552631578947 0.8775584795321637 0.9980811403508771 0.8819444444444444 0.9997258771929823 0.8823099415204678
1 0.9997258771929823 0.8753654970760233 0.9997258771929823 0.8676900584795321 0.9978070175438596 0.8684210526315789 0.9980811403508771 0.8753654970760233 0.9997258771929823 0.8753654970760233
1 0.9980811403508771 0.8596491228070176 0.9997258771929823 0.8596491228070176 0.9997258771929823 0.8585526315789473 0.9980811403508771 0.8585526315789473 0.9980811403508771 0.8596491228070176
1 0.9353070175438596 0.6107456140350876 0.9355811403508771 0.6158625730994152 0.9366776315789473 0.6092836257309941 0.9355811403508771 0.6085526315789473 0.9364035087719297 0.6096491228070176 0.9353070175438596 0.6107456140350876
1 0.9424342105263157 0.6001461988304093 0.9443530701754385 0.594298245614035 0.9427083333333334 0.5899122807017544 0.9418859649122807 0.5913742690058479 0.9391447368421052 0.5990497076023392 0.9424342105263157 0.6001461988304093
1 0.9495614035087718 0.5851608187134503 0.9533991228070176 0.5862573099415204 0.9602521929824561 0.58296783625731 0.9635416666666666 0.5840643274853801 0.9657346491228069 0.587719298245614 0.9673793859649122 0.5950292397660818 0.9671052631578947 0.6001461988304093 0.9684758771929823 0.6092836257309941 0.975328947368421 0.6195175438596491 0.9794407894736842 0.6330409356725146 0.9739583333333334 0.6465643274853802 0.9739583333333334 0.6619152046783625 0.9758771929824561 0.6688596491228069 0.9745065789473684 0.6820175438596491 0.9758771929824561 0.6900584795321637 0.9824561403508771 0.6984649122807016 0.9893092105263157 0.7028508771929823 0.9947916666666666 0.7101608187134503 0.9997258771929823 0.7112573099415204 0.9997258771929823 0.5752923976608186 0.9961622807017543 0.5749269005847952 0.9961622807017543 0.570906432748538 0.9915021929824561 0.5687134502923976 0.9865679824561403 0.569078947368421 0.9799890350877193 0.5665204678362573 0.9594298245614035 0.5665204678362573 0.9517543859649122 0.570906432748538 0.9476425438596491 0.5782163742690059 0.9484649122807016 0.5815058479532164 0.9457236842105262 0.58296783625731 0.9457236842105262 0.5862573099415204 0.9495614035087718 0.5851608187134503
1 0.2387609649122807 0.16118421052631576 0.24122807017543857 0.16447368421052633 0.26535087719298245 0.16447368421052633 0.2694627192982456 0.1655701754385965 0.2727521929824561 0.1684941520467836 0.2757675438596491 0.16630116959064326 0.2774122807017544 0.1593567251461988 0.2807017543859649 0.15387426900584794 0.28125 0.13523391812865496 0.27960526315789475 0.1290204678362573 0.2746710526315789 0.12244152046783625 0.272203947368421 0.12061403508771928 0.2552083333333333 0.11878654970760233 0.2475328947368421 0.11915204678362573 0.2436951754385965 0.12317251461988304 0.24040570175438594 0.13742690058479531 0.23793859649122806 0.14327485380116958 0.2376644736842105 0.15350877192982454 0.2387609649122807 0.16118421052631576
4 0.3848684210526315 0.2587719298245614 0.3856907894736842 0.26461988304093564 0.3881578947368421 0.2719298245614035 0.38870614035087714 0.27923976608187134 0.39035087719298245 0.28143274853801165 0.4026864035087719 0.27887426900584794 0.4262609649122807 0.27997076023391815 0.43558114035087714 0.2777777777777778 0.4394188596491228 0.2730263157894737 0.440515350877193 0.26425438596491224 0.4375 0.2496345029239766 0.440515350877193 0.2445175438596491 0.4391447368421052 0.24122807017543857 0.43558114035087714 0.24122807017543857 0.43475877192982454 0.2401315789473684 0.4300986842105263 0.22368421052631576 0.4251644736842105 0.2134502923976608 0.42132675438596484 0.21162280701754385 0.4114583333333333 0.20979532163742687 0.3999451754385965 0.2094298245614035 0.3908991228070175 0.21162280701754385 0.3865131578947368 0.21673976608187132 0.3837719298245614 0.22880116959064326 0.3834978070175438 0.24269005847953215 0.3848684210526315 0.2587719298245614
1 0.29906798245614036 0.17872807017543857 0.29632675438596484 0.18786549707602337 0.29660087719298245 0.20029239766081872 0.29851973684210525 0.21052631578947367 0.30043859649122806 0.2134502923976608 0.3037280701754386 0.21454678362573099 0.3111293859649123 0.21454678362573099 0.31414473684210525 0.21235380116959063 0.3163377192982456 0.20285087719298242 0.3163377192982456 0.1867690058479532 0.31880482456140347 0.18055555555555555 0.3209978070175438 0.17909356725146197 0.32785087719298245 0.1776315789473684 0.34210526315789475 0.1783625730994152 0.34375 0.17543859649122806 0.3393640350877193 0.1589912280701754 0.337171052631579 0.15460526315789472 0.334703947368421 0.15204678362573099 0.32648026315789475 0.15021929824561403 0.31332236842105265 0.14985380116959063 0.3067434210526315 0.15314327485380114 0.3037280701754386 0.1593567251461988 0.3007127192982456 0.1695906432748538 0.296875 0.17178362573099412 0.29851973684210525 0.17470760233918128 0.29906798245614036 0.17872807017543857
1 0.3555372807017544 0.015350877192982455 0.3612938596491228 0.019005847953216373 0.3637609649122807 0.019371345029239765 0.36622807017543857 0.01864035087719298 0.3681469298245614 0.015716374269005847 0.3700657894736842 0.0043859649122807015 0.3681469298245614 0.0014619883040935672 0.3681469298245614 0 0.3519736842105263 0 0.3492324561403508 0.008406432748538011 0.3495065789473684 0.014985380116959062 0.3555372807017544 0.015350877192982455
2 0.5635964912280701 0.6575292397660818 0.565515350877193 0.6637426900584794 0.5649671052631579 0.6721491228070176 0.5630482456140351 0.6794590643274853 0.5605811403508771 0.6845760233918128 0.5570175438596491 0.6988304093567251 0.5567434210526315 0.7141812865497075 0.5575657894736842 0.7160087719298246 0.5608552631578947 0.7171052631578947 0.5635964912280701 0.7130847953216374 0.5638706140350878 0.7050438596491228 0.5652412280701754 0.6988304093567251 0.5679824561403508 0.6951754385964912 0.5737390350877193 0.6823830409356725 0.5794956140350878 0.6736111111111112 0.5805921052631579 0.6681286549707601 0.5825109649122807 0.6648391812865497 0.5819627192982456 0.6575292397660818 0.5868969298245614 0.6535087719298246 0.5932017543859649 0.6509502923976608 0.596765350877193 0.6472953216374268 0.5992324561403508 0.6414473684210527 0.6008771929824561 0.6224415204678363 0.5989583333333334 0.6038011695906432 0.5964912280701754 0.5986842105263157 0.5882675438596491 0.5928362573099415 0.5874451754385964 0.5953947368421053 0.5833333333333334 0.6001461988304093 0.5789473684210525 0.6111111111111112 0.5729166666666666 0.6151315789473684 0.569078947368421 0.6195175438596491 0.5663377192982456 0.6290204678362572 0.560032894736842 0.643640350877193 0.5605811403508771 0.6571637426900585 0.5635964912280701 0.6575292397660818
2 0.35663377192982454 0.8834064327485379 0.3549890350877193 0.893640350877193 0.3555372807017544 0.9024122807017543 0.3530701754385965 0.9089912280701754 0.3516995614035088 0.9258040935672514 0.3481359649122807 0.9385964912280701 0.34868421052631576 0.9433479532163742 0.3525219298245614 0.9426169590643274 0.3558114035087719 0.9378654970760233 0.35718201754385964 0.9323830409356725 0.35992324561403505 0.9279970760233918 0.3637609649122807 0.9119152046783625 0.3637609649122807 0.9009502923976608 0.3648574561403508 0.8954678362573099 0.365953947368421 0.8940058479532164 0.3766447368421052 0.8929093567251462 0.3802083333333333 0.8907163742690059 0.3851425438596491 0.889985380116959 0.39035087719298245 0.8914473684210527 0.3977521929824561 0.8903508771929823 0.3999451754385965 0.8921783625730993 0.3993969298245614 0.9049707602339181 0.4007675438596491 0.9203216374269005 0.40433114035087714 0.9320175438596491 0.4076206140350877 0.9371345029239765 0.4109100877192982 0.9364035087719297 0.4114583333333333 0.9312865497076023 0.41008771929824556 0.9236111111111112 0.41008771929824556 0.9009502923976608 0.40871710526315785 0.894736842105263 0.41008771929824556 0.8808479532163742 0.4065241228070175 0.8388157894736842 0.4024122807017544 0.8252923976608186 0.3988486842105263 0.8209064327485379 0.3947368421052631 0.8187134502923976 0.39309210526315785 0.8165204678362572 0.3922697368421052 0.8143274853801169 0.39281798245614036 0.8037280701754386 0.39144736842105265 0.7989766081871345 0.3892543859649123 0.7956871345029239 0.38733552631578944 0.7942251461988304 0.3834978070175438 0.7942251461988304 0.3802083333333333 0.7956871345029239 0.37609649122807015 0.8015350877192982 0.3736293859649123 0.8073830409356725 0.371984649122807 0.8176169590643275 0.3610197368421052 0.8318713450292398 0.3558114035087719 0.8548976608187133 0.3558114035087719 0.8808479532163742 0.35663377192982454 0.8834064327485379
2 0.5603070175438596 0.6092836257309941 0.5608552631578947 0.6154970760233918 0.5622258771929824 0.6187865497076024 0.5622258771929824 0.6231725146198831 0.5638706140350878 0.625 0.5677083333333334 0.6242690058479532 0.5737390350877193 0.6154970760233918 0.5789473684210525 0.6125730994152045 0.5814144736842105 0.6089181286549707 0.5855263157894737 0.5986842105263157 0.5871710526315789 0.5964912280701754 0.5901864035087718 0.5950292397660818 0.5904605263157895 0.5917397660818713 0.5882675438596491 0.5873538011695906 0.5882675438596491 0.5815058479532164 0.5871710526315789 0.5778508771929824 0.5849780701754386 0.5752923976608186 0.5816885964912281 0.5738304093567251 0.578125 0.5745614035087718 0.575657894736842 0.5778508771929824 0.572094298245614 0.5866228070175438 0.5674342105263158 0.5888157894736842 0.5583881578947368 0.5986842105263157 0.5572916666666666 0.602704678362573 0.5603070175438596 0.6092836257309941
2 0.5074013157894737 0.4572368421052631 0.5084978070175438 0.46710526315789475 0.5104166666666666 0.4718567251461988 0.5120614035087718 0.47258771929824556 0.5153508771929824 0.4703947368421052 0.5178179824561403 0.4652777777777778 0.5194627192982456 0.4638157894736842 0.5219298245614035 0.46271929824561403 0.5271381578947368 0.46271929824561403 0.5293311403508771 0.4641812865497076 0.5315241228070176 0.4616228070175438 0.5339912280701754 0.4499269005847953 0.5339912280701754 0.4422514619883041 0.5328947368421052 0.435672514619883 0.5304276315789473 0.4312865497076023 0.5296052631578947 0.4217836257309941 0.5265899122807017 0.418859649122807 0.522203947368421 0.4184941520467836 0.5194627192982456 0.4217836257309941 0.5178179824561403 0.4294590643274854 0.5112390350877193 0.43494152046783624 0.5084978070175438 0.4433479532163742 0.5074013157894737 0.4495614035087719 0.5074013157894737 0.4572368421052631
2 0.5885416666666666 0.8903508771929823 0.5921052631578947 0.8863304093567251 0.5934758771929823 0.8731725146198831 0.5948464912280701 0.8684210526315789 0.5975877192982456 0.8640350877192982 0.6006030701754386 0.8622076023391813 0.6058114035087719 0.8556286549707601 0.6121162280701754 0.8369883040935672 0.6162280701754386 0.8285818713450291 0.6217105263157895 0.8260233918128654 0.6302083333333334 0.8271198830409355 0.6376096491228069 0.8238304093567251 0.6392543859649122 0.8252923976608186 0.6439144736842105 0.8260233918128654 0.6477521929824561 0.8245614035087719 0.6474780701754386 0.8209064327485379 0.6441885964912281 0.8106725146198831 0.6450109649122807 0.7898391812865497 0.6439144736842105 0.7774122807017543 0.6419956140350876 0.7690058479532164 0.638157894736842 0.7613304093567251 0.6370614035087719 0.7551169590643275 0.6334978070175439 0.746345029239766 0.6304824561403508 0.7434210526315789 0.6260964912280701 0.7430555555555556 0.6233552631578947 0.7448830409356725 0.6197916666666666 0.7543859649122807 0.618969298245614 0.7609649122807016 0.6167763157894736 0.7638888888888888 0.6080043859649122 0.768640350877193 0.6022478070175439 0.7759502923976608 0.6006030701754386 0.7891081871345029 0.599780701754386 0.8037280701754386 0.6006030701754386 0.8139619883040935 0.5986842105263157 0.8205409356725146 0.5986842105263157 0.8315058479532164 0.584703947368421 0.8764619883040935 0.584703947368421 0.8874269005847952 0.5885416666666666 0.8903508771929823
5 0.20175438596491227 0.1158625730994152 0.20285087719298242 0.11842105263157894 0.20531798245614036 0.11915204678362573 0.23464912280701752 0.12061403508771928 0.24533991228070173 0.10928362573099415 0.24561403508771928 0.097953216374269 0.24479166666666666 0.09173976608187134 0.2425986842105263 0.08589181286549706 0.2275219298245614 0.07894736842105263 0.22121710526315788 0.07785087719298245 0.21299342105263155 0.07894736842105263 0.20285087719298242 0.09429824561403509 0.19846491228070173 0.09904970760233918 0.1981907894736842 0.10343567251461988 0.20175438596491227 0.1158625730994152
5 0.3766447368421052 0.1911549707602339 0.3796600877192982 0.19334795321637427 0.3862390350877193 0.19298245614035087 0.38733552631578944 0.1900584795321637 0.3892543859649123 0.16374269005847952 0.39144736842105265 0.15497076023391812 0.390625 0.1509502923976608 0.3939144736842105 0.14839181286549707 0.4010416666666667 0.14802631578947367 0.40433114035087714 0.14948830409356725 0.40625 0.14875730994152045 0.4076206140350877 0.1472953216374269 0.40707236842105265 0.1425438596491228 0.40433114035087714 0.1377923976608187 0.4007675438596491 0.13596491228070176 0.39144736842105265 0.13742690058479531 0.3832236842105263 0.13633040935672514 0.3766447368421052 0.13961988304093567 0.37308114035087714 0.14839181286549707 0.3725328947368421 0.16118421052631576 0.3766447368421052 0.1911549707602339
5 0.22231359649122806 0.0763888888888889 0.22861842105263155 0.07858187134502924 0.2324561403508772 0.08150584795321637 0.2445175438596491 0.08442982456140351 0.2532894736842105 0.08114035087719298 0.2557565789473684 0.07821637426900585 0.2574013157894737 0.070906432748538 0.2571271929824561 0.06469298245614034 0.2552083333333333 0.06030701754385964 0.25054824561403505 0.0577485380116959 0.24479166666666666 0.05007309941520468 0.23848684210526316 0.04861111111111111 0.23355263157894737 0.0489766081871345 0.2308114035087719 0.05043859649122807 0.22697368421052633 0.05701754385964913 0.22560307017543857 0.06140350877192982 0.22121710526315788 0.06725146198830409 0.22066885964912278 0.07236842105263157 0.22231359649122806 0.0763888888888889
0 0 0.18055555555555555 0 0.3600146198830409 0.019736842105263157 0.3592836257309941 0.026041666666666668 0.3552631578947368 0.05866228070175438 0.3559941520467836 0.06716008771929824 0.3527046783625731 0.07456140350877193 0.3519736842105263 0.0863486842105263 0.3399122807017544 0.09484649122807018 0.329312865497076 0.09895833333333333 0.3267543859649123 0.10581140350877193 0.3263888888888889 0.10910087719298245 0.32273391812865493 0.11211622807017543 0.31505847953216376 0.11458333333333333 0.302266081871345 0.11650219298245613 0.2978801169590643 0.12116228070175437 0.29276315789473684 0.15405701754385964 0.24707602339181284 0.1581688596491228 0.24269005847953215 0.16474780701754385 0.23903508771929824 0.16611842105263155 0.23720760233918128 0.1683114035087719 0.23318713450292397 0.17077850877192982 0.2233187134502924 0.1726973684210526 0.22002923976608188 0.1762609649122807 0.21710526315789472 0.17927631578947367 0.20723684210526316 0.17872807017543857 0.19261695906432746 0.17653508771929824 0.18055555555555555 0.1737938596491228 0.15058479532163743 0.17050438596491227 0.1381578947368421 0.1699561403508772 0.12353801169590642 0.16721491228070173 0.11951754385964912 0.16173245614035087 0.11769005847953215 0.1455592105263158 0.11513157894736842 0.12061403508771928 0.11403508771929825 0.10553728070175437 0.11440058479532163 0.09539473684210525 0.11695906432748539 0.0868969298245614 0.12171052631578946 0.07483552631578946 0.13121345029239764 0.06058114035087719 0.13706140350877194 0.039473684210526314 0.14948830409356725 0.022478070175438594 0.16191520467836257 0.01644736842105263 0.1648391812865497 0.0035635964912280704 0.17543859649122806 0.001918859649122807 0.17982456140350875 0 0.18055555555555555
0 0.3711622807017544 0.03654970760233918 0.37308114035087714 0.039108187134502925 0.37554824561403505 0.03691520467836257 0.37856359649122806 0.036184210526315784 0.3870614035087719 0.038011695906432746 0.38980263157894735 0.041666666666666664 0.3939144736842105 0.051535087719298246 0.39747807017543857 0.050804093567251456 0.3988486842105263 0.04422514619883041 0.4004934210526315 0.025584795321637425 0.4004934210526315 0.02046783625730994 0.3985745614035088 0.012426900584795321 0.3988486842105263 0.007309941520467837 0.3977521929824561 0.0025584795321637425 0.3950109649122807 0.0018274853801169592 0.3947368421052631 0 0.39309210526315785 0 0.39281798245614036 0.0018274853801169592 0.3881578947368421 0.0018274853801169592 0.38788377192982454 0 0.37856359649122806 0 0.3782894736842105 0.0018274853801169592 0.3711622807017544 0.0029239766081871343 0.3692434210526315 0.009502923976608187 0.36896929824561403 0.029970760233918124 0.3711622807017544 0.03654970760233918
3 0.5150767543859649 0.4989035087719298 0.5178179824561403 0.5054824561403508 0.5189144736842105 0.5230263157894737 0.5216557017543859 0.5321637426900585 0.5224780701754386 0.5339912280701754 0.5260416666666666 0.533625730994152 0.5304276315789473 0.5259502923976608 0.5304276315789473 0.518640350877193 0.5317982456140351 0.5157163742690059 0.53125 0.5080409356725146 0.5328947368421052 0.5051169590643274 0.5331688596491228 0.5014619883040935 0.5364583333333334 0.49122807017543857 0.5361842105263158 0.4769736842105263 0.5350877192982456 0.4703947368421052 0.5326206140350878 0.4649122807017544 0.5293311403508771 0.46308479532163743 0.5224780701754386 0.46271929824561403 0.5202850877192982 0.4634502923976608 0.5148026315789473 0.47002923976608185 0.5106907894736842 0.4718567251461988 0.5084978070175438 0.4784356725146199 0.5093201754385964 0.4901315789473684 0.5150767543859649 0.4989035087719298
3 0.25822368421052627 0.035818713450292396 0.2620614035087719 0.035818713450292396 0.2631578947368421 0.03289473684210526 0.2631578947368421 0.024853801169590642 0.26233552631578944 0.021564327485380116 0.2584978070175439 0.019371345029239765 0.2563048245614035 0.023757309941520463 0.2563048245614035 0.03399122807017544 0.25822368421052627 0.035818713450292396
3 0.36293859649122806 0.9060672514619882 0.3645833333333333 0.9078947368421053 0.3648574561403508 0.9115497076023392 0.36156798245614036 0.9206871345029239 0.36047149122807015 0.9345760233918128 0.362390350877193 0.9411549707602339 0.3648574561403508 0.9459064327485379 0.37033991228070173 0.9495614035087718 0.37609649122807015 0.9674707602339181 0.37609649122807015 0.984283625730994 0.3802083333333333 0.9996345029239765 0.39281798245614036 0.9996345029239765 0.39281798245614036 0.9981725146198829 0.3952850877192982 0.9945175438596491 0.39692982456140347 0.9853801169590644 0.3961074561403508 0.9725877192982456 0.3993969298245614 0.956140350877193 0.3991228070175438 0.9396929824561403 0.4018640350877193 0.929093567251462 0.4018640350877193 0.9203216374269005 0.40021929824561403 0.9078947368421053 0.4018640350877193 0.9009502923976608 0.4024122807017544 0.8903508771929823 0.4010416666666667 0.888157894736842 0.39117324561403505 0.8903508771929823 0.38267543859649117 0.8896198830409355 0.3678728070175438 0.893640350877193 0.3634868421052631 0.8987573099415204 0.3558114035087719 0.9024122807017543 0.3558114035087719 0.9049707602339181 0.36293859649122806 0.9060672514619882
3 0.3522478070175438 0.8834064327485379 0.3552631578947368 0.8848684210526315 0.35745614035087714 0.8834064327485379 0.35663377192982454 0.8801169590643275 0.3530701754385965 0.8775584795321637 0.3492324561403508 0.8786549707602339 0.3489583333333333 0.8801169590643275 0.3522478070175438 0.8834064327485379
3 0.4114583333333333 0.8808479532163742 0.4147478070175438 0.8779239766081871 0.41721491228070173 0.8731725146198831 0.41392543859649117 0.8720760233918128 0.4109100877192982 0.8739035087719297 0.41008771929824556 0.8775584795321637 0.4114583333333333 0.8808479532163742
3 0.4457236842105263 0.27814327485380114 0.450109649122807 0.27997076023391815 0.4550438596491228 0.28654970760233917 0.45668859649122806 0.28691520467836257 0.45915570175438597 0.283625730994152 0.4635416666666667 0.2803362573099415 0.46710526315789475 0.2730263157894737 0.4676535087719298 0.258406432748538 0.4632675438596491 0.24378654970760233 0.4564144736842105 0.24780701754385961 0.44983552631578944 0.2445175438596491 0.4473684210526315 0.24561403508771928 0.4457236842105263 0.24817251461988302 0.44435307017543857 0.26133040935672514 0.444078947368421 0.2759502923976608 0.4457236842105263 0.27814327485380114
3 0.5334429824561403 0.5800438596491228 0.5356359649122807 0.585891812865497 0.5402960526315789 0.5888157894736842 0.5394736842105262 0.5957602339181286 0.540844298245614 0.5983187134502924 0.5397478070175438 0.6023391812865497 0.5405701754385964 0.6056286549707601 0.5446820175438596 0.6092836257309941 0.5466008771929824 0.6202485380116959 0.549890350877193 0.6286549707602339 0.5537280701754386 0.6301169590643275 0.5561951754385964 0.6268274853801169 0.5575657894736842 0.6224415204678363 0.5581140350877193 0.6059941520467836 0.5572916666666666 0.6016081871345029 0.559484649122807 0.5953947368421053 0.5592105263157895 0.5884502923976608 0.5616776315789473 0.5826023391812866 0.5630482456140351 0.5763888888888888 0.5635964912280701 0.5570175438596491 0.5652412280701754 0.5529970760233918 0.5677083333333334 0.5511695906432748 0.5696271929824561 0.5467836257309941 0.5668859649122807 0.5456871345029239 0.5638706140350878 0.5493421052631579 0.5608552631578947 0.547514619883041 0.5570175438596491 0.54203216374269 0.5381030701754386 0.54203216374269 0.5353618421052632 0.5405701754385964 0.5328947368421052 0.5358187134502924 0.5309758771929824 0.5413011695906432 0.5271381578947368 0.5464181286549707 0.5290570175438597 0.577485380116959 0.5334429824561403 0.5800438596491228
3 0.609375 0.8589181286549707 0.6112938596491228 0.8622076023391813 0.6126644736842105 0.8687865497076023 0.6145833333333334 0.8706140350877193 0.615953947368421 0.8768274853801169 0.6208881578947368 0.8801169590643275 0.6263706140350876 0.8808479532163742 0.6282894736842105 0.8841374269005847 0.6302083333333334 0.8932748538011696 0.6324013157894736 0.8969298245614035 0.6370614035087719 0.9371345029239765 0.6408991228070176 0.9528508771929823 0.6439144736842105 0.957236842105263 0.6483004385964912 0.9579678362573099 0.6504934210526315 0.9568713450292398 0.6543311403508772 0.9470029239766082 0.6546052631578947 0.9239766081871345 0.65625 0.9166666666666666 0.6576206140350876 0.9148391812865497 0.6584429824561403 0.9155701754385964 0.6644736842105262 0.9294590643274853 0.6685855263157895 0.9250730994152045 0.6647478070175439 0.8998538011695906 0.662828947368421 0.8951023391812866 0.6614583333333334 0.8874269005847952 0.6595394736842105 0.8837719298245614 0.658717105263158 0.8731725146198831 0.6557017543859649 0.8651315789473684 0.6546052631578947 0.8570906432748537 0.6526864035087719 0.852704678362573 0.6526864035087719 0.8486842105263157 0.6666666666666666 0.8278508771929823 0.671875 0.8238304093567251 0.6726973684210527 0.8201754385964911 0.6716008771929823 0.8183479532163742 0.669407894736842 0.8176169590643275 0.6669407894736842 0.8132309941520467 0.6647478070175439 0.8121345029239765 0.662828947368421 0.8168859649122807 0.6540570175438596 0.8278508771929823 0.6507675438596491 0.8289473684210527 0.6463815789473684 0.8267543859649122 0.6400767543859649 0.8267543859649122 0.634594298245614 0.8285818713450291 0.6236293859649122 0.827485380116959 0.6211622807017543 0.8282163742690059 0.6165021929824561 0.8315058479532164 0.6148574561403508 0.8351608187134503 0.612390350877193 0.837719298245614 0.6110197368421053 0.844298245614035 0.6088267543859649 0.8494152046783625 0.6085526315789473 0.85453216374269 0.609375 0.8589181286549707
3 0.5641447368421052 0.6728801169590644 0.5649671052631579 0.6706871345029239 0.5671600877192982 0.6692251461988304 0.575109649122807 0.6692251461988304 0.5778508771929824 0.6714181286549707 0.5778508771929824 0.6823830409356725 0.5797697368421052 0.6853070175438596 0.5800438596491228 0.6915204678362572 0.5827850877192982 0.6951754385964912 0.5833333333333334 0.6991959064327484 0.5852521929824561 0.7013888888888888 0.5863486842105262 0.7101608187134503 0.5896381578947368 0.7214912280701754 0.5918311403508771 0.7331871345029239 0.5945723684210527 0.7408625730994152 0.5984100877192982 0.7456140350877193 0.6030701754385964 0.7456140350877193 0.6049890350877193 0.7445175438596491 0.606907894736842 0.7412280701754386 0.6091008771929823 0.7324561403508771 0.6091008771929823 0.7105263157894736 0.6104714912280701 0.7083333333333334 0.6140350877192982 0.7065058479532164 0.615953947368421 0.700657894736842 0.6156798245614035 0.6900584795321637 0.6143092105263157 0.6856725146198831 0.6101973684210527 0.679093567251462 0.6085526315789473 0.66703216374269 0.6104714912280701 0.6546052631578947 0.6167763157894736 0.6440058479532164 0.6162280701754386 0.6425438596491228 0.6121162280701754 0.6440058479532164 0.6055372807017543 0.650219298245614 0.6022478070175439 0.6509502923976608 0.5992324561403508 0.6494883040935672 0.5951206140350876 0.6494883040935672 0.5901864035087718 0.6524122807017543 0.5838815789473684 0.6542397660818713 0.5814144736842105 0.6571637426900585 0.5814144736842105 0.6593567251461988 0.5794956140350878 0.658625730994152 0.5797697368421052 0.6571637426900585 0.5783991228070176 0.6560672514619883 0.5786732456140351 0.6542397660818713 0.5748355263157895 0.6505847953216374 0.5715460526315789 0.6491228070175439 0.5674342105263158 0.6527777777777778 0.5630482456140351 0.6542397660818713 0.5608552631578947 0.656798245614035 0.5608552631578947 0.660453216374269 0.5641447368421052 0.6728801169590644